        2000  4.000000 3.710000
0.10000 7.89129861e-01
0.10035 7.88988387e-01
0.10069 7.88842955e-01
0.10104 7.88693565e-01
0.10139 7.88540417e-01
0.10174 7.88383310e-01
0.10210 7.88222049e-01
0.10245 7.88057028e-01
0.10280 7.87888050e-01
0.10316 7.87695328e-01
0.10352 7.87409213e-01
0.10387 7.79538077e-01
0.10423 7.39108574e-01
0.10459 7.29348801e-01
0.10496 7.29050418e-01
0.10532 7.28743923e-01
0.10568 7.28429117e-01
0.10605 7.28105803e-01
0.10642 7.27774376e-01
0.10679 7.27434639e-01
0.10716 7.27086394e-01
0.10753 7.26729838e-01
0.10790 7.26364972e-01
0.10827 7.25991597e-01
0.10865 7.25609715e-01
0.10902 7.25219522e-01
0.10940 7.24820820e-01
0.10978 7.24413611e-01
0.11016 7.23998091e-01
0.11054 7.23573865e-01
0.11092 7.23141130e-01
0.11131 7.22699887e-01
0.11169 7.22250137e-01
0.11208 7.21791877e-01
0.11247 7.21324912e-01
0.11286 7.20698466e-01
0.11325 7.20049859e-01
0.11364 7.19386610e-01
0.11403 7.18708719e-01
0.11443 7.18016383e-01
0.11482 7.17309208e-01
0.11522 7.16587390e-01
0.11562 7.15851129e-01
0.11602 7.15100027e-01
0.11642 7.14334085e-01
0.11682 7.13553699e-01
0.11723 7.12758473e-01
0.11763 7.11948604e-01
0.11804 7.11124094e-01
0.11845 7.10284941e-01
0.11886 7.09430949e-01
0.11927 7.08562314e-01
0.11968 7.07678839e-01
0.12010 7.06780921e-01
0.12051 7.05868162e-01
0.12093 7.04940761e-01
0.12135 7.03998717e-01
0.12177 7.03042230e-01
0.12219 7.02070902e-01
0.12262 7.01084933e-01
0.12304 7.00084519e-01
0.12347 6.99069661e-01
0.12389 6.99893973e-01
0.12432 7.04730626e-01
0.12475 7.09251682e-01
0.12518 7.12250747e-01
0.12562 7.13512740e-01
0.12605 7.14746439e-01
0.12649 7.15216768e-01
0.12693 7.14992585e-01
0.12737 7.14767017e-01
0.12781 7.14695785e-01
0.12825 7.14737535e-01
0.12869 7.14779483e-01
0.12914 7.14767809e-01
0.12959 7.14721706e-01
0.13003 7.14675405e-01
0.13048 7.14521465e-01
0.13094 7.14298271e-01
0.13139 7.14073494e-01
0.13184 7.13900163e-01
0.13230 7.13764229e-01
0.13276 7.13627701e-01
0.13322 7.13460108e-01
0.13368 7.13263626e-01
0.13414 7.13065957e-01
0.13461 7.12863144e-01
0.13507 7.12543589e-01
0.13554 7.12221660e-01
0.13601 7.11897159e-01
0.13648 7.11404075e-01
0.13695 7.10887643e-01
0.13743 7.10365473e-01
0.13790 7.09767916e-01
0.13838 7.09137908e-01
0.13886 7.08500382e-01
0.13934 7.07642432e-01
0.13982 7.06582460e-01
0.14031 7.05503691e-01
0.14079 7.04310159e-01
0.14128 7.02861182e-01
0.14177 7.01381733e-01
0.14226 6.99871417e-01
0.14275 6.98314008e-01
0.14324 6.96725732e-01
0.14374 6.95106787e-01
0.14424 6.92999111e-01
0.14474 6.90650236e-01
0.14524 6.88243980e-01
0.14574 6.85109574e-01
0.14625 6.80643130e-01
0.14675 6.76010675e-01
0.14726 6.71214981e-01
0.14777 6.67987380e-01
0.14828 6.64746917e-01
0.14879 6.61440763e-01
0.14931 6.56445223e-01
0.14983 6.49879612e-01
0.15034 6.43101689e-01
0.15087 6.36148852e-01
0.15139 6.29420396e-01
0.15191 6.22525534e-01
0.15244 6.15471390e-01
0.15297 6.08023293e-01
0.15349 6.00223587e-01
0.15403 5.92272315e-01
0.15456 5.84178777e-01
0.15509 5.75016956e-01
0.15563 5.64931890e-01
0.15617 5.54689322e-01
0.15671 5.44306665e-01
0.15725 5.33329418e-01
0.15780 5.22211290e-01
0.15834 5.10999373e-01
0.15889 4.99753621e-01
0.15944 4.88552389e-01
0.15999 4.77276561e-01
0.16055 4.65914661e-01
0.16110 4.55560299e-01
0.16166 4.45816750e-01
0.16222 4.39503023e-01
0.16278 4.29770357e-01
0.16335 4.15362300e-01
0.16391 3.73309500e-01
0.16448 3.80321697e-01
0.16505 2.15516175e-01
0.16562 3.77343210e-01
0.16619 3.69109978e-01
0.16677 3.62278631e-01
0.16734 3.51183851e-01
0.16792 3.25262724e-01
0.16851 3.00805217e-01
0.16909 3.46114903e-01
0.16967 3.49325290e-01
0.17026 3.35176042e-01
0.17085 1.23419788e-01
0.17144 1.21634339e-01
0.17204 2.35392871e-01
0.17263 2.28732679e-01
0.17323 2.22206047e-01
0.17383 2.17179245e-01
0.17443 2.70054165e-01
0.17503 2.56493571e-01
0.17564 2.37175254e-01
0.17625 2.19330847e-01
0.17686 2.05413895e-01
0.17747 1.52685475e-01
0.17808 1.17096623e-01
0.17870 1.90757535e-01
0.17932 1.76663116e-01
0.17994 1.01195068e-01
0.18056 5.46415923e-02
0.18119 4.94953573e-02
0.18182 1.13086597e-01
0.18244 1.03437590e-01
0.18308 6.25428041e-02
0.18371 4.61917359e-02
0.18435 3.79115106e-02
0.18498 4.36196671e-02
0.18562 6.95286054e-02
0.18627 6.40491036e-02
0.18691 2.90312941e-02
0.18756 2.73470729e-02
0.18821 4.93622129e-02
0.18886 3.30473939e-02
0.18951 4.23336327e-02
0.19017 3.92826276e-02
0.19083 3.76243862e-02
0.19149 2.17272242e-02
0.19215 3.52263610e-02
0.19282 1.90183207e-02
0.19348 1.96374455e-02
0.19415 3.64006403e-02
0.19483 3.68850179e-02
0.19550 3.97672229e-02
0.19618 3.80223357e-02
0.19686 3.60103285e-02
0.19754 3.52701884e-02
0.19822 2.03859454e-02
0.19891 1.52539212e-02
0.19960 1.48646364e-02
0.20029 1.33617599e-02
0.20098 1.47051400e-02
0.20168 1.45969505e-02
0.20237 1.30603298e-02
0.20307 1.22099484e-02
0.20378 1.05384400e-02
0.20448 1.51508901e-02
0.20519 1.92903399e-02
0.20590 1.00082939e-02
0.20661 2.58523485e-02
0.20733 8.20492519e-03
0.20805 6.34856783e-03
0.20877 4.95426673e-03
0.20949 3.87863187e-03
0.21021 4.46122850e-03
0.21094 4.90616138e-03
0.21167 5.64977004e-03
0.21240 5.91016455e-03
0.21314 6.01984996e-03
0.21388 1.00041624e-03
0.21462 1.98641117e-04
0.21536 2.02168882e-04
0.21611 2.04378063e-04
0.21685 2.05381643e-04
0.21760 2.04761726e-04
0.21836 2.02845783e-04
0.21911 2.08844705e-04
0.21987 3.86627114e-04
0.22063 6.53915498e-04
0.22140 2.68136441e-02
0.22216 7.58918985e-02
0.22293 1.11079062e-01
0.22370 6.02861743e-02
0.22448 1.87875172e-01
0.22526 6.49389100e-01
0.22604 2.01467444e-01
0.22682 4.61310898e-02
0.22760 8.76845738e-03
0.22839 1.63946602e-03
0.22918 3.25526678e-04
0.22998 2.25965514e-04
0.23077 2.25221338e-04
0.23157 2.24217164e-04
0.23237 2.24076877e-04
0.23318 2.25328383e-04
0.23398 2.24490616e-04
0.23479 2.23031943e-04
0.23561 2.23109309e-04
0.23642 2.26217201e-04
0.23724 2.28101485e-04
0.23806 2.24975983e-04
0.23889 2.23963301e-04
0.23971 2.26626785e-04
0.24054 2.26790222e-04
0.24137 2.24001292e-04
0.24221 2.26746890e-04
0.24305 2.24104974e-04
0.24389 2.26128556e-04
0.24473 2.26729873e-04
0.24558 2.51333208e-04
0.24643 2.24053529e-04
0.24728 2.25215006e-04
0.24814 2.31799613e-04
0.24900 2.26435645e-04
0.24986 2.23083586e-04
0.25073 2.61527497e-04
0.25159 2.35532170e-04
0.25246 2.45769989e-04
0.25334 2.67163135e-04
0.25422 2.24218351e-04
0.25510 2.26693466e-04
0.25598 2.28441420e-04
0.25687 2.26399831e-04
0.25775 2.67064004e-04
0.25865 2.25471639e-04
0.25954 2.25742321e-04
0.26044 2.25088371e-04
0.26134 2.24622989e-04
0.26225 2.24635257e-04
0.26315 2.27088012e-04
0.26406 2.23617430e-04
0.26498 2.25790402e-04
0.26590 2.28813607e-04
0.26682 3.53685677e-04
0.26774 3.62565538e-03
0.26867 3.68505099e-02
0.26960 5.63995387e-02
0.27053 6.25776286e-02
0.27147 6.92006217e-02
0.27241 7.62978615e-02
0.27335 8.45170450e-02
0.27430 9.28128425e-02
0.27525 9.94970357e-02
0.27620 1.06703162e-01
0.27715 1.13641435e-01
0.27811 1.20924156e-01
0.27908 1.28328010e-01
0.28004 1.37330231e-01
0.28101 1.40224862e-01
0.28198 1.45857888e-01
0.28296 1.48126825e-01
0.28394 1.53831460e-01
0.28492 1.57380832e-01
0.28591 1.62583142e-01
0.28690 1.67439126e-01
0.28789 1.71375822e-01
0.28889 1.76540162e-01
0.28989 1.81316802e-01
0.29089 1.85721116e-01
0.29190 1.90218803e-01
0.29291 1.94753472e-01
0.29392 2.00423895e-01
0.29494 2.05257185e-01
0.29596 2.09413572e-01
0.29699 2.14161382e-01
0.29801 2.18100908e-01
0.29905 2.21362344e-01
0.30008 2.27511446e-01
0.30112 2.30296024e-01
0.30216 2.35003074e-01
0.30321 2.38853559e-01
0.30426 2.42851455e-01
0.30531 2.46022467e-01
0.30637 2.49592575e-01
0.30743 2.54884321e-01
0.30849 2.57159194e-01
0.30956 2.62073609e-01
0.31063 2.63877163e-01
0.31171 2.67396815e-01
0.31279 2.69922386e-01
0.31387 2.72660860e-01
0.31496 2.76250953e-01
0.31605 2.77253939e-01
0.31714 2.80720167e-01
0.31824 2.83615550e-01
0.31934 2.86271713e-01
0.32044 2.87797067e-01
0.32155 2.91801690e-01
0.32267 2.94146410e-01
0.32378 2.95967179e-01
0.32490 3.00937986e-01
0.32603 3.03544087e-01
0.32716 3.05812629e-01
0.32829 3.08152006e-01
0.32943 3.11674627e-01
0.33057 3.14147564e-01
0.33171 3.17627841e-01
0.33286 3.20612462e-01
0.33401 3.23911097e-01
0.33517 3.25298142e-01
0.33633 3.29333831e-01
0.33749 3.32572710e-01
0.33866 3.36227308e-01
0.33983 3.38896529e-01
0.34101 3.41511139e-01
0.34219 3.44957185e-01
0.34337 3.47918458e-01
0.34456 3.50838178e-01
0.34576 3.52266182e-01
0.34695 3.54272946e-01
0.34815 3.54954003e-01
0.34936 3.56815928e-01
0.35057 3.57469679e-01
0.35178 3.60552838e-01
0.35300 3.61955119e-01
0.35422 3.64168258e-01
0.35545 3.66155037e-01
0.35668 3.66997355e-01
0.35791 3.69073768e-01
0.35915 3.70117515e-01
0.36039 3.73047722e-01
0.36164 3.74241452e-01
0.36289 3.75649075e-01
0.36415 3.77230623e-01
0.36541 3.79807441e-01
0.36668 3.81763155e-01
0.36795 3.82620511e-01
0.36922 3.84428023e-01
0.37050 3.86464269e-01
0.37178 3.89783285e-01
0.37307 3.89916845e-01
0.37436 3.91556170e-01
0.37565 3.93826888e-01
0.37695 3.95975720e-01
0.37826 3.97924707e-01
0.37957 3.98342601e-01
0.38088 4.01193068e-01
0.38220 4.03243956e-01
0.38352 4.05504781e-01
0.38485 4.07187241e-01
0.38618 4.07901144e-01
0.38752 4.09805017e-01
0.38886 4.10598067e-01
0.39021 4.11151302e-01
0.39156 4.11829589e-01
0.39291 4.12540919e-01
0.39427 4.14816188e-01
0.39564 4.14165009e-01
0.39701 4.14623268e-01
0.39838 4.17905876e-01
0.39976 4.16963437e-01
0.40115 4.17205824e-01
0.40253 4.20282255e-01
0.40393 4.19860601e-01
0.40533 4.19921940e-01
0.40673 4.22281302e-01
0.40814 4.22993226e-01
0.40955 4.22814157e-01
0.41097 4.24482371e-01
0.41239 4.26112396e-01
0.41382 4.25652356e-01
0.41525 4.27093617e-01
0.41669 4.29172800e-01
0.41813 4.28457116e-01
0.41958 4.29623936e-01
0.42103 4.31729039e-01
0.42249 4.31224084e-01
0.42395 4.32351726e-01
0.42542 4.34063470e-01
0.42689 4.33677433e-01
0.42837 4.35182406e-01
0.42985 4.36589238e-01
0.43134 4.36337552e-01
0.43283 4.38239249e-01
0.43433 4.38980853e-01
0.43583 4.39006378e-01
0.43734 4.41610303e-01
0.43886 4.41831518e-01
0.44037 4.41726451e-01
0.44190 4.44173270e-01
0.44343 4.44191869e-01
0.44496 4.43969269e-01
0.44650 4.44947720e-01
0.44805 4.45407760e-01
0.44960 4.45646387e-01
0.45116 4.45944770e-01
0.45272 4.47503564e-01
0.45429 4.47609620e-01
0.45586 4.47377523e-01
0.45744 4.48326689e-01
0.45902 4.48287314e-01
0.46061 4.49075219e-01
0.46220 4.49381121e-01
0.46380 4.49189190e-01
0.46541 4.50980081e-01
0.46702 4.51212377e-01
0.46864 4.50728790e-01
0.47026 4.52029962e-01
0.47189 4.52750988e-01
0.47352 4.51752948e-01
0.47516 4.52416395e-01
0.47680 4.54595699e-01
0.47845 4.53886742e-01
0.48011 4.53243676e-01
0.48177 4.55099863e-01
0.48344 4.55941192e-01
0.48511 4.55155463e-01
0.48679 4.55900827e-01
0.48848 4.57210111e-01
0.49017 4.56826052e-01
0.49186 4.56716038e-01
0.49357 4.58134940e-01
0.49528 4.58995858e-01
0.49699 4.59135354e-01
0.49871 4.58976665e-01
0.50044 4.59292064e-01
0.50217 4.59968570e-01
0.50391 4.61363332e-01
0.50565 4.61448613e-01
0.50740 4.60938315e-01
0.50916 4.62100979e-01
0.51092 4.63001273e-01
0.51269 4.62683301e-01
0.51446 4.62773924e-01
0.51625 4.64365563e-01
0.51803 4.64146327e-01
0.51983 4.63274526e-01
0.52163 4.63160159e-01
0.52343 4.64306599e-01
0.52524 4.64111502e-01
0.52706 4.63634248e-01
0.52889 4.63733379e-01
0.53072 4.64455988e-01
0.53255 4.64125947e-01
0.53440 4.63756727e-01
0.53625 4.64053923e-01
0.53810 4.64579061e-01
0.53997 4.64258715e-01
0.54183 4.64170071e-01
0.54371 4.64602607e-01
0.54559 4.64281866e-01
0.54748 4.63587749e-01
0.54938 4.64517525e-01
0.55128 4.65676430e-01
0.55319 4.64362199e-01
0.55510 4.63030161e-01
0.55702 4.64567783e-01
0.55895 4.65893885e-01
0.56089 4.64376446e-01
0.56283 4.63387904e-01
0.56478 4.64753184e-01
0.56673 4.65571561e-01
0.56869 4.64847171e-01
0.57066 4.63679559e-01
0.57264 4.63803424e-01
0.57462 4.64928494e-01
0.57661 4.66003503e-01
0.57860 4.64462122e-01
0.58061 4.63686485e-01
0.58262 4.64887733e-01
0.58463 4.65575320e-01
0.58666 4.64791966e-01
0.58869 4.64886942e-01
0.59073 4.65080455e-01
0.59277 4.64713017e-01
0.59482 4.65480344e-01
0.59688 4.65527436e-01
0.59895 4.64857460e-01
0.60102 4.64961933e-01
0.60310 4.64920975e-01
0.60519 4.65686323e-01
0.60728 4.66687924e-01
0.60939 4.65316313e-01
0.61150 4.64267026e-01
0.61361 4.65219754e-01
0.61574 4.66279923e-01
0.61787 4.66401413e-01
0.62001 4.65257150e-01
0.62215 4.63756727e-01
0.62431 4.65056514e-01
0.62647 4.66075131e-01
0.62864 4.64123770e-01
0.63081 4.63504645e-01
0.63300 4.63095853e-01
0.63519 4.64181349e-01
0.63739 4.64947291e-01
0.63959 4.63008198e-01
0.64181 4.62445267e-01
0.64403 4.62759479e-01
0.64626 4.62794898e-01
0.64849 4.62648476e-01
0.65074 4.62089899e-01
0.65299 4.61968804e-01
0.65525 4.62467230e-01
0.65752 4.61534091e-01
0.65980 4.60712153e-01
0.66208 4.60999653e-01
0.66437 4.61195937e-01
0.66667 4.61309908e-01
0.66898 4.59869835e-01
0.67130 4.59272277e-01
0.67362 4.60220257e-01
0.67595 4.60712153e-01
0.67829 4.59936516e-01
0.68064 4.57893740e-01
0.68299 4.57529072e-01
0.68536 4.58843105e-01
0.68773 4.59837780e-01
0.69011 4.58878325e-01
0.69250 4.56786281e-01
0.69490 4.56405189e-01
0.69730 4.57125424e-01
0.69972 4.57936875e-01
0.70214 4.57404020e-01
0.70457 4.55954845e-01
0.70701 4.55822472e-01
0.70946 4.55919031e-01
0.71191 4.56221965e-01
0.71438 4.56354140e-01
0.71685 4.55342843e-01
0.71933 4.54840658e-01
0.72182 4.54580661e-01
0.72432 4.54469262e-01
0.72683 4.55049605e-01
0.72934 4.55016759e-01
0.73187 4.54785651e-01
0.73440 4.54520905e-01
0.73694 4.52959143e-01
0.73949 4.52502071e-01
0.74205 4.53634265e-01
0.74462 4.54332932e-01
0.74720 4.54241715e-01
0.74979 4.53152063e-01
0.75238 4.51938745e-01
0.75499 4.51556467e-01
0.75760 4.52503061e-01
0.76022 4.53578070e-01
0.76285 4.52999508e-01
0.76549 4.50822579e-01
0.76814 4.50027155e-01
0.77080 4.50791118e-01
0.77347 4.52311724e-01
0.77615 4.52787395e-01
0.77884 4.51437351e-01
0.78153 4.49166237e-01
0.78424 4.47922052e-01
0.78695 4.48432152e-01
0.78968 4.49836610e-01
0.79241 4.49699290e-01
0.79515 4.48541968e-01
0.79790 4.47440049e-01
0.80067 4.46406591e-01
0.80344 4.46580911e-01
0.80622 4.47298178e-01
0.80901 4.46420442e-01
0.81181 4.45329405e-01
0.81462 4.45024097e-01
0.81744 4.44302081e-01
0.82027 4.44464332e-01
0.82311 4.44704938e-01
0.82596 4.43769226e-01
0.82882 4.43115079e-01
0.83169 4.43210846e-01
0.83457 4.42646926e-01
0.83745 4.42155426e-01
0.84035 4.41223869e-01
0.84326 4.40123335e-01
0.84618 4.39685852e-01
0.84911 4.40315859e-01
0.85205 4.41165499e-01
0.85500 4.40665885e-01
0.85796 4.39205431e-01
0.86093 4.37856772e-01
0.86391 4.36404431e-01
0.86690 4.36576575e-01
0.86990 4.38016451e-01
0.87291 4.37724202e-01
0.87593 4.36905429e-01
0.87897 4.35661244e-01
0.88201 4.34246695e-01
0.88506 4.34000549e-01
0.88813 4.34441594e-01
0.89120 4.35102073e-01
0.89428 4.34881253e-01
0.89738 4.33419217e-01
0.90049 4.32299489e-01
0.90360 4.31236747e-01
0.90673 4.31016126e-01
0.90987 4.31350323e-01
0.91302 4.31974790e-01
0.91618 4.32193433e-01
0.91935 4.31094481e-01
0.92253 4.30333288e-01
0.92573 4.29757298e-01
0.92893 4.28800811e-01
0.93215 4.28002023e-01
0.93537 4.28379750e-01
0.93861 4.28954355e-01
0.94186 4.28616003e-01
0.94512 4.28648651e-01
0.94839 4.28683080e-01
0.95168 4.27362518e-01
0.95497 4.25551049e-01
0.95828 4.25193701e-01
0.96159 4.26102899e-01
0.96492 4.26486562e-01
0.96826 4.26818978e-01
0.97161 4.27222428e-01
0.97498 4.26195698e-01
0.97835 4.23508273e-01
0.98174 4.22018535e-01
0.98514 4.23085432e-01
0.98855 4.24288461e-01
0.99197 4.24957053e-01
0.99540 4.25910177e-01
0.99885 4.25362679e-01
1.00231 4.22003101e-01
1.00578 4.19529174e-01
1.00926 4.19009181e-01
1.01275 4.19993765e-01
1.01626 4.21781886e-01
1.01978 4.23150134e-01
1.02330 4.23579505e-01
1.02685 4.22363219e-01
1.03040 4.19274520e-01
1.03397 4.17016070e-01
1.03755 4.16336991e-01
1.04114 4.16486183e-01
1.04474 4.17770338e-01
1.04836 4.18707434e-01
1.05199 4.18606918e-01
1.05563 4.17443066e-01
1.05928 4.15093795e-01
1.06295 4.13392735e-01
1.06663 4.12357497e-01
1.07032 4.11932875e-01
1.07403 4.12775787e-01
1.07775 4.13696263e-01
1.08148 4.13734451e-01
1.08522 4.12791023e-01
1.08898 4.11621037e-01
1.09275 4.10197585e-01
1.09653 4.08597635e-01
1.10032 4.07266190e-01
1.10413 4.06708799e-01
1.10796 4.07303785e-01
1.11179 4.07562198e-01
1.11564 4.07308533e-01
1.11950 4.07449414e-01
1.12338 4.07213557e-01
1.12726 4.06608283e-01
1.13117 4.04803937e-01
1.13508 4.02681026e-01
1.13901 4.01841675e-01
1.14295 4.01371346e-01
1.14691 4.00838491e-01
1.15088 4.00426335e-01
1.15487 4.01336324e-01
1.15886 4.02233451e-01
1.16287 4.01975433e-01
1.16690 4.00376077e-01
1.17094 3.98362981e-01
1.17499 3.97229601e-01
1.17906 3.96306751e-01
1.18314 3.95274283e-01
1.18724 3.94600547e-01
1.19135 3.95611052e-01
1.19547 3.97205461e-01
1.19961 3.97270559e-01
1.20376 3.95676743e-01
1.20793 3.93559174e-01
1.21211 3.91981188e-01
1.21630 3.90741157e-01
1.22052 3.89307811e-01
1.22474 3.88363196e-01
1.22898 3.89048210e-01
1.23323 3.91026481e-01
1.23750 3.92347637e-01
1.24179 3.91675088e-01
1.24609 3.90047833e-01
1.25040 3.88333714e-01
1.25473 3.86669061e-01
1.25907 3.85391436e-01
1.26343 3.83812658e-01
1.26780 3.82869626e-01
1.27219 3.83648825e-01
1.27659 3.85445256e-01
1.28101 3.85794491e-01
1.28545 3.85284786e-01
1.28990 3.84314844e-01
1.29436 3.83209165e-01
1.29884 3.82339343e-01
1.30334 3.81777995e-01
1.30785 3.80318729e-01
1.31238 3.79301892e-01
1.31692 3.79520337e-01
1.32148 3.79927150e-01
1.32605 3.79798933e-01
1.33064 3.79639254e-01
1.33525 3.79122822e-01
1.33987 3.78516361e-01
1.34451 3.78211449e-01
1.34916 3.78184539e-01
1.35383 3.77333118e-01
1.35852 3.76779685e-01
1.36322 3.76081810e-01
1.36794 3.74658357e-01
1.37268 3.74285576e-01
1.37743 3.74608297e-01
1.38220 3.74674186e-01
1.38698 3.75015902e-01
1.39178 3.75226630e-01
1.39660 3.74996511e-01
1.40144 3.75538072e-01
1.40629 3.75824781e-01
1.41115 3.74614430e-01
1.41604 3.72785945e-01
1.42094 3.69724551e-01
1.42586 3.68242926e-01
1.43080 3.69096325e-01
1.43575 3.70001961e-01
1.44072 3.70841113e-01
1.44571 3.71499811e-01
1.45071 3.71431547e-01
1.45573 3.72517439e-01
1.46077 3.73927239e-01
1.46583 3.73002411e-01
1.47090 3.70166783e-01
1.47599 3.66066788e-01
1.48110 3.63387278e-01
1.48623 3.63255103e-01
1.49137 3.64677764e-01
1.49654 3.66228247e-01
1.50172 3.66951252e-01
1.50692 3.66868346e-01
1.51213 3.67980159e-01
1.51737 3.69893332e-01
1.52262 3.70893943e-01
1.52789 3.69194269e-01
1.53318 3.64977334e-01
1.53849 3.60938678e-01
1.54381 3.58818932e-01
1.54916 3.58350186e-01
1.55452 3.57957223e-01
1.55990 3.57544869e-01
1.56530 3.56028023e-01
1.57072 3.54407495e-01
1.57615 3.54117818e-01
1.58161 3.54467844e-01
1.58709 3.53685282e-01
1.59258 3.50323725e-01
1.59809 3.44882589e-01
1.60362 3.39682653e-01
1.60918 3.36041511e-01
1.61475 3.33812543e-01
1.62034 3.32603182e-01
1.62594 3.31429833e-01
1.63157 3.29600951e-01
1.63722 3.28482806e-01
1.64289 3.28234088e-01
1.64857 3.28100726e-01
1.65428 3.27791065e-01
1.66001 3.26155499e-01
1.66575 3.22553336e-01
1.67152 3.18297620e-01
1.67731 3.14499767e-01
1.68311 3.11442727e-01
1.68894 3.08866305e-01
1.69478 3.06187784e-01
1.70065 3.03311594e-01
1.70654 3.01616075e-01
1.71245 3.00797698e-01
1.71837 3.00424917e-01
1.72432 2.99940738e-01
1.73029 2.99280457e-01
1.73628 2.98701301e-01
1.74229 2.97206616e-01
1.74832 2.94706175e-01
1.75437 2.92029039e-01
1.76045 2.89205877e-01
1.76654 2.85876573e-01
1.77266 2.81872345e-01
1.77879 2.78058267e-01
1.78495 2.75513306e-01
1.79113 2.73806113e-01
1.79733 2.73053428e-01
1.80355 2.72270271e-01
1.80979 2.71122843e-01
1.81606 2.70910334e-01
1.82234 2.71598316e-01
1.82865 2.71278959e-01
1.83498 2.70045063e-01
1.84133 2.68054722e-01
1.84771 2.64818613e-01
1.85410 2.60815374e-01
1.86052 2.56645532e-01
1.86696 2.52206789e-01
1.87342 2.48954653e-01
1.87991 2.47884788e-01
1.88642 2.46719551e-01
1.89295 2.45270375e-01
1.89950 2.44930638e-01
1.90607 2.44451801e-01
1.91267 2.45960337e-01
1.91929 2.47841653e-01
1.92594 2.47274567e-01
1.93260 2.45816883e-01
1.93929 2.43460093e-01
1.94601 2.39296583e-01
1.95274 2.35009802e-01
1.95950 2.29905435e-01
1.96629 2.25522491e-01
1.97309 2.24257727e-01
1.97992 2.22960711e-01
1.98678 2.21009350e-01
1.99365 2.20804360e-01
2.00055 2.19564527e-01
2.00748 2.19760020e-01
2.01443 2.22734747e-01
2.02140 2.23891476e-01
2.02840 2.24542853e-01
2.03542 2.23592895e-01
2.04247 2.21510348e-01
2.04954 2.17652146e-01
2.05663 2.11991774e-01
2.06375 2.09038812e-01
2.07090 2.04983931e-01
2.07806 2.02645542e-01
2.08526 2.03052554e-01
2.09247 2.01177767e-01
2.09972 2.00711594e-01
2.10699 1.99430605e-01
2.11428 1.97688745e-01
2.12160 1.98930398e-01
2.12894 2.02725876e-01
2.13631 2.03665941e-01
2.14371 2.02837473e-01
2.15113 2.02974001e-01
2.15857 1.99559020e-01
2.16605 1.93462313e-01
2.17354 1.90818597e-01
2.18107 1.88601263e-01
2.18862 1.85458349e-01
2.19619 1.83649294e-01
2.20380 1.85597271e-01
2.21143 1.84532412e-01
2.21908 1.83128984e-01
2.22676 1.83410370e-01
2.23447 1.80062485e-01
2.24220 1.78441819e-01
2.24997 1.82705351e-01
2.25775 1.85861028e-01
2.26557 1.85676517e-01
2.27341 1.85853331e-01
2.28128 1.79724569e-01
2.28918 1.76245855e-01
2.29710 1.76131073e-01
2.30505 1.71136047e-01
2.31303 1.70095150e-01
2.32104 1.70985985e-01
2.32908 1.67057837e-01
2.33714 1.68841724e-01
2.34523 1.72555622e-01
2.35335 1.70357541e-01
2.36149 1.69263655e-01
2.36967 1.65348903e-01
2.37787 1.63634467e-01
2.38610 1.64524372e-01
2.39436 1.66515604e-01
2.40265 1.70566686e-01
2.41097 1.70296262e-01
2.41931 1.62189823e-01
2.42769 1.60536013e-01
2.43609 1.59454118e-01
2.44452 1.56573575e-01
2.45298 1.56902034e-01
2.46148 1.55508657e-01
2.47000 1.54388534e-01
2.47855 1.53538063e-01
2.48713 1.55341638e-01
2.49574 1.60358032e-01
2.50438 1.59586808e-01
2.51304 1.55560320e-01
2.52174 1.53342175e-01
2.53047 1.51321106e-01
2.53923 1.49664190e-01
2.54802 1.50188022e-01
2.55684 1.53134296e-01
2.56569 1.51482426e-01
2.57457 1.47941127e-01
2.58349 1.47322082e-01
2.59243 1.43160926e-01
2.60140 1.43493362e-01
2.61041 1.43278122e-01
2.61944 1.40348509e-01
2.62851 1.41147494e-01
2.63761 1.41518296e-01
2.64674 1.40225060e-01
2.65590 1.40692322e-01
2.66510 1.42341877e-01
2.67432 1.43537526e-01
2.68358 1.41615568e-01
2.69287 1.40231609e-01
2.70219 1.39260756e-01
2.71154 1.38610230e-01
2.72093 1.36942135e-01
2.73035 1.34672307e-01
2.73980 1.33422305e-01
2.74928 1.30437822e-01
2.75880 1.28910767e-01
2.76835 1.30745327e-01
2.77793 1.29087917e-01
2.78755 1.28026025e-01
2.79720 1.28852495e-01
2.80688 1.27054698e-01
2.81660 1.26374769e-01
2.82635 1.26709302e-01
2.83613 1.26318871e-01
2.84595 1.25495430e-01
2.85580 1.24102705e-01
2.86569 1.20934821e-01
2.87561 1.22181578e-01
2.88556 1.25178803e-01
2.89555 1.25901867e-01
2.90557 1.25460882e-01
2.91563 1.24274295e-01
2.92572 1.22344027e-01
2.93585 1.19894062e-01
2.94601 1.16160476e-01
2.95621 1.11988517e-01
2.96644 1.11144239e-01
2.97671 1.11640390e-01
2.98702 1.11903335e-01
2.99736 1.13143267e-01
3.00773 1.12725511e-01
3.01814 1.12092575e-01
3.02859 1.12091961e-01
3.03907 1.11392067e-01
3.04960 1.10543397e-01
3.06015 1.09592114e-01
3.07074 1.07745286e-01
3.08137 1.03652077e-01
3.09204 9.93814618e-02
3.10274 9.80987713e-02
3.11348 1.00199007e-01
3.12426 1.01388423e-01
3.13508 9.97196950e-02
3.14593 9.64586545e-02
3.15682 9.21479115e-02
3.16775 8.70995018e-02
3.17871 8.20563949e-02
3.18972 7.75664837e-02
3.20076 7.41356340e-02
3.21184 7.16300484e-02
3.22295 6.94514968e-02
3.23411 6.78079569e-02
3.24531 6.61074512e-02
3.25654 6.41718799e-02
3.26781 6.14050707e-02
3.27912 5.84311941e-02
3.29047 5.53352931e-02
3.30187 5.20604810e-02
3.31330 4.82908044e-02
3.32476 4.37524950e-02
3.33627 3.95982052e-02
3.34782 3.65221304e-02
3.35941 3.36611961e-02
3.37104 3.16082305e-02
3.38271 3.01725495e-02
3.39442 2.88718136e-02
3.40617 2.71811617e-02
3.41796 2.51276222e-02
3.42979 2.29270679e-02
3.44166 9.44034926e-03
3.45358 1.40217541e-03
3.46553 2.11945276e-04
3.47753 1.47895262e-04
3.48957 1.46930919e-04
3.50164 1.47053814e-04
3.51377 1.48220634e-04
3.52593 1.50178525e-04
3.53814 1.52742619e-04
3.55038 1.55674528e-04
3.56267 1.58572048e-04
3.57500 1.61152249e-04
3.58738 1.63134517e-04
3.59980 1.64275812e-04
3.61226 1.64329612e-04
3.62476 1.63046486e-04
3.63731 1.60771178e-04
3.64990 1.58744232e-04
3.66254 1.58038956e-04
3.67521 1.58211120e-04
3.68794 1.59080526e-04
3.70070 1.60737402e-04
3.71351 1.63162397e-04
3.72637 1.65662719e-04
3.73927 1.67184017e-04
3.75221 1.67312274e-04
3.76520 1.66609471e-04
3.77823 1.65697840e-04
3.79131 1.64955445e-04
3.80443 1.64667351e-04
3.81760 1.65005030e-04
3.83082 1.66033600e-04
3.84408 1.67736698e-04
3.85739 1.70052233e-04
3.87074 1.72886317e-04
3.88414 1.76125038e-04
3.89758 1.79633055e-04
3.91107 1.83242618e-04
3.92461 1.86750755e-04
3.93820 1.89913297e-04
3.95183 1.92460296e-04
3.96551 1.94164443e-04
3.97924 1.95026568e-04
3.99301 1.95481127e-04
4.00683 1.96168971e-04
4.02070 1.97399523e-04
4.03462 1.99108082e-04
4.04859 2.01136215e-04
4.06260 2.03381013e-04
4.07667 2.05813981e-04
4.09078 2.08460646e-04
4.10494 2.11368890e-04
4.11915 2.14559886e-04
4.13341 2.18061137e-04
4.14771 2.22707046e-04
4.16207 2.26934071e-04
4.17648 2.30502399e-04
4.19094 2.33509181e-04
4.20545 2.36235388e-04
4.22000 2.38965552e-04
4.23461 2.41905455e-04
4.24927 2.45168078e-04
4.26398 2.48786862e-04
4.27874 2.52271492e-04
4.29355 2.55148077e-04
4.30841 2.58180384e-04
4.32332 2.61288276e-04
4.33829 2.64374798e-04
4.35331 2.67330728e-04
4.36838 2.70047042e-04
4.38350 2.72440041e-04
4.39867 2.74500229e-04
4.41390 2.76341378e-04
4.42918 2.78204293e-04
4.44451 2.80362425e-04
4.45990 2.82988511e-04
4.47533 2.86104119e-04
4.49083 2.89626938e-04
4.50637 2.93443588e-04
4.52197 2.97456324e-04
4.53762 3.01599652e-04
4.55333 3.05841913e-04
4.56909 3.10178557e-04
4.58491 3.14622642e-04
4.60078 3.20395006e-04
4.61670 3.26553804e-04
4.63269 3.32847151e-04
4.64872 3.39140697e-04
4.66481 3.45242113e-04
4.68096 3.50958283e-04
4.69717 3.56160989e-04
4.71343 3.60816594e-04
4.72974 3.64969222e-04
4.74611 3.68701779e-04
4.76254 3.72058191e-04
4.77903 3.74171605e-04
4.79557 3.76130287e-04
4.81217 3.77950660e-04
4.82883 3.79633714e-04
4.84555 3.81167577e-04
4.86232 3.82532065e-04
4.87915 3.83705019e-04
4.89604 3.84671202e-04
4.91299 3.85433384e-04
4.92999 3.86024214e-04
4.94706 3.86515913e-04
4.96418 3.87995362e-04
4.98137 3.89975611e-04
4.99861 3.92469325e-04
5.01591 3.95619164e-04
5.03328 3.99440959e-04
5.05070 4.03862290e-04
5.06818 4.08773538e-04
5.08573 4.14065086e-04
5.10333 4.29726629e-04
5.12100 1.38239072e-03
5.13873 5.33025099e-03
5.15651 1.79441976e-02
5.17436 1.91943429e-02
5.19228 2.05739386e-02
5.21025 2.20862335e-02
5.22828 2.37302681e-02
5.24638 2.54997303e-02
5.26454 2.73823921e-02
5.28277 2.93609202e-02
5.30105 3.14146377e-02
5.31940 3.35217396e-02
5.33782 3.56612323e-02
5.35629 3.78141602e-02
5.37484 3.99638826e-02
5.39344 4.11442759e-02
5.41211 4.21397431e-02
5.43084 4.30267003e-02
5.44965 4.38034654e-02
5.46851 4.44719382e-02
5.48744 4.50386085e-02
5.50643 4.55154078e-02
5.52550 4.59203222e-02
5.54462 4.62771747e-02
5.56381 4.66143593e-02
5.58308 4.69627827e-02
5.60240 4.73532726e-02
5.62179 4.77218982e-02
5.64125 4.78029048e-02
5.66078 4.79878903e-02
5.68038 4.82881728e-02
5.70004 4.87105983e-02
5.71977 4.92586890e-02
5.73957 4.99334341e-02
5.75944 5.07340818e-02
5.77938 5.16586138e-02
5.79938 5.27040819e-02
5.81946 5.38665486e-02
5.83960 5.51411265e-02
5.85982 5.65216620e-02
5.88010 5.80005966e-02
5.90045 5.93080996e-02
5.92088 6.06479735e-02
5.94137 6.20326246e-02
5.96194 6.34403866e-02
5.98258 6.48480497e-02
6.00329 6.62315334e-02
6.02407 6.75669355e-02
6.04492 6.88316399e-02
6.06585 7.00053058e-02
6.08684 7.10707782e-02
6.10791 7.20149188e-02
6.12906 7.28289819e-02
6.15027 7.35088913e-02
6.17156 7.40553595e-02
6.19293 7.43243790e-02
6.21436 7.44813664e-02
6.23588 7.45452575e-02
6.25746 7.45271527e-02
6.27912 7.44399925e-02
6.30086 7.42980231e-02
6.32267 7.41163024e-02
6.34455 7.39102045e-02
6.36652 7.36948266e-02
6.38856 7.34845933e-02
6.41067 7.32928803e-02
6.43286 7.31317179e-02
6.45513 7.30116722e-02
6.47747 7.29416471e-02
6.49990 7.28643011e-02
6.52240 7.26849547e-02
6.54497 7.25685498e-02
6.56763 7.25175595e-02
6.59037 7.25333295e-02
6.61318 7.26161961e-02
6.63607 7.27656447e-02
6.65904 7.29803499e-02
6.68209 7.32582932e-02
6.70522 7.35968628e-02
6.72843 7.39928336e-02
6.75172 7.44424658e-02
6.77510 7.49415251e-02
6.79855 7.54853419e-02
6.82208 7.60687517e-02
6.84570 7.66862936e-02
6.86939 7.73320513e-02
6.89317 7.79998908e-02
6.91704 7.86426013e-02
6.94098 7.92865386e-02
6.96500 7.99313861e-02
6.98911 8.05702382e-02
7.01331 8.11963279e-02
7.03759 8.18031256e-02
7.06195 8.23844974e-02
7.08639 8.29347646e-02
7.11092 8.34488816e-02
7.13554 8.39224755e-02
7.16024 8.43519055e-02
7.18502 8.47344015e-02
7.20990 8.50680641e-02
7.23485 8.53518643e-02
7.25990 8.55856635e-02
7.28503 8.57701940e-02
7.31025 8.58566815e-02
7.33555 8.58326605e-02
7.36094 8.57666126e-02
7.38642 8.56620994e-02
7.41199 8.55231377e-02
7.43765 8.53541002e-02
7.46340 8.51595774e-02
7.48923 8.49443579e-02
7.51516 8.47132694e-02
7.54117 8.44711004e-02
7.56727 8.42225205e-02
7.59347 8.39720609e-02
7.61975 8.37239756e-02
7.64613 8.34822419e-02
7.67260 8.32505796e-02
7.69916 8.30322931e-02
7.72581 8.28303504e-02
7.75255 8.26455825e-02
7.77939 8.24046007e-02
7.80632 8.21865121e-02
7.83334 8.19927808e-02
7.86046 8.18245546e-02
7.88767 8.16826644e-02
7.91497 8.15675851e-02
7.94237 8.14796136e-02
7.96986 8.14186905e-02
7.99745 8.13845387e-02
8.02513 8.13767031e-02
8.05291 8.13944320e-02
8.08079 8.14368744e-02
8.10876 8.15029223e-02
8.13683 8.15913885e-02
8.16500 8.17008681e-02
8.19326 8.18299167e-02
8.22162 8.19768921e-02
8.25008 8.21401123e-02
8.27864 8.73409783e-02
8.30730 9.86010163e-02
8.33605 1.11233675e-01
8.36491 1.25365866e-01
8.39386 1.41131408e-01
8.42292 1.58671654e-01
8.45208 1.78135759e-01
8.48133 1.99680906e-01
8.51069 2.23472196e-01
8.54016 2.49680230e-01
8.56972 2.78480119e-01
8.59938 3.10046382e-01
8.62915 3.44547205e-01
8.65902 3.82137519e-01
8.68899 4.22947519e-01
8.71907 4.67072577e-01
8.74925 5.14558203e-01
8.77954 5.65386588e-01
8.80993 6.19459788e-01
8.84043 6.76587457e-01
8.87103 7.13436364e-01
8.90174 7.41325473e-01
8.93255 7.69724879e-01
8.96347 7.98589273e-01
8.99450 8.27867604e-01
9.02563 8.57504271e-01
9.05688 8.87438134e-01
9.08823 9.17603501e-01
9.11969 9.47930327e-01
9.15126 9.78344412e-01
9.18294 1.00876780e+00
9.21472 1.03911975e+00
9.24662 1.06931717e+00
9.27863 1.09927498e+00
9.31075 1.12890709e+00
9.34298 1.15812725e+00
9.37532 1.18684978e+00
9.40777 1.21499037e+00
9.44034 1.24246752e+00
9.47302 1.26920307e+00
9.50581 1.29512281e+00
9.53871 1.31703674e+00
9.57173 1.33463876e+00
9.60487 1.35183298e+00
9.63811 1.36859882e+00
9.67148 1.38491668e+00
9.70495 1.40076838e+00
9.73855 1.41613668e+00
9.77226 1.43100596e+00
9.80609 1.44536198e+00
9.84003 1.45919187e+00
9.87409 1.47248396e+00
9.90827 1.48456194e+00
9.94257 1.49379796e+00
9.97699 1.50276528e+00
10.01153 1.51145736e+00
10.04618 1.51986868e+00
10.08096 1.52799348e+00
10.11585 1.53582642e+00
10.15087 1.54336317e+00
10.18601 1.55059935e+00
10.22127 1.55753121e+00
10.25665 1.56415539e+00
10.29215 1.57046932e+00
10.32778 1.57529469e+00
10.36353 1.57887410e+00
10.39941 1.58234686e+00
10.43540 1.58571257e+00
10.47153 1.58897143e+00
10.50777 1.59212305e+00
10.54415 1.59516763e+00
10.58065 1.59810535e+00
10.61727 1.59888455e+00
10.65403 1.59954899e+00
10.69091 1.60018117e+00
10.72791 1.60078229e+00
10.76505 1.60135314e+00
10.80231 1.60189509e+00
10.83971 1.60240816e+00
10.87723 1.60289294e+00
10.91488 1.60334961e+00
10.95266 1.60377760e+00
10.99058 1.60417669e+00
11.02862 1.60454552e+00
11.06680 1.60488308e+00
11.10511 1.60518779e+00
11.14355 1.60545729e+00
11.18212 1.60568919e+00
11.22083 1.60588092e+00
11.25967 1.60402196e+00
11.29865 1.59651886e+00
11.33776 1.58810082e+00
11.37701 1.57877695e+00
11.41639 1.56856089e+00
11.45591 1.55746987e+00
11.49556 1.54552525e+00
11.53536 1.53275019e+00
11.57529 1.51916902e+00
11.61536 1.50480667e+00
11.65556 1.48968689e+00
11.69591 1.47383163e+00
11.73640 1.45725990e+00
11.77702 1.43998792e+00
11.81779 1.42202717e+00
11.85870 1.40338536e+00
11.89975 1.38406625e+00
11.94094 1.36406906e+00
11.98227 1.34339001e+00
12.02375 1.32202199e+00
12.06537 1.29995610e+00
12.10714 1.27718283e+00
12.14905 1.25369290e+00
12.19110 1.22947916e+00
12.23330 1.20453708e+00
12.27565 1.17886764e+00
12.31814 1.15247757e+00
12.36078 1.12538131e+00
12.40357 1.10189691e+00
12.44651 1.07963671e+00
12.48959 1.05643012e+00
12.53283 1.03270056e+00
12.57621 1.00884259e+00
12.61974 9.85206626e-01
12.66343 9.62090259e-01
12.70726 9.39734887e-01
12.75125 9.18324527e-01
12.79539 8.97990363e-01
12.83968 8.78815500e-01
12.88413 8.60840699e-01
12.92873 8.44071499e-01
12.97348 8.28483761e-01
13.01839 8.14030590e-01
13.06345 8.00646295e-01
13.10867 7.88251729e-01
13.15405 7.76757259e-01
13.19959 7.66066918e-01
13.24528 7.56080588e-01
13.29113 7.46696365e-01
13.33713 7.37812350e-01
13.38330 7.29328619e-01
13.42963 7.21148811e-01
13.47612 7.13181314e-01
13.52277 7.05340451e-01
13.56958 6.97547473e-01
13.61655 6.89731739e-01
13.66368 6.81831319e-01
13.71098 6.73793381e-01
13.75844 6.66772478e-01
13.80607 6.75679644e-01
13.85386 6.84374895e-01
13.90182 6.92854273e-01
13.94994 7.01119757e-01
13.99823 7.09177877e-01
14.04668 7.17039120e-01
14.09531 7.24717732e-01
14.14410 7.32230333e-01
14.19306 7.39595722e-01
14.24219 7.46834872e-01
14.29149 7.53968955e-01
14.34096 7.61020329e-01
14.39060 7.68010958e-01
14.44042 7.74962608e-01
14.49041 7.81897043e-01
14.54057 7.88834446e-01
14.59090 7.95794604e-01
14.64141 8.02795523e-01
14.69209 8.09854614e-01
14.74295 8.16987509e-01
14.79398 8.24208851e-01
14.84519 8.31531897e-01
14.89658 8.38968122e-01
14.94814 8.46528211e-01
14.99989 8.54221663e-01
15.05181 8.62056194e-01
15.10392 8.70039322e-01
15.15620 8.78176787e-01
15.20866 8.86473732e-01
15.26131 8.94934313e-01
15.31414 9.03561497e-01
15.36715 9.12358253e-01
15.42034 9.21326362e-01
15.47372 9.30467011e-01
15.52729 9.42653619e-01
15.58103 9.55292550e-01
15.63497 9.68002713e-01
15.68909 9.80781140e-01
15.74340 9.93625457e-01
15.79790 1.00653289e+00
15.85258 1.01950068e+00
15.90746 1.03252585e+00
15.96252 1.04560562e+00
16.01778 1.05873665e+00
16.07323 1.07191595e+00
16.12886 1.08514037e+00
16.18470 1.09840654e+00
16.24072 1.11171110e+00
16.29694 1.12505067e+00
16.35335 1.13842132e+00
16.40996 1.15181986e+00
16.46677 1.16524214e+00
16.52377 1.17868481e+00
16.58097 1.19214370e+00
16.63836 1.20561505e+00
16.69596 1.21909452e+00
16.75375 1.23257835e+00
16.81175 1.24606217e+00
16.86994 1.25954164e+00
16.92834 1.27301260e+00
16.98694 1.28647050e+00
17.04574 1.29991099e+00
17.10474 1.31332932e+00
17.16395 1.32672093e+00
17.22337 1.34008089e+00
17.28299 1.35340464e+00
17.34281 1.36668723e+00
17.40285 1.37992372e+00
17.46309 1.39310876e+00
17.52354 1.40623741e+00
17.58420 1.41930433e+00
17.64507 1.43230417e+00
17.70615 1.43898672e+00
17.76744 1.44193196e+00
17.82894 1.44487305e+00
17.89066 1.44780999e+00
17.95259 1.45074297e+00
18.01473 1.45367199e+00
18.07709 1.45659705e+00
18.13967 1.45951835e+00
18.20246 1.46243609e+00
18.26547 1.46535008e+00
18.32870 1.46826030e+00
18.39214 1.47116716e+00
18.45581 1.47407065e+00
18.51969 1.47697059e+00
18.58380 1.47986716e+00
18.64813 1.48276037e+00
18.71268 1.48565041e+00
18.77746 1.48853728e+00
18.84246 1.49142079e+00
18.90768 1.49430114e+00
18.97313 1.49717851e+00
19.03881 1.50005272e+00
19.10472 1.50292377e+00
19.17085 1.50579165e+00
19.23721 1.50865676e+00
19.30380 1.51151850e+00
19.37062 1.51437728e+00
19.43768 1.51723289e+00
19.50496 1.52008554e+00
19.57248 1.52293502e+00
19.64023 1.52578133e+00
19.70822 1.52862447e+00
19.77644 1.53146426e+00
19.84490 1.53430087e+00
19.91359 1.53713413e+00
19.98252 1.53996382e+00
20.05169 1.54279014e+00
20.12110 1.54561291e+00
20.19076 1.54843192e+00
20.26065 1.55124716e+00
20.33078 1.55405865e+00
20.40116 1.55686618e+00
20.47178 1.55966956e+00
20.54264 1.56246858e+00
20.61375 1.56526325e+00
20.68511 1.56517341e+00
20.75671 1.56485900e+00
20.82856 1.56452718e+00
20.90066 1.56417716e+00
20.97301 1.56380833e+00
21.04561 1.56341992e+00
21.11846 1.56301133e+00
21.19157 1.56258196e+00
21.26492 1.56213082e+00
21.33853 1.56165732e+00
21.41240 1.56116068e+00
21.48652 1.56064029e+00
21.56090 1.56009536e+00
21.63553 1.55952511e+00
21.71043 1.55892874e+00
21.78558 1.55830566e+00
21.86099 1.55765508e+00
21.93666 1.55697639e+00
22.01260 1.55626843e+00
22.08880 1.55553078e+00
22.16526 1.55476266e+00
22.24199 1.55396328e+00
22.31898 1.55313184e+00
22.39624 1.55226756e+00
22.47377 1.55136984e+00
22.55156 1.55043809e+00
22.62962 1.54947111e+00
22.70796 1.54846872e+00
22.78656 1.54742972e+00
22.86544 1.54635372e+00
22.94459 1.54523993e+00
23.02402 1.54408756e+00
23.10372 1.54289600e+00
23.18369 1.54166448e+00
23.26394 1.54039240e+00
23.34447 1.53907915e+00
23.42528 1.53772416e+00
23.50637 1.53632643e+00
23.58774 1.53488557e+00
23.66939 1.53340097e+00
23.75133 1.53187186e+00
23.83354 1.53029783e+00
23.91604 1.52867829e+00
23.99883 1.52701265e+00
24.08191 1.52530031e+00
24.16527 1.52354069e+00
24.24892 1.52173317e+00
24.33286 1.51987758e+00
24.41709 1.51797311e+00
24.50161 1.51601958e+00
24.58642 1.51401618e+00
24.67153 1.51196272e+00
24.75693 1.50980478e+00
24.84263 1.50661477e+00
24.92863 1.50337134e+00
25.01492 1.50007429e+00
25.10151 1.49672401e+00
25.18840 1.49332031e+00
25.27559 1.48986338e+00
25.36309 1.48635303e+00
25.45088 1.48278985e+00
25.53898 1.47917364e+00
25.62739 1.47550479e+00
25.71610 1.47178332e+00
25.80512 1.46800941e+00
25.89444 1.46418346e+00
25.98408 1.46030566e+00
26.07403 1.45637603e+00
26.16428 1.45239535e+00
26.25485 1.44836362e+00
26.34574 1.44428123e+00
26.43694 1.44014839e+00
26.52845 1.43596569e+00
26.62028 1.43173352e+00
26.71243 1.42745228e+00
26.80489 1.42312216e+00
26.89768 1.41874397e+00
26.99079 1.41431789e+00
27.08422 1.40984452e+00
27.17798 1.40532426e+00
27.27205 1.40075789e+00
27.36646 1.39614562e+00
27.46119 1.39148823e+00
27.55625 1.38678633e+00
27.65164 1.38204010e+00
27.74736 1.37725054e+00
27.84341 1.37241824e+00
27.93979 1.36754359e+00
28.03650 1.36262720e+00
28.13355 1.35767005e+00
28.23094 1.35267253e+00
28.32867 1.34763544e+00
28.42673 1.34255956e+00
28.52513 1.33744511e+00
28.62387 1.33229345e+00
28.72295 1.32710479e+00
28.82238 1.32188012e+00
28.92215 1.31662004e+00
29.02227 1.31132532e+00
29.12273 1.30599657e+00
29.22354 1.30063498e+00
29.32470 1.29524094e+00
29.42621 1.28981524e+00
29.52807 1.28435887e+00
29.63029 1.27887242e+00
29.73286 1.27335669e+00
29.83578 1.26781266e+00
29.93906 1.26224093e+00
30.04269 1.25664230e+00
30.14669 1.25101774e+00
30.25104 1.24536785e+00
30.35576 1.23969363e+00
30.46084 1.23399566e+00
30.56628 1.22827514e+00
30.67209 1.22253246e+00
30.77826 1.21676860e+00
30.88481 1.21098436e+00
30.99172 1.20498802e+00
31.09900 1.19852589e+00
31.20665 1.19205426e+00
31.31467 1.18557413e+00
31.42307 1.17908648e+00
31.53184 1.17259190e+00
31.64099 1.16609178e+00
31.75052 1.15958692e+00
31.86043 1.15307789e+00
31.97072 1.14656590e+00
32.08139 1.14005154e+00
32.19244 1.13353579e+00
32.30388 1.12701964e+00
32.41570 1.12050390e+00
32.52791 1.11398914e+00
32.64051 1.10747635e+00
32.75349 1.10096634e+00
32.86687 1.09445989e+00
32.98064 1.08795760e+00
33.09481 1.08146045e+00
33.20937 1.07496924e+00
33.32433 1.06848455e+00
33.43968 1.06200699e+00
33.55544 1.05553754e+00
33.67159 1.04907680e+00
33.78815 1.04262555e+00
33.90511 1.03618420e+00
34.02247 1.02975354e+00
34.14024 1.02333454e+00
34.25842 1.01692723e+00
34.37701 1.01053277e+00
34.49601 1.00415157e+00
34.61542 9.97784021e-01
34.73525 9.91431116e-01
34.85549 9.85093051e-01
34.97614 9.78770617e-01
35.09721 9.72464409e-01
35.21871 9.66174821e-01
35.34062 9.59902250e-01
35.46295 9.53647486e-01
35.58571 9.47410927e-01
35.70889 9.41192967e-01
35.83250 9.34994200e-01
35.95654 9.28815022e-01
36.08101 9.22655828e-01
36.20590 9.16517213e-01
36.33123 9.10399373e-01
36.45700 9.04302903e-01
36.58320 8.98228199e-01
36.70983 8.92175655e-01
36.83691 8.86145471e-01
36.96442 8.80138239e-01
37.09238 8.74153959e-01
37.22077 8.68193424e-01
37.34962 8.62256830e-01
37.47890 8.56344179e-01
37.60864 8.50456260e-01
37.73883 8.44593075e-01
37.86946 8.38755019e-01
38.00055 8.32942092e-01
38.13209 8.27155086e-01
38.26409 8.21393802e-01
38.39654 8.15658637e-01
38.52946 8.09949986e-01
38.66283 8.04267849e-01
38.79667 7.98612423e-01
38.93096 7.92984304e-01
39.06573 7.87383094e-01
39.20096 7.81809388e-01
39.33665 7.76263383e-01
39.47282 7.70745080e-01
39.60946 7.65254676e-01
39.74657 7.59792369e-01
39.88416 7.54358356e-01
40.02222 7.48952639e-01
40.16076 7.43575414e-01
40.29978 7.38226683e-01
40.43928 7.32906839e-01
40.57926 7.27615885e-01
40.71973 7.22353621e-01
40.86069 7.17120641e-01
41.00213 7.11916550e-01
41.14406 7.06741743e-01
41.28648 7.01596220e-01
41.42940 6.96057141e-01
41.57281 6.90415171e-01
41.71672 6.84812972e-01
41.86113 6.79250742e-01
42.00603 6.73728085e-01
42.15144 6.68245200e-01
42.29735 6.62801690e-01
42.44377 6.57397951e-01
42.59069 6.52033390e-01
42.73812 6.46708205e-01
42.88606 6.41421999e-01
43.03451 6.36174971e-01
43.18348 6.30966922e-01
43.33297 6.25797655e-01
43.48297 6.20667171e-01
43.63349 6.15575072e-01
43.78453 6.10521359e-01
43.93609 6.05506033e-01
44.08818 6.00528697e-01
44.24079 5.95589351e-01
44.39394 5.90687798e-01
44.54761 5.85824038e-01
44.70182 5.80997674e-01
44.85655 5.76208509e-01
45.01183 5.71456543e-01
45.16764 5.66741381e-01
45.32399 5.62063219e-01
45.48089 5.57421663e-01
45.63832 5.52816316e-01
45.79630 5.48247377e-01
45.95483 5.43714450e-01
46.11391 5.39217336e-01
46.27353 5.34755838e-01
46.43371 5.30329957e-01
46.59445 5.25939295e-01
46.75574 5.21583657e-01
46.91759 5.17262842e-01
47.08000 5.12976654e-01
47.24297 5.08725093e-01
47.40650 5.04507763e-01
47.57060 5.00324466e-01
47.73527 4.96175004e-01
47.90051 4.92059180e-01
48.06633 4.87976795e-01
48.23271 4.83927651e-01
48.39967 4.79911551e-01
48.56721 4.75928100e-01
48.73533 4.71977296e-01
48.90403 4.68058942e-01
49.07332 4.64172643e-01
49.24319 4.60318201e-01
49.41365 4.56495614e-01
49.58470 4.52704687e-01
49.75634 4.48944825e-01
49.92858 4.45216027e-01
50.10141 4.41518295e-01
50.27484 4.37851034e-01
50.44887 4.34214245e-01
50.62350 4.30607729e-01
50.79874 4.27031289e-01
50.97458 4.23484529e-01
51.15104 4.19967251e-01
51.32810 4.16479455e-01
51.50578 4.13020746e-01
51.68407 4.09590925e-01
51.86298 4.06189993e-01
52.04250 4.02817356e-01
52.22265 3.99473211e-01
52.40343 3.96156966e-01
52.58482 3.92868620e-01
52.76685 3.89607975e-01
52.94951 3.86374636e-01
53.13280 3.83168602e-01
53.31672 3.79989676e-01
53.50128 3.76837462e-01
53.68648 3.73711763e-01
53.87232 3.70612577e-01
54.05880 3.67539708e-01
54.24593 3.64492561e-01
54.43371 3.61471335e-01
54.62214 3.58475634e-01
54.81122 3.55505457e-01
55.00095 3.52560212e-01
55.19134 3.49640095e-01
55.38239 3.46744713e-01
55.57410 3.43873865e-01
55.76647 3.41027355e-01
55.95951 3.38205183e-01
56.15322 3.35406755e-01
56.34760 3.32632268e-01
56.54265 3.29881328e-01
56.73838 3.27153736e-01
56.93479 3.24449294e-01
57.13187 3.21768003e-01
57.32964 3.19109467e-01
57.52809 3.16473685e-01
57.72723 3.13860262e-01
57.92705 3.11269000e-01
58.12757 3.08699899e-01
58.32879 3.06152564e-01
58.53070 3.03627191e-01
58.73331 3.01123189e-01
58.93662 2.98640556e-01
59.14063 2.96178897e-01
59.34535 2.93738409e-01
59.55078 2.91318698e-01
59.75692 2.88919762e-01
59.96377 2.86541207e-01
60.17134 2.84182834e-01
60.37963 2.81844644e-01
60.58864 2.79526240e-01
60.79837 2.77227821e-01
61.00883 2.74948990e-01
61.22002 2.72689551e-01
61.43194 2.70449305e-01
61.64459 2.68228251e-01
61.85797 2.66025995e-01
62.07210 2.63842734e-01
62.28697 2.61677875e-01
62.50258 2.59531615e-01
62.71894 2.57403559e-01
62.93605 2.55293707e-01
63.15390 2.53201861e-01
63.37252 2.51127822e-01
63.59189 2.49071394e-01
63.81201 2.47032576e-01
64.03290 2.45011170e-01
64.25456 2.43006781e-01
64.47698 2.41019606e-01
64.70017 2.39049250e-01
64.92414 2.37095712e-01
65.14888 2.35158993e-01
65.37440 2.33238499e-01
65.60070 2.31334428e-01
65.82778 2.29446582e-01
66.05565 2.27574764e-01
66.28430 2.25718774e-01
66.51375 2.23878614e-01
66.74400 2.22054086e-01
66.97504 2.20245189e-01
67.20688 2.18451527e-01
67.43952 2.16673102e-01
67.67297 2.14909912e-01
67.90722 2.13161562e-01
68.14229 2.11428052e-01
68.37817 2.09709185e-01
68.61486 2.08004959e-01
68.85238 2.06315178e-01
69.09072 2.04639643e-01
69.32988 2.02978354e-01
69.56987 2.01331114e-01
69.81069 1.99697923e-01
70.05235 1.98078582e-01
70.29484 1.96472755e-01
70.53817 1.94880601e-01
70.78235 1.93301922e-01
71.02737 1.91736559e-01
71.27323 1.90184434e-01
71.51995 1.88645427e-01
71.76752 1.87119420e-01
72.01595 1.85606274e-01
72.26524 1.84105891e-01
72.51539 1.82618171e-01
72.76641 1.81142996e-01
73.01830 1.79680266e-01
73.27106 1.78229844e-01
73.52469 1.76791631e-01
73.77920 1.75365546e-01
74.03460 1.73951453e-01
74.29087 1.72549251e-01
74.54804 1.71158822e-01
74.80609 1.69780107e-01
75.06504 1.68412967e-01
75.32488 1.67057303e-01
75.58563 1.65713037e-01
75.84727 1.64380029e-01
76.10982 1.63058220e-01
76.37328 1.61747492e-01
76.63766 1.60447745e-01
76.90295 1.59158881e-01
77.16915 1.57880821e-01
77.43628 1.56613465e-01
77.70433 1.55356695e-01
77.97331 1.54110452e-01
78.24322 1.52874636e-01
78.51407 1.51649129e-01
78.78585 1.50433871e-01
79.05857 1.49228745e-01
79.33224 1.48033689e-01
79.60686 1.46848607e-01
79.88242 1.45673417e-01
80.15894 1.44508002e-01
80.43642 1.43352303e-01
80.71486 1.42206239e-01
80.99426 1.41069693e-01
81.27463 1.39942625e-01
81.55596 1.38824935e-01
81.83828 1.37716526e-01
82.12157 1.36617317e-01
82.40584 1.35527270e-01
82.69109 1.34446245e-01
82.97733 1.33374203e-01
83.26457 1.32311046e-01
83.55279 1.31256713e-01
83.84202 1.30211126e-01
84.13225 1.29174186e-01
84.42348 1.28145854e-01
84.71572 1.27126009e-01
85.00897 1.26114614e-01
85.30323 1.25111588e-01
85.59852 1.24116853e-01
85.89482 1.23130329e-01
86.19215 1.22151958e-01
86.49052 1.21181659e-01
86.78991 1.20219354e-01
87.09034 1.19265004e-01
87.39181 1.18318529e-01
87.69432 1.17379829e-01
87.99789 1.16448886e-01
88.30250 1.15525581e-01
88.60816 1.14609894e-01
88.91489 1.13701745e-01
89.22267 1.12801036e-01
89.53153 1.11907747e-01
89.84145 1.11021799e-01
90.15244 1.10143133e-01
90.46451 1.09271669e-01
90.77766 1.08407348e-01
91.09190 1.07550110e-01
91.40722 1.06699917e-01
91.72363 1.05856688e-01
92.04114 1.05020345e-01
92.35975 1.04190868e-01
92.67946 1.03368178e-01
93.00028 1.02552216e-01
93.32221 1.01742901e-01
93.64525 1.00940236e-01
93.96941 1.00144099e-01
94.29469 9.93544727e-02
94.62110 9.85712967e-02
94.94864 9.77944919e-02
95.27731 9.70240387e-02
95.60712 9.62598579e-02
95.93807 9.55019098e-02
96.27017 9.47501154e-02
96.60342 9.40044549e-02
96.93782 9.32648689e-02
97.27338 9.25312782e-02
97.61010 9.18036631e-02
97.94798 9.10819642e-02
98.28704 9.03661222e-02
98.62727 8.96560777e-02
98.96867 8.89518108e-02
99.31126 8.82532623e-02
99.65504 8.75603729e-02
100.00000 8.68730830e-02
