        2000  4.000000 3.700000
0.10000 6.22578971e-03
0.10035 8.09351813e-03
0.10069 1.87002262e-02
0.10104 8.91156347e-03
0.10139 2.98380235e-02
0.10174 5.07563632e-02
0.10210 4.32265968e-02
0.10245 1.59800454e-02
0.10280 1.63565042e-02
0.10316 1.21044839e-02
0.10352 2.72312107e-02
0.10387 1.71818133e-02
0.10423 4.90709195e-02
0.10459 2.73489200e-02
0.10496 6.78284789e-03
0.10532 4.97976389e-03
0.10568 1.99912875e-04
0.10605 1.07580016e-02
0.10642 2.22733093e-02
0.10679 4.40733344e-02
0.10716 2.42690597e-02
0.10753 2.00453765e-02
0.10790 1.06803963e-02
0.10827 1.67083041e-02
0.10865 2.84937888e-03
0.10902 2.56510048e-03
0.10940 3.37113611e-03
0.10978 1.70262772e-02
0.11016 1.05055037e-02
0.11054 1.10587494e-02
0.11092 2.54371152e-03
0.11131 1.03562980e-02
0.11169 2.25546869e-02
0.11208 1.99630688e-02
0.11247 3.83391632e-02
0.11286 3.16338555e-02
0.11325 9.07009317e-04
0.11364 1.47986404e-02
0.11403 2.00223675e-02
0.11443 1.14444434e-02
0.11482 1.01118573e-02
0.11522 1.16380431e-02
0.11562 7.72164939e-03
0.11602 1.91274174e-02
0.11642 2.99842277e-02
0.11682 3.13920432e-02
0.11723 1.81341479e-02
0.11763 1.82327909e-02
0.11804 3.79171067e-02
0.11845 6.39199173e-03
0.11886 6.26008821e-03
0.11927 6.10426000e-03
0.11968 5.92320864e-03
0.12010 5.71556267e-03
0.12051 5.14603104e-03
0.12093 4.78677189e-03
0.12135 4.94396763e-03
0.12177 4.65208005e-03
0.12219 4.81606997e-03
0.12262 4.91402427e-03
0.12304 4.81403349e-03
0.12347 1.33728242e-02
0.12389 1.97288618e-02
0.12432 1.98171408e-02
0.12475 5.36877893e-03
0.12518 4.96304187e-03
0.12562 4.99336016e-03
0.12605 5.02385211e-03
0.12649 5.05451968e-03
0.12693 5.08536091e-03
0.12737 4.94441360e-03
0.12781 5.14757419e-03
0.12825 1.83904938e-03
0.12869 1.61729486e-03
0.12914 1.37521817e-03
0.12959 1.42326134e-03
0.13003 1.51697869e-03
0.13048 5.16167365e-03
0.13094 1.97058823e-04
0.13139 2.05186016e-04
0.13184 7.70549371e-04
0.13230 1.79661778e-03
0.13276 1.74414034e-03
0.13322 1.68418415e-03
0.13368 1.64233844e-03
0.13414 1.63674937e-03
0.13461 1.66968114e-03
0.13507 1.72650150e-03
0.13554 2.51343072e-04
0.13601 1.95934773e-04
0.13648 1.38730484e-03
0.13695 2.25446427e-03
0.13743 2.26089733e-03
0.13790 2.26320021e-03
0.13838 3.40096107e-03
0.13886 6.51566053e-04
0.13934 9.01573573e-04
0.13982 2.25388016e-03
0.14031 2.24328336e-03
0.14079 1.66567823e-03
0.14128 1.96553788e-04
0.14177 1.94063461e-04
0.14226 4.98268640e-04
0.14275 2.18981589e-03
0.14324 3.22589285e-04
0.14374 2.02689157e-04
0.14424 2.02057888e-04
0.14474 2.00530923e-04
0.14524 5.46786789e-04
0.14574 2.14812528e-03
0.14625 1.91654119e-04
0.14675 1.89695547e-04
0.14726 1.90299762e-04
0.14777 1.92497522e-04
0.14828 1.94903943e-04
0.14879 1.96760337e-04
0.14931 1.98006635e-04
0.14983 1.23024882e-03
0.15034 1.94965767e-03
0.15087 1.90936023e-03
0.15139 1.15631847e-03
0.15191 1.91015569e-04
0.15244 1.88546652e-04
0.15297 1.89861169e-04
0.15349 1.93187991e-04
0.15403 1.96771328e-04
0.15456 1.98954229e-04
0.15509 1.99191621e-04
0.15563 2.78179024e-04
0.15617 2.34626176e-04
0.15671 1.97161713e-04
0.15725 2.00071136e-04
0.15780 1.98965872e-04
0.15834 1.90161451e-04
0.15889 1.88804172e-04
0.15944 1.89131982e-04
0.15999 1.09146211e-03
0.16055 1.78688767e-03
0.16110 1.80696140e-03
0.16166 1.81261007e-03
0.16222 9.65590480e-04
0.16278 9.69770789e-04
0.16335 4.48672656e-03
0.16391 6.13109339e-03
0.16448 5.53283003e-03
0.16505 5.82581280e-03
0.16562 5.86316208e-03
0.16619 5.90076789e-03
0.16677 5.93863221e-03
0.16734 5.97675504e-03
0.16792 5.51541931e-03
0.16851 5.73984651e-03
0.16909 5.77452981e-03
0.16967 5.80934928e-03
0.17026 5.84429701e-03
0.17085 5.87936709e-03
0.17144 6.48825883e-03
0.17204 6.68367211e-03
0.17263 6.72482400e-03
0.17323 6.76619493e-03
0.17383 6.80777701e-03
0.17443 6.84957024e-03
0.17503 6.89156869e-03
0.17564 6.93376448e-03
0.17625 6.77872165e-03
0.17686 6.62382880e-03
0.17747 6.66663829e-03
0.17808 6.70971813e-03
0.17870 4.46811211e-03
0.17932 2.05537467e-04
0.17994 2.34287355e-04
0.18056 2.89597125e-04
0.18119 5.17955008e-03
0.18182 6.51401872e-03
0.18244 6.54743317e-03
0.18308 6.58022603e-03
0.18371 6.63792432e-03
0.18435 7.53623696e-03
0.18498 7.57867349e-03
0.18562 7.62063840e-03
0.18627 7.66198763e-03
0.18691 6.81268272e-03
0.18756 6.77904331e-03
0.18821 6.80026651e-03
0.18886 6.81871915e-03
0.18951 7.41880587e-03
0.19017 7.88269707e-03
0.19083 7.91250821e-03
0.19149 7.93900416e-03
0.19215 7.96160277e-03
0.19282 7.97969627e-03
0.19348 7.99270251e-03
0.19415 8.00013408e-03
0.19483 8.00167723e-03
0.19550 7.99726091e-03
0.19618 7.96881333e-03
0.19686 7.86271707e-03
0.19754 7.77944832e-03
0.19822 7.71195440e-03
0.19891 7.65643664e-03
0.19960 7.61126112e-03
0.20029 7.57800651e-03
0.20098 7.12149360e-03
0.20168 2.04545275e-04
0.20237 2.05632187e-04
0.20307 2.06039285e-04
0.20378 2.05479451e-04
0.20448 2.04106208e-04
0.20519 2.02478997e-04
0.20590 2.01224944e-04
0.20661 2.00801072e-04
0.20733 2.01325189e-04
0.20805 2.02493205e-04
0.20877 2.03691413e-04
0.20949 2.04376949e-04
0.21021 2.04187115e-04
0.21094 2.03115397e-04
0.21167 2.01537323e-04
0.21240 2.02097749e-04
0.21314 2.00495600e-04
0.21388 1.98894437e-04
0.21462 1.99291275e-04
0.21536 1.98649744e-04
0.21611 1.98805045e-04
0.21685 1.99754811e-04
0.21760 1.99603259e-04
0.21836 2.00832251e-04
0.21911 2.01490160e-04
0.21987 2.01399584e-04
0.22063 2.00389829e-04
0.22140 1.99443616e-04
0.22216 1.98175157e-04
0.22293 1.97449760e-04
0.22370 1.98378016e-04
0.22448 1.99521365e-04
0.22526 2.03070997e-04
0.22604 2.04246117e-04
0.22682 2.05395189e-04
0.22760 2.04461605e-04
0.22839 2.02748555e-04
0.22918 2.02178853e-04
0.22998 2.02958517e-04
0.23077 2.01979941e-04
0.23157 2.01495883e-04
0.23237 2.01656709e-04
0.23318 2.02411904e-04
0.23398 2.03549333e-04
0.23479 2.07366944e-04
0.23561 2.08154304e-04
0.23642 2.08512069e-04
0.23724 3.18956576e-04
0.23806 2.78122192e-04
0.23889 1.48791030e-03
0.23971 2.55338480e-03
0.24054 2.77636752e-04
0.24137 2.66028224e-04
0.24221 3.68826656e-04
0.24305 2.10708587e-04
0.24389 2.13639579e-04
0.24473 3.52763131e-04
0.24558 2.12986997e-04
0.24643 1.33817870e-03
0.24728 1.44469312e-03
0.24814 2.17651957e-04
0.24900 2.17989397e-04
0.24986 4.70750704e-03
0.25073 2.16786651e-04
0.25159 7.74614437e-03
0.25246 3.72962763e-03
0.25334 2.53885712e-04
0.25422 2.18720912e-04
0.25510 2.25083925e-04
0.25598 2.23170384e-04
0.25687 5.04375317e-04
0.25775 4.12050747e-03
0.25865 9.81492784e-04
0.25954 2.24715701e-04
0.26044 2.24240325e-04
0.26134 2.24095877e-04
0.26225 2.26795595e-04
0.26315 2.75217840e-04
0.26406 2.34067131e-04
0.26498 3.72108901e-04
0.26590 5.99241739e-03
0.26682 5.41398405e-03
0.26774 4.56632688e-03
0.26867 2.29682976e-04
0.26960 2.30102112e-04
0.27053 2.30641621e-04
0.27147 4.85558400e-04
0.27241 2.31346693e-04
0.27335 4.68509392e-04
0.27430 2.41164619e-04
0.27525 3.08995584e-04
0.27620 2.40888549e-04
0.27715 4.30785771e-04
0.27811 2.40013968e-04
0.27908 2.40075733e-04
0.28004 2.38995925e-04
0.28101 2.38610928e-04
0.28198 2.38395243e-04
0.28296 4.18640496e-04
0.28394 2.38580144e-04
0.28492 2.49942992e-04
0.28591 2.50334501e-04
0.28690 2.50779291e-04
0.28789 2.51669264e-04
0.28889 2.51835616e-04
0.28989 1.35346868e-03
0.29089 9.12807365e-04
0.29190 2.52041632e-04
0.29291 2.52590021e-04
0.29392 2.51659595e-04
0.29494 2.51305973e-04
0.29596 2.50897691e-04
0.29699 2.62674939e-04
0.29801 2.62382293e-04
0.29905 1.06491900e-03
0.30008 2.61677813e-04
0.30112 1.39408620e-03
0.30216 2.65672629e-04
0.30321 2.62106224e-04
0.30426 2.69132672e-04
0.30531 3.48711285e-04
0.30637 1.25741353e-03
0.30743 1.24395914e-03
0.30849 2.63676208e-04
0.30956 9.02943856e-04
0.31063 2.79361840e-04
0.31171 2.76984763e-04
0.31279 1.47062410e-03
0.31387 2.07162507e-03
0.31496 2.28054384e-03
0.31605 9.56134069e-04
0.31714 2.76781312e-04
0.31824 2.76610619e-04
0.31934 2.76411707e-04
0.32044 2.76506229e-04
0.32155 2.75991189e-04
0.32267 2.75794053e-04
0.32378 2.75632043e-04
0.32490 2.89031765e-04
0.32603 2.89583707e-04
0.32716 2.88840549e-04
0.32829 4.19250256e-04
0.32943 1.83923428e-03
0.33057 1.94134126e-03
0.33171 1.73544504e-03
0.33286 1.38127946e-03
0.33401 1.11635946e-03
0.33517 1.01445613e-03
0.33633 9.75921275e-04
0.33749 7.93841413e-04
0.33866 4.41871760e-04
0.33983 3.03253381e-04
0.34101 3.03338629e-04
0.34219 3.03119787e-04
0.34337 3.03546619e-04
0.34456 3.02768139e-04
0.34576 3.02833851e-04
0.34695 3.02947317e-04
0.34815 3.02993691e-04
0.34936 3.02995072e-04
0.35057 3.03048352e-04
0.35178 3.03081504e-04
0.35300 3.13562864e-04
0.35422 3.13591477e-04
0.35545 3.13611605e-04
0.35668 3.13611605e-04
0.35791 3.13656400e-04
0.35915 3.13640021e-04
0.36039 3.13694288e-04
0.36164 3.13702181e-04
0.36289 3.13723296e-04
0.36415 3.21177760e-04
0.36541 3.21212885e-04
0.36668 3.21263600e-04
0.36795 3.21223147e-04
0.36922 3.21246432e-04
0.37050 3.24712000e-04
0.37178 3.24739035e-04
0.37307 3.24800405e-04
0.37436 3.24818165e-04
0.37565 3.24843227e-04
0.37695 3.24872629e-04
0.37826 3.24867301e-04
0.37957 3.24904992e-04
0.38088 3.24905189e-04
0.38220 3.24921173e-04
0.38352 3.24934395e-04
0.38485 3.25078843e-04
0.38618 3.25074107e-04
0.38752 3.24998528e-04
0.38886 3.25033456e-04
0.39021 3.25048651e-04
0.39156 3.25085157e-04
0.39291 3.76609877e-02
0.39427 3.67350603e-02
0.39564 3.77160832e-02
0.39701 3.33285344e-02
0.39838 3.39864635e-02
0.39976 3.56653163e-02
0.40115 3.52136795e-02
0.40253 3.36976661e-02
0.40393 3.52127915e-02
0.40533 3.39937648e-02
0.40673 3.63108133e-02
0.40814 3.19921931e-02
0.40955 3.14520720e-02
0.41097 3.18448640e-02
0.41239 3.20233125e-02
0.41382 3.28279787e-02
0.41525 3.16999819e-02
0.41669 3.16020059e-02
0.41813 3.43786043e-02
0.41958 3.04027915e-02
0.42103 3.05177776e-02
0.42249 2.89381243e-02
0.42395 3.03374939e-02
0.42542 3.01237227e-02
0.42689 2.90823552e-02
0.42837 3.01971307e-02
0.42985 2.97642011e-02
0.43134 2.94495925e-02
0.43283 3.04069947e-02
0.43433 2.81944144e-02
0.43583 2.95098187e-02
0.43734 2.76616736e-02
0.43886 2.95835424e-02
0.44037 2.82496283e-02
0.44190 2.66307451e-02
0.44343 2.77154075e-02
0.44496 2.71403781e-02
0.44650 2.62712827e-02
0.44805 2.77507301e-02
0.44960 2.68665387e-02
0.45116 2.65343280e-02
0.45272 2.55130096e-02
0.45429 2.55174496e-02
0.45586 2.51769312e-02
0.45744 2.80300555e-02
0.45902 2.35082411e-02
0.46061 2.82845563e-02
0.46220 2.38302101e-02
0.46380 2.63160576e-02
0.46541 2.47986432e-02
0.46702 2.28836613e-02
0.46864 2.61589013e-02
0.47026 2.20662672e-02
0.47189 2.62252448e-02
0.47352 2.16256613e-02
0.47516 2.29878139e-02
0.47680 2.22760128e-02
0.47845 2.18160880e-02
0.48011 2.54081861e-02
0.48177 2.15213115e-02
0.48344 2.40526443e-02
0.48511 2.31395040e-02
0.48679 2.16520448e-02
0.48848 2.26110256e-02
0.49017 2.34421147e-02
0.49186 2.16603525e-02
0.49357 2.18613365e-02
0.49528 2.33251749e-02
0.49699 2.32940160e-02
0.49871 2.04204085e-02
0.50044 2.03429157e-02
0.50217 2.10170064e-02
0.50391 2.02762960e-02
0.50565 2.23164464e-02
0.50740 2.03527824e-02
0.50916 1.91522774e-02
0.51092 2.01173440e-02
0.51269 2.06127493e-02
0.51446 1.97285263e-02
0.51625 2.00738320e-02
0.51803 1.92580284e-02
0.51983 1.87374177e-02
0.52163 2.11621253e-02
0.52343 1.82101588e-02
0.52524 1.91963775e-02
0.52706 1.81225250e-02
0.52889 1.72367707e-02
0.53072 1.89086517e-02
0.53255 1.88508981e-02
0.53440 1.86266762e-02
0.53625 1.79991088e-02
0.53810 1.78888942e-02
0.53997 1.86565505e-02
0.54183 1.81661475e-02
0.54371 2.17799563e-02
0.54559 1.65092974e-02
0.54748 1.94923479e-02
0.54938 1.98633563e-02
0.55128 1.93232766e-02
0.55319 1.64289926e-02
0.55510 1.85056575e-02
0.55702 1.57997025e-02
0.55895 1.59617961e-02
0.56089 1.56122556e-02
0.56283 1.77419499e-02
0.56478 1.49509817e-02
0.56673 1.60920104e-02
0.56869 1.77268223e-02
0.57066 1.49573220e-02
0.57264 1.68286636e-02
0.57462 1.46755873e-02
0.57661 1.62785772e-02
0.57860 1.67028656e-02
0.58061 1.59877651e-02
0.58262 1.50201273e-02
0.58463 1.61547881e-02
0.58666 1.56499265e-02
0.58869 1.64514037e-02
0.59073 1.59352291e-02
0.59277 1.86420682e-02
0.59482 1.59321724e-02
0.59688 1.47660093e-02
0.59895 1.56909008e-02
0.60102 1.63938771e-02
0.60310 1.59890221e-02
0.60519 1.55966524e-02
0.60728 1.52475658e-02
0.60939 1.64087620e-02
0.61150 1.45360726e-02
0.61361 1.47142389e-02
0.61574 1.42379552e-02
0.61787 1.63643935e-02
0.62001 1.54506534e-02
0.62215 1.24220682e-02
0.62431 1.34542695e-02
0.62647 1.54222828e-02
0.62864 1.30607691e-02
0.63081 1.29918406e-02
0.63300 1.26881209e-02
0.63519 1.40939847e-02
0.63739 1.45761944e-02
0.63959 1.40238308e-02
0.64181 1.47020714e-02
0.64403 1.29551070e-02
0.64626 1.35778022e-02
0.64849 1.45390207e-02
0.65074 1.43187119e-02
0.65299 1.29128757e-02
0.65525 1.29365537e-02
0.65752 1.25387968e-02
0.65980 1.21540185e-02
0.66208 1.35337081e-02
0.66437 1.29821298e-02
0.66667 1.33875669e-02
0.66898 1.25532673e-02
0.67130 1.28300943e-02
0.67362 1.64049455e-02
0.67595 1.25057257e-02
0.67829 1.17896563e-02
0.68064 1.23189793e-02
0.68299 1.27856490e-02
0.68536 1.32798762e-02
0.68773 1.10626369e-02
0.69011 1.12872358e-02
0.69250 1.17952803e-02
0.69490 1.16108407e-02
0.69730 1.31272645e-02
0.69972 1.13683812e-02
0.70214 1.22158569e-02
0.70457 1.18380188e-02
0.70701 1.22223708e-02
0.70946 1.18627012e-02
0.71191 1.16021462e-02
0.71438 1.18961492e-02
0.71685 1.08536530e-02
0.71933 1.08819763e-02
0.72182 1.17416313e-02
0.72432 1.13088813e-02
0.72683 1.05945465e-02
0.72934 1.01542326e-02
0.73187 1.20834324e-02
0.73440 1.04773877e-02
0.73694 1.03836287e-02
0.73949 1.13986916e-02
0.74205 1.21188261e-02
0.74462 9.80791659e-03
0.74720 1.03384749e-02
0.74979 1.06138496e-02
0.75238 1.07708579e-02
0.75499 1.04561033e-02
0.75760 1.03243320e-02
0.76022 1.10252324e-02
0.76285 1.14659349e-02
0.76549 9.88732155e-03
0.76814 1.03253463e-02
0.77080 1.34968521e-02
0.77347 1.00741094e-02
0.77615 1.04517896e-02
0.77884 1.07220376e-02
0.78153 9.52651728e-03
0.78424 1.05647570e-02
0.78695 9.98490485e-03
0.78968 9.62389536e-03
0.79241 1.36138096e-02
0.79515 1.09825018e-02
0.79790 9.45046107e-03
0.80067 9.82635147e-03
0.80344 9.41544427e-03
0.80622 1.21006556e-02
0.80901 1.14663474e-02
0.81181 9.77035221e-03
0.81462 1.18665216e-02
0.81744 1.00640533e-02
0.82027 1.21200199e-02
0.82311 9.80805867e-03
0.82596 1.15266090e-02
0.82882 1.17007004e-02
0.83169 9.35940357e-03
0.83457 9.97913877e-03
0.83745 1.10117940e-02
0.84035 1.05769858e-02
0.84326 1.11212627e-02
0.84618 1.47503371e-02
0.84911 1.38471227e-02
0.85205 8.92894853e-03
0.85500 9.26687792e-03
0.85796 1.05307308e-02
0.86093 1.01199775e-02
0.86391 1.15165628e-02
0.86690 8.69268133e-03
0.86990 9.42081173e-03
0.87291 1.18235463e-02
0.87593 8.94049845e-03
0.87897 1.11704677e-02
0.88201 1.09109073e-02
0.88506 8.43102128e-03
0.88813 9.64428384e-03
0.89120 1.05641867e-02
0.89428 9.60183349e-03
0.89738 1.06357023e-02
0.90049 1.21978324e-02
0.90360 1.10625718e-02
0.90673 9.07222832e-03
0.90987 8.70666635e-03
0.91302 1.08573491e-02
0.91618 1.05743533e-02
0.91935 1.01043172e-02
0.92253 1.01133432e-02
0.92573 8.47227973e-03
0.92893 8.46237163e-03
0.93215 9.53102437e-03
0.93537 9.39160640e-03
0.93861 9.35732171e-03
0.94186 9.06486976e-03
0.94512 1.14382609e-02
0.94839 9.36207152e-03
0.95168 1.08822190e-02
0.95497 1.19255835e-02
0.95828 8.42363115e-03
0.96159 9.76200699e-03
0.96492 9.67233675e-03
0.96826 9.97413440e-03
0.97161 8.70587701e-03
0.97498 1.01207471e-02
0.97835 9.72151813e-03
0.98174 8.71478859e-03
0.98514 1.09253245e-02
0.98855 8.45598395e-03
0.99197 8.90499029e-03
0.99540 1.16535417e-02
0.99885 8.50231189e-03
1.00231 8.67338411e-03
1.00578 9.74492779e-03
1.00926 9.06247611e-03
1.01275 8.26485872e-03
1.01626 7.79300709e-03
1.01978 8.06435227e-03
1.02330 8.33519621e-03
1.02685 1.02370633e-02
1.03040 8.90328336e-03
1.03397 8.75050395e-03
1.03755 8.85752768e-03
1.04114 1.10392095e-02
1.04474 8.70940336e-03
1.04836 8.90431147e-03
1.05199 9.38816491e-03
1.05563 1.05700258e-02
1.05928 9.76405333e-03
1.06295 1.37556054e-02
1.06663 9.14602507e-03
1.07032 1.08263835e-02
1.07403 1.22282415e-02
1.07775 1.17112972e-02
1.08148 9.17349781e-03
1.08522 9.81609605e-03
1.08898 1.00224554e-02
1.09275 1.04406403e-02
1.09653 8.57552651e-03
1.10032 1.03720137e-02
1.10413 8.32660235e-03
1.10796 8.22882565e-03
1.11179 9.17336165e-03
1.11564 1.21387153e-02
1.11950 1.26069399e-02
1.12338 9.08928581e-03
1.12726 8.90010432e-03
1.13117 1.24490338e-02
1.13508 8.81742560e-03
1.13901 9.62841627e-03
1.14295 1.38216134e-02
1.14691 1.12434751e-02
1.15088 8.76297936e-03
1.15487 1.08618187e-02
1.15886 8.30238363e-03
1.16287 8.50659403e-03
1.16690 1.53002992e-02
1.17094 1.24457581e-02
1.17499 9.30643931e-03
1.17906 8.50109237e-03
1.18314 1.09546462e-02
1.18724 1.11851079e-02
1.19135 9.00075813e-03
1.19547 1.02011250e-02
1.19961 1.12469009e-02
1.20376 1.13376762e-02
1.20793 8.80969408e-03
1.21211 1.01346039e-02
1.21630 9.32036709e-03
1.22052 1.07646517e-02
1.22474 1.05849837e-02
1.22898 1.26925747e-02
1.23323 1.34661273e-02
1.23750 1.18650041e-02
1.24179 1.05452546e-02
1.24609 1.21790246e-02
1.25040 1.19173211e-02
1.25473 1.09668335e-02
1.25907 1.08282404e-02
1.26343 1.14399442e-02
1.26780 1.17007478e-02
1.27219 1.41336389e-02
1.27659 9.37658539e-03
1.28101 1.15585395e-02
1.28545 1.03074817e-02
1.28990 1.10942990e-02
1.29436 1.18034282e-02
1.29884 9.87591963e-03
1.30334 9.65636261e-03
1.30785 1.19666801e-02
1.31238 1.29511801e-02
1.31692 9.25739803e-03
1.32148 1.02186620e-02
1.32605 1.25371392e-02
1.33064 1.16811881e-02
1.33525 1.06516646e-02
1.33987 9.71093317e-03
1.34451 1.14555493e-02
1.34916 1.06687458e-02
1.35383 1.30144175e-02
1.35852 1.08666711e-02
1.36322 1.44622265e-02
1.36794 1.06608070e-02
1.37268 1.01519791e-02
1.37743 1.29310599e-02
1.38220 1.21507250e-02
1.38698 1.31820995e-02
1.39178 1.04073482e-02
1.39660 1.09762700e-02
1.40144 1.36889916e-02
1.40629 1.08987555e-02
1.41115 1.35044948e-02
1.41604 1.15988153e-02
1.42094 1.07102134e-02
1.42586 1.13657093e-02
1.43080 1.36234257e-02
1.43575 1.11352970e-02
1.44072 1.15149959e-02
1.44571 1.27489390e-02
1.45071 1.18286336e-02
1.45573 1.22980166e-02
1.46077 1.44510870e-02
1.46583 1.15403513e-02
1.47090 1.08718985e-02
1.47599 1.10872779e-02
1.48110 1.38308763e-02
1.48623 1.51840935e-02
1.49137 1.11453117e-02
1.49654 1.27149819e-02
1.50172 1.14717780e-02
1.50692 1.25843492e-02
1.51213 1.35954142e-02
1.51737 1.38094360e-02
1.52262 1.13616107e-02
1.52789 1.30475182e-02
1.53318 1.40483179e-02
1.53849 1.22366045e-02
1.54381 1.30743989e-02
1.54916 1.22762586e-02
1.55452 1.53548165e-02
1.55990 1.25457015e-02
1.56530 1.25604364e-02
1.57072 1.38087690e-02
1.57615 1.36688932e-02
1.58161 1.37706265e-02
1.58709 1.48838568e-02
1.59258 1.42858894e-02
1.59809 1.35613584e-02
1.60362 1.29844248e-02
1.60918 1.55648758e-02
1.61475 1.39880799e-02
1.62034 1.33527692e-02
1.62594 1.25580111e-02
1.63157 1.47123524e-02
1.63722 1.38495065e-02
1.64289 1.90384062e-02
1.64857 1.37693063e-02
1.65428 1.60279225e-02
1.66001 1.49920113e-02
1.66575 1.35694431e-02
1.67152 1.64576059e-02
1.67731 1.73034022e-02
1.68311 1.34184022e-02
1.68894 1.74618412e-02
1.69478 1.39559303e-02
1.70065 1.40945886e-02
1.70654 1.73114949e-02
1.71245 1.43421729e-02
1.71837 1.57721193e-02
1.72432 1.53674063e-02
1.73029 1.41192454e-02
1.73628 1.69031096e-02
1.74229 1.55083023e-02
1.74832 1.86388970e-02
1.75437 1.47110204e-02
1.76045 1.79545509e-02
1.76654 1.55946475e-02
1.77266 1.85133457e-02
1.77879 1.55297347e-02
1.78495 1.59735413e-02
1.79113 1.64952413e-02
1.79733 1.65883689e-02
1.80355 2.38469440e-02
1.80979 1.50134989e-02
1.81606 1.70167322e-02
1.82234 1.90729001e-02
1.82865 2.01129829e-02
1.83498 2.27627355e-02
1.84133 1.61881098e-02
1.84771 1.82778263e-02
1.85410 2.15429392e-02
1.86052 1.72981788e-02
1.86696 1.59804105e-02
1.87342 1.82270545e-02
1.87991 2.09310283e-02
1.88642 1.72352611e-02
1.89295 1.76916497e-02
1.89950 2.17061931e-02
1.90607 2.19818480e-02
1.91267 1.89540087e-02
1.91929 1.73469794e-02
1.92594 3.23206741e-02
1.93260 1.86749143e-02
1.93929 2.02103077e-02
1.94601 1.96661986e-02
1.95274 2.71913099e-02
1.95950 1.70467584e-02
1.96629 1.82445362e-02
1.97309 2.63999045e-02
1.97992 2.22545035e-02
1.98678 2.31531397e-02
1.99365 2.25620672e-02
2.00055 2.09875051e-02
2.00748 2.67348581e-02
2.01443 2.55381301e-02
2.02140 3.22956128e-02
2.02840 2.07968021e-02
2.03542 2.77881051e-02
2.04247 2.41190667e-02
2.04954 3.12939685e-02
2.05663 1.97646501e-02
2.06375 2.64518821e-02
2.07090 2.21934485e-02
2.07806 2.28197648e-02
2.08526 2.92060832e-02
2.09247 2.55011301e-02
2.09972 2.08889568e-02
2.10699 2.07167835e-02
2.11428 2.89290864e-02
2.12160 2.97711867e-02
2.12894 3.96433984e-02
2.13631 2.55113915e-02
2.14371 2.66755595e-02
2.15113 2.99157333e-02
2.15857 2.73824272e-02
2.16605 2.83044869e-02
2.17354 3.44582085e-02
2.18107 2.76012304e-02
2.18862 2.99540752e-02
2.19619 3.03412827e-02
2.20380 3.02808592e-02
2.21143 2.57075605e-02
2.21908 4.16563760e-02
2.22676 3.30832491e-02
2.23447 2.95945141e-02
2.24220 2.73802368e-02
2.24997 3.40831765e-02
2.25775 3.23120704e-02
2.26557 2.84260443e-02
2.27341 2.69297643e-02
2.28128 3.59270789e-02
2.28918 3.12987045e-02
2.29710 3.48626235e-02
2.30505 3.69492459e-02
2.31303 3.60941808e-02
2.32104 2.87009099e-02
2.32908 4.59025355e-02
2.33714 4.28939520e-02
2.34523 2.89190224e-02
2.35335 3.31282805e-02
2.36149 3.00917152e-02
2.36967 3.57885115e-02
2.37787 3.90204960e-02
2.38610 3.98948800e-02
2.39436 3.09648955e-02
2.40265 4.08580048e-02
2.41097 3.45570331e-02
2.41931 3.29312432e-02
2.42769 3.68276096e-02
2.43609 3.90213643e-02
2.44452 4.35562421e-02
2.45298 4.34322971e-02
2.46148 3.64157749e-02
2.47000 4.39522704e-02
2.47855 4.22513755e-02
2.48713 4.05845403e-02
2.49574 3.22307099e-02
2.50438 3.54881701e-02
2.51304 5.09582747e-02
2.52174 3.98608795e-02
2.53047 5.66510651e-02
2.53923 4.37224955e-02
2.54802 3.87047232e-02
2.55684 4.38083749e-02
2.56569 3.49202843e-02
2.57457 3.86290853e-02
2.58349 5.17598427e-02
2.59243 5.96390075e-02
2.60140 4.14443019e-02
2.61041 4.62033701e-02
2.61944 3.67108080e-02
2.62851 4.57490693e-02
2.63761 4.74796629e-02
2.64674 4.75044480e-02
2.65590 4.45795536e-02
2.66510 5.05708107e-02
2.67432 4.61826501e-02
2.68358 4.71751381e-02
2.69287 5.36599259e-02
2.70219 5.15556816e-02
2.71154 4.74586075e-02
2.72093 4.16445557e-02
2.73035 3.99097589e-02
2.73980 4.66779765e-02
2.74928 6.10500000e-02
2.75880 6.45827797e-02
2.76835 5.80632219e-02
2.77793 4.56493371e-02
2.78755 4.13331835e-02
2.79720 4.21331136e-02
2.80688 4.64516747e-02
2.81660 5.45365003e-02
2.82635 6.49062485e-02
2.83613 7.04139403e-02
2.84595 5.55633045e-02
2.85580 4.87642832e-02
2.86569 4.80385109e-02
2.87561 5.31785904e-02
2.88556 5.39894331e-02
2.89555 5.23039893e-02
2.90557 6.07275771e-02
2.91563 7.24486640e-02
2.92572 6.06944843e-02
2.93585 5.21216731e-02
2.94601 5.37767077e-02
2.95621 5.73935515e-02
2.96644 5.65871488e-02
2.97671 5.66940837e-02
2.98702 5.97107776e-02
2.99736 6.60675947e-02
3.00773 6.47276816e-02
3.01814 6.04323269e-02
3.02859 6.49253307e-02
3.03907 6.14624069e-02
3.04960 5.64051088e-02
3.06015 5.81080165e-02
3.07074 6.27527301e-02
3.08137 6.84438629e-02
3.09204 7.28416731e-02
3.10274 6.83781115e-02
3.11348 6.69043867e-02
3.12426 6.60622667e-02
3.13508 6.18066747e-02
3.14593 6.17242288e-02
3.15682 6.56583451e-02
3.16775 7.13796896e-02
3.17871 7.34903275e-02
3.18972 6.95935467e-02
3.20076 6.99469509e-02
3.21184 7.09143579e-02
3.22295 6.71799824e-02
3.23411 6.58716032e-02
3.24531 6.84568869e-02
3.25654 7.35387136e-02
3.26781 7.51995104e-02
3.27912 7.40978576e-02
3.29047 7.32035429e-02
3.30187 7.24306869e-02
3.31330 7.04781920e-02
3.32476 7.16783339e-02
3.33627 7.69402272e-02
3.34782 8.26077589e-02
3.35941 8.10386037e-02
3.37104 7.77045979e-02
3.38271 7.66867920e-02
3.39442 7.69281504e-02
3.40617 7.73979813e-02
3.41796 7.92519477e-02
3.42979 8.32006864e-02
3.44166 8.44595152e-02
3.45358 8.14270741e-02
3.46553 7.87276923e-02
3.47753 7.84119984e-02
3.48957 7.99350763e-02
3.50164 8.26119227e-02
3.51377 8.55159589e-02
3.52593 8.69232613e-02
3.53814 8.60310187e-02
3.55038 8.45681077e-02
3.56267 8.40506011e-02
3.57500 8.43319195e-02
3.58738 8.49101061e-02
3.59980 8.66123824e-02
3.61226 8.90924283e-02
3.62476 9.04520155e-02
3.63731 9.07010699e-02
3.64990 9.05301003e-02
3.66254 9.01826357e-02
3.67521 9.01877467e-02
3.68794 9.14441483e-02
3.70070 9.41362091e-02
3.71351 9.67796469e-02
3.72637 9.81697221e-02
3.73927 9.80838821e-02
3.75221 9.66264965e-02
3.76520 9.54039573e-02
3.77823 9.55182528e-02
3.79131 9.71491931e-02
3.80443 9.93303579e-02
3.81760 1.01059886e-01
3.83082 1.01388762e-01
3.84408 1.00777147e-01
3.85739 9.99087221e-02
3.87074 9.92339605e-02
3.88414 9.99285344e-02
3.89758 1.01793808e-01
3.91107 1.03857204e-01
3.92461 1.05214700e-01
3.93820 1.05227980e-01
3.95183 1.04449796e-01
3.96551 1.04290529e-01
3.97924 1.05221745e-01
3.99301 1.06702001e-01
4.00683 1.08571833e-01
4.02070 1.10079420e-01
4.03462 1.10864748e-01
4.04859 1.11373236e-01
4.06260 1.12172614e-01
4.07667 1.13098443e-01
4.09078 1.14551724e-01
4.10494 1.16148091e-01
4.11915 1.17160431e-01
4.13341 1.17787734e-01
4.14771 1.18339932e-01
4.16207 1.19044116e-01
4.17648 1.19934326e-01
4.19094 1.20711484e-01
4.20545 1.21353606e-01
4.22000 1.21765323e-01
4.23461 1.22202653e-01
4.24927 1.22730322e-01
4.26398 1.23410945e-01
4.27874 1.24200100e-01
4.29355 1.24979725e-01
4.30841 1.25631714e-01
4.32332 1.26185649e-01
4.33829 1.26719159e-01
4.35331 1.27420876e-01
4.36838 1.28260924e-01
4.38350 1.29156719e-01
4.39867 1.30166651e-01
4.41390 1.31286103e-01
4.42918 1.32158830e-01
4.44451 1.32876590e-01
4.45990 1.33850884e-01
4.47533 1.34929232e-01
4.49083 1.36229264e-01
4.50637 1.37583069e-01
4.52197 1.38954260e-01
4.53762 1.40311104e-01
4.55333 1.41627534e-01
4.56909 1.43002119e-01
4.58491 1.44417729e-01
4.60078 1.45942839e-01
4.61670 1.47386372e-01
4.63269 1.48712867e-01
4.64872 1.50009741e-01
4.66481 1.51179375e-01
4.68096 1.52174725e-01
4.69717 1.53113124e-01
4.71343 1.54088069e-01
4.72974 1.55027139e-01
4.74611 1.55913639e-01
4.76254 1.56727678e-01
4.77903 1.57476637e-01
4.79557 1.58257426e-01
4.81217 1.59049009e-01
4.82883 1.59930043e-01
4.84555 1.60824358e-01
4.86232 1.61587979e-01
4.87915 1.62422087e-01
4.89604 1.63416568e-01
4.91299 1.64363827e-01
4.92999 1.65232350e-01
4.94706 1.66234172e-01
4.96418 1.67376338e-01
4.98137 1.68529080e-01
4.99861 1.69700372e-01
5.01591 1.70950755e-01
5.03328 1.72264857e-01
5.05070 1.73497973e-01
5.06818 1.74748533e-01
5.08573 1.76191711e-01
5.10333 1.77719249e-01
5.12100 1.79244379e-01
5.13873 1.80817895e-01
5.15651 1.82483487e-01
5.17436 1.84202122e-01
5.19228 1.85996237e-01
5.21025 1.87821038e-01
5.22828 1.89590348e-01
5.24638 1.91357370e-01
5.26454 1.93239949e-01
5.28277 1.95104651e-01
5.30105 1.96859556e-01
5.31940 1.98567851e-01
5.33782 2.00247355e-01
5.35629 2.01878315e-01
5.37484 2.03472373e-01
5.39344 2.05021637e-01
5.41211 2.06537749e-01
5.43084 2.08018539e-01
5.44965 2.09539584e-01
5.46851 2.11059445e-01
5.48744 2.12437227e-01
5.50643 2.13735285e-01
5.52550 2.15120960e-01
5.54462 2.16580832e-01
5.56381 2.17997685e-01
5.58308 2.19362245e-01
5.60240 2.20756603e-01
5.62179 2.22213909e-01
5.64125 2.23685621e-01
5.66078 2.25163253e-01
5.68038 2.26665947e-01
5.70004 2.28174955e-01
5.71977 2.29716325e-01
5.73957 2.31400171e-01
5.75944 2.33151701e-01
5.77938 2.34879552e-01
5.79938 2.36610560e-01
5.81946 2.38437275e-01
5.83960 2.40389296e-01
5.85982 2.42392427e-01
5.88010 2.44415883e-01
5.90045 2.46499723e-01
5.92088 2.48663483e-01
5.94137 2.50889403e-01
5.96194 2.53184587e-01
5.98258 2.55541339e-01
6.00329 2.57974853e-01
6.02407 2.60502101e-01
6.04492 2.63068816e-01
6.06585 2.65663749e-01
6.08684 2.68282757e-01
6.10791 2.70861312e-01
6.12906 2.73425067e-01
6.15027 2.76031445e-01
6.17156 2.78701168e-01
6.19293 2.81358459e-01
6.21436 2.84028971e-01
6.23588 2.86676987e-01
6.25746 2.89312768e-01
6.27912 2.91928619e-01
6.30086 2.94518224e-01
6.32267 2.97085531e-01
6.34455 2.99625803e-01
6.36652 3.02139237e-01
6.38856 3.04629189e-01
6.41067 3.07158016e-01
6.43286 3.09766763e-01
6.45513 3.12364656e-01
6.47747 3.14871579e-01
6.49990 3.17367845e-01
6.52240 3.19916800e-01
6.54497 3.22538768e-01
6.56763 3.25173563e-01
6.59037 3.27816053e-01
6.61318 3.30481040e-01
6.63607 3.33205621e-01
6.65904 3.36009136e-01
6.68209 3.38852709e-01
6.70522 3.41788437e-01
6.72843 3.44782576e-01
6.75172 3.47827824e-01
6.77510 3.50922011e-01
6.79855 3.54079739e-01
6.82208 3.57379744e-01
6.84570 3.60783744e-01
6.86939 3.64264704e-01
6.89317 3.67850645e-01
6.91704 3.71514533e-01
6.94098 3.75300965e-01
6.96500 3.79222176e-01
6.98911 3.83222517e-01
7.01331 3.87348363e-01
7.03759 3.91563797e-01
7.06195 3.95861520e-01
7.08639 4.00330528e-01
7.11092 4.04865643e-01
7.13554 4.09489557e-01
7.16024 4.14216677e-01
7.18502 4.18995301e-01
7.20990 4.23889957e-01
7.23485 4.28867099e-01
7.25990 4.33880155e-01
7.28503 4.39043973e-01
7.31025 4.44254165e-01
7.33555 4.49493168e-01
7.36094 4.54828075e-01
7.38642 4.60179163e-01
7.41199 4.65577611e-01
7.43765 4.71088933e-01
7.46340 4.76612293e-01
7.48923 4.82214389e-01
7.51516 4.87929163e-01
7.54117 4.93658736e-01
7.56727 4.99469808e-01
7.59347 5.05359024e-01
7.61975 5.11270736e-01
7.64613 5.17332027e-01
7.67260 5.23500667e-01
7.69916 5.29705813e-01
7.72581 5.36063499e-01
7.75255 5.42520048e-01
7.77939 5.49029088e-01
7.80632 5.55838075e-01
7.83334 5.62809072e-01
7.86046 5.69853477e-01
7.88767 5.77178096e-01
7.91497 5.84667291e-01
7.94237 5.92248443e-01
7.96986 6.00110992e-01
7.99745 6.08158837e-01
8.02513 6.16314821e-01
8.05291 6.24803904e-01
8.08079 6.33538864e-01
8.10876 6.42396763e-01
8.13683 6.51588549e-01
8.16500 6.61087189e-01
8.19326 6.70720213e-01
8.22162 6.80656341e-01
8.25008 6.90966613e-01
8.27864 7.01419360e-01
8.30730 7.12148176e-01
8.33605 7.23405845e-01
8.36491 7.34814080e-01
8.39386 7.46407216e-01
8.42292 7.58665563e-01
8.45208 7.71081184e-01
8.48133 7.83652107e-01
8.51069 7.96889424e-01
8.54016 8.10390971e-01
8.56972 8.24055120e-01
8.59938 8.38342843e-01
8.62915 8.53152512e-01
8.65902 8.68136427e-01
8.68899 8.83565920e-01
8.71907 8.99932944e-01
8.74925 9.16489803e-01
8.77954 9.33233536e-01
8.80993 9.51032805e-01
8.84043 9.69102816e-01
8.87103 9.87368976e-01
8.90174 1.00638204e+00
8.93255 1.02606308e+00
8.96347 1.04594323e+00
8.99450 1.06614977e+00
9.02563 1.08751466e+00
9.05688 1.10907036e+00
9.08823 1.13080663e+00
9.11969 1.15341728e+00
9.15126 1.17655343e+00
9.18294 1.19983876e+00
9.21472 1.22340194e+00
9.24662 1.24785983e+00
9.27863 1.27241027e+00
9.31075 1.29703174e+00
9.34298 1.32210215e+00
9.37532 1.34744173e+00
9.40777 1.37276453e+00
9.44034 1.39817258e+00
9.47302 1.43018123e+00
9.50581 1.46195604e+00
9.53871 1.49343603e+00
9.57173 1.52129831e+00
9.60487 1.54363369e+00
9.63811 1.56572930e+00
9.67148 1.58756107e+00
9.70495 1.60614573e+00
9.73855 1.62325630e+00
9.77226 1.64016126e+00
9.80609 1.65684855e+00
9.84003 1.67011527e+00
9.87409 1.68313710e+00
9.90827 1.69600304e+00
9.94257 1.70804254e+00
9.97699 1.71718598e+00
10.01153 1.72623983e+00
10.04618 1.73520054e+00
10.08096 1.74309427e+00
10.11585 1.74923469e+00
10.15087 1.75532677e+00
10.18601 1.76136911e+00
10.22127 1.76669041e+00
10.25665 1.77126361e+00
10.29215 1.77580346e+00
10.32778 1.78030937e+00
10.36353 1.78409619e+00
10.39941 1.78730523e+00
10.43540 1.79049275e+00
10.47153 1.79365778e+00
10.50777 1.79532722e+00
10.54415 1.79586081e+00
10.58065 1.79639105e+00
10.61727 1.79691812e+00
10.65403 1.79665646e+00
10.69091 1.79567946e+00
10.72791 1.79470187e+00
10.76505 1.79372468e+00
10.80231 1.79184804e+00
10.83971 1.78874655e+00
10.87723 1.78563855e+00
10.91488 1.78252581e+00
10.95266 1.77878260e+00
10.99058 1.77328884e+00
11.02862 1.76776469e+00
11.06680 1.76221212e+00
11.10511 1.75661713e+00
11.14355 1.75066595e+00
11.18212 1.74468379e+00
11.22083 1.73867243e+00
11.25967 1.73263363e+00
11.29865 1.72597186e+00
11.33776 1.71909025e+00
11.37701 1.71217174e+00
11.41639 1.70521811e+00
11.45591 1.69735813e+00
11.49556 1.68823600e+00
11.53536 1.67904855e+00
11.57529 1.66979796e+00
11.61536 1.66047357e+00
11.65556 1.64946020e+00
11.69591 1.63835230e+00
11.73640 1.62715245e+00
11.77702 1.61586262e+00
11.81779 1.60193562e+00
11.85870 1.58557294e+00
11.89975 1.56903937e+00
11.94094 1.55234161e+00
11.98227 1.53548619e+00
12.02375 1.51033250e+00
12.06537 1.48463141e+00
12.10714 1.45859367e+00
12.14905 1.43224198e+00
12.19110 1.40364798e+00
12.23330 1.37105108e+00
12.27565 1.33799676e+00
12.31814 1.30456041e+00
12.36078 1.27082509e+00
12.40357 1.24181294e+00
12.44651 1.21528858e+00
12.48959 1.18872712e+00
12.53283 1.16219388e+00
12.57621 1.13575141e+00
12.61974 1.11393502e+00
12.66343 1.09290501e+00
12.70726 1.07207668e+00
12.75125 1.05147764e+00
12.79539 1.03129794e+00
12.83968 1.01854192e+00
12.88413 1.00598817e+00
12.92873 9.93629573e-01
12.97348 9.81457461e-01
13.01839 9.70617941e-01
13.06345 9.72533456e-01
13.10867 9.74522379e-01
13.15405 9.76574645e-01
13.19959 9.78680784e-01
13.24528 9.80822048e-01
13.29113 9.82834059e-01
13.33713 9.84873893e-01
13.38330 9.86937013e-01
13.42963 9.89019867e-01
13.47612 9.91119296e-01
13.52277 9.97569728e-01
13.56958 1.00430965e+00
13.61655 1.01108943e+00
13.66368 1.01790927e+00
13.71098 1.02477055e+00
13.75844 1.03067042e+00
13.80607 1.03625101e+00
13.85386 1.04186573e+00
13.90182 1.04751598e+00
13.94994 1.05320372e+00
13.99823 1.06081822e+00
14.04668 1.07091971e+00
14.09531 1.08110941e+00
14.14410 1.09139009e+00
14.19306 1.10176390e+00
14.24219 1.11225019e+00
14.29149 1.12324482e+00
14.34096 1.13433949e+00
14.39060 1.14553539e+00
14.44042 1.15683430e+00
14.49041 1.16823721e+00
14.54057 1.17963755e+00
14.59090 1.19104026e+00
14.64141 1.20253532e+00
14.69209 1.21412353e+00
14.74295 1.22580467e+00
14.79398 1.23757916e+00
14.84519 1.25086048e+00
14.89658 1.26435216e+00
14.94814 1.27794231e+00
14.99989 1.29163034e+00
15.05181 1.30541466e+00
15.10392 1.31936297e+00
15.15620 1.33366609e+00
15.20866 1.34805761e+00
15.26131 1.36253556e+00
15.31414 1.37709836e+00
15.36715 1.39174365e+00
15.42034 1.40648919e+00
15.47372 1.42133418e+00
15.52729 1.43623877e+00
15.58103 1.45120098e+00
15.63497 1.46621844e+00
15.68909 1.48128918e+00
15.74340 1.49651325e+00
15.79790 1.51192656e+00
15.85258 1.52738092e+00
15.90746 1.54287415e+00
15.96252 1.55840389e+00
16.01778 1.57396777e+00
16.07323 1.58864404e+00
16.12886 1.60151708e+00
16.18470 1.61440354e+00
16.24072 1.62730144e+00
16.29694 1.64020882e+00
16.35335 1.65312369e+00
16.40996 1.66588721e+00
16.46677 1.67754547e+00
16.52377 1.68920747e+00
16.58097 1.70087185e+00
16.63836 1.71253661e+00
16.69596 1.72420020e+00
16.75375 1.73586082e+00
16.81175 1.74419717e+00
16.86994 1.75158059e+00
16.92834 1.75896737e+00
16.98694 1.76635671e+00
17.04574 1.77374843e+00
17.10474 1.78114132e+00
17.16395 1.78857980e+00
17.22337 1.79612938e+00
17.28299 1.80367837e+00
17.34281 1.81122578e+00
17.40285 1.81877121e+00
17.46309 1.82631388e+00
17.52354 1.83385300e+00
17.58420 1.83997803e+00
17.64507 1.84533642e+00
17.70615 1.85069521e+00
17.76744 1.85605379e+00
17.82894 1.86141238e+00
17.89066 1.86677018e+00
17.95259 1.87212718e+00
18.01473 1.87645253e+00
18.07709 1.88060127e+00
18.13967 1.88475079e+00
18.20246 1.88890091e+00
18.26547 1.89305182e+00
18.32870 1.89720292e+00
18.39214 1.90135482e+00
18.45581 1.90410939e+00
18.51969 1.90670235e+00
18.58380 1.90929669e+00
18.64813 1.91189301e+00
18.71268 1.91449110e+00
18.77746 1.91709136e+00
18.84246 1.91969340e+00
18.90768 1.92197339e+00
18.97313 1.92415491e+00
19.03881 1.92633702e+00
19.10472 1.92851953e+00
19.17085 1.93070243e+00
19.23721 1.93288592e+00
19.30380 1.93506981e+00
19.37062 1.93753766e+00
19.43768 1.94034413e+00
19.50496 1.94315140e+00
19.57248 1.94595945e+00
19.64023 1.94876829e+00
19.70822 1.95157773e+00
19.77644 1.95438795e+00
19.84490 1.95719897e+00
19.91359 1.96020554e+00
19.98252 1.96322178e+00
20.05169 1.96623861e+00
20.12110 1.96925603e+00
20.19076 1.97227425e+00
20.26065 1.97529285e+00
20.33078 1.97831205e+00
20.40116 1.98131941e+00
20.47178 1.98429520e+00
20.54264 1.98726901e+00
20.61375 1.99024480e+00
20.68511 1.99322059e+00
20.75671 1.99619637e+00
20.82856 1.99917216e+00
20.90066 2.00214795e+00
20.97301 2.00541776e+00
21.04561 2.00923419e+00
21.11846 2.01305061e+00
21.19157 2.01686704e+00
21.26492 2.02067952e+00
21.33853 2.02449200e+00
21.41240 2.02830251e+00
21.48652 2.03211301e+00
21.56090 2.03588603e+00
21.63553 2.03954064e+00
21.71043 2.04319723e+00
21.78558 2.04685579e+00
21.86099 2.05051435e+00
21.93666 2.05417291e+00
22.01260 2.05783147e+00
22.08880 2.06148805e+00
22.16526 2.06514661e+00
22.24199 2.06689696e+00
22.31898 2.06832368e+00
22.39624 2.06975829e+00
22.47377 2.07119883e+00
22.55156 2.07264725e+00
22.62962 2.07410160e+00
22.70796 2.07556187e+00
22.78656 2.07702805e+00
22.86544 2.07810944e+00
22.94459 2.07794368e+00
23.02402 2.07777792e+00
23.10372 2.07761019e+00
23.18369 2.07743851e+00
23.26394 2.07726683e+00
23.34447 2.07709120e+00
23.42528 2.07691360e+00
23.50637 2.07673008e+00
23.58774 2.07565461e+00
23.66939 2.07296693e+00
23.75133 2.07025163e+00
23.83354 2.06750672e+00
23.91604 2.06473221e+00
23.99883 2.06193008e+00
24.08191 2.05909637e+00
24.16527 2.05623109e+00
24.24892 2.05333227e+00
24.33286 2.05003680e+00
24.41709 2.04520016e+00
24.50161 2.04028853e+00
24.58642 2.03529797e+00
24.67153 2.03022651e+00
24.75693 2.02507808e+00
24.84263 2.01984677e+00
24.92863 2.01453456e+00
25.01492 2.00913947e+00
25.10151 2.00366149e+00
25.18840 1.99692453e+00
25.27559 1.98965675e+00
25.36309 1.98227056e+00
25.45088 1.97476597e+00
25.53898 1.96714180e+00
25.62739 1.95939943e+00
25.71610 1.95153826e+00
25.80512 1.94355790e+00
25.89444 1.93545855e+00
25.98408 1.92724041e+00
26.07403 1.91809658e+00
26.16428 1.90878303e+00
26.25485 1.89933649e+00
26.34574 1.88975852e+00
26.43694 1.88005051e+00
26.52845 1.87021404e+00
26.62028 1.86025068e+00
26.71243 1.85016241e+00
26.80489 1.83995100e+00
26.89768 1.82961862e+00
26.99079 1.81843259e+00
27.08422 1.80697798e+00
27.17798 1.79540280e+00
27.27205 1.78371060e+00
27.36646 1.77190514e+00
27.46119 1.75999054e+00
27.55625 1.74797058e+00
27.65164 1.73584918e+00
27.74736 1.72363069e+00
27.84341 1.71131926e+00
27.93979 1.69888845e+00
28.03650 1.68631812e+00
28.13355 1.67367260e+00
28.23094 1.66095684e+00
28.32867 1.64817516e+00
28.42673 1.63533271e+00
28.52513 1.62243441e+00
28.62387 1.60948461e+00
28.72295 1.59648863e+00
28.82238 1.58345082e+00
28.92215 1.57037610e+00
29.02227 1.55730533e+00
29.12273 1.54425292e+00
29.22354 1.53118294e+00
29.32470 1.51809974e+00
29.42621 1.50500786e+00
29.52807 1.49191163e+00
29.63029 1.47881561e+00
29.73286 1.46572392e+00
29.83578 1.45264072e+00
29.93906 1.43956995e+00
30.04269 1.42651576e+00
30.14669 1.41350123e+00
30.25104 1.40062148e+00
30.35576 1.38777350e+00
30.46084 1.37496105e+00
30.56628 1.36218726e+00
30.67209 1.34945551e+00
30.77826 1.33676856e+00
30.88481 1.32412975e+00
30.99172 1.31154166e+00
31.09900 1.29900705e+00
31.20665 1.28652848e+00
31.31467 1.27410871e+00
31.42307 1.26188766e+00
31.53184 1.24995137e+00
31.64099 1.23808157e+00
31.75052 1.22628025e+00
31.86043 1.21454898e+00
31.97072 1.20288954e+00
32.08139 1.19130311e+00
32.19244 1.17979147e+00
32.30388 1.16835581e+00
32.41570 1.15699750e+00
32.52791 1.14571753e+00
32.64051 1.13451689e+00
32.75349 1.12351299e+00
32.86687 1.11346517e+00
32.98064 1.10348839e+00
33.09481 1.09358325e+00
33.20937 1.08375013e+00
33.32433 1.07398963e+00
33.43968 1.06430194e+00
33.55544 1.05468766e+00
33.67159 1.04514679e+00
33.78815 1.03567973e+00
33.90511 1.02628666e+00
34.02247 1.01696779e+00
34.14024 1.00772292e+00
34.25842 9.98544160e-01
34.37701 9.89419861e-01
34.49601 9.80368971e-01
34.61542 9.71391488e-01
34.73525 9.62487413e-01
34.85549 9.53656747e-01
34.97614 9.44899291e-01
35.09721 9.36214848e-01
35.21871 9.27603616e-01
35.34062 9.19065200e-01
35.46295 9.10599600e-01
35.58571 9.02206421e-01
35.70889 8.93885467e-01
35.83250 8.85636539e-01
35.95654 8.77522587e-01
36.08101 8.69487173e-01
36.20590 8.61522603e-01
36.33123 8.53628875e-01
36.45700 8.45805397e-01
36.58320 8.38051776e-01
36.70983 8.30367813e-01
36.83691 8.22752917e-01
36.96442 8.15206891e-01
37.09238 8.07729141e-01
37.22077 8.00319472e-01
37.34962 7.92977093e-01
37.47890 7.85701808e-01
37.60864 7.78493221e-01
37.73883 7.71580240e-01
37.86946 7.64772043e-01
38.00055 7.58025808e-01
38.13209 7.51341141e-01
38.26409 7.44717253e-01
38.39654 7.38153947e-01
38.52946 7.31650827e-01
38.66283 7.25207104e-01
38.79667 7.18822384e-01
38.93096 7.12496272e-01
39.06573 7.06228373e-01
39.20096 7.00017899e-01
39.33665 6.93864651e-01
39.47282 6.87767840e-01
39.60946 6.81746213e-01
39.74657 6.76024731e-01
39.88416 6.70353371e-01
40.02222 6.64731739e-01
40.16076 6.59159440e-01
40.29978 6.53636277e-01
40.43928 6.48161461e-01
40.57926 6.42734795e-01
40.71973 6.37355685e-01
40.86069 6.32024133e-01
41.00213 6.26739152e-01
41.14406 6.21500939e-01
41.28648 6.16308704e-01
41.42940 6.11162053e-01
41.57281 6.06060789e-01
41.71672 6.01004320e-01
41.86113 5.95931472e-01
42.00603 5.90843627e-01
42.15144 5.85801563e-01
42.29735 5.80804688e-01
42.44377 5.75852411e-01
42.59069 5.70944731e-01
42.73812 5.66081056e-01
42.88606 5.61260992e-01
43.03451 5.56483947e-01
43.18348 5.51749920e-01
43.33297 5.47058123e-01
43.48297 5.42408555e-01
43.63349 5.37800624e-01
43.78453 5.33233936e-01
43.93609 5.28708096e-01
44.08818 5.24222907e-01
44.24079 5.19776789e-01
44.39394 5.15352971e-01
44.54761 5.10969013e-01
44.70182 5.06624523e-01
44.85655 5.02319104e-01
45.01183 4.98052560e-01
45.16764 4.93824299e-01
45.32399 4.89634123e-01
45.48089 4.85481637e-01
45.63832 4.81366448e-01
45.79630 4.77288357e-01
45.95483 4.73246773e-01
46.11391 4.69241499e-01
46.27353 4.65272139e-01
46.43371 4.61338496e-01
46.59445 4.57440176e-01
46.75574 4.53576784e-01
46.91759 4.49747925e-01
47.08000 4.45903477e-01
47.24297 4.42061200e-01
47.40650 4.38254048e-01
47.57060 4.34481429e-01
47.73527 4.30743147e-01
47.90051 4.27039003e-01
48.06633 4.23368603e-01
48.23271 4.19731355e-01
48.39967 4.16127456e-01
48.56721 4.12556117e-01
48.73533 4.09017339e-01
48.90403 4.05510528e-01
49.07332 4.02035685e-01
49.24319 3.98592416e-01
49.41365 3.95180325e-01
49.58470 3.91799216e-01
49.75634 3.88448693e-01
49.92858 3.85128560e-01
50.10141 3.81842368e-01
50.27484 3.78688981e-01
50.44887 3.75563419e-01
50.62350 3.72465483e-01
50.79874 3.69394976e-01
50.97458 3.66351701e-01
51.15104 3.63335264e-01
51.32810 3.60345664e-01
51.50578 3.57382309e-01
51.68407 3.54445003e-01
51.86298 3.51533744e-01
52.04250 3.48647941e-01
52.22265 3.45787792e-01
52.40343 3.42952704e-01
52.58482 3.40142480e-01
52.76685 3.37357120e-01
52.94951 3.34596032e-01
53.13280 3.31859413e-01
53.31672 3.29146672e-01
53.50128 3.26457611e-01
53.68648 3.23786507e-01
53.87232 3.21115600e-01
54.05880 3.18468176e-01
54.24593 3.15844235e-01
54.43371 3.13243381e-01
54.62214 3.10665616e-01
54.81122 3.08110347e-01
55.00095 3.05577771e-01
55.19134 3.03067296e-01
55.38239 3.00578923e-01
55.57410 2.98112453e-01
55.76647 2.95667691e-01
55.95951 2.93244437e-01
56.15322 2.90842496e-01
56.34760 2.88461472e-01
56.54265 2.86101365e-01
56.73838 2.83761979e-01
56.93479 2.81442917e-01
57.13187 2.79144181e-01
57.32964 2.76865573e-01
57.52809 2.74606896e-01
57.72723 2.72367952e-01
57.92705 2.70146768e-01
58.12757 2.67944923e-01
58.32879 2.65762219e-01
58.53070 2.63598656e-01
58.73331 2.61453840e-01
58.93662 2.59327771e-01
59.14063 2.57220251e-01
59.34535 2.55131083e-01
59.55078 2.53060069e-01
59.75692 2.51007211e-01
59.96377 2.48972112e-01
60.17134 2.46954576e-01
60.37963 2.44954603e-01
60.58864 2.42971995e-01
60.79837 2.41006555e-01
61.00883 2.39058283e-01
61.22002 2.37126784e-01
61.43194 2.35212059e-01
61.64459 2.33313712e-01
61.85797 2.31431941e-01
62.07210 2.29566352e-01
62.28697 2.27716944e-01
62.50258 2.25883323e-01
62.71894 2.24076341e-01
62.93605 2.22285936e-01
63.15390 2.20510923e-01
63.37252 2.18751104e-01
63.59189 2.17006283e-01
63.81201 2.15276459e-01
64.03290 2.13561435e-01
64.25456 2.11861013e-01
64.47698 2.10174997e-01
64.70017 2.08503584e-01
64.92414 2.06846379e-01
65.14888 2.05203184e-01
65.37440 2.03574000e-01
65.60070 2.01958629e-01
65.82778 2.00357072e-01
66.05565 1.98769131e-01
66.28430 1.97194667e-01
66.51375 1.95633563e-01
66.74400 1.94085661e-01
66.97504 1.92550901e-01
67.20688 1.91029125e-01
67.43952 1.89520236e-01
67.67297 1.88024094e-01
67.90722 1.86540601e-01
68.14229 1.85069639e-01
68.37817 1.83611721e-01
68.61486 1.82166155e-01
68.85238 1.80732765e-01
69.09072 1.79311472e-01
69.32988 1.77902137e-01
69.56987 1.76504682e-01
69.81069 1.75118948e-01
70.05235 1.73744876e-01
70.29484 1.72382349e-01
70.53817 1.71031247e-01
70.78235 1.69691472e-01
71.02737 1.68362925e-01
71.27323 1.67045508e-01
71.51995 1.65739122e-01
71.76752 1.64443649e-01
72.01595 1.63159009e-01
72.26524 1.61885103e-01
72.51539 1.60621815e-01
72.76641 1.59369084e-01
73.01830 1.58126772e-01
73.27106 1.56894820e-01
73.52469 1.55673109e-01
73.77920 1.54461562e-01
74.03460 1.53260098e-01
74.29087 1.52068599e-01
74.54804 1.50886987e-01
74.80609 1.49715202e-01
75.06504 1.48554053e-01
75.32488 1.47403185e-01
75.58563 1.46261849e-01
75.84727 1.45129945e-01
76.10982 1.44007414e-01
76.37328 1.42894118e-01
76.63766 1.41790038e-01
76.90295 1.40695036e-01
77.16915 1.39609071e-01
77.43628 1.38532045e-01
77.70433 1.37463900e-01
77.97331 1.36404516e-01
78.24322 1.35353834e-01
78.51407 1.34311796e-01
78.78585 1.33278302e-01
79.05857 1.32253274e-01
79.33224 1.31236652e-01
79.60686 1.30228357e-01
79.88242 1.29228311e-01
80.15894 1.28236435e-01
80.43642 1.27252689e-01
80.71486 1.26276955e-01
80.99426 1.25309193e-01
81.27463 1.24349324e-01
81.55596 1.23397269e-01
81.83828 1.22452990e-01
82.12157 1.21516367e-01
82.40584 1.20587381e-01
82.69109 1.19665953e-01
82.97733 1.18751983e-01
83.26457 1.17847407e-01
83.55279 1.16953152e-01
83.84202 1.16066139e-01
84.13225 1.15186269e-01
84.42348 1.14313503e-01
84.71572 1.13447762e-01
85.00897 1.12588987e-01
85.30323 1.11737119e-01
85.59852 1.10892098e-01
85.89482 1.10053885e-01
86.19215 1.09222382e-01
86.49052 1.08397548e-01
86.78991 1.07579345e-01
87.09034 1.06767693e-01
87.39181 1.05962534e-01
87.69432 1.05163807e-01
87.99789 1.04371494e-01
88.30250 1.03585496e-01
88.60816 1.02805773e-01
88.91489 1.02032285e-01
89.22267 1.01264955e-01
89.53153 1.00503741e-01
89.84145 9.97485861e-02
90.15244 9.89994496e-02
90.46451 9.82562725e-02
90.77766 9.75189957e-02
91.09190 9.67875797e-02
91.40722 9.60619851e-02
91.72363 9.53421328e-02
92.04114 9.46279835e-02
92.35975 9.39194976e-02
92.67946 9.32166160e-02
93.00028 9.25193189e-02
93.32221 9.18275077e-02
93.64525 9.11415179e-02
93.96941 9.04611125e-02
94.29469 8.97860747e-02
94.62110 8.91163451e-02
94.94864 8.84519237e-02
95.27731 8.77927120e-02
95.60712 8.71386901e-02
95.93807 8.64898187e-02
96.27017 8.58460581e-02
96.60342 8.52073296e-02
96.93782 8.45736331e-02
97.27338 8.39449093e-02
97.61010 8.33211189e-02
97.94798 8.27022027e-02
98.28704 8.20881605e-02
98.62727 8.14788939e-02
98.96867 8.08744224e-02
99.31126 8.02746475e-02
99.65504 7.96795691e-02
100.00000 7.90891477e-02
