        2000  5.000000 3.710000
0.10000 7.29392431e-01
0.10035 7.29260355e-01
0.10069 7.29124816e-01
0.10104 7.28985815e-01
0.10139 7.28842856e-01
0.10174 7.28696435e-01
0.10210 7.28546551e-01
0.10245 7.28392709e-01
0.10280 7.28235405e-01
0.10316 7.28056583e-01
0.10352 7.27793668e-01
0.10387 7.27522591e-01
0.10423 7.27243351e-01
0.10459 7.26955950e-01
0.10496 7.26660139e-01
0.10532 7.26356414e-01
0.10568 7.26044279e-01
0.10605 7.25723983e-01
0.10642 7.25395524e-01
0.10679 7.25058656e-01
0.10716 7.24713379e-01
0.10753 7.24359939e-01
0.10790 7.23998091e-01
0.10827 7.23627833e-01
0.10865 7.23249413e-01
0.10902 7.22862336e-01
0.10940 7.22466850e-01
0.10978 7.22063202e-01
0.11016 7.21650897e-01
0.11054 7.21230183e-01
0.11092 7.20801060e-01
0.11131 7.20363280e-01
0.11169 7.19917091e-01
0.11208 7.19462492e-01
0.11247 7.18999237e-01
0.11286 7.18379667e-01
0.11325 7.17738331e-01
0.11364 7.17082403e-01
0.11403 7.16411883e-01
0.11443 7.15726769e-01
0.11482 7.15027063e-01
0.11522 7.14313012e-01
0.11562 7.13584121e-01
0.11602 7.12840637e-01
0.11642 7.12082807e-01
0.11682 7.11310138e-01
0.11723 7.10522876e-01
0.11763 7.09720774e-01
0.11804 7.08904327e-01
0.11845 7.08073039e-01
0.11886 7.07227159e-01
0.11927 7.06366934e-01
0.11968 7.05491621e-01
0.12010 7.04601963e-01
0.12051 7.03697713e-01
0.12093 7.02778869e-01
0.12135 7.01845186e-01
0.12177 7.00897157e-01
0.12219 6.99934536e-01
0.12262 6.98957322e-01
0.12304 6.97965763e-01
0.12347 6.96959363e-01
0.12389 6.97765423e-01
0.12432 7.02521148e-01
0.12475 7.06960287e-01
0.12518 7.09899349e-01
0.12562 7.11131069e-01
0.12605 7.12334345e-01
0.12649 7.12788449e-01
0.12693 7.12561892e-01
0.12737 7.12333851e-01
0.12781 7.12257177e-01
0.12825 7.12291062e-01
0.12869 7.12325441e-01
0.12914 7.12306891e-01
0.12959 7.12254704e-01
0.13003 7.12202269e-01
0.13048 7.12044471e-01
0.13094 7.11818408e-01
0.13139 7.11591109e-01
0.13184 7.11414265e-01
0.13230 7.11273780e-01
0.13276 7.11132800e-01
0.13322 7.10961645e-01
0.13368 7.10761800e-01
0.13414 7.10560965e-01
0.13461 7.10354689e-01
0.13507 7.10034393e-01
0.13554 7.09711623e-01
0.13601 7.09386132e-01
0.13648 7.08895423e-01
0.13695 7.08381464e-01
0.13743 7.07862064e-01
0.13790 7.07268464e-01
0.13838 7.06643205e-01
0.13886 7.06010032e-01
0.13934 7.05160689e-01
0.13982 7.04112491e-01
0.14031 7.03045989e-01
0.14079 7.01866209e-01
0.14128 7.00434891e-01
0.14177 6.98973151e-01
0.14226 6.97480989e-01
0.14275 6.95941834e-01
0.14324 6.94372009e-01
0.14374 6.92771268e-01
0.14424 6.90689216e-01
0.14474 6.88368487e-01
0.14524 6.85990625e-01
0.14574 6.82894011e-01
0.14625 6.78482079e-01
0.14675 6.73903939e-01
0.14726 6.69162312e-01
0.14777 6.65967755e-01
0.14828 6.62759841e-01
0.14879 6.59485890e-01
0.14931 6.54540707e-01
0.14983 6.48040045e-01
0.15034 6.41326182e-01
0.15087 6.34436217e-01
0.15139 6.27766132e-01
0.15191 6.20928355e-01
0.15244 6.13930800e-01
0.15297 6.06539985e-01
0.15349 5.98798205e-01
0.15403 5.90903325e-01
0.15456 5.82864991e-01
0.15509 5.73761641e-01
0.15563 5.63722381e-01
0.15617 5.53485996e-01
0.15671 5.42951327e-01
0.15725 5.31333833e-01
0.15780 1.93417857e-04
0.15834 5.23031595e-01
0.15889 5.09428509e-01
0.15944 4.95970855e-01
0.15999 4.82625985e-01
0.16055 4.69458453e-01
0.16110 4.57456109e-01
0.16166 4.46348369e-01
0.16222 4.35460013e-01
0.16278 4.24834573e-01
0.16335 4.08998067e-01
0.16391 3.92751483e-01
0.16448 3.77013415e-01
0.16505 3.62288425e-01
0.16562 3.55757341e-01
0.16619 3.49973699e-01
0.16677 3.43708993e-01
0.16734 3.34606631e-01
0.16792 3.12948393e-01
0.16851 2.92616109e-01
0.16909 3.22575843e-01
0.16967 3.06378478e-01
0.17026 2.98432647e-01
0.17085 2.90173198e-01
0.17144 2.82566214e-01
0.17204 2.75176883e-01
0.17263 2.68810276e-01
0.17323 2.62545817e-01
0.17383 2.56383260e-01
0.17443 2.46304649e-01
0.17503 2.29179957e-01
0.17564 2.13237939e-01
0.17625 1.98425318e-01
0.17686 1.87067970e-01
0.17747 1.81751812e-01
0.17808 1.76566122e-01
0.17870 1.71508650e-01
0.17932 1.64961712e-01
0.17994 1.51795837e-01
0.18056 1.39697280e-01
0.18119 1.28635173e-01
0.18182 1.18476970e-01
0.18244 1.11826573e-01
0.18308 1.08673988e-01
0.18371 1.05947410e-01
0.18435 1.02941222e-01
0.18498 9.90415417e-02
0.18562 9.20568731e-02
0.18627 8.56759204e-02
0.18691 7.96587456e-02
0.18756 7.40645603e-02
0.18821 6.92174453e-02
0.18886 6.47197628e-02
0.18951 6.05128207e-02
0.19017 5.65773021e-02
0.19083 5.44013871e-02
0.19149 5.37151855e-02
0.19215 5.30288603e-02
0.19282 5.23423124e-02
0.19348 5.16882641e-02
0.19415 5.13643564e-02
0.19483 5.10330781e-02
0.19550 5.06942809e-02
0.19618 5.03477175e-02
0.19686 4.94864781e-02
0.19754 4.84452295e-02
0.19822 4.74144678e-02
0.19891 4.63939952e-02
0.19960 4.53835891e-02
0.20029 4.13214853e-02
0.20098 3.76364413e-02
0.20168 3.42065710e-02
0.20237 3.10816380e-02
0.20307 2.12750469e-02
0.20378 5.00551963e-03
0.20448 4.45675127e-03
0.20519 3.84479914e-03
0.20590 3.15653725e-03
0.20661 1.97889644e-03
0.20733 9.33082561e-04
0.20805 3.35350857e-04
0.20877 2.02042618e-04
0.20949 1.99835391e-04
0.21021 1.99583927e-04
0.21094 2.31070895e-04
0.21167 4.37750073e-04
0.21240 6.77958475e-04
0.21314 9.13472985e-04
0.21388 2.45968647e-04
0.21462 2.04560174e-04
0.21536 2.02127948e-04
0.21611 1.99258238e-04
0.21685 1.95615043e-04
0.21760 1.94800896e-04
0.21836 1.97128797e-04
0.21911 2.00736599e-04
0.21987 2.02596966e-04
0.22063 2.03774446e-04
0.22140 2.08540510e-02
0.22216 6.84990656e-02
0.22293 7.39254353e-02
0.22370 1.90090309e-04
0.22448 2.07632425e-01
0.22526 7.53663003e-01
0.22604 2.81679524e-01
0.22682 6.20087174e-02
0.22760 1.17128163e-02
0.22839 2.16604492e-03
0.22918 4.03049701e-04
0.22998 2.05214223e-04
0.23077 2.09092434e-04
0.23157 2.07286282e-04
0.23237 2.04006222e-04
0.23318 2.07987126e-04
0.23398 2.09498457e-04
0.23479 2.11916140e-04
0.23561 2.09982414e-04
0.23642 2.05694791e-04
0.23724 2.03508934e-04
0.23806 2.05274720e-04
0.23889 2.10520759e-04
0.23971 2.08478726e-04
0.24054 2.08929417e-04
0.24137 2.05844428e-04
0.24221 2.06263411e-04
0.24305 2.08052224e-04
0.24389 2.10703390e-04
0.24473 2.11682311e-04
0.24558 2.08025314e-04
0.24643 2.08406381e-04
0.24728 2.06027677e-04
0.24814 2.04113639e-04
0.24900 2.05865229e-04
0.24986 2.10739402e-04
0.25073 2.12482162e-04
0.25159 2.08582235e-04
0.25246 2.04537939e-04
0.25334 2.04152124e-04
0.25422 2.07180078e-04
0.25510 2.12672535e-04
0.25598 2.11089948e-04
0.25687 2.06201948e-04
0.25775 2.03348909e-04
0.25865 2.05488886e-04
0.25954 2.10659266e-04
0.26044 2.12001346e-04
0.26134 2.08770184e-04
0.26225 2.06025080e-04
0.26315 2.06396897e-04
0.26406 2.06720087e-04
0.26498 2.08674391e-04
0.26590 2.09339223e-04
0.26682 5.38415481e-04
0.26774 5.04948066e-03
0.26867 4.83309615e-02
0.26960 7.79475452e-02
0.27053 8.50917933e-02
0.27147 9.73153529e-02
0.27241 1.05157600e-01
0.27335 1.13349132e-01
0.27430 1.29432576e-01
0.27525 1.36907385e-01
0.27620 1.43899943e-01
0.27715 1.57430511e-01
0.27811 1.66158311e-01
0.27908 1.73938403e-01
0.28004 1.85893656e-01
0.28101 1.92720971e-01
0.28198 1.93443580e-01
0.28296 2.07192246e-01
0.28394 2.08069439e-01
0.28492 2.13827408e-01
0.28591 2.18973920e-01
0.28690 2.25071924e-01
0.28789 2.31947197e-01
0.28889 2.34014829e-01
0.28989 2.47087731e-01
0.29089 2.49468315e-01
0.29190 2.55465653e-01
0.29291 2.65809628e-01
0.29392 2.68471677e-01
0.29494 2.72806441e-01
0.29596 2.81980281e-01
0.29699 2.81510595e-01
0.29801 2.94159222e-01
0.29905 2.93841646e-01
0.30008 3.02930157e-01
0.30112 3.07103165e-01
0.30216 3.12925391e-01
0.30321 3.16419222e-01
0.30426 3.16215419e-01
0.30531 3.27409973e-01
0.30637 3.28489336e-01
0.30743 3.31554538e-01
0.30849 3.39362109e-01
0.30956 3.42418902e-01
0.31063 3.50083267e-01
0.31171 3.48069479e-01
0.31279 3.55651977e-01
0.31387 3.55474392e-01
0.31496 3.60234075e-01
0.31605 3.62817471e-01
0.31714 3.67343424e-01
0.31824 3.68898656e-01
0.31934 3.74510897e-01
0.32044 3.75197989e-01
0.32155 3.79824606e-01
0.32267 3.81448597e-01
0.32378 3.84720075e-01
0.32490 3.87927988e-01
0.32603 3.90141869e-01
0.32716 3.95168177e-01
0.32829 3.96243829e-01
0.32943 4.02751417e-01
0.33057 4.03439003e-01
0.33171 4.09776920e-01
0.33286 4.11596057e-01
0.33401 4.16293906e-01
0.33517 4.19740249e-01
0.33633 4.23249661e-01
0.33749 4.27268086e-01
0.33866 4.30582847e-01
0.33983 4.34904255e-01
0.34101 4.37440411e-01
0.34219 4.43016047e-01
0.34337 4.43901747e-01
0.34456 4.49382901e-01
0.34576 4.47776224e-01
0.34695 4.52973934e-01
0.34815 4.51446403e-01
0.34936 4.56539986e-01
0.35057 4.54627110e-01
0.35178 4.60455520e-01
0.35300 4.57609455e-01
0.35422 4.63878366e-01
0.35545 4.61410227e-01
0.35668 4.66465720e-01
0.35791 4.65812513e-01
0.35915 4.69479971e-01
0.36039 4.70208121e-01
0.36164 4.73229792e-01
0.36289 4.75248774e-01
0.36415 4.76565082e-01
0.36541 4.81015598e-01
0.36668 4.79682966e-01
0.36795 4.85477491e-01
0.36922 4.83834209e-01
0.37050 4.88151659e-01
0.37178 4.87830621e-01
0.37307 4.91176299e-01
0.37436 4.90519876e-01
0.37565 4.94621652e-01
0.37695 4.94354779e-01
0.37826 4.97084103e-01
0.37957 5.00473559e-01
0.38088 4.99660079e-01
0.38220 5.05531525e-01
0.38352 5.03430923e-01
0.38485 5.08571994e-01
0.38618 5.08564821e-01
0.38752 5.10698071e-01
0.38886 5.13208505e-01
0.39021 5.11384916e-01
0.39156 5.14723669e-01
0.39291 5.10811845e-01
0.39427 5.14547073e-01
0.39564 5.17836606e-01
0.39701 5.16266039e-01
0.39838 5.19568929e-01
0.39976 5.16654600e-01
0.40115 5.19723017e-01
0.40253 5.20184541e-01
0.40393 5.19835059e-01
0.40533 5.25456946e-01
0.40673 5.22006399e-01
0.40814 5.24013509e-01
0.40955 5.25584817e-01
0.41097 5.23612581e-01
0.41239 5.28926043e-01
0.41382 5.27669343e-01
0.41525 5.28947314e-01
0.41669 5.30683347e-01
0.41813 5.27169482e-01
0.41958 5.33270206e-01
0.42103 5.33613257e-01
0.42249 5.32063219e-01
0.42395 5.36394026e-01
0.42542 5.32328855e-01
0.42689 5.36024757e-01
0.42837 5.39894040e-01
0.42985 5.35417801e-01
0.43134 5.39714229e-01
0.43283 5.40492339e-01
0.43433 5.40177979e-01
0.43583 5.44172165e-01
0.43734 5.39030352e-01
0.43886 5.42541496e-01
0.44037 5.48872487e-01
0.44190 5.43130149e-01
0.44343 5.45662101e-01
0.44496 5.49451247e-01
0.44650 5.45287885e-01
0.44805 5.48623175e-01
0.44960 5.47637552e-01
0.45116 5.45437769e-01
0.45272 5.51492489e-01
0.45429 5.48356055e-01
0.45586 5.46159983e-01
0.45744 5.53373212e-01
0.45902 5.50758651e-01
0.46061 5.48098334e-01
0.46220 5.54138214e-01
0.46380 5.51875114e-01
0.46541 5.50884297e-01
0.46702 5.54789937e-01
0.46864 5.51469982e-01
0.47026 5.53172377e-01
0.47189 5.56386474e-01
0.47352 5.51066334e-01
0.47516 5.54160474e-01
0.47680 5.58519477e-01
0.47845 5.51930517e-01
0.48011 5.54497837e-01
0.48177 5.60061847e-01
0.48344 5.53776365e-01
0.48511 5.55333576e-01
0.48679 5.61040545e-01
0.48848 5.55585114e-01
0.49017 5.56365945e-01
0.49186 5.62455787e-01
0.49357 5.57581589e-01
0.49528 5.56612784e-01
0.49699 5.63837885e-01
0.49871 5.60837732e-01
0.50044 5.56808919e-01
0.50217 5.63920247e-01
0.50391 5.64498760e-01
0.50565 5.58601097e-01
0.50740 5.63360532e-01
0.50916 5.66878107e-01
0.51092 5.61555246e-01
0.51269 5.63263083e-01
0.51446 5.68430371e-01
0.51625 5.64866545e-01
0.51803 5.61100153e-01
0.51983 5.68514711e-01
0.52163 5.68237451e-01
0.52343 5.57987463e-01
0.52524 5.66019118e-01
0.52706 5.69735301e-01
0.52889 5.61641071e-01
0.53072 5.62273007e-01
0.53255 5.68056650e-01
0.53440 5.69461009e-01
0.53625 5.59113571e-01
0.53810 5.65070842e-01
0.53997 5.70844344e-01
0.54183 5.60432847e-01
0.54371 5.62363037e-01
0.54559 5.68474891e-01
0.54748 5.69753851e-01
0.54938 5.59189503e-01
0.55128 5.63492361e-01
0.55319 5.72626628e-01
0.55510 5.62951690e-01
0.55702 5.59825644e-01
0.55895 5.66347329e-01
0.56089 5.72739412e-01
0.56283 5.61757565e-01
0.56478 5.59937439e-01
0.56673 5.70169619e-01
0.56869 5.68216675e-01
0.57066 5.61002456e-01
0.57264 5.62365757e-01
0.57462 5.72633801e-01
0.57661 5.65856373e-01
0.57860 5.57798500e-01
0.58061 5.65421808e-01
0.58262 5.73047095e-01
0.58463 5.66393086e-01
0.58666 5.56200232e-01
0.58869 5.67183316e-01
0.59073 5.72391909e-01
0.59277 5.65851426e-01
0.59482 5.56821286e-01
0.59688 5.67826630e-01
0.59895 5.72054546e-01
0.60102 5.63664752e-01
0.60310 5.58222677e-01
0.60519 5.68388324e-01
0.60728 5.73064408e-01
0.60939 5.61506027e-01
0.61150 5.58673565e-01
0.61361 5.68368785e-01
0.61574 5.75084874e-01
0.61787 5.60979701e-01
0.62001 5.58145261e-01
0.62215 5.66767549e-01
0.62431 5.75739565e-01
0.62647 5.59558524e-01
0.62864 5.57363688e-01
0.63081 5.64565045e-01
0.63300 5.74845703e-01
0.63519 5.59054459e-01
0.63739 5.56373860e-01
0.63959 5.62764459e-01
0.64181 5.73721078e-01
0.64403 5.59028983e-01
0.64626 5.54509956e-01
0.64849 5.60243143e-01
0.65074 5.72918976e-01
0.65299 5.60868649e-01
0.65525 5.52924549e-01
0.65752 5.55638538e-01
0.65980 5.70611603e-01
0.66208 5.64274429e-01
0.66437 5.54077617e-01
0.66667 5.50595659e-01
0.66898 5.65685713e-01
0.67130 5.66589963e-01
0.67362 5.57410434e-01
0.67595 5.47340010e-01
0.67829 5.60024253e-01
0.68064 5.66670841e-01
0.68299 5.60863207e-01
0.68536 5.45792445e-01
0.68773 5.53789227e-01
0.69011 5.64725565e-01
0.69250 5.64340961e-01
0.69490 5.48161157e-01
0.69730 5.45912155e-01
0.69972 5.58915210e-01
0.70214 5.65627589e-01
0.70457 5.57666424e-01
0.70701 5.41237060e-01
0.70946 5.50325571e-01
0.71191 5.60842431e-01
0.71438 5.66274366e-01
0.71685 5.45729623e-01
0.71933 5.44039594e-01
0.72182 5.52199368e-01
0.72432 5.63527235e-01
0.72683 5.57868743e-01
0.72934 5.41031773e-01
0.73187 5.45151852e-01
0.73440 5.54952930e-01
0.73694 5.66041873e-01
0.73949 5.47848775e-01
0.74205 5.41177453e-01
0.74462 5.43964899e-01
0.74720 5.58031735e-01
0.74979 5.64254642e-01
0.75238 5.43611460e-01
0.75499 5.39809699e-01
0.75760 5.42721555e-01
0.76022 5.59625057e-01
0.76285 5.59935955e-01
0.76549 5.44014613e-01
0.76814 5.37300997e-01
0.77080 5.41890515e-01
0.77347 5.59137810e-01
0.77615 5.56026604e-01
0.77884 5.44934693e-01
0.78153 5.34493764e-01
0.78424 5.40017212e-01
0.78695 5.56553177e-01
0.78968 5.53661603e-01
0.79241 5.44656196e-01
0.79515 5.30673701e-01
0.79790 5.35815513e-01
0.80067 5.52658171e-01
0.80344 5.53438013e-01
0.80622 5.46099386e-01
0.80901 5.27955507e-01
0.81181 5.29361350e-01
0.81462 5.45885443e-01
0.81744 5.52275052e-01
0.82027 5.49363939e-01
0.82311 5.29033881e-01
0.82596 5.23626679e-01
0.82882 5.37302234e-01
0.83169 5.47358560e-01
0.83457 5.51005737e-01
0.83745 5.33604601e-01
0.84035 5.20224115e-01
0.84326 5.29781817e-01
0.84618 5.40174763e-01
0.84911 5.48981561e-01
0.85205 5.40774299e-01
0.85500 5.19201391e-01
0.85796 5.22373441e-01
0.86093 5.31422379e-01
0.86391 5.43399495e-01
0.86690 5.49337969e-01
0.86990 5.25056761e-01
0.87291 5.15572022e-01
0.87593 5.21377677e-01
0.87897 5.32029335e-01
0.88201 5.47943009e-01
0.88506 5.40014986e-01
0.88813 5.17243501e-01
0.89120 5.16286321e-01
0.89428 5.18212058e-01
0.89738 5.32658303e-01
0.90049 5.48103281e-01
0.90360 5.30440218e-01
0.90673 5.15831475e-01
0.90987 5.14296771e-01
0.91302 5.16129759e-01
0.91618 5.33104245e-01
0.91935 5.44138033e-01
0.92253 5.24165371e-01
0.92573 5.15861155e-01
0.92893 5.10157153e-01
0.93215 5.13628229e-01
0.93537 5.32014742e-01
0.93861 5.40937292e-01
0.94186 5.22354149e-01
0.94512 5.15755049e-01
0.94839 5.05048978e-01
0.95168 5.08219544e-01
0.95497 5.27214002e-01
0.95828 5.38434773e-01
0.96159 5.24346667e-01
0.96492 5.17844521e-01
0.96826 5.02175707e-01
0.97161 5.00726828e-01
0.97498 5.17805195e-01
0.97835 5.33085201e-01
0.98174 5.26550159e-01
0.98514 5.21600772e-01
0.98855 5.04112574e-01
0.99197 4.94971876e-01
0.99540 5.06832251e-01
0.99885 5.24012767e-01
1.00231 5.25910803e-01
1.00578 5.23755787e-01
1.00926 5.10053026e-01
1.01275 4.92279405e-01
1.01626 4.96411109e-01
1.01978 5.12955730e-01
1.02330 5.21865171e-01
1.02685 5.24154983e-01
1.03040 5.19448477e-01
1.03397 4.95063389e-01
1.03755 4.86439123e-01
1.04114 4.96871643e-01
1.04474 5.09446317e-01
1.04836 5.18458897e-01
1.05199 5.25905856e-01
1.05563 5.14022726e-01
1.05928 4.88626787e-01
1.06295 4.81110327e-01
1.06663 4.91069698e-01
1.07032 5.00387487e-01
1.07403 5.12715322e-01
1.07775 5.25631316e-01
1.08148 5.12397251e-01
1.08522 4.86954566e-01
1.08898 4.78108937e-01
1.09275 4.84964275e-01
1.09653 4.90282931e-01
1.10032 5.03601583e-01
1.10413 5.21101406e-01
1.10796 5.13080633e-01
1.11179 4.87896164e-01
1.11564 4.76259873e-01
1.11950 4.80480616e-01
1.12338 4.81304483e-01
1.12726 4.92522039e-01
1.13117 5.12276058e-01
1.13508 5.16587573e-01
1.13901 4.92086238e-01
1.14295 4.75124365e-01
1.14691 4.75844105e-01
1.15088 4.73647043e-01
1.15487 4.78773769e-01
1.15886 4.96802390e-01
1.16287 5.16933345e-01
1.16690 5.03516748e-01
1.17094 4.80788546e-01
1.17499 4.72546410e-01
1.17906 4.71852887e-01
1.18314 4.65495926e-01
1.18724 4.74671993e-01
1.19135 4.97239675e-01
1.19547 5.12329977e-01
1.19961 4.95220941e-01
1.20376 4.77465128e-01
1.20793 4.74434058e-01
1.21211 4.66877283e-01
1.21630 4.58810506e-01
1.22052 4.68132499e-01
1.22474 4.90537931e-01
1.22898 5.04366338e-01
1.23323 4.90700924e-01
1.23750 4.76507453e-01
1.24179 4.75764217e-01
1.24609 4.65308447e-01
1.25040 4.53455739e-01
1.25473 4.59751115e-01
1.25907 4.79163566e-01
1.26343 4.95969619e-01
1.26780 4.89445460e-01
1.27219 4.76108752e-01
1.27659 4.75103095e-01
1.28101 4.66953709e-01
1.28545 4.48791527e-01
1.28990 4.48784107e-01
1.29436 4.63288971e-01
1.29884 4.83049915e-01
1.30334 4.89431609e-01
1.30785 4.79291190e-01
1.31238 4.74986353e-01
1.31692 4.73911443e-01
1.32148 4.50655926e-01
1.32605 4.38434691e-01
1.33064 4.43630917e-01
1.33525 4.60070669e-01
1.33987 4.77931104e-01
1.34451 4.81006694e-01
1.34916 4.76316017e-01
1.35383 4.79077989e-01
1.35852 4.68274716e-01
1.36322 4.41953750e-01
1.36794 4.31569460e-01
1.37268 4.36072411e-01
1.37743 4.50826586e-01
1.38220 4.66794921e-01
1.38698 4.71448003e-01
1.39178 4.73880526e-01
1.39660 4.81142975e-01
1.40144 4.65705417e-01
1.40629 4.39470523e-01
1.41115 4.27097673e-01
1.41604 4.28397657e-01
1.42094 4.40276830e-01
1.42586 4.53400831e-01
1.43080 4.60411989e-01
1.43575 4.68181719e-01
1.44072 4.79684697e-01
1.44571 4.67448623e-01
1.45071 4.41251818e-01
1.45573 4.24050032e-01
1.46077 4.20316288e-01
1.46583 4.28493623e-01
1.47090 4.39876645e-01
1.47599 4.46770319e-01
1.48110 4.57885727e-01
1.48623 4.74626483e-01
1.49137 4.74453103e-01
1.49654 4.51171121e-01
1.50172 4.27749891e-01
1.50692 4.14804465e-01
1.51213 4.15075047e-01
1.51737 4.25507320e-01
1.52262 4.28939317e-01
1.52789 4.38308799e-01
1.53318 4.56089839e-01
1.53849 4.77687481e-01
1.54381 4.67179277e-01
1.54916 4.44664523e-01
1.55452 4.21081537e-01
1.55990 4.07025584e-01
1.56530 4.07304081e-01
1.57072 4.10629973e-01
1.57615 4.06290509e-01
1.58161 4.14978835e-01
1.58709 4.36511180e-01
1.59258 4.59376652e-01
1.59809 4.42280972e-01
1.60362 4.20702870e-01
1.60918 4.00551634e-01
1.61475 3.88546074e-01
1.62034 3.91751267e-01
1.62594 3.89744404e-01
1.63157 3.78493953e-01
1.63722 3.83803705e-01
1.64289 4.04034829e-01
1.64857 4.33862240e-01
1.65428 4.21799793e-01
1.66001 4.00235789e-01
1.66575 3.82797305e-01
1.67152 3.70677477e-01
1.67731 3.73022692e-01
1.68311 3.78870147e-01
1.68894 3.57656367e-01
1.69478 3.53615682e-01
1.70065 3.64986585e-01
1.70654 3.92881580e-01
1.71245 4.11724423e-01
1.71837 3.88792418e-01
1.72432 3.69819478e-01
1.73029 3.55989340e-01
1.73628 3.50165629e-01
1.74229 3.62465269e-01
1.74832 3.55325250e-01
1.75437 3.30696044e-01
1.76045 3.27328353e-01
1.76654 3.39001745e-01
1.77266 3.65144136e-01
1.77879 3.85541716e-01
1.78495 3.67534860e-01
1.79113 3.48754840e-01
1.79733 3.37212783e-01
1.80355 3.33474834e-01
1.80979 3.47443973e-01
1.81606 3.46586469e-01
1.82234 3.12589265e-01
1.82865 3.01171122e-01
1.83498 3.05955785e-01
1.84133 3.21440831e-01
1.84771 3.45445520e-01
1.85410 3.50454515e-01
1.86052 3.33126341e-01
1.86696 3.20246458e-01
1.87342 3.14857807e-01
1.87991 3.21515773e-01
1.88642 3.42578679e-01
1.89295 3.19217304e-01
1.89950 2.88601642e-01
1.90607 2.80401305e-01
1.91267 2.81877391e-01
1.91929 2.92652467e-01
1.92594 3.10264332e-01
1.93260 3.17616810e-01
1.93929 3.07290149e-01
1.94601 2.96440872e-01
1.95274 2.92899306e-01
1.95950 3.01557951e-01
1.96629 3.21911259e-01
1.97309 3.09287613e-01
1.97992 2.76460543e-01
1.98678 2.64160162e-01
1.99365 2.56721612e-01
2.00055 2.60357659e-01
2.00748 2.70674922e-01
2.01443 2.81848947e-01
2.02140 2.84310903e-01
2.02840 2.77996978e-01
2.03542 2.72636523e-01
2.04247 2.75888461e-01
2.04954 2.86233673e-01
2.05663 3.00399442e-01
2.06375 2.81312234e-01
2.07090 2.59399737e-01
2.07806 2.37817530e-01
2.08526 2.31662640e-01
2.09247 2.33344383e-01
2.09972 2.39593432e-01
2.10699 2.47525511e-01
2.11428 2.52792969e-01
2.12160 2.53293325e-01
2.12894 2.53807283e-01
2.13631 2.56773799e-01
2.14371 2.60910449e-01
2.15113 2.74838284e-01
2.15857 2.74987426e-01
2.16605 2.54170863e-01
2.17354 2.22611081e-01
2.18107 2.10692780e-01
2.18862 2.06806456e-01
2.19619 2.07565274e-01
2.20380 2.11324024e-01
2.21143 2.16517752e-01
2.21908 2.21664907e-01
2.22676 2.28581460e-01
2.23447 2.34405467e-01
2.24220 2.30944755e-01
2.24997 2.39301455e-01
2.25775 2.54717717e-01
2.26557 2.73971381e-01
2.27341 2.30455381e-01
2.28128 2.06152952e-01
2.28918 1.93279796e-01
2.29710 1.86837777e-01
2.30505 1.84439781e-01
2.31303 1.84829034e-01
2.32104 1.87340432e-01
2.32908 1.92392908e-01
2.33714 2.08525398e-01
2.34523 2.04190436e-01
2.35335 2.01555124e-01
2.36149 2.08103447e-01
2.36967 2.24338308e-01
2.37787 2.67736107e-01
2.38610 2.25188294e-01
2.39436 2.01667710e-01
2.40265 1.85238000e-01
2.41097 1.74471110e-01
2.41931 1.68131610e-01
2.42769 1.64970888e-01
2.43609 1.64322603e-01
2.44452 1.66558224e-01
2.45298 1.77901500e-01
2.46148 1.97113487e-01
2.47000 1.74765214e-01
2.47855 1.75599321e-01
2.48713 1.83013880e-01
2.49574 2.06072865e-01
2.50438 2.56706525e-01
2.51304 2.02168931e-01
2.52174 1.86213359e-01
2.53047 1.73019684e-01
2.53923 1.61666638e-01
2.54802 1.53483442e-01
2.55684 1.48351053e-01
2.56569 1.45914448e-01
2.57457 1.46679722e-01
2.58349 1.56558043e-01
2.59243 2.02560534e-01
2.60140 1.56509788e-01
2.61041 1.50727258e-01
2.61944 1.54243027e-01
2.62851 1.65619693e-01
2.63761 2.10274168e-01
2.64674 2.27064119e-01
2.65590 1.76191115e-01
2.66510 1.65474953e-01
2.67432 1.57357943e-01
2.68358 1.48538754e-01
2.69287 1.40545312e-01
2.70219 1.34492199e-01
2.71154 1.30851799e-01
2.72093 1.30654551e-01
2.73035 1.40442050e-01
2.73980 2.05149174e-01
2.74928 1.46610024e-01
2.75880 1.29930581e-01
2.76835 1.29744216e-01
2.77793 1.35854586e-01
2.78755 1.54954853e-01
2.79720 2.25546334e-01
2.80688 1.93171043e-01
2.81660 1.51890714e-01
2.82635 1.43293927e-01
2.83613 1.38912046e-01
2.84595 1.33943243e-01
2.85580 1.28389967e-01
2.86569 1.23334424e-01
2.87561 1.19851055e-01
2.88556 1.19538673e-01
2.89555 1.28892127e-01
2.90557 1.93556685e-01
2.91563 1.56868941e-01
2.92572 1.17575811e-01
2.93585 1.11577236e-01
2.94601 1.12953794e-01
2.95621 1.20822704e-01
2.96644 1.45224388e-01
2.97671 2.10420565e-01
2.98702 1.72421162e-01
2.99736 1.31527390e-01
3.00773 1.21242330e-01
3.01814 1.17938847e-01
3.02859 1.15746138e-01
3.03907 1.13242828e-01
3.04960 1.10553771e-01
3.06015 1.08515769e-01
3.07074 1.08711929e-01
3.08137 1.15857537e-01
3.09204 1.55314970e-01
3.10274 1.91705297e-01
3.11348 1.07460348e-01
3.12426 9.35182915e-02
3.13508 9.10879942e-02
3.14593 9.54126670e-02
3.15682 1.13524565e-01
3.16775 1.53778511e-01
3.17871 1.26413229e-01
3.18972 9.44398555e-02
3.20076 8.13777865e-02
3.21184 7.51750375e-02
3.22295 7.12267318e-02
3.23411 6.80376653e-02
3.24531 6.52316191e-02
3.25654 6.30109121e-02
3.26781 6.13244203e-02
3.27912 6.32864909e-02
3.29047 7.88894153e-02
3.30187 1.36595720e-01
3.31330 7.96138546e-02
3.32476 5.06028913e-02
3.33627 4.24988167e-02
3.34782 3.87957173e-02
3.35941 3.62398983e-02
3.37104 3.53954281e-02
3.38271 3.68195487e-02
3.39442 4.16294401e-02
3.40617 4.57228315e-02
3.41796 3.70776658e-02
3.42979 2.69184739e-02
3.44166 9.72349448e-03
3.45358 1.37366435e-03
3.46553 2.74089359e-04
3.47753 2.72861349e-04
3.48957 2.71883145e-04
3.50164 2.71425084e-04
3.51377 2.72030556e-04
3.52593 2.74729952e-04
3.53814 2.82578086e-04
3.55038 3.07402191e-04
3.56267 3.22671809e-04
3.57500 2.89764603e-04
3.58738 2.81782662e-04
3.59980 2.81644155e-04
3.61226 2.84143953e-04
3.62476 2.88341447e-04
3.63731 2.94576473e-04
3.64990 3.05723539e-04
3.66254 3.22295862e-04
3.67521 3.38973301e-04
3.68794 3.37112118e-04
3.70070 3.20478951e-04
3.71351 3.06879081e-04
3.72637 2.98554088e-04
3.73927 2.93224302e-04
3.75221 2.89867494e-04
3.76520 2.87899710e-04
3.77823 2.87174529e-04
3.79131 2.88389430e-04
3.80443 2.93210946e-04
3.81760 3.05587753e-04
3.83082 3.29111132e-04
3.84408 3.30797945e-04
3.85739 3.03600925e-04
3.87074 2.89213297e-04
3.88414 2.84206034e-04
3.89758 2.83244155e-04
3.91107 2.84439764e-04
3.92461 2.87264311e-04
3.93820 2.91716063e-04
3.95183 2.97959251e-04
3.96551 3.05899888e-04
3.97924 3.14351268e-04
3.99301 3.20083713e-04
4.00683 3.18963293e-04
4.02070 3.10297969e-04
4.03462 2.98018859e-04
4.04859 2.86229221e-04
4.06260 2.76621805e-04
4.07667 2.69294802e-04
4.09078 2.63916539e-04
4.10494 2.60262683e-04
4.11915 2.58391607e-04
4.13341 2.58736142e-04
4.14771 2.62930668e-04
4.16207 2.74369587e-04
4.17648 2.92036113e-04
4.19094 2.93041028e-04
4.20545 2.69248798e-04
4.22000 2.49944184e-04
4.23461 2.40229005e-04
4.24927 2.36012293e-04
4.26398 2.34819132e-04
4.27874 2.35720984e-04
4.29355 2.38170153e-04
4.30841 2.41571110e-04
4.32332 2.45642711e-04
4.33829 2.49867263e-04
4.35331 2.53369998e-04
4.36838 2.54976428e-04
4.38350 2.53601007e-04
4.39867 2.48860864e-04
4.41390 2.41404308e-04
4.42918 2.32578688e-04
4.44451 2.23765633e-04
4.45990 2.15952199e-04
4.47533 2.09697337e-04
4.49083 2.05303510e-04
4.50637 2.03007144e-04
4.52197 2.03117380e-04
4.53762 2.06077762e-04
4.55333 2.12348751e-04
4.56909 2.21740937e-04
4.58491 2.31596132e-04
4.60078 2.34459806e-04
4.61670 2.22988759e-04
4.63269 2.05608027e-04
4.64872 1.91886938e-04
4.66481 1.83663278e-04
4.68096 1.79614481e-04
4.69717 1.78335322e-04
4.71343 1.78882003e-04
4.72974 1.80653701e-04
4.74611 1.83226463e-04
4.76254 1.86233294e-04
4.77903 1.89306979e-04
4.79557 1.92140801e-04
4.81217 1.94400710e-04
4.82883 1.95757334e-04
4.84555 1.95951293e-04
4.86232 1.94869061e-04
4.87915 1.92596834e-04
4.89604 1.89423770e-04
4.91299 1.85789429e-04
4.92999 1.82201167e-04
4.94706 1.79157483e-04
4.96418 1.76925893e-04
4.98137 1.77014018e-04
4.99861 1.80005045e-04
5.01591 1.85961153e-04
5.03328 1.94067923e-04
5.05070 2.01875000e-04
5.06818 2.05387900e-04
5.08573 2.01822615e-04
5.10333 6.55585691e-04
5.12100 2.31335047e-03
5.13873 8.14347721e-03
5.15651 2.52276043e-02
5.17436 2.52434089e-02
5.19228 2.56231645e-02
5.21025 2.63296227e-02
5.22828 2.73260792e-02
5.24638 2.85834477e-02
5.26454 3.00802101e-02
5.28277 3.18008833e-02
5.30105 3.37348569e-02
5.31940 3.58760463e-02
5.33782 3.82236353e-02
5.35629 4.07837827e-02
5.37484 4.35717735e-02
5.39344 4.55533834e-02
5.41211 4.76066211e-02
5.43084 4.98521851e-02
5.44965 5.23263347e-02
5.46851 5.50619650e-02
5.48744 5.80753012e-02
5.50643 6.13461114e-02
5.52550 6.47924046e-02
5.54462 6.82475276e-02
5.56381 7.14576669e-02
5.58308 7.41232772e-02
5.60240 7.59893825e-02
5.62179 7.68031339e-02
5.64125 7.62093855e-02
5.66078 7.50453111e-02
5.68038 7.36042482e-02
5.70004 7.21423845e-02
5.71977 7.08402982e-02
5.73957 6.98031553e-02
5.75944 6.90793591e-02
5.77938 6.86812266e-02
5.79938 6.86015605e-02
5.81946 6.88244326e-02
5.83960 6.93312681e-02
5.85982 7.01043826e-02
5.88010 7.11283673e-02
5.90045 7.20402359e-02
5.92088 7.31560307e-02
5.94137 7.45061245e-02
5.96194 7.60786203e-02
5.98258 7.78631303e-02
6.00329 7.98490686e-02
6.02407 8.20235243e-02
6.04492 8.43684917e-02
6.06585 8.68578027e-02
6.08684 8.94536155e-02
6.10791 9.21032975e-02
6.12906 9.47375459e-02
6.15027 9.72713028e-02
6.17156 9.96084049e-02
6.19293 1.01339219e-01
6.21436 1.02742465e-01
6.23588 1.03788289e-01
6.25746 1.04448298e-01
6.27912 1.04722071e-01
6.30086 1.04637260e-01
6.32267 1.04245237e-01
6.34455 1.03613202e-01
6.36652 1.02815403e-01
6.38856 1.01925028e-01
6.41067 1.01008312e-01
6.43286 1.00121152e-01
6.45513 9.93079197e-02
6.47747 9.86020303e-02
6.49990 9.79458055e-02
6.52240 9.72276485e-02
6.54497 9.66584850e-02
6.56763 9.62424456e-02
6.59037 9.59805443e-02
6.61318 9.58715940e-02
6.63607 9.59128245e-02
6.65904 9.61003279e-02
6.68209 9.64294296e-02
6.70522 9.68947131e-02
6.72843 9.74900444e-02
6.75172 9.82086219e-02
6.77510 9.90427536e-02
6.79855 9.99837827e-02
6.82208 1.01021767e-01
6.84570 1.02145476e-01
6.86939 1.03342001e-01
6.89317 1.04596821e-01
6.91704 1.05842714e-01
6.94098 1.07102110e-01
6.96500 1.08362941e-01
6.98911 1.09603714e-01
7.01331 1.10802415e-01
7.03759 1.11937131e-01
7.06195 1.12986986e-01
7.08639 1.13933135e-01
7.11092 1.14759600e-01
7.13554 1.15454235e-01
7.16024 1.16009227e-01
7.18502 1.16421680e-01
7.20990 1.16693499e-01
7.23485 1.16831239e-01
7.25990 1.16845485e-01
7.28503 1.16750163e-01
7.31025 1.16495781e-01
7.33555 1.16081250e-01
7.36094 1.15610575e-01
7.38642 1.15101563e-01
7.41199 1.14571181e-01
7.43765 1.14035111e-01
7.46340 1.13507401e-01
7.48923 1.13000293e-01
7.51516 1.12524300e-01
7.54117 1.12088078e-01
7.56727 1.11698677e-01
7.59347 1.11361635e-01
7.61975 1.11081061e-01
7.64613 1.10859895e-01
7.67260 1.10699945e-01
7.69916 1.10602124e-01
7.72581 1.10566508e-01
7.75255 1.10589980e-01
7.77939 1.10569081e-01
7.80632 1.10605463e-01
7.83334 1.10696655e-01
7.86046 1.10839688e-01
7.88767 1.11031099e-01
7.91497 1.11267030e-01
7.94237 1.11543203e-01
7.96986 1.11854991e-01
7.99745 1.12197424e-01
8.02513 1.12565159e-01
8.05291 1.12952706e-01
8.08079 1.13354252e-01
8.10876 1.13763935e-01
8.13683 1.14175695e-01
8.16500 1.14583721e-01
8.19326 1.14982101e-01
8.22162 1.15365171e-01
8.25008 1.15727662e-01
8.27864 1.22868819e-01
8.30730 1.37986549e-01
8.33605 1.54620631e-01
8.36491 1.72891887e-01
8.39386 1.92941370e-01
8.42292 2.14929352e-01
8.45208 2.39031590e-01
8.48133 2.65432692e-01
8.51069 2.94317021e-01
8.54016 3.25858451e-01
8.56972 3.60207115e-01
8.59938 3.97477033e-01
8.62915 4.37732017e-01
8.65902 4.80971078e-01
8.68899 5.27116553e-01
8.71907 5.76002233e-01
8.74925 6.27364957e-01
8.77954 6.80839908e-01
8.80993 7.35960120e-01
8.84043 7.92161921e-01
8.87103 8.27218700e-01
8.90174 8.53113016e-01
8.93255 8.78956381e-01
8.96347 9.04678059e-01
8.99450 9.30207311e-01
9.02563 9.55473153e-01
9.05688 9.80405589e-01
9.08823 1.00493611e+00
9.11969 1.02899843e+00
9.15126 1.05252898e+00
9.18294 1.07546791e+00
9.21472 1.09776006e+00
9.24662 1.11935424e+00
9.27863 1.14020543e+00
9.31075 1.16027430e+00
9.34298 1.17952747e+00
9.37532 1.19793748e+00
9.40777 1.21548430e+00
9.44034 1.23215308e+00
9.47302 1.24793493e+00
9.50581 1.26282711e+00
9.53871 1.27635575e+00
9.57173 1.28873676e+00
9.60487 1.30065526e+00
9.63811 1.31210457e+00
9.67148 1.32307826e+00
9.70495 1.33357236e+00
9.73855 1.34358318e+00
9.77226 1.35310922e+00
9.80609 1.36214925e+00
9.84003 1.37070377e+00
9.87409 1.37877401e+00
9.90827 1.38639336e+00
9.94257 1.39378715e+00
9.97699 1.40092617e+00
10.01153 1.40780649e+00
10.04618 1.41442513e+00
10.08096 1.42077937e+00
10.11585 1.42686674e+00
10.15087 1.43268452e+00
10.18601 1.43823121e+00
10.22127 1.44350535e+00
10.25665 1.44850544e+00
10.29215 1.45323050e+00
10.32778 1.45753805e+00
10.36353 1.46158443e+00
10.39941 1.46555289e+00
10.43540 1.46943924e+00
10.47153 1.47324199e+00
10.50777 1.47695916e+00
10.54415 1.48058903e+00
10.58065 1.48412936e+00
10.61727 1.48756853e+00
10.65403 1.49102031e+00
10.69091 1.49448594e+00
10.72791 1.49796469e+00
10.76505 1.50145481e+00
10.80231 1.50495457e+00
10.83971 1.50846250e+00
10.87723 1.51197662e+00
10.91488 1.51549468e+00
10.95266 1.51901424e+00
10.99058 1.52253305e+00
11.02862 1.52604840e+00
11.06680 1.52955732e+00
11.10511 1.53305659e+00
11.14355 1.53654300e+00
11.18212 1.54001309e+00
11.22083 1.54346289e+00
11.25967 1.54704576e+00
11.29865 1.55057595e+00
11.33776 1.55336092e+00
11.37701 1.55531585e+00
11.41639 1.55635366e+00
11.45591 1.55638581e+00
11.49556 1.55532401e+00
11.53536 1.55308218e+00
11.57529 1.54957821e+00
11.61536 1.54473394e+00
11.65556 1.53847838e+00
11.69591 1.53074748e+00
11.73640 1.52148732e+00
11.77702 1.51065412e+00
11.81779 1.49821721e+00
11.85870 1.48415953e+00
11.89975 1.46848033e+00
11.94094 1.45119593e+00
11.98227 1.43234048e+00
12.02375 1.41196812e+00
12.06537 1.39015135e+00
12.10714 1.36698091e+00
12.14905 1.34256491e+00
12.19110 1.31702601e+00
12.23330 1.29049877e+00
12.27565 1.26312713e+00
12.31814 1.23505949e+00
12.36078 1.20644600e+00
12.40357 1.18647902e+00
12.44651 1.17335280e+00
12.48959 1.16226138e+00
12.53283 1.15300963e+00
12.57621 1.14536950e+00
12.61974 1.13908921e+00
12.66343 1.13389892e+00
12.70726 1.12951519e+00
12.75125 1.12564393e+00
12.79539 1.12198414e+00
12.83968 1.11823184e+00
12.88413 1.11408604e+00
12.92873 1.10925686e+00
12.97348 1.10347371e+00
13.01839 1.09649668e+00
13.06345 1.08812692e+00
13.10867 1.07821949e+00
13.15405 1.06668807e+00
13.19959 1.05351238e+00
13.24528 1.03873891e+00
13.29113 1.02247625e+00
13.33713 1.00488813e+00
13.38330 9.86180575e-01
13.42963 9.66589797e-01
13.47612 9.46366339e-01
13.52277 9.25761741e-01
13.56958 9.05017647e-01
13.61655 8.84354679e-01
13.66368 8.63967734e-01
13.71098 8.44020548e-01
13.75844 8.26061180e-01
13.80607 8.27766049e-01
13.85386 8.30021234e-01
13.90182 8.32829209e-01
13.94994 8.36181565e-01
13.99823 8.40060494e-01
14.04668 8.44440520e-01
14.09531 8.49290974e-01
14.14410 8.54576982e-01
14.19306 8.60261444e-01
14.24219 8.66305281e-01
14.29149 8.72668921e-01
14.34096 8.79313778e-01
14.39060 8.86201764e-01
14.44042 8.93296768e-01
14.49041 9.00565400e-01
14.54057 9.07976249e-01
14.59090 9.15501118e-01
14.64141 9.23114533e-01
14.69209 9.30794975e-01
14.74295 9.38523399e-01
14.79398 9.46284225e-01
14.84519 9.54064589e-01
14.89658 9.61854600e-01
14.94814 9.69647084e-01
14.99989 9.77437342e-01
15.05181 9.85222159e-01
15.10392 9.93000792e-01
15.15620 1.00077374e+00
15.20866 1.00854272e+00
15.26131 1.01631047e+00
15.31414 1.02408119e+00
15.36715 1.03185884e+00
15.42034 1.03964811e+00
15.47372 1.04745370e+00
15.52729 1.05872888e+00
15.58103 1.07044630e+00
15.63497 1.08215234e+00
15.68909 1.09384379e+00
15.74340 1.10551619e+00
15.79790 1.11716633e+00
15.85258 1.12879025e+00
15.90746 1.14038425e+00
15.96252 1.15194461e+00
16.01778 1.16346738e+00
16.07323 1.17494909e+00
16.12886 1.18638578e+00
16.18470 1.19777375e+00
16.24072 1.20910928e+00
16.29694 1.22038892e+00
16.35335 1.23160895e+00
16.40996 1.24276566e+00
16.46677 1.25385534e+00
16.52377 1.26487454e+00
16.58097 1.27582003e+00
16.63836 1.28668785e+00
16.69596 1.29747480e+00
16.75375 1.30817741e+00
16.81175 1.31879246e+00
16.86994 1.32931650e+00
16.92834 1.33974630e+00
16.98694 1.35007889e+00
17.04574 1.36031083e+00
17.10474 1.37043913e+00
17.16395 1.38046083e+00
17.22337 1.39037271e+00
17.28299 1.40017206e+00
17.34281 1.40985540e+00
17.40285 1.41942052e+00
17.46309 1.42886421e+00
17.52354 1.43818348e+00
17.58420 1.44737562e+00
17.64507 1.45643470e+00
17.70615 1.46140486e+00
17.76744 1.46397812e+00
17.82894 1.46653456e+00
17.89066 1.46907418e+00
17.95259 1.47159722e+00
18.01473 1.47410370e+00
18.07709 1.47659336e+00
18.13967 1.47906669e+00
18.20246 1.48152320e+00
18.26547 1.48396339e+00
18.32870 1.48638701e+00
18.39214 1.48879431e+00
18.45581 1.49118553e+00
18.51969 1.49356042e+00
18.58380 1.49591924e+00
18.64813 1.49826223e+00
18.71268 1.50058939e+00
18.77746 1.50290097e+00
18.84246 1.50519696e+00
18.90768 1.50747787e+00
18.97313 1.50974344e+00
19.03881 1.51199418e+00
19.10472 1.51423007e+00
19.17085 1.51645162e+00
19.23721 1.51865857e+00
19.30380 1.52085168e+00
19.37062 1.52303093e+00
19.43768 1.52519658e+00
19.50496 1.52734888e+00
19.57248 1.52948831e+00
19.64023 1.53161488e+00
19.70822 1.53372884e+00
19.77644 1.53583068e+00
19.84490 1.53792065e+00
19.91359 1.53999899e+00
19.98252 1.54206595e+00
20.05169 1.54412203e+00
20.12110 1.54616773e+00
20.19076 1.54820279e+00
20.26065 1.55022820e+00
20.33078 1.55224397e+00
20.40116 1.55425033e+00
20.47178 1.55624780e+00
20.54264 1.55823685e+00
20.61375 1.56021750e+00
20.68511 1.56074160e+00
20.75671 1.56117072e+00
20.82856 1.56161073e+00
20.90066 1.56206162e+00
20.97301 1.56252438e+00
21.04561 1.56299901e+00
21.11846 1.56348626e+00
21.19157 1.56398612e+00
21.26492 1.56449884e+00
21.33853 1.56502516e+00
21.41240 1.56556484e+00
21.48652 1.56611862e+00
21.56090 1.56668601e+00
21.63553 1.56726749e+00
21.71043 1.56786331e+00
21.78558 1.56847324e+00
21.86099 1.56909751e+00
21.93666 1.56973587e+00
22.01260 1.57038859e+00
22.08880 1.57105515e+00
22.16526 1.57173581e+00
22.24199 1.57243032e+00
22.31898 1.57313844e+00
22.39624 1.57385991e+00
22.47377 1.57459424e+00
22.55156 1.57534168e+00
22.62962 1.57610149e+00
22.70796 1.57687317e+00
22.78656 1.57765648e+00
22.86544 1.57845116e+00
22.94459 1.57925648e+00
23.02402 1.58007169e+00
23.10372 1.58089654e+00
23.18369 1.58173055e+00
23.26394 1.58257272e+00
23.34447 1.58342256e+00
23.42528 1.58427932e+00
23.50637 1.58514227e+00
23.58774 1.58601065e+00
23.66939 1.58688349e+00
23.75133 1.58776029e+00
23.83354 1.58864006e+00
23.91604 1.58952180e+00
23.99883 1.59040478e+00
24.08191 1.59128776e+00
24.16527 1.59216975e+00
24.24892 1.59305026e+00
24.33286 1.59392755e+00
24.41709 1.59480113e+00
24.50161 1.59566952e+00
24.58642 1.59653172e+00
24.67153 1.59738675e+00
24.75693 1.59819998e+00
24.84263 1.59838944e+00
24.92863 1.59855367e+00
25.01492 1.59869119e+00
25.10151 1.59880051e+00
25.18840 1.59888015e+00
25.27559 1.59892863e+00
25.36309 1.59894446e+00
25.45088 1.59892591e+00
25.53898 1.59887174e+00
25.62739 1.59878072e+00
25.71610 1.59865087e+00
25.80512 1.59848095e+00
25.89444 1.59826924e+00
25.98408 1.59801498e+00
26.07403 1.59771595e+00
26.16428 1.59737117e+00
26.25485 1.59697915e+00
26.34574 1.59653840e+00
26.43694 1.59604744e+00
26.52845 1.59550529e+00
26.62028 1.59491020e+00
26.71243 1.59426095e+00
26.80489 1.59355383e+00
26.89768 1.59279278e+00
26.99079 1.59197361e+00
27.08422 1.59109533e+00
27.17798 1.59015670e+00
27.27205 1.58915649e+00
27.36646 1.58809370e+00
27.46119 1.58696685e+00
27.55625 1.58577519e+00
27.65164 1.58451750e+00
27.74736 1.58319279e+00
27.84341 1.58180005e+00
27.93979 1.58033856e+00
28.03650 1.57880682e+00
28.13355 1.57720435e+00
28.23094 1.57553040e+00
28.32867 1.57378373e+00
28.42673 1.57196410e+00
28.52513 1.57007027e+00
28.62387 1.56810174e+00
28.72295 1.56605778e+00
28.82238 1.56393789e+00
28.92215 1.56174157e+00
29.02227 1.55946783e+00
29.12273 1.55711668e+00
29.22354 1.55468737e+00
29.32470 1.55217941e+00
29.42621 1.54959255e+00
29.52807 1.54692655e+00
29.63029 1.54418115e+00
29.73286 1.54135586e+00
29.83578 1.53845043e+00
29.93906 1.53546512e+00
30.04269 1.53239942e+00
30.14669 1.52925334e+00
30.25104 1.52602713e+00
30.35576 1.52272028e+00
30.46084 1.51933330e+00
30.56628 1.51586593e+00
30.67209 1.51231868e+00
30.77826 1.50869153e+00
30.88481 1.50498450e+00
30.99172 1.50096608e+00
31.09900 1.49631967e+00
31.20665 1.49158992e+00
31.31467 1.48677780e+00
31.42307 1.48188431e+00
31.53184 1.47691044e+00
31.64099 1.47185717e+00
31.75052 1.46672525e+00
31.86043 1.46151641e+00
31.97072 1.45623114e+00
32.08139 1.45087069e+00
32.19244 1.44543678e+00
32.30388 1.43992990e+00
32.41570 1.43435204e+00
32.52791 1.42870393e+00
32.64051 1.42298707e+00
32.75349 1.41720269e+00
32.86687 1.41135226e+00
32.98064 1.40543729e+00
33.09481 1.39945899e+00
33.20937 1.39341911e+00
33.32433 1.38731864e+00
33.43968 1.38115905e+00
33.55544 1.37494232e+00
33.67159 1.36866946e+00
33.78815 1.36234217e+00
33.90511 1.35596196e+00
34.02247 1.34953056e+00
34.14024 1.34304919e+00
34.25842 1.33651959e+00
34.37701 1.32994299e+00
34.49601 1.32332138e+00
34.61542 1.31665625e+00
34.73525 1.30994906e+00
34.85549 1.30320131e+00
34.97614 1.29641473e+00
35.09721 1.28959081e+00
35.21871 1.28273126e+00
35.34062 1.27583734e+00
35.46295 1.26891077e+00
35.58571 1.26195328e+00
35.70889 1.25496612e+00
35.83250 1.24795100e+00
35.95654 1.24090967e+00
36.08101 1.23384311e+00
36.20590 1.22675355e+00
36.33123 1.21964172e+00
36.45700 1.21250962e+00
36.58320 1.20535872e+00
36.70983 1.19819026e+00
36.83691 1.19100597e+00
36.96442 1.18380708e+00
37.09238 1.17659509e+00
37.22077 1.16937147e+00
37.34962 1.16213747e+00
37.47890 1.15489456e+00
37.60864 1.14764423e+00
37.73883 1.14038771e+00
37.86946 1.13312626e+00
38.00055 1.12586109e+00
38.13209 1.11859369e+00
38.26409 1.11132531e+00
38.39654 1.10405717e+00
38.52946 1.09679052e+00
38.66283 1.08952658e+00
38.79667 1.08226661e+00
38.93096 1.07501133e+00
39.06573 1.06776249e+00
39.20096 1.06052081e+00
39.33665 1.05328755e+00
39.47282 1.04606369e+00
39.60946 1.03885046e+00
39.74657 1.03164860e+00
39.88416 1.02445937e+00
40.02222 1.01728373e+00
40.16076 1.01012269e+00
40.29978 1.00297698e+00
40.43928 9.95847599e-01
40.57926 9.88735776e-01
40.71973 9.81641761e-01
40.86069 9.74567039e-01
41.00213 9.67512103e-01
41.14406 9.60477695e-01
41.28648 9.53464806e-01
41.42940 9.45845703e-01
41.57281 9.38050993e-01
41.71672 9.30293630e-01
41.86113 9.22574604e-01
42.00603 9.14894409e-01
42.15144 9.07254035e-01
42.29735 8.99653729e-01
42.44377 8.92094233e-01
42.59069 8.84576042e-01
42.73812 8.77100145e-01
42.88606 8.69666541e-01
43.03451 8.62275974e-01
43.18348 8.54928937e-01
43.33297 8.47625926e-01
43.48297 8.40367187e-01
43.63349 8.33152969e-01
43.78453 8.25984012e-01
43.93609 8.18860565e-01
44.08818 8.11782627e-01
44.24079 8.04750940e-01
44.39394 7.97765505e-01
44.54761 7.90826815e-01
44.70182 7.83934625e-01
44.85655 7.77089675e-01
45.01183 7.70291718e-01
45.16764 7.63541249e-01
45.32399 7.56838269e-01
45.48089 7.50183023e-01
45.63832 7.43575266e-01
45.79630 7.37015739e-01
45.95483 7.30503699e-01
46.11391 7.24039890e-01
46.27353 7.17624063e-01
46.43371 7.11256467e-01
46.59445 7.04934627e-01
46.75574 6.98663243e-01
46.91759 6.92439841e-01
47.08000 6.86264175e-01
47.24297 6.80136739e-01
47.40650 6.74057286e-01
47.57060 6.68025568e-01
47.73527 6.62041833e-01
47.90051 6.56105585e-01
48.06633 6.50217073e-01
48.23271 6.44376049e-01
48.39967 6.38582266e-01
48.56721 6.32835971e-01
48.73533 6.27136669e-01
48.90403 6.21484360e-01
49.07332 6.15878797e-01
49.24319 6.10319733e-01
49.41365 6.04807415e-01
49.58470 5.99341101e-01
49.75634 5.93921039e-01
49.92858 5.88546980e-01
50.10141 5.83218431e-01
50.27484 5.77935391e-01
50.44887 5.72697860e-01
50.62350 5.67505097e-01
50.79874 5.62357348e-01
50.97458 5.57254119e-01
51.15104 5.52195163e-01
51.32810 5.47180480e-01
51.50578 5.42209822e-01
51.68407 5.37282447e-01
51.86298 5.32398603e-01
52.04250 5.27558043e-01
52.22265 5.22760271e-01
52.40343 5.18005040e-01
52.58482 5.13292103e-01
52.76685 5.08621213e-01
52.94951 5.03992370e-01
53.13280 4.99404831e-01
53.31672 4.94858597e-01
53.50128 4.90353421e-01
53.68648 4.85888807e-01
53.87232 4.81464508e-01
54.05880 4.77080525e-01
54.24593 4.72736362e-01
54.43371 4.68431773e-01
54.62214 4.64166262e-01
54.81122 4.59939830e-01
55.00095 4.55752229e-01
55.19134 4.51602965e-01
55.38239 4.47491791e-01
55.57410 4.43418211e-01
55.76647 4.39382473e-01
55.95951 4.35383835e-01
56.15322 4.31422049e-01
56.34760 4.27497117e-01
56.54265 4.23608295e-01
56.73838 4.19755831e-01
56.93479 4.15938983e-01
57.13187 4.12157503e-01
57.32964 4.08411393e-01
57.52809 4.04699909e-01
57.72723 4.01023299e-01
57.92705 3.97380821e-01
58.12757 3.93772475e-01
58.32879 3.90198013e-01
58.53070 3.86656695e-01
58.73331 3.83148766e-01
58.93662 3.79673733e-01
59.14063 3.76231100e-01
59.34535 3.72821115e-01
59.55078 3.69442789e-01
59.75692 3.66096369e-01
59.96377 3.62781361e-01
60.17134 3.59497763e-01
60.37963 3.56244835e-01
60.58864 3.53022577e-01
60.79837 3.49830740e-01
61.00883 3.46669078e-01
61.22002 3.43537096e-01
61.43194 3.40434794e-01
61.64459 3.37361677e-01
61.85797 3.34317499e-01
62.07210 3.31302258e-01
62.28697 3.28315213e-01
62.50258 3.25356612e-01
62.71894 3.22425959e-01
62.93605 3.19523008e-01
63.15390 3.16647511e-01
63.37252 3.13798973e-01
63.59189 3.10977641e-01
63.81201 3.08183022e-01
64.03290 3.05414620e-01
64.25456 3.02672435e-01
64.47698 2.99956468e-01
64.70017 2.97265976e-01
64.92414 2.94600712e-01
65.14888 2.91960923e-01
65.37440 2.89346115e-01
65.60070 2.86756041e-01
65.82778 2.84190452e-01
66.05565 2.81649102e-01
66.28430 2.79131743e-01
66.51375 2.76638129e-01
66.74400 2.74168258e-01
66.97504 2.71721637e-01
67.20688 2.69298017e-01
67.43952 2.66897400e-01
67.67297 2.64519537e-01
67.90722 2.62164182e-01
68.14229 2.59830839e-01
68.37817 2.57519509e-01
68.61486 2.55230192e-01
68.85238 2.52962393e-01
69.09072 2.50716111e-01
69.32988 2.48490853e-01
69.56987 2.46286544e-01
69.81069 2.44103061e-01
70.05235 2.41940156e-01
70.29484 2.39797606e-01
70.53817 2.37675214e-01
70.78235 2.35572806e-01
71.02737 2.33490186e-01
71.27323 2.31427129e-01
71.51995 2.29383463e-01
71.76752 2.27359015e-01
72.01595 2.25353562e-01
72.26524 2.23366931e-01
72.51539 2.21398949e-01
72.76641 2.19449419e-01
73.01830 2.17518166e-01
73.27106 2.15605018e-01
73.52469 2.13709776e-01
73.77920 2.11832294e-01
74.03460 2.09972347e-01
74.29087 2.08129813e-01
74.54804 2.06304518e-01
74.80609 2.04496264e-01
75.06504 2.02704878e-01
75.32488 2.00930236e-01
75.58563 1.99172117e-01
75.84727 1.97430420e-01
76.10982 1.95704949e-01
76.37328 1.93995529e-01
76.63766 1.92302038e-01
76.90295 1.90624301e-01
77.16915 1.88962147e-01
77.43628 1.87315451e-01
77.70433 1.85684041e-01
77.97331 1.84067767e-01
78.24322 1.82466506e-01
78.51407 1.80880085e-01
78.78585 1.79308356e-01
79.05857 1.77751170e-01
79.33224 1.76208404e-01
79.60686 1.74679909e-01
79.88242 1.73165561e-01
80.15894 1.71665163e-01
80.43642 1.70178640e-01
80.71486 1.68705819e-01
80.99426 1.67246602e-01
81.27463 1.65800815e-01
81.55596 1.64368335e-01
81.83828 1.62949037e-01
82.12157 1.61542799e-01
82.40584 1.60149496e-01
82.69109 1.58768980e-01
82.97733 1.57401128e-01
83.26457 1.56045840e-01
83.55279 1.54702968e-01
83.84202 1.53372389e-01
84.13225 1.52054004e-01
84.42348 1.50747688e-01
84.71572 1.49453318e-01
85.00897 1.48170747e-01
85.30323 1.46899923e-01
85.59852 1.45640675e-01
85.89482 1.44392903e-01
86.19215 1.43156533e-01
86.49052 1.41931392e-01
86.78991 1.40717406e-01
87.09034 1.39514476e-01
87.39181 1.38322478e-01
87.69432 1.37141288e-01
87.99789 1.35970832e-01
88.30250 1.34810987e-01
88.60816 1.33661654e-01
88.91489 1.32522733e-01
89.22267 1.31394127e-01
89.53153 1.30275735e-01
89.84145 1.29167459e-01
90.15244 1.28069175e-01
90.46451 1.26980810e-01
90.77766 1.25902263e-01
91.09190 1.24833437e-01
91.40722 1.23774257e-01
91.72363 1.22724599e-01
92.04114 1.21684389e-01
92.35975 1.20653528e-01
92.67946 1.19631943e-01
93.00028 1.18619508e-01
93.32221 1.17616176e-01
93.64525 1.16621822e-01
93.96941 1.15636372e-01
94.29469 1.14659776e-01
94.62110 1.13691886e-01
94.94864 1.12732678e-01
95.27731 1.11782028e-01
95.60712 1.10839861e-01
95.93807 1.09906104e-01
96.27017 1.08980681e-01
96.60342 1.08063520e-01
96.93782 1.07154495e-01
97.27338 1.06253584e-01
97.61010 1.05360661e-01
97.94798 1.04475702e-01
98.28704 1.03598584e-01
98.62727 1.02729257e-01
98.96867 1.01867647e-01
99.31126 1.01013654e-01
99.65504 1.00167230e-01
100.00000 9.93282999e-02
