        2000  1.000000 2.710000
0.10000 2.69625199e-04
0.10035 2.46238658e-04
0.10069 2.45709991e-04
0.10104 2.87098845e-04
0.10139 2.54886015e-04
0.10174 2.65278612e-04
0.10210 2.67099840e-04
0.10245 2.71109520e-04
0.10280 2.90943829e-04
0.10316 2.45582440e-04
0.10352 2.64703983e-04
0.10387 4.71726809e-04
0.10423 2.35021173e-04
0.10459 2.51727853e-04
0.10496 2.50824484e-04
0.10532 2.30269134e-04
0.10568 2.57411337e-04
0.10605 2.53957497e-04
0.10642 2.60292754e-04
0.10679 2.48034593e-04
0.10716 2.46693865e-04
0.10753 3.35219773e-04
0.10790 2.23595018e-04
0.10827 2.36887965e-04
0.10865 2.45572395e-04
0.10902 2.49542617e-04
0.10940 3.38895473e-04
0.10978 2.39509764e-04
0.11016 3.09672676e-04
0.11054 2.20106164e-04
0.11092 2.27982110e-04
0.11131 2.42261317e-04
0.11169 2.33945339e-04
0.11208 2.82830162e-04
0.11247 2.29383000e-04
0.11286 2.70093993e-04
0.11325 2.19239289e-04
0.11364 2.17753956e-04
0.11403 2.33706245e-04
0.11443 2.49019371e-04
0.11482 3.10585223e-04
0.11522 2.17100702e-04
0.11562 2.38573260e-04
0.11602 2.23338796e-04
0.11642 2.20970148e-04
0.11682 2.19158459e-04
0.11723 2.43063694e-04
0.11763 2.31849208e-04
0.11804 2.18798029e-04
0.11845 3.97882923e-04
0.11886 2.38515230e-04
0.11927 3.20153799e-04
0.11968 2.13803282e-04
0.12010 3.35612037e-04
0.12051 2.29161611e-04
0.12093 2.53315805e-04
0.12135 2.05731565e-04
0.12177 2.16636388e-04
0.12219 2.23752921e-04
0.12262 2.31615064e-04
0.12304 2.02165711e-04
0.12347 2.12947898e-04
0.12389 2.22725975e-04
0.12432 2.17340085e-04
0.12475 2.06518947e-04
0.12518 2.12374642e-04
0.12562 2.22111275e-04
0.12605 2.13525489e-04
0.12649 2.19905299e-04
0.12693 2.20333190e-04
0.12737 2.22293423e-04
0.12781 2.20833456e-04
0.12825 2.24886929e-04
0.12869 2.23542661e-04
0.12914 2.24704962e-04
0.12959 2.23242573e-04
0.13003 2.18325694e-04
0.13048 2.18819384e-04
0.13094 2.19300354e-04
0.13139 2.31459077e-04
0.13184 2.09805345e-04
0.13230 2.09274800e-04
0.13276 2.10256217e-04
0.13322 2.35722810e-04
0.13368 2.02173913e-04
0.13414 2.02100273e-04
0.13461 2.04008981e-04
0.13507 2.16029926e-04
0.13554 2.02265114e-04
0.13601 2.19081423e-04
0.13648 2.04628595e-04
0.13695 2.10972163e-04
0.13743 2.13286214e-04
0.13790 2.51921492e-04
0.13838 2.11096317e-04
0.13886 2.16708330e-04
0.13934 2.25445081e-04
0.13982 2.19428050e-04
0.14031 2.19372693e-04
0.14079 2.21284580e-04
0.14128 2.27414203e-04
0.14177 2.26540463e-04
0.14226 2.28813827e-04
0.14275 2.20762562e-04
0.14324 2.23813046e-04
0.14374 2.26431701e-04
0.14424 2.25092600e-04
0.14474 2.16088390e-04
0.14524 2.13840572e-04
0.14574 2.15603914e-04
0.14625 2.14602154e-04
0.14675 2.31659038e-04
0.14726 2.04212809e-04
0.14777 3.98521399e-04
0.14828 2.07597635e-04
0.14879 2.06489968e-04
0.14931 2.07372307e-04
0.14983 1.99963167e-04
0.15034 2.03778522e-04
0.15087 2.07347448e-04
0.15139 2.11855226e-04
0.15191 2.06838835e-04
0.15244 2.06379653e-04
0.15297 2.11205837e-04
0.15349 2.15802214e-04
0.15403 2.25965654e-04
0.15456 2.15705377e-04
0.15509 2.19039869e-04
0.15563 2.21291301e-04
0.15617 2.25430519e-04
0.15671 6.15275509e-04
0.15725 2.23263639e-04
0.15780 6.11012860e-04
0.15834 2.24996774e-04
0.15889 2.27571853e-04
0.15944 2.35923964e-04
0.15999 2.23033253e-04
0.16055 4.01576111e-04
0.16110 2.18841461e-04
0.16166 2.19996933e-04
0.16222 2.25774039e-04
0.16278 2.16762602e-04
0.16335 7.37080615e-04
0.16391 2.07630589e-04
0.16448 2.08296634e-04
0.16505 2.12944646e-04
0.16562 2.11923192e-04
0.16619 2.12629491e-04
0.16677 2.00812048e-04
0.16734 2.01068486e-04
0.16792 5.76769661e-04
0.16851 2.12120480e-04
0.16909 2.03918250e-04
0.16967 2.07783360e-04
0.17026 2.03040138e-04
0.17085 2.08395170e-04
0.17144 2.16282607e-04
0.17204 2.15527239e-04
0.17263 2.19318638e-04
0.17323 2.12915125e-04
0.17383 2.16458287e-04
0.17443 2.23121165e-04
0.17503 2.28460985e-04
0.17564 2.28876952e-04
0.17625 2.28493542e-04
0.17686 2.23414785e-04
0.17747 3.55871563e-04
0.17808 2.32000462e-04
0.17870 2.32474676e-04
0.17932 2.37999607e-04
0.17994 2.26038643e-04
0.18056 2.23940561e-04
0.18119 2.26353473e-04
0.18182 2.27632918e-04
0.18244 2.26418404e-04
0.18308 2.27422080e-04
0.18371 2.15281569e-04
0.18435 2.14656318e-04
0.18498 2.14871781e-04
0.18562 2.15015266e-04
0.18627 2.16177495e-04
0.18691 2.14088952e-04
0.18756 2.02717142e-04
0.18821 2.06991679e-04
0.18886 2.04169955e-04
0.18951 2.05495831e-04
0.19017 2.09951433e-04
0.19083 2.08662918e-04
0.19149 1.98441304e-04
0.19215 2.06983260e-04
0.19282 2.03084365e-04
0.19348 2.06736433e-04
0.19415 2.13058971e-04
0.19483 2.17385143e-04
0.19550 2.06316275e-04
0.19618 2.12811711e-04
0.19686 2.11938079e-04
0.19754 2.16798916e-04
0.19822 2.23467539e-04
0.19891 2.34822078e-04
0.19960 2.21791206e-04
0.20029 2.23492435e-04
0.20098 2.24625866e-04
0.20168 2.29777684e-04
0.20237 2.38475158e-04
0.20307 2.40420541e-04
0.20378 2.28657009e-04
0.20448 2.32177010e-04
0.20519 2.27198451e-04
0.20590 2.30586818e-04
0.20661 2.36211152e-04
0.20733 2.24470203e-04
0.20805 2.84374139e-04
0.20877 2.12370198e-04
0.20949 2.11689157e-04
0.21021 3.95835608e-04
0.21094 2.15698692e-04
0.21167 2.06686497e-04
0.21240 2.08401782e-04
0.21314 1.97605106e-04
0.21388 2.00862635e-04
0.21462 2.06793162e-04
0.21536 2.07844787e-04
0.21611 2.10651805e-04
0.21685 2.07025211e-04
0.21760 2.03201979e-04
0.21836 2.10523712e-04
0.21911 2.17353418e-04
0.21987 2.21207905e-04
0.22063 2.32654114e-04
0.22140 2.25150991e-04
0.22216 2.20397868e-04
0.22293 2.25996006e-04
0.22370 2.31230100e-04
0.22448 2.35083141e-04
0.22526 2.40066289e-04
0.22604 2.46447906e-04
0.22682 2.32074355e-04
0.22760 2.50087725e-04
0.22839 2.38562781e-04
0.22918 2.34883216e-04
0.22998 2.36501917e-04
0.23077 2.46870666e-04
0.23157 2.34729938e-04
0.23237 2.22893959e-04
0.23318 2.24021716e-04
0.23398 2.20613331e-04
0.23479 2.19491572e-04
0.23561 2.21519591e-04
0.23642 2.32315870e-04
0.23724 2.14332491e-04
0.23806 2.04487820e-04
0.23889 2.14271570e-04
0.23971 2.02011783e-04
0.24054 2.02228294e-04
0.24137 2.06735674e-04
0.24221 2.16797037e-04
0.24305 2.04797771e-04
0.24389 1.96830660e-04
0.24473 2.09078307e-04
0.24558 2.73084929e-04
0.24643 2.00443343e-04
0.24728 2.07218958e-04
0.24814 2.17659287e-04
0.24900 2.16518521e-04
0.24986 2.08837081e-04
0.25073 2.18220690e-04
0.25159 5.22380323e-04
0.25246 2.14855485e-04
0.25334 2.21595219e-04
0.25422 2.30918992e-04
0.25510 2.37040665e-04
0.25598 2.32098564e-04
0.25687 2.34014859e-04
0.25775 2.42051238e-04
0.25865 2.32234028e-04
0.25954 2.35078878e-04
0.26044 2.40766734e-04
0.26134 2.46481365e-04
0.26225 2.47248729e-04
0.26315 2.43501269e-04
0.26406 2.47369342e-04
0.26498 2.48161999e-04
0.26590 2.35830921e-04
0.26682 2.35887433e-04
0.26774 2.38143960e-04
0.26867 2.40386178e-04
0.26960 2.38801514e-04
0.27053 2.35568846e-04
0.27147 2.37322252e-04
0.27241 2.37290707e-04
0.27335 2.21698379e-04
0.27430 2.18787984e-04
0.27525 2.18821768e-04
0.27620 2.20129506e-04
0.27715 2.17984053e-04
0.27811 2.15811717e-04
0.27908 2.16727553e-04
0.28004 2.63776549e-04
0.28101 2.05371533e-04
0.28198 1.99900765e-04
0.28296 1.99531880e-04
0.28394 2.01128757e-04
0.28492 2.02721225e-04
0.28591 2.01733773e-04
0.28690 2.03380080e-04
0.28789 2.09611237e-04
0.28889 2.10588463e-04
0.28989 1.96885258e-04
0.29089 1.95060091e-04
0.29190 1.97330782e-04
0.29291 2.06831861e-04
0.29392 2.03884790e-04
0.29494 2.06596019e-04
0.29596 2.11552428e-04
0.29699 2.22282655e-04
0.29801 2.23979657e-04
0.29905 2.10881613e-04
0.30008 2.10065650e-04
0.30112 2.13802848e-04
0.30216 2.88609761e-04
0.30321 2.23094716e-04
0.30426 2.53082239e-04
0.30531 3.44721286e-04
0.30637 5.20286035e-04
0.30743 8.94293135e-04
0.30849 8.03649055e-04
0.30956 9.16256781e-04
0.31063 1.15728635e-03
0.31171 1.99923385e-03
0.31279 2.39655056e-03
0.31387 2.46708355e-03
0.31496 3.19769341e-03
0.31605 4.48316745e-03
0.31714 7.83128212e-03
0.31824 9.17983593e-03
0.31934 9.63531105e-03
0.32044 1.02075872e-02
0.32155 1.01906370e-02
0.32267 1.56020156e-02
0.32378 9.85640369e-03
0.32490 8.20530909e-03
0.32603 7.90466169e-03
0.32716 8.15817677e-03
0.32829 8.91276724e-03
0.32943 9.09154775e-03
0.33057 7.61004856e-03
0.33171 6.62456971e-03
0.33286 6.38725320e-03
0.33401 8.00859561e-03
0.33517 7.57925935e-03
0.33633 5.28381347e-03
0.33749 4.87590788e-03
0.33866 4.94002287e-03
0.33983 5.03997128e-03
0.34101 5.26197087e-03
0.34219 5.19916752e-03
0.34337 4.63788677e-03
0.34456 4.22390356e-03
0.34576 4.22037333e-03
0.34695 5.17773323e-03
0.34815 4.59446535e-03
0.34936 3.46201524e-03
0.35057 3.17444414e-03
0.35178 5.95569835e-03
0.35300 3.13929471e-03
0.35422 3.21880720e-03
0.35545 3.29147350e-03
0.35668 3.16318933e-03
0.35791 2.92738897e-03
0.35915 2.80792567e-03
0.36039 3.10139807e-03
0.36164 3.40387852e-03
0.36289 2.70621756e-03
0.36415 2.30093562e-03
0.36541 2.99942439e-03
0.36668 2.14934436e-03
0.36795 2.12671767e-03
0.36922 2.18139896e-03
0.37050 2.22926118e-03
0.37178 2.21023878e-03
0.37307 2.14254479e-03
0.37436 2.14712686e-03
0.37565 2.60554612e-03
0.37695 2.40078683e-03
0.37826 2.09302586e-03
0.37957 1.83807268e-03
0.38088 2.78951574e-03
0.38220 1.61132589e-03
0.38352 1.59625901e-03
0.38485 1.62641698e-03
0.38618 1.66937879e-03
0.38752 1.70076240e-03
0.38886 1.71439225e-03
0.39021 1.85287433e-03
0.39156 1.85964753e-03
0.39291 1.88188507e-03
0.39427 1.85710519e-03
0.39564 1.73850908e-03
0.39701 2.42626155e-03
0.39838 1.40158887e-03
0.39976 1.34587886e-03
0.40115 1.35184990e-03
0.40253 1.38198799e-03
0.40393 1.42323238e-03
0.40533 1.47077987e-03
0.40673 1.57908267e-03
0.40814 2.27380165e-03
0.40955 1.60523345e-03
0.41097 1.67268427e-03
0.41239 1.71462025e-03
0.41382 2.18122408e-03
0.41525 1.68897281e-03
0.41669 1.34421637e-03
0.41813 1.28084175e-03
0.41958 1.26574055e-03
0.42103 1.27602807e-03
0.42249 1.30475154e-03
0.42395 1.35501192e-03
0.42542 1.53643631e-03
0.42689 2.13916524e-03
0.42837 1.49180694e-03
0.42985 1.53220726e-03
0.43134 1.61620859e-03
0.43283 1.91788904e-03
0.43433 2.72980757e-03
0.43583 1.41945861e-03
0.43734 1.28426972e-03
0.43886 1.22825149e-03
0.44037 1.20603202e-03
0.44190 1.20678323e-03
0.44343 1.23095463e-03
0.44496 1.31575486e-03
0.44650 3.80996732e-03
0.44805 1.46843771e-03
0.44960 1.37069849e-03
0.45116 1.42042518e-03
0.45272 1.53258991e-03
0.45429 2.12913932e-03
0.45586 2.59051357e-03
0.45744 1.44787820e-03
0.45902 1.29595127e-03
0.46061 1.22546778e-03
0.46220 1.18929651e-03
0.46380 1.17767494e-03
0.46541 1.19295248e-03
0.46702 1.27836409e-03
0.46864 2.67018576e-03
0.47026 1.61174829e-03
0.47189 1.30181318e-03
0.47352 1.31546471e-03
0.47516 1.39212230e-03
0.47680 1.61658980e-03
0.47845 3.61203940e-03
0.48011 1.90678382e-03
0.48177 1.40321126e-03
0.48344 1.27870953e-03
0.48511 1.21338552e-03
0.48679 1.17701298e-03
0.48848 1.16539684e-03
0.49017 1.18845460e-03
0.49186 1.32674120e-03
0.49357 3.63517232e-03
0.49528 1.67742641e-03
0.49699 1.27066661e-03
0.49871 1.25606766e-03
0.50044 1.31084037e-03
0.50217 1.45200824e-03
0.50391 1.98772502e-03
0.50565 3.27093856e-03
0.50740 1.68893993e-03
0.50916 1.37188222e-03
0.51092 1.26544606e-03
0.51269 1.20579607e-03
0.51446 1.17012886e-03
0.51625 1.15799384e-03
0.51803 1.18416413e-03
0.51983 1.33235885e-03
0.52163 2.65220365e-03
0.52343 2.37695871e-03
0.52524 1.30640500e-03
0.52706 1.20783291e-03
0.52889 1.22181506e-03
0.53072 1.29419194e-03
0.53255 1.47267362e-03
0.53440 2.01716790e-03
0.53625 2.69286593e-03
0.53810 1.74411625e-03
0.53997 1.39886081e-03
0.54183 1.28151311e-03
0.54371 1.22178941e-03
0.54559 1.18659084e-03
0.54748 1.17335484e-03
0.54938 1.19600647e-03
0.55128 1.32138841e-03
0.55319 2.01507578e-03
0.55510 3.68608419e-03
0.55702 1.51672774e-03
0.55895 1.22394115e-03
0.56089 1.17942055e-03
0.56283 1.20660076e-03
0.56478 1.29300929e-03
0.56673 1.48646571e-03
0.56869 1.91600866e-03
0.57066 2.27032093e-03
0.57264 1.77993378e-03
0.57462 1.44608274e-03
0.57661 1.31441070e-03
0.57860 1.25543857e-03
0.58061 1.22771275e-03
0.58262 1.22442317e-03
0.58463 1.25889509e-03
0.58666 1.38759154e-03
0.58869 1.87658214e-03
0.59073 3.38291251e-03
0.59277 2.01985369e-03
0.59482 1.38132422e-03
0.59688 1.23400464e-03
0.59895 1.20723020e-03
0.60102 1.23570363e-03
0.60310 1.31548206e-03
0.60519 1.47021366e-03
0.60728 1.72994187e-03
0.60939 1.95953162e-03
0.61150 1.81817802e-03
0.61361 1.54430000e-03
0.61574 1.38005738e-03
0.61787 1.30029739e-03
0.62001 1.26559204e-03
0.62215 1.26142767e-03
0.62431 1.29270180e-03
0.62647 1.39109359e-03
0.62864 1.66389267e-03
0.63081 2.40516077e-03
0.63300 2.75484111e-03
0.63519 1.81524364e-03
0.63739 1.40809793e-03
0.63959 1.27583801e-03
0.64181 1.24120168e-03
0.64403 1.25534029e-03
0.64626 1.30717284e-03
0.64849 1.39926008e-03
0.65074 1.53370643e-03
0.65299 1.68099493e-03
0.65525 1.74427343e-03
0.65752 1.65740023e-03
0.65980 1.51150720e-03
0.66208 1.39746715e-03
0.66437 1.33036068e-03
0.66667 1.30095212e-03
0.66898 1.30435986e-03
0.67130 1.34778345e-03
0.67362 1.45921829e-03
0.67595 1.70767940e-03
0.67829 2.17509117e-03
0.68064 2.43362733e-03
0.68299 1.94949198e-03
0.68536 1.52558727e-03
0.68773 1.32746098e-03
0.69011 1.24441719e-03
0.69250 1.21852295e-03
0.69490 1.22698466e-03
0.69730 1.26122894e-03
0.69972 1.31766740e-03
0.70214 1.39214362e-03
0.70457 1.47153867e-03
0.70701 1.53090176e-03
0.70946 1.54309821e-03
0.71191 1.50544113e-03
0.71438 1.44436062e-03
0.71685 1.38853354e-03
0.71933 1.35252631e-03
0.72182 1.34101857e-03
0.72432 1.35719763e-03
0.72683 1.40867787e-03
0.72934 1.51212435e-03
0.73187 1.69472488e-03
0.73440 1.96547917e-03
0.73694 2.18496785e-03
0.73949 2.07924714e-03
0.74205 1.76604630e-03
0.74462 1.51208425e-03
0.74720 1.36118205e-03
0.74979 1.28036154e-03
0.75238 1.24185244e-03
0.75499 1.23194107e-03
0.75760 1.24233518e-03
0.76022 1.26822472e-03
0.76285 1.30573545e-03
0.76549 1.34994711e-03
0.76814 1.39356547e-03
0.77080 1.42732412e-03
0.77347 1.44334997e-03
0.77615 1.44002246e-03
0.77884 1.42361214e-03
0.78153 1.40465407e-03
0.78424 1.39309104e-03
0.78695 1.39637267e-03
0.78968 1.42049636e-03
0.79241 1.47203298e-03
0.79515 1.55933003e-03
0.79790 1.68978798e-03
0.80067 1.85438507e-03
0.80344 1.99495891e-03
0.80622 2.01127998e-03
0.80901 1.87552596e-03
0.81181 1.68243521e-03
0.81462 1.51688348e-03
0.81744 1.40041888e-03
0.82027 1.32553001e-03
0.82311 1.28068421e-03
0.82596 1.25703784e-03
0.82882 1.24866827e-03
0.83169 1.25159616e-03
0.83457 1.26288276e-03
0.83745 1.27997925e-03
0.84035 1.30032304e-03
0.84326 1.32120233e-03
0.84618 1.33995878e-03
0.84911 1.35452087e-03
0.85205 1.36407597e-03
0.85500 1.36952018e-03
0.85796 1.37338753e-03
0.86093 1.37931557e-03
0.86391 1.39139747e-03
0.86690 1.41374196e-03
0.86990 1.45027023e-03
0.87291 1.50440122e-03
0.87593 1.57786643e-03
0.87897 1.66752985e-03
0.88201 1.75975331e-03
0.88506 1.82655843e-03
0.88813 1.83563440e-03
0.89120 1.77649931e-03
0.89428 1.67225392e-03
0.89738 1.55802128e-03
0.90049 1.45729094e-03
0.90360 1.37834719e-03
0.90673 1.32059023e-03
0.90987 1.28056859e-03
0.91302 1.25454464e-03
0.91618 1.23935527e-03
0.91935 1.23251739e-03
0.92253 1.23209933e-03
0.92573 1.23655999e-03
0.92893 1.24461845e-03
0.93215 1.25517480e-03
0.93537 1.26728200e-03
0.93861 1.28016895e-03
0.94186 1.29330161e-03
0.94512 1.30646318e-03
0.94839 1.31982384e-03
0.95168 1.33397437e-03
0.95497 1.34990159e-03
0.95828 1.36890953e-03
0.96159 1.39248255e-03
0.96492 1.42208551e-03
0.96826 1.45886129e-03
0.97161 1.50313908e-03
0.97498 1.55366540e-03
0.97835 1.60659532e-03
0.98174 1.65469240e-03
0.98514 1.68783533e-03
0.98855 1.69601014e-03
0.99197 1.67416393e-03
0.99540 1.62541681e-03
0.99885 1.55950274e-03
1.00231 1.48614593e-03
1.00578 1.41548286e-03
1.00926 1.35361465e-03
1.01275 1.30243070e-03
1.01626 1.26183490e-03
1.01978 1.23081082e-03
1.02330 1.20805007e-03
1.02685 1.19226197e-03
1.03040 1.18229278e-03
1.03397 1.17715788e-03
1.03755 1.17603124e-03
1.04114 1.17822995e-03
1.04474 1.18319214e-03
1.04836 1.19046578e-03
1.05199 1.19970182e-03
1.05563 1.21065059e-03
1.05928 1.22316392e-03
1.06295 1.23719702e-03
1.06663 1.25280554e-03
1.07032 1.27013653e-03
1.07403 1.28940933e-03
1.07775 1.31087650e-03
1.08148 1.33476389e-03
1.08522 1.36118205e-03
1.08898 1.39000091e-03
1.09275 1.42068823e-03
1.09653 1.45213254e-03
1.10032 1.48249936e-03
1.10413 1.50927596e-03
1.10796 1.52926059e-03
1.11179 1.53930493e-03
1.11564 1.53702709e-03
1.11950 1.52157467e-03
1.12338 1.49398109e-03
1.12726 1.45690214e-03
1.13117 1.41387059e-03
1.13508 1.36844485e-03
1.13901 1.32359146e-03
1.14295 1.28142314e-03
1.14691 1.24321937e-03
1.15088 1.20959658e-03
1.15487 1.18071267e-03
1.15886 1.15644191e-03
1.16287 1.13650751e-03
1.16690 1.12056766e-03
1.17094 1.10826751e-03
1.17499 1.09926886e-03
1.17906 1.09326459e-03
1.18314 1.08998332e-03
1.18724 1.08919200e-03
1.19135 1.09069298e-03
1.19547 1.09432257e-03
1.19961 1.09994672e-03
1.20376 1.10756471e-03
1.20793 1.11702298e-03
1.21211 1.12824274e-03
1.21630 1.14116871e-03
1.22052 1.15574743e-03
1.22474 1.17191890e-03
1.22898 1.18960111e-03
1.23323 1.20867156e-03
1.23750 1.22894598e-03
1.24179 1.25015010e-03
1.24609 1.27189550e-03
1.25040 1.29365355e-03
1.25473 1.31474060e-03
1.25907 1.33432342e-03
1.26343 1.35144773e-03
1.26780 1.36510830e-03
1.27219 1.37434687e-03
1.27659 1.37837827e-03
1.28101 1.37671180e-03
1.28545 1.36924051e-03
1.28990 1.35627117e-03
1.29436 1.33848418e-03
1.29884 1.31683272e-03
1.30334 1.29399067e-03
1.30785 1.27003427e-03
1.31238 1.24529884e-03
1.31692 1.22053883e-03
1.32148 1.19637105e-03
1.32605 1.17326776e-03
1.33064 1.15156572e-03
1.33525 1.13148932e-03
1.33987 1.11316899e-03
1.34451 1.09666618e-03
1.34916 1.08199099e-03
1.35383 1.06911993e-03
1.35852 1.05800604e-03
1.36322 1.04859150e-03
1.36794 1.04081055e-03
1.37268 1.03459742e-03
1.37743 1.02988744e-03
1.38220 1.02661918e-03
1.38698 1.02473627e-03
1.39178 1.02418633e-03
1.39660 1.02492272e-03
1.40144 1.02657221e-03
1.40629 1.02877670e-03
1.41115 1.03233114e-03
1.41604 1.03717192e-03
1.42094 1.04323040e-03
1.42586 1.05043213e-03
1.43080 1.05868860e-03
1.43575 1.06789682e-03
1.44072 1.07793177e-03
1.44571 1.08864205e-03
1.45071 1.09984627e-03
1.45573 1.11132945e-03
1.46077 1.12284080e-03
1.46583 1.13409489e-03
1.47090 1.14477591e-03
1.47599 1.15454708e-03
1.48110 1.16306226e-03
1.48623 1.16998288e-03
1.49137 1.17499999e-03
1.49654 1.17785453e-03
1.50172 1.17903500e-03
1.50692 1.17933455e-03
1.51213 1.17745525e-03
1.51737 1.17343434e-03
1.52262 1.16738417e-03
1.52789 1.15948073e-03
1.53318 1.14995381e-03
1.53849 1.13906937e-03
1.54381 1.12711357e-03
1.54916 1.11437729e-03
1.55452 1.10114165e-03
1.55990 1.08766753e-03
1.56530 1.07418872e-03
1.57072 1.06090683e-03
1.57615 1.04799133e-03
1.58161 1.03557808e-03
1.58709 1.02377441e-03
1.59258 1.01266088e-03
1.59809 1.00229495e-03
1.60362 9.91901553e-04
1.60918 9.81924779e-04
1.61475 9.72807616e-04
1.62034 9.64547897e-04
1.62594 9.57134783e-04
1.63157 9.50553819e-04
1.63722 9.44785855e-04
1.64289 9.39810295e-04
1.64857 9.35603652e-04
1.65428 9.32143163e-04
1.66001 9.29404617e-04
1.66575 9.27363445e-04
1.67152 9.25994715e-04
1.67731 9.25272771e-04
1.68311 9.25171236e-04
1.68894 9.25662288e-04
1.69478 9.26717020e-04
1.70065 9.28431185e-04
1.70654 9.31671623e-04
1.71245 9.35384323e-04
1.71837 9.39529177e-04
1.72432 9.44062104e-04
1.73029 9.48935045e-04
1.73628 9.54092717e-04
1.74229 9.59475861e-04
1.74832 9.65018715e-04
1.75437 9.70649733e-04
1.76045 9.76291953e-04
1.76654 9.81862629e-04
1.77266 9.87276125e-04
1.77879 9.92442469e-04
1.78495 9.97270605e-04
1.79113 1.00166948e-03
1.79733 1.00555056e-03
1.80355 1.00872126e-03
1.80979 1.01106559e-03
1.81606 1.01257705e-03
1.82234 1.01319854e-03
1.82865 1.01288924e-03
1.83498 1.01162782e-03
1.84133 1.00941213e-03
1.84771 1.00625986e-03
1.85410 1.00220750e-03
1.86052 9.97308907e-04
1.86696 9.91633444e-04
1.87342 9.85263137e-04
1.87991 9.78289043e-04
1.88642 9.70809804e-04
1.89295 9.62925872e-04
1.89950 9.54739865e-04
1.90607 9.46845816e-04
1.91267 9.38867937e-04
1.91929 9.30846699e-04
1.92594 9.22857980e-04
1.93260 9.14970796e-04
1.93929 9.07246573e-04
1.94601 8.99740596e-04
1.95274 8.92499476e-04
1.95950 8.85563321e-04
1.96629 8.78965736e-04
1.97309 8.72733097e-04
1.97992 8.66887085e-04
1.98678 8.61442515e-04
1.99365 8.56410948e-04
2.00055 8.51794192e-04
2.00748 8.47516728e-04
2.01443 8.43609631e-04
2.02140 8.40071816e-04
2.02840 8.36901477e-04
2.03542 8.34093556e-04
2.04247 8.31643355e-04
2.04954 8.29543285e-04
2.05663 8.27785760e-04
2.06375 8.26361384e-04
2.07090 8.25261124e-04
2.07806 8.24474140e-04
2.08526 8.23988869e-04
2.09247 8.23794472e-04
2.09972 8.23878663e-04
2.10699 8.24228433e-04
2.11428 8.24830776e-04
2.12160 8.25671960e-04
2.12894 8.26738616e-04
2.13631 8.28015568e-04
2.14371 8.29487640e-04
2.15113 8.31140017e-04
2.15857 8.32955717e-04
2.16605 8.34918480e-04
2.17354 8.37010239e-04
2.18107 8.39214011e-04
2.18862 8.41509923e-04
2.19619 8.43879185e-04
2.20380 8.45710784e-04
2.21143 8.46958829e-04
2.21908 8.48182304e-04
2.22676 8.49353385e-04
2.23447 8.50442444e-04
2.24220 8.51421296e-04
2.24997 8.52261757e-04
2.25775 8.52935283e-04
2.26557 8.53415133e-04
2.27341 8.53674932e-04
2.28128 8.53690469e-04
2.28918 8.53438259e-04
2.29710 8.52896981e-04
2.30505 8.52048571e-04
2.31303 8.50875683e-04
2.32104 8.49365671e-04
2.32908 8.47507333e-04
2.33714 8.45293805e-04
2.34523 8.42720389e-04
2.35335 8.39786363e-04
2.36149 8.36494616e-04
2.36967 8.32850569e-04
2.37787 8.28863256e-04
2.38610 8.24544600e-04
2.39436 8.19909416e-04
2.40265 8.15506569e-04
2.41097 8.11960444e-04
2.41931 8.08157411e-04
2.42769 8.04114091e-04
2.43609 7.99849996e-04
2.44452 7.95383916e-04
2.45298 7.90737531e-04
2.46148 7.85931075e-04
2.47000 7.80986951e-04
2.47855 7.75926116e-04
2.48713 7.70770251e-04
2.49574 7.65541035e-04
2.50438 7.60259425e-04
2.51304 7.54944935e-04
2.52174 7.49617797e-04
2.53047 7.44296080e-04
2.53923 7.38997849e-04
2.54802 7.33739004e-04
2.55684 7.28536527e-04
2.56569 7.23403787e-04
2.57457 7.18354876e-04
2.58349 7.13401357e-04
2.59243 7.08555155e-04
2.60140 7.03831083e-04
2.61041 6.99263468e-04
2.61944 6.94829908e-04
2.62851 6.90537268e-04
2.63761 6.86392413e-04
2.64674 6.82400041e-04
2.65590 6.78564488e-04
2.66510 6.74889728e-04
2.67432 6.71378652e-04
2.68358 6.68033067e-04
2.69287 6.64855140e-04
2.70219 6.61845595e-04
2.71154 6.59004792e-04
2.72093 6.56332371e-04
2.73035 6.53828331e-04
2.73980 6.51491227e-04
2.74928 6.49319975e-04
2.75880 6.47312407e-04
2.76835 6.45466716e-04
2.77793 6.43780373e-04
2.78755 6.42250488e-04
2.79720 6.40873808e-04
2.80688 6.39951324e-04
2.81660 6.39305621e-04
2.82635 6.38809511e-04
2.83613 6.38459017e-04
2.84595 6.38248721e-04
2.85580 6.38174287e-04
2.86569 6.38230293e-04
2.87561 6.38410960e-04
2.88556 6.38711228e-04
2.89555 6.39125316e-04
2.90557 6.39646720e-04
2.91563 6.40269659e-04
2.92572 6.40987628e-04
2.93585 6.41794124e-04
2.94601 6.42682643e-04
2.95621 6.43646319e-04
2.96644 6.44677925e-04
2.97671 6.45770597e-04
2.98702 6.46917108e-04
2.99736 6.48110231e-04
3.00773 6.49099200e-04
3.01814 6.50036499e-04
3.02859 6.50998007e-04
3.03907 6.51976497e-04
3.04960 6.52964744e-04
3.06015 6.53955881e-04
3.07074 6.54942321e-04
3.08137 6.55917199e-04
3.09204 6.56873287e-04
3.10274 6.57804081e-04
3.11348 6.58701633e-04
3.12426 6.59560523e-04
3.13508 6.60373161e-04
3.14593 6.61133768e-04
3.15682 6.61835839e-04
3.16775 6.62473953e-04
3.17871 6.63041969e-04
3.18972 6.63534828e-04
3.20076 6.63947471e-04
3.21184 6.64274477e-04
3.22295 6.64512235e-04
3.23411 6.64656407e-04
3.24531 6.64703380e-04
3.25654 6.64649180e-04
3.26781 6.64492000e-04
3.27912 6.64228227e-04
3.29047 6.63856415e-04
3.30187 6.63374396e-04
3.31330 6.62781087e-04
3.32476 6.62075403e-04
3.33627 6.61256983e-04
3.34782 6.60325827e-04
3.35941 6.59281935e-04
3.37104 6.58126029e-04
3.38271 6.56858833e-04
3.39442 6.55482515e-04
3.40617 6.53997796e-04
3.41796 6.52406845e-04
3.42979 6.50712553e-04
3.44166 6.48917449e-04
3.45358 6.47023701e-04
3.46553 6.45035284e-04
3.47753 6.42954727e-04
3.48957 6.40785643e-04
3.50164 6.38862988e-04
3.51377 6.38959825e-04
3.52593 6.38970665e-04
3.53814 6.38898399e-04
3.55038 6.38746639e-04
3.56267 6.38518637e-04
3.57500 6.38217285e-04
3.58738 6.37846557e-04
3.59980 6.37409705e-04
3.61226 6.36909981e-04
3.62476 6.36352083e-04
3.63731 6.35738539e-04
3.64990 6.35073324e-04
3.66254 6.34360052e-04
3.67521 6.33602336e-04
3.68794 6.32803789e-04
3.70070 6.31967664e-04
3.71351 6.31097935e-04
3.72637 6.30197131e-04
3.73927 6.29269227e-04
3.75221 6.28317475e-04
3.76520 6.27344404e-04
3.77823 6.26353267e-04
3.79131 6.25347315e-04
3.80443 6.24329439e-04
3.81760 6.23301807e-04
3.83082 6.22267309e-04
3.84408 6.21228476e-04
3.85739 6.20187836e-04
3.87074 6.19147919e-04
3.88414 6.18110169e-04
3.89758 6.17077117e-04
3.91107 6.16050931e-04
3.92461 6.15033055e-04
3.93820 6.14025296e-04
3.95183 6.13029823e-04
3.96551 6.12047357e-04
3.97924 6.11080068e-04
3.99301 6.10128677e-04
4.00683 6.15692849e-04
4.02070 6.28116573e-04
4.03462 6.40814188e-04
4.04859 6.53793643e-04
4.06260 6.67061803e-04
4.07667 6.80627701e-04
4.09078 6.94498565e-04
4.10494 7.08683428e-04
4.11915 7.23190600e-04
4.13341 7.38028392e-04
4.14771 7.53205837e-04
4.16207 7.68731969e-04
4.17648 7.84615821e-04
4.19094 8.00866788e-04
4.20545 8.17494625e-04
4.22000 8.34508728e-04
4.23461 8.51919575e-04
4.24927 8.69736921e-04
4.26398 8.87971247e-04
4.27874 9.06633029e-04
4.29355 9.25733471e-04
4.30841 9.45283049e-04
4.32332 9.65293328e-04
4.33829 9.85775869e-04
4.35331 1.00674260e-03
4.36838 1.02820471e-03
4.38350 1.05017523e-03
4.39867 1.07266642e-03
4.41390 1.09569094e-03
4.42918 1.11926180e-03
4.44451 1.14339236e-03
4.45990 1.16809636e-03
4.47533 1.19338752e-03
4.49083 1.21927995e-03
4.50637 1.26352558e-03
4.52197 1.33641879e-03
4.53762 1.41358550e-03
4.55333 1.49527936e-03
4.56909 1.58176810e-03
4.58491 1.67333539e-03
4.60078 1.77028221e-03
4.61670 1.87292725e-03
4.63269 1.98160728e-03
4.64872 2.09668039e-03
4.66481 2.21852452e-03
4.68096 2.34754111e-03
4.69717 2.48415510e-03
4.71343 2.62881599e-03
4.72974 2.78200036e-03
4.74611 2.94421301e-03
4.76254 3.11598835e-03
4.77903 3.29789331e-03
4.79557 3.49052661e-03
4.81217 3.69452493e-03
4.82883 3.91055891e-03
4.84555 4.13934072e-03
4.86232 4.38162917e-03
4.87915 4.63821559e-03
4.89604 4.90995632e-03
4.91299 5.19773664e-03
4.92999 5.50251408e-03
4.94706 5.82527147e-03
4.96418 6.16710364e-03
4.98137 6.52913073e-03
4.99861 6.91253431e-03
5.01591 7.03730271e-03
5.03328 7.14002977e-03
5.05070 7.24445149e-03
5.06818 7.35059316e-03
5.08573 7.45848007e-03
5.10333 7.56813389e-03
5.12100 7.67957993e-03
5.13873 7.79285071e-03
5.15651 7.90796428e-03
5.17436 8.02494956e-03
5.19228 8.14383545e-03
5.21025 8.26464725e-03
5.22828 8.38741387e-03
5.24638 8.51216420e-03
5.26454 8.63892355e-03
5.28277 8.76772804e-03
5.30105 8.89860297e-03
5.31940 9.03158087e-03
5.33782 9.16669063e-03
5.35629 9.30396477e-03
5.37484 9.44343221e-03
5.39344 9.58513269e-03
5.41211 9.72909151e-03
5.43084 9.87534840e-03
5.44965 1.00239359e-02
5.46851 1.01748829e-02
5.48744 1.03282364e-02
5.50643 1.04160223e-02
5.52550 1.03718818e-02
5.54462 1.03280955e-02
5.56381 1.02846596e-02
5.58308 1.02415633e-02
5.60240 1.01988032e-02
5.62179 1.01563718e-02
5.64125 1.01142584e-02
5.66078 1.00724630e-02
5.68038 1.00309747e-02
5.70004 9.98979351e-03
5.71977 9.94890864e-03
5.73957 9.90831645e-03
5.75944 9.86801333e-03
5.77938 9.82799205e-03
5.79938 9.78825261e-03
5.81946 9.74878417e-03
5.83960 9.70959035e-03
5.85982 9.67065668e-03
5.88010 9.63199040e-03
5.90045 9.59358067e-03
5.92088 9.55542387e-03
5.94137 9.51752000e-03
5.96194 9.47986545e-03
5.98258 9.44245300e-03
6.00329 9.41451832e-03
6.02407 9.43579724e-03
6.04492 9.45723876e-03
6.06585 9.47885011e-03
6.08684 9.50062405e-03
6.10791 9.52256783e-03
6.12906 9.54467059e-03
6.15027 9.56694317e-03
6.17156 9.58937475e-03
6.19293 9.61197253e-03
6.21436 9.63473292e-03
6.23588 9.65765591e-03
6.25746 9.68074149e-03
6.27912 9.70398968e-03
6.30086 9.72740047e-03
6.32267 9.75097385e-03
6.34455 9.77471345e-03
6.36652 9.79861204e-03
6.38856 9.82267684e-03
6.41067 9.84690424e-03
6.43286 9.87129424e-03
6.45513 9.89585045e-03
6.47747 9.92056927e-03
6.49990 9.94545429e-03
6.52240 1.00180317e-02
6.54497 1.00914835e-02
6.56763 1.01656039e-02
6.59037 1.02403926e-02
6.61318 1.03158571e-02
6.63607 1.03920081e-02
6.65904 1.04688456e-02
6.68209 1.05463769e-02
6.70522 1.06246128e-02
6.72843 1.07035533e-02
6.75172 1.07832092e-02
6.77510 1.08635842e-02
6.79855 1.09446891e-02
6.82208 1.10265239e-02
6.84570 1.11091030e-02
6.86939 1.11924265e-02
6.89317 1.12765087e-02
6.91704 1.13613498e-02
6.94098 1.14469569e-02
6.96500 1.15333445e-02
6.98911 1.16205125e-02
7.01331 1.17868848e-02
7.03759 1.20213829e-02
7.06195 1.22607446e-02
7.08639 1.25050746e-02
7.11092 1.27544741e-02
7.13554 1.30090479e-02
7.16024 1.32689080e-02
7.18502 1.35341628e-02
7.20990 1.38049243e-02
7.23485 1.40813081e-02
7.25990 1.43634300e-02
7.28503 1.46514127e-02
7.31025 1.49453754e-02
7.33555 1.52454483e-02
7.36094 1.55517541e-02
7.38642 1.58644231e-02
7.41199 1.61835925e-02
7.43765 1.65093959e-02
7.46340 1.68419707e-02
7.48923 1.71814578e-02
7.51516 1.86027769e-02
7.54117 2.10124873e-02
7.56727 2.37331032e-02
7.59347 2.68043896e-02
7.61975 3.02705555e-02
7.64613 3.41830078e-02
7.67260 3.85978796e-02
7.69916 4.35788596e-02
7.72581 4.91974484e-02
7.75255 5.55338981e-02
7.77939 6.26782892e-02
7.80632 7.07315781e-02
7.83334 7.98067539e-02
7.86046 9.00303553e-02
7.88767 1.01543772e-01
7.91497 1.14504980e-01
7.94237 1.29090127e-01
7.96986 1.45495600e-01
7.99745 1.63940149e-01
8.02513 1.81647000e-01
8.05291 2.00866284e-01
8.08079 2.22047825e-01
8.10876 2.45383057e-01
8.13683 2.71081806e-01
8.16500 2.99374965e-01
8.19326 3.30517273e-01
8.22162 3.55032258e-01
8.25008 3.78102813e-01
8.27864 4.02636624e-01
8.30730 4.28731756e-01
8.33605 4.56495525e-01
8.36491 4.86046449e-01
8.39386 5.17514969e-01
8.42292 5.44269173e-01
8.45208 5.70551476e-01
8.48133 5.98156981e-01
8.51069 6.27167351e-01
8.54016 6.57671472e-01
8.56972 6.89767989e-01
8.59938 7.23564580e-01
8.62915 7.51997539e-01
8.65902 7.81502573e-01
8.68899 8.12292871e-01
8.71907 8.44442504e-01
8.74925 8.78030244e-01
8.77954 9.13141365e-01
8.80993 9.48345349e-01
8.84043 9.81753507e-01
8.87103 1.01643428e+00
8.90174 1.05244151e+00
8.93255 1.08983011e+00
8.96347 1.12865466e+00
8.99450 1.16896898e+00
9.02563 1.20560059e+00
9.05688 1.24182101e+00
9.08823 1.27862859e+00
9.11969 1.31596841e+00
9.15126 1.35377544e+00
9.18294 1.39197127e+00
9.21472 1.42411873e+00
9.24662 1.44846212e+00
9.27863 1.47204707e+00
9.31075 1.49478144e+00
9.34298 1.51657165e+00
9.37532 1.53732302e+00
9.40777 1.55354399e+00
9.44034 1.55759996e+00
9.47302 1.56018277e+00
9.50581 1.56127544e+00
9.53871 1.56089099e+00
9.57173 1.55902651e+00
9.60487 1.55410370e+00
9.63811 1.53875896e+00
9.67148 1.52250004e+00
9.70495 1.50537609e+00
9.73855 1.48743806e+00
9.77226 1.46874087e+00
9.80609 1.44802021e+00
9.84003 1.42096068e+00
9.87409 1.39385453e+00
9.90827 1.36673141e+00
9.94257 1.33962057e+00
9.97699 1.31255201e+00
10.01153 1.28514957e+00
10.04618 1.25715166e+00
10.08096 1.22943992e+00
10.11585 1.20202664e+00
10.15087 1.17492231e+00
10.18601 1.14813847e+00
10.22127 1.12130225e+00
10.25665 1.09458960e+00
10.29215 1.06826827e+00
10.32778 1.04234441e+00
10.36353 1.01682307e+00
10.39941 9.91709685e-01
10.43540 9.67111919e-01
10.47153 9.42923904e-01
10.50777 9.19147809e-01
10.54415 8.95786525e-01
10.58065 8.72842581e-01
10.61727 8.49034689e-01
10.65403 8.24280827e-01
10.69091 8.00051981e-01
10.72791 7.76350321e-01
10.76505 7.53176208e-01
10.80231 7.30342832e-01
10.83971 7.05276777e-01
10.87723 6.80865459e-01
10.91488 6.57110683e-01
10.95266 6.34012088e-01
10.99058 6.11567145e-01
11.02862 5.88437115e-01
11.06680 5.65600487e-01
11.10511 5.43503869e-01
11.14355 5.22138591e-01
11.18212 5.01493811e-01
11.22083 4.80298720e-01
11.25967 4.58847444e-01
11.29865 4.38244940e-01
11.33776 4.18471335e-01
11.37701 3.99505309e-01
11.41639 3.79407949e-01
11.45591 3.57685348e-01
11.49556 3.37117207e-01
11.53536 3.17656769e-01
11.57529 2.99256736e-01
11.61536 2.81392778e-01
11.65556 2.63824787e-01
11.69591 2.47310987e-01
11.73640 2.31795695e-01
11.77702 2.17224783e-01
11.81779 2.04339854e-01
11.85870 1.93172883e-01
11.89975 1.82602221e-01
11.94094 1.72597335e-01
11.98227 1.63128992e-01
12.02375 1.58789270e-01
12.06537 1.58013704e-01
12.10714 1.57243269e-01
12.14905 1.56477315e-01
12.19110 1.55715227e-01
12.23330 1.54956391e-01
12.27565 1.54200265e-01
12.31814 1.53446307e-01
12.36078 1.52693974e-01
12.40357 1.51942871e-01
12.44651 1.51192490e-01
12.48959 1.50442470e-01
12.53283 1.51634220e-01
12.57621 1.53462964e-01
12.61974 1.55315050e-01
12.66343 1.57190659e-01
12.70726 1.59089972e-01
12.75125 1.61013241e-01
12.79539 1.62960647e-01
12.83968 1.64932407e-01
12.88413 1.66928737e-01
12.92873 1.68949891e-01
12.97348 1.70996050e-01
13.01839 1.72496703e-01
13.06345 1.73183489e-01
13.10867 1.73874648e-01
13.15405 1.74570178e-01
13.19959 1.75270045e-01
13.24528 1.75974211e-01
13.29113 1.76682678e-01
13.33713 1.77395444e-01
13.38330 1.78112474e-01
13.42963 1.78833767e-01
13.47612 1.79559288e-01
13.52277 1.80274439e-01
13.56958 1.80977919e-01
13.61655 1.81684759e-01
13.66368 1.82394960e-01
13.71098 1.83108485e-01
13.75844 1.83825298e-01
13.80607 1.84545327e-01
13.85386 1.85268572e-01
13.90182 1.85994996e-01
13.94994 1.86724565e-01
13.99823 1.87457204e-01
14.04668 1.87841193e-01
14.09531 1.88212391e-01
14.14410 1.88584022e-01
14.19306 1.88956087e-01
14.24219 1.89328477e-01
14.29149 1.89701156e-01
14.34096 1.90074088e-01
14.39060 1.90447165e-01
14.44042 1.90820422e-01
14.49041 1.91193752e-01
14.54057 1.92761686e-01
14.59090 1.94625299e-01
14.64141 1.96502750e-01
14.69209 1.98394114e-01
14.74295 2.00299352e-01
14.79398 2.02218466e-01
14.84519 2.04151418e-01
14.89658 2.06098210e-01
14.94814 2.08058841e-01
14.99989 2.10033311e-01
15.05181 2.15803985e-01
15.10392 2.21729418e-01
15.15620 2.27805202e-01
15.20866 2.34035058e-01
15.26131 2.40422817e-01
15.31414 2.46972526e-01
15.36715 2.53688267e-01
15.42034 2.60574377e-01
15.47372 2.67635372e-01
15.52729 2.76333858e-01
15.58103 2.86767719e-01
15.63497 2.97590990e-01
15.68909 3.08819784e-01
15.74340 3.20471086e-01
15.79790 3.32562925e-01
15.85258 3.45114417e-01
15.90746 3.58145867e-01
15.96252 3.71679029e-01
16.01778 3.85106537e-01
16.07323 3.97662509e-01
16.12886 4.10649552e-01
16.18470 4.24083564e-01
16.24072 4.37982612e-01
16.29694 4.52364401e-01
16.35335 4.67247360e-01
16.40996 4.82651000e-01
16.46677 4.98594833e-01
16.52377 5.13142113e-01
16.58097 5.25304955e-01
16.63836 5.37738796e-01
16.69596 5.50445083e-01
16.75375 5.63425621e-01
16.81175 5.76680051e-01
16.86994 5.90207648e-01
16.92834 6.04005884e-01
16.98694 6.18071145e-01
17.04574 6.26978373e-01
17.10474 6.34332591e-01
17.16395 6.41643809e-01
17.22337 6.48902635e-01
17.28299 6.56099311e-01
17.34281 6.63222636e-01
17.40285 6.70261771e-01
17.46309 6.77204429e-01
17.52354 6.82069783e-01
17.58420 6.83683136e-01
17.64507 6.85114739e-01
17.70615 6.86360616e-01
17.76744 6.87416793e-01
17.82894 6.88280380e-01
17.89066 6.88948124e-01
17.95259 6.89416412e-01
18.01473 6.88641352e-01
18.07709 6.84349435e-01
18.13967 6.79931051e-01
18.20246 6.75389813e-01
18.26547 6.70729336e-01
18.32870 6.65953955e-01
18.39214 6.61068005e-01
18.45581 6.56075101e-01
18.51969 6.50441915e-01
18.58380 6.43554179e-01
18.64813 6.36652351e-01
18.71268 6.29739683e-01
18.77746 6.22819427e-01
18.84246 6.15893751e-01
18.90768 6.08966268e-01
18.97313 6.02039508e-01
19.03881 5.94565689e-01
19.10472 5.86754024e-01
19.17085 5.78997281e-01
19.23721 5.71296184e-01
19.30380 5.63651816e-01
19.37062 5.56064900e-01
19.43768 5.48536159e-01
19.50496 5.41083297e-01
19.57248 5.33902520e-01
19.64023 5.26791841e-01
19.70822 5.19750900e-01
19.77644 5.12778973e-01
19.84490 5.05876423e-01
19.91359 4.99042887e-01
19.98252 4.92278004e-01
20.05169 4.85908059e-01
20.12110 4.79714444e-01
20.19076 4.73585147e-01
20.26065 4.67520528e-01
20.33078 4.61519504e-01
20.40116 4.55581713e-01
20.47178 4.49706795e-01
20.54264 4.43894387e-01
20.61375 4.38144128e-01
20.68511 4.32454935e-01
20.75671 4.26826807e-01
20.82856 4.21259383e-01
20.90066 4.15751940e-01
20.97301 4.10304117e-01
21.04561 4.05511392e-01
21.11846 4.01116856e-01
21.19157 3.96763512e-01
21.26492 3.92451721e-01
21.33853 3.88180761e-01
21.41240 3.83950271e-01
21.48652 3.79759888e-01
21.56090 3.75609613e-01
21.63553 3.71498724e-01
21.71043 3.67427581e-01
21.78558 3.63395101e-01
21.86099 3.59401537e-01
21.93666 3.55446418e-01
22.01260 3.51621235e-01
22.08880 3.48285081e-01
22.16526 3.44983289e-01
22.24199 3.41709862e-01
22.31898 3.38464511e-01
22.39624 3.35247090e-01
22.47377 3.32057348e-01
22.55156 3.28895103e-01
22.62962 3.25760175e-01
22.70796 3.22652311e-01
22.78656 3.19571366e-01
22.86544 3.16517124e-01
22.94459 3.13489367e-01
23.02402 3.10609902e-01
23.10372 3.08034571e-01
23.18369 3.05479149e-01
23.26394 3.02943529e-01
23.34447 3.00427565e-01
23.42528 2.97931113e-01
23.50637 2.95454028e-01
23.58774 2.92996203e-01
23.66939 2.90557492e-01
23.75133 2.88137751e-01
23.83354 2.85736835e-01
23.91604 2.83354601e-01
23.99883 2.80990975e-01
24.08191 2.78636599e-01
24.16527 2.76300435e-01
24.24892 2.73982554e-01
24.33286 2.71682775e-01
24.41709 2.69400992e-01
24.50161 2.67137058e-01
24.58642 2.64890901e-01
24.67153 2.62662342e-01
24.75693 2.60451271e-01
24.84263 2.58257580e-01
24.92863 2.56081089e-01
25.01492 2.53925771e-01
25.10151 2.51806551e-01
25.18840 2.49703989e-01
25.27559 2.47617939e-01
25.36309 2.45548330e-01
25.45088 2.43495018e-01
25.53898 2.41457856e-01
25.62739 2.39436811e-01
25.71610 2.37431664e-01
25.80512 2.35442379e-01
25.89444 2.33468776e-01
25.98408 2.31510783e-01
26.07403 2.29587803e-01
26.16428 2.27684083e-01
26.25485 2.25795177e-01
26.34574 2.23921049e-01
26.43694 2.22061591e-01
26.52845 2.20216660e-01
26.62028 2.18386181e-01
26.71243 2.16570047e-01
26.80489 2.14768150e-01
26.89768 2.12980345e-01
26.99079 2.11206596e-01
27.08422 2.09394365e-01
27.17798 2.07591059e-01
27.27205 2.05802386e-01
27.36646 2.04028240e-01
27.46119 2.02268510e-01
27.55625 2.00523053e-01
27.65164 1.98791833e-01
27.74736 1.97074705e-01
27.84341 1.95371524e-01
27.93979 1.93682255e-01
28.03650 1.92026661e-01
28.13355 1.90417138e-01
28.23094 1.88820406e-01
28.32867 1.87236393e-01
28.42673 1.85664991e-01
28.52513 1.84106163e-01
28.62387 1.82559728e-01
28.72295 1.81025651e-01
28.82238 1.79503860e-01
28.92215 1.77994209e-01
29.02227 1.76478849e-01
29.12273 1.74914023e-01
29.22354 1.73362313e-01
29.32470 1.71823611e-01
29.42621 1.70297809e-01
29.52807 1.68784834e-01
29.63029 1.67284578e-01
29.73286 1.65796933e-01
29.83578 1.64321789e-01
29.93906 1.62859076e-01
30.04269 1.61385920e-01
30.14669 1.59893107e-01
30.25104 1.58413267e-01
30.35576 1.56946362e-01
30.46084 1.55492248e-01
30.56628 1.54050853e-01
30.67209 1.52622069e-01
30.77826 1.51205787e-01
30.88481 1.49801899e-01
30.99172 1.48410368e-01
31.09900 1.47031014e-01
31.20665 1.45663765e-01
31.31467 1.44308548e-01
31.42307 1.42965255e-01
31.53184 1.41633814e-01
31.64099 1.40314044e-01
31.75052 1.39005945e-01
31.86043 1.37709409e-01
31.97072 1.36424291e-01
32.08139 1.35106869e-01
32.19244 1.33785871e-01
32.30388 1.32476977e-01
32.41570 1.31180188e-01
32.52791 1.29895323e-01
32.64051 1.28622345e-01
32.75349 1.27361111e-01
32.86687 1.26111512e-01
32.98064 1.24873512e-01
33.09481 1.23647002e-01
33.20937 1.22431874e-01
33.32433 1.21227984e-01
33.43968 1.20035331e-01
33.55544 1.18853771e-01
33.67159 1.17683231e-01
33.78815 1.16523568e-01
33.90511 1.15374745e-01
34.02247 1.14244820e-01
34.14024 1.13159447e-01
34.25842 1.12083829e-01
34.37701 1.11017968e-01
34.49601 1.09961719e-01
34.61542 1.08915008e-01
34.73525 1.07877801e-01
34.85549 1.06849988e-01
34.97614 1.05831498e-01
35.09721 1.04822258e-01
35.21871 1.03822232e-01
35.34062 1.02831275e-01
35.46295 1.01849352e-01
35.58571 1.00876390e-01
35.70889 9.99123161e-02
35.83250 9.89570592e-02
35.95654 9.80105104e-02
36.08101 9.70815224e-02
36.20590 9.61656508e-02
36.33123 9.52580899e-02
36.45700 9.43587312e-02
36.58320 9.34675387e-02
36.70983 9.25844400e-02
36.83691 9.17093991e-02
36.96442 9.08422713e-02
37.09238 8.99830568e-02
37.22077 8.91316471e-02
37.34962 8.82880060e-02
37.47890 8.74520613e-02
37.60864 8.66237769e-02
37.73883 8.58030083e-02
37.86946 8.49897915e-02
38.00055 8.41842349e-02
38.13209 8.34416949e-02
38.26409 8.27055505e-02
38.39654 8.19756933e-02
38.52946 8.12521233e-02
38.66283 8.05347321e-02
38.79667 7.98235197e-02
38.93096 7.91184139e-02
39.06573 7.84193784e-02
39.20096 7.77263772e-02
39.33665 7.70393380e-02
39.47282 7.63581885e-02
39.60946 7.56829649e-02
39.74657 7.50135227e-02
39.88416 7.43498617e-02
40.02222 7.37047011e-02
40.16076 7.31311567e-02
40.29978 7.25620567e-02
40.43928 7.19973649e-02
40.57926 7.14370092e-02
40.71973 7.08809895e-02
40.86069 7.03292335e-02
41.00213 6.97817773e-02
41.14406 6.92385488e-02
41.28648 6.86994756e-02
41.42940 6.81645939e-02
41.57281 6.76338675e-02
41.71672 6.71071880e-02
41.86113 6.65846277e-02
42.00603 6.60660783e-02
42.15144 6.55515757e-02
42.29735 6.50410117e-02
42.44377 6.45344224e-02
42.59069 6.40317355e-02
42.73812 6.35329509e-02
42.88606 6.30379965e-02
43.03451 6.25469084e-02
43.18348 6.20595781e-02
43.33297 6.15760780e-02
43.48297 6.10962635e-02
43.63349 6.06202068e-02
43.78453 6.01477996e-02
43.93609 5.96790780e-02
44.08818 5.92140059e-02
44.24079 5.87525109e-02
44.39394 5.82945571e-02
44.54761 5.78402165e-02
44.70182 5.73893448e-02
44.85655 5.69420141e-02
45.01183 5.65005009e-02
45.16764 5.60910741e-02
45.32399 5.56846464e-02
45.48089 5.52811816e-02
45.63832 5.48806436e-02
45.79630 5.44829963e-02
45.95483 5.40882396e-02
46.11391 5.36963375e-02
46.27353 5.33073260e-02
46.43371 5.29210968e-02
46.59445 5.25376860e-02
46.75574 5.21570575e-02
46.91759 5.17792112e-02
47.08000 5.14040749e-02
47.24297 5.10316848e-02
47.40650 5.06620047e-02
47.57060 5.02949623e-02
47.73527 4.99306299e-02
47.90051 4.95689352e-02
48.06633 4.92098421e-02
48.23271 4.88533868e-02
48.39967 4.84994969e-02
48.56721 4.81482087e-02
48.73533 4.77994497e-02
48.90403 4.74532201e-02
49.07332 4.71094837e-02
49.24319 4.67682767e-02
49.41365 4.64295267e-02
49.58470 4.60932337e-02
49.75634 4.57593979e-02
49.92858 4.54279468e-02
50.10141 4.50938941e-02
50.27484 4.47587575e-02
50.44887 4.44261140e-02
50.62350 4.40959276e-02
50.79874 4.37681983e-02
50.97458 4.34428899e-02
51.15104 4.31200024e-02
51.32810 4.27995359e-02
51.50578 4.24814541e-02
51.68407 4.21657211e-02
51.86298 4.18523367e-02
52.04250 4.15412648e-02
52.22265 4.12325055e-02
52.40343 4.09260587e-02
52.58482 4.06218883e-02
52.76685 4.03199943e-02
52.94951 4.00203044e-02
53.13280 3.97228548e-02
53.31672 3.94276455e-02
53.50128 3.91346041e-02
53.68648 3.88437308e-02
53.87232 3.85550255e-02
54.05880 3.82684520e-02
54.24593 3.79840465e-02
54.43371 3.77017368e-02
54.62214 3.74215228e-02
54.81122 3.71433684e-02
55.00095 3.68674543e-02
55.19134 3.66177007e-02
55.38239 3.63696453e-02
55.57410 3.61233063e-02
55.76647 3.58786403e-02
55.95951 3.56356364e-02
56.15322 3.53942947e-02
56.34760 3.51545933e-02
56.54265 3.49165289e-02
56.73838 3.46800868e-02
56.93479 3.44452563e-02
57.13187 3.42120264e-02
57.32964 3.39803829e-02
57.52809 3.37503183e-02
57.72723 3.35218220e-02
57.92705 3.32948829e-02
58.12757 3.30694868e-02
58.32879 3.28456300e-02
58.53070 3.26232944e-02
58.73331 3.24024727e-02
58.93662 3.21831578e-02
59.14063 3.19653317e-02
59.34535 3.17489905e-02
59.55078 3.15341237e-02
59.75692 3.13207166e-02
59.96377 3.11087621e-02
60.17134 3.08703001e-02
60.37963 3.06277877e-02
60.58864 3.03871722e-02
60.79837 3.01484429e-02
61.00883 2.99115816e-02
61.22002 2.96765741e-02
61.43194 2.94434057e-02
61.64459 2.92120656e-02
61.85797 2.89825358e-02
62.07210 2.87548055e-02
62.28697 2.85288565e-02
62.50258 2.83046781e-02
62.71894 2.80822558e-02
62.93605 2.78615750e-02
63.15390 2.76426215e-02
63.37252 2.74253879e-02
63.59189 2.72098526e-02
63.81201 2.69960083e-02
64.03290 2.67838369e-02
64.25456 2.65733314e-02
64.47698 2.63644735e-02
64.70017 2.61572560e-02
64.92414 2.59516574e-02
65.14888 2.57779536e-02
65.37440 2.56207808e-02
65.60070 2.54645800e-02
65.82778 2.53093404e-02
66.05565 2.51550583e-02
66.28430 2.50017265e-02
66.51375 2.48493414e-02
66.74400 2.46978957e-02
66.97504 2.45473787e-02
67.20688 2.43977940e-02
67.43952 2.42491270e-02
67.67297 2.41013778e-02
67.90722 2.39545355e-02
68.14229 2.38085966e-02
68.37817 2.36635574e-02
68.61486 2.35194143e-02
68.85238 2.33761529e-02
69.09072 2.32337767e-02
69.32988 2.30922749e-02
69.56987 2.29516404e-02
69.81069 2.28118731e-02
70.05235 2.26678926e-02
70.29484 2.25065753e-02
70.53817 2.23464071e-02
70.78235 2.21873770e-02
71.02737 2.20294852e-02
71.27323 2.18727135e-02
71.51995 2.17170620e-02
71.76752 2.15625161e-02
72.01595 2.14090723e-02
72.26524 2.12567233e-02
72.51539 2.11054583e-02
72.76641 2.09552701e-02
73.01830 2.08061551e-02
73.27106 2.06580987e-02
73.52469 2.05110975e-02
73.77920 2.03651441e-02
74.03460 2.02202314e-02
74.29087 2.00763485e-02
74.54804 1.99334917e-02
74.80609 1.97916539e-02
75.06504 1.96410177e-02
75.32488 1.94624937e-02
75.58563 1.92855813e-02
75.84727 1.91102660e-02
76.10982 1.89365297e-02
76.37328 1.87643652e-02
76.63766 1.85937508e-02
76.90295 1.84246793e-02
77.16915 1.82571363e-02
77.43628 1.80911036e-02
77.70433 1.79265705e-02
77.97331 1.77635261e-02
78.24322 1.76019523e-02
78.51407 1.74418418e-02
78.78585 1.72831768e-02
79.05857 1.71259462e-02
79.33224 1.69701392e-02
79.60686 1.68157379e-02
79.88242 1.66627349e-02
80.15894 1.65292042e-02
80.43642 1.64100545e-02
80.71486 1.62917648e-02
80.99426 1.61743315e-02
81.27463 1.60577437e-02
81.55596 1.59419941e-02
81.83828 1.58270829e-02
82.12157 1.57130028e-02
82.40584 1.55997428e-02
82.69109 1.54873031e-02
82.97733 1.53756728e-02
83.26457 1.52648483e-02
83.55279 1.51548223e-02
83.84202 1.50455912e-02
84.13225 1.49371514e-02
84.42348 1.48294886e-02
84.71572 1.47226062e-02
85.00897 1.46164934e-02
85.30323 1.45111503e-02
85.59852 1.44065623e-02
85.89482 1.43027296e-02
86.19215 1.41996484e-02
86.49052 1.40973116e-02
86.78991 1.39957119e-02
87.09034 1.38948421e-02
87.39181 1.37947058e-02
87.69432 1.36952885e-02
87.99789 1.35965867e-02
88.30250 1.34986003e-02
88.60816 1.34013186e-02
88.91489 1.33047414e-02
89.22267 1.32088580e-02
89.53153 1.31136683e-02
89.84145 1.30191652e-02
90.15244 1.29253450e-02
90.46451 1.28322005e-02
90.77766 1.27397281e-02
91.09190 1.26479205e-02
91.40722 1.25567778e-02
91.72363 1.24662927e-02
92.04114 1.23764580e-02
92.35975 1.22872737e-02
92.67946 1.21987326e-02
93.00028 1.21108310e-02
93.32221 1.20235618e-02
93.64525 1.19369213e-02
93.96941 1.18509059e-02
94.29469 1.17655120e-02
94.62110 1.16807359e-02
94.94864 1.15965670e-02
95.27731 1.15130086e-02
95.60712 1.14300537e-02
95.93807 1.13476950e-02
96.27017 1.12659289e-02
96.60342 1.11847554e-02
96.93782 1.11041672e-02
97.27338 1.10241571e-02
97.61010 1.09447289e-02
97.94798 1.08658679e-02
98.28704 1.07875814e-02
98.62727 1.07098550e-02
98.96867 1.06326922e-02
99.31126 1.05560859e-02
99.65504 1.04800289e-02
100.00000 1.04045211e-02
