        2000  5.000000 3.710000
0.10000 1.73486748e+00
0.10035 1.73454792e+00
0.10069 1.73421971e+00
0.10104 1.73388309e+00
0.10139 1.73353782e+00
0.10174 1.73318388e+00
0.10210 1.73282154e+00
0.10245 1.73245029e+00
0.10280 1.73207063e+00
0.10316 1.73164225e+00
0.10352 1.73102318e+00
0.10387 1.73038506e+00
0.10423 1.72972765e+00
0.10459 1.72905069e+00
0.10496 1.72835445e+00
0.10532 1.72083675e+00
0.10568 1.70372475e+00
0.10605 1.63912005e+00
0.10642 1.60142966e+00
0.10679 1.55354815e+00
0.10716 1.49399919e+00
0.10753 1.42128121e+00
0.10790 1.33388821e+00
0.10827 1.23038613e+00
0.10865 1.10973075e+00
0.10902 1.10914086e+00
0.10940 9.72092469e-01
0.10978 9.71551798e-01
0.11016 8.26965183e-01
0.11054 8.26484862e-01
0.11092 7.20801060e-01
0.11131 7.20363280e-01
0.11169 7.19917091e-01
0.11208 7.19462492e-01
0.11247 7.18999237e-01
0.11286 7.18379667e-01
0.11325 7.17738331e-01
0.11364 7.17082403e-01
0.11403 7.16411883e-01
0.11443 7.15726769e-01
0.11482 7.15027063e-01
0.11522 7.14313012e-01
0.11562 7.13584121e-01
0.11602 7.12840637e-01
0.11642 7.12082807e-01
0.11682 7.11310138e-01
0.11723 7.10522876e-01
0.11763 7.09720774e-01
0.11804 7.08904327e-01
0.11845 7.08073039e-01
0.11886 7.07227159e-01
0.11927 7.06366934e-01
0.11968 7.05491621e-01
0.12010 7.04601963e-01
0.12051 7.03697713e-01
0.12093 7.02778869e-01
0.12135 7.01845186e-01
0.12177 7.00897157e-01
0.12219 6.99934536e-01
0.12262 6.98957322e-01
0.12304 6.97965763e-01
0.12347 6.96959363e-01
0.12389 6.97765423e-01
0.12432 7.02521148e-01
0.12475 7.06960287e-01
0.12518 7.09899349e-01
0.12562 7.11131069e-01
0.12605 7.12334345e-01
0.12649 7.12788449e-01
0.12693 7.12561892e-01
0.12737 7.12333851e-01
0.12781 7.12257177e-01
0.12825 7.12291062e-01
0.12869 7.12325441e-01
0.12914 7.12306891e-01
0.12959 7.12254704e-01
0.13003 7.12202269e-01
0.13048 7.12044471e-01
0.13094 7.11818408e-01
0.13139 7.11591109e-01
0.13184 7.11414265e-01
0.13230 7.11273780e-01
0.13276 7.11132800e-01
0.13322 7.10961645e-01
0.13368 7.10761800e-01
0.13414 7.10560965e-01
0.13461 7.10354689e-01
0.13507 7.10034393e-01
0.13554 7.09711623e-01
0.13601 7.09386132e-01
0.13648 7.08895423e-01
0.13695 7.08381464e-01
0.13743 7.07862064e-01
0.13790 7.07268464e-01
0.13838 7.06643205e-01
0.13886 7.06010032e-01
0.13934 7.05160689e-01
0.13982 7.04112491e-01
0.14031 7.03045989e-01
0.14079 7.01866209e-01
0.14128 7.00434891e-01
0.14177 6.98973151e-01
0.14226 6.97480989e-01
0.14275 6.95941834e-01
0.14324 6.94372009e-01
0.14374 6.92771268e-01
0.14424 6.90689216e-01
0.14474 6.88368487e-01
0.14524 6.85990625e-01
0.14574 6.82894011e-01
0.14625 6.78482079e-01
0.14675 6.73903939e-01
0.14726 6.69162312e-01
0.14777 6.65967755e-01
0.14828 6.62759841e-01
0.14879 6.59485890e-01
0.14931 6.54540707e-01
0.14983 6.48040045e-01
0.15034 6.41326182e-01
0.15087 6.34436217e-01
0.15139 6.27766132e-01
0.15191 6.20928355e-01
0.15244 6.13930800e-01
0.15297 6.06539985e-01
0.15349 5.98798205e-01
0.15403 5.90903325e-01
0.15456 5.82864991e-01
0.15509 5.73761641e-01
0.15563 5.63722381e-01
0.15617 5.53485996e-01
0.15671 5.42951327e-01
0.15725 5.31680842e-01
0.15780 5.22180769e-01
0.15834 5.10093589e-01
0.15889 4.97877301e-01
0.15944 4.85780475e-01
0.15999 4.73756117e-01
0.16055 4.61852953e-01
0.16110 4.51045229e-01
0.16166 4.41042574e-01
0.16222 4.31153693e-01
0.16278 4.21410491e-01
0.16335 4.06330083e-01
0.16391 3.90719145e-01
0.16448 3.75501219e-01
0.16505 3.61188534e-01
0.16562 3.54974037e-01
0.16619 3.49426350e-01
0.16677 3.43333541e-01
0.16734 4.38141601e-01
0.16792 4.19149369e-01
0.16851 3.12146044e-01
0.16909 3.22575843e-01
0.16967 2.95223250e-01
0.17026 3.04017929e-01
0.17085 2.91755637e-01
0.17144 2.84136039e-01
0.17204 2.82973325e-01
0.17263 2.76650495e-01
0.17323 2.72622919e-01
0.17383 2.66399765e-01
0.17443 2.56138647e-01
0.17503 2.46996589e-01
0.17564 2.32475402e-01
0.17625 2.16835476e-01
0.17686 2.04442988e-01
0.17747 1.91798640e-01
0.17808 1.86493785e-01
0.17870 1.83346444e-01
0.17932 1.77109365e-01
0.17994 1.63280563e-01
0.18056 1.50437408e-01
0.18119 1.37907700e-01
0.18182 1.27191266e-01
0.18244 1.20201230e-01
0.18308 1.23780959e-01
0.18371 1.24481284e-01
0.18435 1.19059465e-01
0.18498 1.06903353e-01
0.18562 1.02766951e-01
0.18627 9.58500265e-02
0.18691 8.92908949e-02
0.18756 8.31777795e-02
0.18821 7.78769068e-02
0.18886 7.39343640e-02
0.18951 6.93605523e-02
0.19017 6.39598806e-02
0.19083 6.05802437e-02
0.19149 6.11869277e-02
0.19215 6.00317573e-02
0.19282 5.85918569e-02
0.19348 6.02617031e-02
0.19415 6.04330309e-02
0.19483 5.96298654e-02
0.19550 5.83900576e-02
0.19618 5.80935544e-02
0.19686 5.71181954e-02
0.19754 5.61270565e-02
0.19822 5.50427225e-02
0.19891 5.43285475e-02
0.19960 5.37106346e-02
0.20029 4.72576090e-02
0.20098 4.31100516e-02
0.20168 3.91775011e-02
0.20237 3.56894333e-02
0.20307 2.13735994e-02
0.20378 1.91044100e-02
0.20448 2.33638140e-02
0.20519 1.66091259e-02
0.20590 2.17417377e-02
0.20661 1.67656582e-02
0.20733 6.61900605e-03
0.20805 1.43192718e-02
0.20877 1.22876214e-02
0.20949 9.81365243e-03
0.21021 9.22260243e-03
0.21094 9.47087069e-03
0.21167 6.27613775e-03
0.21240 6.76881833e-03
0.21314 1.20029036e-02
0.21388 6.79703164e-03
0.21462 2.89762625e-03
0.21536 2.00531312e-04
0.21611 2.57160134e-04
0.21685 1.21304856e-03
0.21760 4.70784655e-04
0.21836 3.09034343e-04
0.21911 2.02270362e-04
0.21987 2.01224662e-04
0.22063 5.21859730e-04
0.22140 2.43712670e-02
0.22216 4.51955415e-02
0.22293 5.89493525e-02
0.22370 3.82789391e-02
0.22448 2.07632425e-01
0.22526 6.53958485e-01
0.22604 1.73866800e-01
0.22682 3.67226930e-02
0.22760 7.51159495e-03
0.22839 1.44337624e-03
0.22918 5.37043771e-04
0.22998 4.98562414e-04
0.23077 5.01936535e-04
0.23157 5.04843444e-04
0.23237 5.03688892e-04
0.23318 5.01099559e-04
0.23398 4.99630894e-04
0.23479 5.00274950e-04
0.23561 5.03254080e-04
0.23642 5.07124352e-04
0.23724 5.08317983e-04
0.23806 5.04482832e-04
0.23889 4.96405915e-04
0.23971 4.90159264e-04
0.24054 4.86520496e-04
0.24137 4.80743531e-04
0.24221 4.75653164e-04
0.24305 4.77886089e-04
0.24389 4.80738585e-04
0.24473 4.83517622e-04
0.24558 4.82688561e-04
0.24643 4.79612971e-04
0.24728 4.77048124e-04
0.24814 4.74117966e-04
0.24900 4.70513825e-04
0.24986 4.64287208e-04
0.25073 4.59211186e-04
0.25159 4.57398975e-04
0.25246 4.60376373e-04
0.25334 4.64287703e-04
0.25422 4.67881951e-04
0.25510 4.68941774e-04
0.25598 4.71967897e-04
0.25687 4.74199091e-04
0.25775 4.77395380e-04
0.25865 4.78844259e-04
0.25954 4.79225647e-04
0.26044 4.80374263e-04
0.26134 4.79876381e-04
0.26225 4.80024039e-04
0.26315 4.81619091e-04
0.26406 4.85142107e-04
0.26498 4.90587893e-04
0.26590 4.93923677e-04
0.26682 5.48308815e-04
0.26774 3.05648350e-03
0.26867 3.00064800e-02
0.26960 4.56349045e-02
0.27053 5.02239271e-02
0.27147 5.69141207e-02
0.27241 6.25975686e-02
0.27335 6.93564466e-02
0.27430 7.62950617e-02
0.27525 8.41470047e-02
0.27620 8.91502612e-02
0.27715 9.61027765e-02
0.27811 1.00647205e-01
0.27908 1.07097139e-01
0.28004 1.14889771e-01
0.28101 1.18549686e-01
0.28198 1.21811271e-01
0.28296 1.24852778e-01
0.28394 1.29888708e-01
0.28492 1.32128410e-01
0.28591 1.36081638e-01
0.28690 1.40340594e-01
0.28789 1.44947474e-01
0.28889 1.50313667e-01
0.28989 1.53099729e-01
0.29089 1.57146350e-01
0.29190 1.60510998e-01
0.29291 1.64894264e-01
0.29392 1.70585800e-01
0.29494 1.76027579e-01
0.29596 1.79108684e-01
0.29699 1.82400666e-01
0.29801 1.87067376e-01
0.29905 1.90526976e-01
0.30008 1.94573102e-01
0.30112 1.99118619e-01
0.30216 2.02589225e-01
0.30321 2.05939651e-01
0.30426 2.10961878e-01
0.30531 2.14054980e-01
0.30637 2.19089128e-01
0.30743 2.22885472e-01
0.30849 2.25722608e-01
0.30956 2.30685846e-01
0.31063 2.32438450e-01
0.31171 2.35801615e-01
0.31279 2.37805039e-01
0.31387 2.41322119e-01
0.31496 2.44447374e-01
0.31605 2.45584217e-01
0.31714 2.48076075e-01
0.31824 2.50707455e-01
0.31934 2.53847351e-01
0.32044 2.56256625e-01
0.32155 2.58720807e-01
0.32267 2.61023728e-01
0.32378 2.63672668e-01
0.32490 2.66739354e-01
0.32603 2.67675263e-01
0.32716 2.71311805e-01
0.32829 2.73891492e-01
0.32943 2.75719285e-01
0.33057 2.78438715e-01
0.33171 2.81237292e-01
0.33286 2.82578333e-01
0.33401 2.87440412e-01
0.33517 2.88128988e-01
0.33633 2.90775702e-01
0.33749 2.94097636e-01
0.33866 2.96484897e-01
0.33983 2.98033699e-01
0.34101 3.01613601e-01
0.34219 3.03266777e-01
0.34337 3.06387877e-01
0.34456 3.08236446e-01
0.34576 3.08815206e-01
0.34695 3.09869093e-01
0.34815 3.12346384e-01
0.34936 3.13572910e-01
0.35057 3.16209236e-01
0.35178 3.16758563e-01
0.35300 3.21483125e-01
0.35422 3.23023517e-01
0.35545 3.24664573e-01
0.35668 3.27258605e-01
0.35791 3.29374047e-01
0.35915 3.30581776e-01
0.36039 3.32134040e-01
0.36164 3.35029077e-01
0.36289 3.37502905e-01
0.36415 3.38890445e-01
0.36541 3.40703645e-01
0.36668 3.43832412e-01
0.36795 3.46411851e-01
0.36922 3.47613891e-01
0.37050 3.51513101e-01
0.37178 3.52062676e-01
0.37307 3.55133319e-01
0.37436 3.55534741e-01
0.37565 3.58550229e-01
0.37695 3.59934307e-01
0.37826 3.62443256e-01
0.37957 3.63076677e-01
0.38088 3.66423097e-01
0.38220 3.66710745e-01
0.38352 3.68982749e-01
0.38485 3.70423961e-01
0.38618 3.71786767e-01
0.38752 3.72115226e-01
0.38886 3.72183985e-01
0.39021 3.74221269e-01
0.39156 3.73043468e-01
0.39291 3.74695407e-01
0.39427 3.74434718e-01
0.39564 3.75743853e-01
0.39701 3.76564011e-01
0.39838 3.76412395e-01
0.39976 3.77951798e-01
0.40115 3.77445012e-01
0.40253 3.79195885e-01
0.40393 3.79703907e-01
0.40533 3.80338565e-01
0.40673 3.80976685e-01
0.40814 3.81101588e-01
0.40955 3.82151518e-01
0.41097 3.83024110e-01
0.41239 3.84785123e-01
0.41382 3.84857345e-01
0.41525 3.85340634e-01
0.41669 3.86630725e-01
0.41813 3.87787503e-01
0.41958 3.88221573e-01
0.42103 3.90007567e-01
0.42249 3.90744125e-01
0.42395 3.92148731e-01
0.42542 3.92776216e-01
0.42689 3.94046767e-01
0.42837 3.94130119e-01
0.42985 3.96486958e-01
0.43134 3.96797609e-01
0.43283 3.97812417e-01
0.43433 3.99054525e-01
0.43583 3.98732745e-01
0.43734 4.01019589e-01
0.43886 4.01357446e-01
0.44037 4.02887697e-01
0.44190 4.03937133e-01
0.44343 4.03665808e-01
0.44496 4.05506215e-01
0.44650 4.04694220e-01
0.44805 4.06537101e-01
0.44960 4.06694157e-01
0.45116 4.06597450e-01
0.45272 4.08200417e-01
0.45429 4.08635477e-01
0.45586 4.07198717e-01
0.45744 4.09209043e-01
0.45902 4.07884325e-01
0.46061 4.09113572e-01
0.46220 4.10158061e-01
0.46380 4.09336419e-01
0.46541 4.11184494e-01
0.46702 4.11620048e-01
0.46864 4.10525351e-01
0.47026 4.12047687e-01
0.47189 4.13496813e-01
0.47352 4.12593305e-01
0.47516 4.14873223e-01
0.47680 4.13773085e-01
0.47845 4.14300647e-01
0.48011 4.16792530e-01
0.48177 4.15125998e-01
0.48344 4.15378031e-01
0.48511 4.17699501e-01
0.48679 4.15949371e-01
0.48848 4.16391355e-01
0.49017 4.17717309e-01
0.49186 4.17129398e-01
0.49357 4.16685435e-01
0.49528 4.18085341e-01
0.49699 4.17499161e-01
0.49871 4.17022055e-01
0.50044 4.18541424e-01
0.50217 4.17133108e-01
0.50391 4.18193426e-01
0.50565 4.17498914e-01
0.50740 4.18882249e-01
0.50916 4.16941672e-01
0.51092 4.18436802e-01
0.51269 4.19459525e-01
0.51446 4.17997291e-01
0.51625 4.19671985e-01
0.51803 4.19592343e-01
0.51983 4.18324513e-01
0.52163 4.20793394e-01
0.52343 4.18476870e-01
0.52524 4.19687567e-01
0.52706 4.20040511e-01
0.52889 4.20368228e-01
0.53072 4.20564858e-01
0.53255 4.21065213e-01
0.53440 4.20305405e-01
0.53625 4.20801803e-01
0.53810 4.21980347e-01
0.53997 4.21531437e-01
0.54183 4.21972679e-01
0.54371 4.22240789e-01
0.54559 4.23092357e-01
0.54748 4.22556139e-01
0.54938 4.23077023e-01
0.55128 4.23957282e-01
0.55319 4.24196206e-01
0.55510 4.23121543e-01
0.55702 4.24539752e-01
0.55895 4.25032687e-01
0.56089 4.24381211e-01
0.56283 4.24705960e-01
0.56478 4.24986683e-01
0.56673 4.24367855e-01
0.56869 4.25615405e-01
0.57066 4.24408665e-01
0.57264 4.25224371e-01
0.57462 4.24735393e-01
0.57661 4.24312453e-01
0.57860 4.25318852e-01
0.58061 4.24995093e-01
0.58262 4.23720337e-01
0.58463 4.23551655e-01
0.58666 4.27178799e-01
0.58869 4.23476961e-01
0.59073 4.23670128e-01
0.59277 4.25116039e-01
0.59482 4.24848671e-01
0.59688 4.23631049e-01
0.59895 4.24646353e-01
0.60102 4.23051547e-01
0.60310 4.25998524e-01
0.60519 4.21911341e-01
0.60728 4.23770793e-01
0.60939 4.24973822e-01
0.61150 4.24478413e-01
0.61361 4.22837851e-01
0.61574 4.23620414e-01
0.61787 4.24480887e-01
0.62001 4.22756231e-01
0.62215 4.23028793e-01
0.62431 4.21945967e-01
0.62647 4.23480918e-01
0.62864 4.20679621e-01
0.63081 4.21415932e-01
0.63300 4.21239583e-01
0.63519 4.20505003e-01
0.63739 4.20281661e-01
0.63959 4.18498635e-01
0.64181 4.19795404e-01
0.64403 4.19385325e-01
0.64626 4.18656929e-01
0.64849 4.16636215e-01
0.65074 4.17740311e-01
0.65299 4.18363344e-01
0.65525 4.16992128e-01
0.65752 4.15721577e-01
0.65980 4.15807401e-01
0.66208 4.16968879e-01
0.66437 4.15237545e-01
0.66667 4.14401559e-01
0.66898 4.15275635e-01
0.67130 4.14508654e-01
0.67362 4.14164366e-01
0.67595 4.14401311e-01
0.67829 4.11720218e-01
0.68064 4.12991511e-01
0.68299 4.15717372e-01
0.68536 4.11576023e-01
0.68773 4.11175095e-01
0.69011 4.12667010e-01
0.69250 4.11967799e-01
0.69490 4.11651954e-01
0.69730 4.12212411e-01
0.69972 4.11120682e-01
0.70214 4.09621100e-01
0.70457 4.12646481e-01
0.70701 4.11144179e-01
0.70946 4.09695547e-01
0.71191 4.11127360e-01
0.71438 4.10515457e-01
0.71685 4.11327205e-01
0.71933 4.09367336e-01
0.72182 4.09155371e-01
0.72432 4.10911933e-01
0.72683 4.11520620e-01
0.72934 4.07603849e-01
0.73187 4.10706646e-01
0.73440 4.09480367e-01
0.73694 4.09947827e-01
0.73949 4.08818503e-01
0.74205 4.09588947e-01
0.74462 4.07007281e-01
0.74720 4.10210990e-01
0.74979 4.08092085e-01
0.75238 4.07403262e-01
0.75499 4.07750271e-01
0.75760 4.07038198e-01
0.76022 4.08302319e-01
0.76285 4.07058232e-01
0.76549 4.05989999e-01
0.76814 4.05409261e-01
0.77080 4.07063179e-01
0.77347 4.06911316e-01
0.77615 4.03889150e-01
0.77884 4.04612353e-01
0.78153 4.04395441e-01
0.78424 4.04459748e-01
0.78695 4.04126343e-01
0.78968 4.04302939e-01
0.79241 4.01797205e-01
0.79515 4.01573863e-01
0.79790 4.01896633e-01
0.80067 4.03825833e-01
0.80344 4.01818228e-01
0.80622 3.99837583e-01
0.80901 4.00510577e-01
0.81181 3.99375317e-01
0.81462 3.99933301e-01
0.81744 4.02261697e-01
0.82027 3.98666459e-01
0.82311 3.96731076e-01
0.82596 3.97555933e-01
0.82882 4.00427225e-01
0.83169 3.98222249e-01
0.83457 3.94048004e-01
0.83745 3.93267667e-01
0.84035 3.97539361e-01
0.84326 3.96868346e-01
0.84618 3.92959737e-01
0.84911 3.91459166e-01
0.85205 3.92386419e-01
0.85500 3.92239750e-01
0.85796 3.90533397e-01
0.86093 3.93029485e-01
0.86391 3.90831187e-01
0.86690 3.89133491e-01
0.86990 3.86321805e-01
0.87291 3.88664299e-01
0.87593 3.89835917e-01
0.87897 3.89240586e-01
0.88201 3.83892250e-01
0.88506 3.85606270e-01
0.88813 3.87714787e-01
0.89120 3.88453819e-01
0.89428 3.84090364e-01
0.89738 3.84379249e-01
0.90049 3.85957236e-01
0.90360 3.83403272e-01
0.90673 3.82423832e-01
0.90987 3.88501059e-01
0.91302 3.84617926e-01
0.91618 3.81528980e-01
0.91935 3.85031715e-01
0.92253 3.82865569e-01
0.92573 3.83004818e-01
0.92893 3.86335903e-01
0.93215 3.84357731e-01
0.93537 3.82243526e-01
0.93861 3.80344253e-01
0.94186 3.80377643e-01
0.94512 3.84873174e-01
0.94839 3.85736615e-01
0.95168 3.81150313e-01
0.95497 3.76629059e-01
0.95828 3.77397029e-01
0.96159 3.83167811e-01
0.96492 3.82404045e-01
0.96826 3.78864211e-01
0.97161 3.77780643e-01
0.97498 3.77650051e-01
0.97835 3.74932600e-01
0.98174 3.77318130e-01
0.98514 3.80067982e-01
0.98855 3.76024329e-01
0.99197 3.73954149e-01
0.99540 3.73557179e-01
0.99885 3.73795361e-01
1.00231 3.75865294e-01
1.00578 3.74429524e-01
1.00926 3.72861183e-01
1.01275 3.71903509e-01
1.01626 3.72392981e-01
1.01978 3.71082609e-01
1.02330 3.72176317e-01
1.02685 3.71808533e-01
1.03040 3.68950843e-01
1.03397 3.70469470e-01
1.03755 3.71110311e-01
1.04114 3.67111178e-01
1.04474 3.65368962e-01
1.04836 3.68648107e-01
1.05199 3.68427486e-01
1.05563 3.67001857e-01
1.05928 3.65538138e-01
1.06295 3.64476583e-01
1.06663 3.65790171e-01
1.07032 3.62528091e-01
1.07403 3.61047307e-01
1.07775 3.63969797e-01
1.08148 3.66508427e-01
1.08522 3.62580773e-01
1.08898 3.59025109e-01
1.09275 3.56940089e-01
1.09653 3.60437877e-01
1.10032 3.63226313e-01
1.10413 3.60531864e-01
1.10796 3.58520055e-01
1.11179 3.58872505e-01
1.11564 3.56096683e-01
1.11950 3.55712574e-01
1.12338 3.58325651e-01
1.12726 3.58260355e-01
1.13117 3.56010116e-01
1.13508 3.54076959e-01
1.13901 3.55028203e-01
1.14295 3.58240568e-01
1.14691 3.51963495e-01
1.15088 3.47242644e-01
1.15487 3.54087594e-01
1.15886 3.59112913e-01
1.16287 3.54856553e-01
1.16690 3.49885401e-01
1.17094 3.49169865e-01
1.17499 3.46754655e-01
1.17906 3.49802544e-01
1.18314 3.55728898e-01
1.18724 3.53991381e-01
1.19135 3.46953017e-01
1.19547 3.44842521e-01
1.19961 3.43709735e-01
1.20376 3.48602483e-01
1.20793 3.49667500e-01
1.21211 3.47760065e-01
1.21630 3.46345813e-01
1.22052 3.44244717e-01
1.22474 3.44266729e-01
1.22898 3.42681817e-01
1.23323 3.45171722e-01
1.23750 3.44326831e-01
1.24179 3.41461722e-01
1.24609 3.43145815e-01
1.25040 3.45620137e-01
1.25473 3.42907880e-01
1.25907 3.37103461e-01
1.26343 3.38926555e-01
1.26780 3.40599765e-01
1.27219 3.41306149e-01
1.27659 3.41124112e-01
1.28101 3.37465805e-01
1.28545 3.36780197e-01
1.28990 3.36940963e-01
1.29436 3.40949989e-01
1.29884 3.40382607e-01
1.30334 3.35558370e-01
1.30785 3.32721951e-01
1.31238 3.32859221e-01
1.31692 3.37998561e-01
1.32148 3.35357783e-01
1.32605 3.34049142e-01
1.33064 3.34825274e-01
1.33525 3.32971511e-01
1.33987 3.34625676e-01
1.34451 3.30554569e-01
1.34916 3.28665190e-01
1.35383 3.30231057e-01
1.35852 3.31951261e-01
1.36322 3.34684789e-01
1.36794 3.31695765e-01
1.37268 3.26416930e-01
1.37743 3.27060986e-01
1.38220 3.29113853e-01
1.38698 3.29036685e-01
1.39178 3.26738958e-01
1.39660 3.26931878e-01
1.40144 3.26235387e-01
1.40629 3.26595257e-01
1.41115 3.27198503e-01
1.41604 3.27443858e-01
1.42094 3.24724181e-01
1.42586 3.21676539e-01
1.43080 3.20190313e-01
1.43575 3.22311444e-01
1.44072 3.24533487e-01
1.44571 3.23019559e-01
1.45071 3.24512711e-01
1.45573 3.25079599e-01
1.46077 3.20619684e-01
1.46583 3.15613657e-01
1.47090 3.18365488e-01
1.47599 3.19000393e-01
1.48110 3.22901581e-01
1.48623 3.21993868e-01
1.49137 3.17652921e-01
1.49654 3.14133615e-01
1.50172 3.15931975e-01
1.50692 3.17527275e-01
1.51213 3.16240400e-01
1.51737 3.17785986e-01
1.52262 3.15508541e-01
1.52789 3.14870421e-01
1.53318 3.12819533e-01
1.53849 3.15223118e-01
1.54381 3.15161779e-01
1.54916 3.13789821e-01
1.55452 3.11294228e-01
1.55990 3.06252338e-01
1.56530 3.04875186e-01
1.57072 3.04505670e-01
1.57615 3.09246308e-01
1.58161 3.05166545e-01
1.58709 2.95650889e-01
1.59258 2.92700450e-01
1.59809 2.92414285e-01
1.60362 2.96598176e-01
1.60918 2.94227733e-01
1.61475 2.94424116e-01
1.62034 2.89245945e-01
1.62594 2.82408168e-01
1.63157 2.83458345e-01
1.63722 2.81927599e-01
1.64289 2.82842980e-01
1.64857 2.81181395e-01
1.65428 2.79771100e-01
1.66001 2.77390517e-01
1.66575 2.74062152e-01
1.67152 2.70437482e-01
1.67731 2.71476777e-01
1.68311 2.69137251e-01
1.68894 2.70788201e-01
1.69478 2.66948598e-01
1.70065 2.64686240e-01
1.70654 2.59476658e-01
1.71245 2.60355186e-01
1.71837 2.65380752e-01
1.72432 2.59325290e-01
1.73029 2.56084234e-01
1.73628 2.55515862e-01
1.74229 2.54979149e-01
1.74832 2.50878857e-01
1.75437 2.49578625e-01
1.76045 2.51516235e-01
1.76654 2.54605923e-01
1.77266 2.43348323e-01
1.77879 2.37649590e-01
1.78495 2.42991817e-01
1.79113 2.49883340e-01
1.79733 2.42423198e-01
1.80355 2.37871275e-01
1.80979 2.36366944e-01
1.81606 2.33875729e-01
1.82234 2.33812486e-01
1.82865 2.36344585e-01
1.83498 2.34239482e-01
1.84133 2.31912916e-01
1.84771 2.29578955e-01
1.85410 2.24376843e-01
1.86052 2.24712103e-01
1.86696 2.29515242e-01
1.87342 2.25334666e-01
1.87991 2.18230956e-01
1.88642 2.18664333e-01
1.89295 2.18541779e-01
1.89950 2.23586365e-01
1.90607 2.20960625e-01
1.91267 2.15852178e-01
1.91929 2.16083410e-01
1.92594 2.07997687e-01
1.93260 2.02809648e-01
1.93929 2.07465698e-01
1.94601 2.17442778e-01
1.95274 2.18051911e-01
1.95950 2.06788747e-01
1.96629 1.97218851e-01
1.97309 1.96678329e-01
1.97992 2.00849136e-01
1.98678 2.08794447e-01
1.99365 2.03006822e-01
2.00055 1.97225628e-01
2.00748 1.96892742e-01
2.01443 1.95285422e-01
2.02140 2.00522507e-01
2.02840 1.90084125e-01
2.03542 1.83858152e-01
2.04247 1.85665837e-01
2.04954 1.92474355e-01
2.05663 1.96527184e-01
2.06375 1.89188507e-01
2.07090 1.86543301e-01
2.07806 1.81045329e-01
2.08526 1.78137035e-01
2.09247 1.81255908e-01
2.09972 1.85188855e-01
2.10699 1.81942530e-01
2.11428 1.76729956e-01
2.12160 1.75106188e-01
2.12894 1.74363619e-01
2.13631 1.72934502e-01
2.14371 1.68118007e-01
2.15113 1.71665608e-01
2.15857 1.83011431e-01
2.16605 1.73693791e-01
2.17354 1.66923783e-01
2.18107 1.63236339e-01
2.18862 1.58226257e-01
2.19619 1.60487971e-01
2.20380 1.67967579e-01
2.21143 1.67822073e-01
2.21908 1.70475588e-01
2.22676 1.62064919e-01
2.23447 1.52479021e-01
2.24220 1.49515968e-01
2.24997 1.55986431e-01
2.25775 1.56714555e-01
2.26557 1.55396466e-01
2.27341 1.56000776e-01
2.28128 1.56840201e-01
2.28918 1.52986722e-01
2.29710 1.49442856e-01
2.30505 1.54407009e-01
2.31303 1.48624133e-01
2.32104 1.43304414e-01
2.32908 1.38908113e-01
2.33714 1.40494584e-01
2.34523 1.48007729e-01
2.35335 1.50287772e-01
2.36149 1.53100125e-01
2.36967 1.43672941e-01
2.37787 1.39747464e-01
2.38610 1.31296306e-01
2.39436 1.31117583e-01
2.40265 1.33197632e-01
2.41097 1.41489185e-01
2.41931 1.47553749e-01
2.42769 1.43689265e-01
2.43609 1.37056823e-01
2.44452 1.29054353e-01
2.45298 1.30107425e-01
2.46148 1.29346751e-01
2.47000 1.28806847e-01
2.47855 1.29812999e-01
2.48713 1.27676756e-01
2.49574 1.32862916e-01
2.50438 1.29461786e-01
2.51304 1.24679967e-01
2.52174 1.29165827e-01
2.53047 1.28489345e-01
2.53923 1.28134224e-01
2.54802 1.30331607e-01
2.55684 1.20532384e-01
2.56569 1.26182690e-01
2.57457 1.19488613e-01
2.58349 1.20220002e-01
2.59243 1.16859781e-01
2.60140 1.21706154e-01
2.61041 1.31902916e-01
2.61944 1.16406790e-01
2.62851 1.12719026e-01
2.63761 1.21229988e-01
2.64674 1.26628261e-01
2.65590 1.10376358e-01
2.66510 1.09204444e-01
2.67432 1.16257525e-01
2.68358 1.26850317e-01
2.69287 1.14399581e-01
2.70219 1.09700891e-01
2.71154 1.12433083e-01
2.72093 1.19103243e-01
2.73035 1.16463158e-01
2.73980 1.04927209e-01
2.74928 1.21742611e-01
2.75880 1.07107007e-01
2.76835 1.08109177e-01
2.77793 1.09889483e-01
2.78755 1.04910885e-01
2.79720 1.11649705e-01
2.80688 1.06229889e-01
2.81660 1.04604711e-01
2.82635 1.17833359e-01
2.83613 1.05584794e-01
2.84595 1.08952114e-01
2.85580 1.11986028e-01
2.86569 1.00687125e-01
2.87561 1.01323909e-01
2.88556 1.06456595e-01
2.89555 1.03169659e-01
2.90557 1.02847680e-01
2.91563 1.05783156e-01
2.92572 1.12183598e-01
2.93585 1.10116015e-01
2.94601 9.09730337e-02
2.95621 8.64538579e-02
2.96644 9.37172712e-02
2.97671 1.03924916e-01
2.98702 1.15856424e-01
2.99736 1.20918769e-01
3.00773 9.80312839e-02
3.01814 9.14952038e-02
3.02859 9.60927347e-02
3.03907 9.15199619e-02
3.04960 9.12556120e-02
3.06015 9.54661405e-02
3.07074 1.04731321e-01
3.08137 9.01829273e-02
3.09204 8.92857257e-02
3.10274 1.11267179e-01
3.11348 1.03586242e-01
3.12426 8.87017469e-02
3.13508 9.06344096e-02
3.14593 9.57457261e-02
3.15682 6.97115183e-02
3.16775 6.73954148e-02
3.17871 8.02513068e-02
3.18972 7.21360281e-02
3.20076 7.59375909e-02
3.21184 6.82745364e-02
3.22295 8.12139281e-02
3.23411 8.32301895e-02
3.24531 6.38061629e-02
3.25654 6.23091037e-02
3.26781 6.45666635e-02
3.27912 5.73065645e-02
3.29047 4.46103261e-02
3.30187 4.84022182e-02
3.31330 4.83454057e-02
3.32476 4.64901089e-02
3.33627 4.11482283e-02
3.34782 3.45297367e-02
3.35941 3.22793497e-02
3.37104 3.53315172e-02
3.38271 4.20245551e-02
3.39442 4.37995922e-02
3.40617 3.69403711e-02
3.41796 2.24625907e-02
3.42979 1.89345811e-02
3.44166 7.89373732e-03
3.45358 1.82052619e-03
3.46553 5.69891369e-04
3.47753 5.31111233e-04
3.48957 5.29007663e-04
3.50164 5.28551581e-04
3.51377 5.28678710e-04
3.52593 5.29254997e-04
3.53814 5.35522176e-04
3.55038 5.37785771e-04
3.56267 5.34482881e-04
3.57500 5.31885387e-04
3.58738 5.31917293e-04
3.59980 5.29398450e-04
3.61226 5.30086531e-04
3.62476 5.27702238e-04
3.63731 5.27726724e-04
3.64990 5.27626801e-04
3.66254 5.22010109e-04
3.67521 5.18621889e-04
3.68794 5.20712598e-04
3.70070 5.28557764e-04
3.71351 5.35022068e-04
3.72637 5.41539301e-04
3.73927 5.26353282e-04
3.75221 5.20615396e-04
3.76520 5.20502859e-04
3.77823 5.24700848e-04
3.79131 5.25978325e-04
3.80443 5.21171649e-04
3.81760 5.18053517e-04
3.83082 5.18112877e-04
3.84408 5.23187168e-04
3.85739 5.25280845e-04
3.87074 5.29900289e-04
3.88414 5.30918561e-04
3.89758 5.32608342e-04
3.91107 5.28149664e-04
3.92461 5.24659791e-04
3.93820 5.24452031e-04
3.95183 5.22525799e-04
3.96551 5.19849652e-04
3.97924 5.21126139e-04
3.99301 5.21690307e-04
4.00683 5.24779747e-04
4.02070 5.26194741e-04
4.03462 5.21708362e-04
4.04859 5.18774741e-04
4.06260 5.19395548e-04
4.07667 5.22119183e-04
4.09078 5.26239261e-04
4.10494 5.31414711e-04
4.11915 5.35694815e-04
4.13341 5.37084333e-04
4.14771 5.28623060e-04
4.16207 5.23595268e-04
4.17648 5.23770875e-04
4.19094 5.23474322e-04
4.20545 5.23199535e-04
4.22000 5.21404389e-04
4.23461 5.21627979e-04
4.24927 5.26082452e-04
4.26398 5.31353125e-04
4.27874 5.29993287e-04
4.29355 5.28507061e-04
4.30841 5.29515933e-04
4.32332 5.30120663e-04
4.33829 5.28595359e-04
4.35331 5.27801913e-04
4.36838 5.27750963e-04
4.38350 5.27702980e-04
4.39867 5.28340111e-04
4.41390 5.30061056e-04
4.42918 5.30884429e-04
4.44451 5.32002623e-04
4.45990 5.32352847e-04
4.47533 5.29451132e-04
4.49083 5.26193752e-04
4.50637 5.24963516e-04
4.52197 5.25845012e-04
4.53762 5.28427914e-04
4.55333 5.32503473e-04
4.56909 5.37526318e-04
4.58491 5.41424786e-04
4.60078 5.41813841e-04
4.61670 5.38741714e-04
4.63269 5.35300071e-04
4.64872 5.33470299e-04
4.66481 5.33160390e-04
4.68096 5.34199932e-04
4.69717 5.35866959e-04
4.71343 5.36927771e-04
4.72974 5.37800363e-04
4.74611 5.38223798e-04
4.76254 5.37279727e-04
4.77903 5.36197891e-04
4.79557 5.35983947e-04
4.81217 5.36649274e-04
4.82883 5.37589635e-04
4.84555 5.38103347e-04
4.86232 5.38389511e-04
4.87915 5.39241575e-04
4.89604 5.40563324e-04
4.91299 5.41532623e-04
4.92999 5.41678550e-04
4.94706 5.41369383e-04
4.96418 5.41208369e-04
4.98137 5.41315465e-04
4.99861 5.40707519e-04
5.01591 5.39304397e-04
5.03328 5.38138468e-04
5.05070 5.38262135e-04
5.06818 5.39861639e-04
5.08573 5.42351791e-04
5.10333 6.13047325e-04
5.12100 1.76244836e-03
5.13873 6.67989210e-03
5.15651 2.17610693e-02
5.17436 2.26045452e-02
5.19228 2.36778161e-02
5.21025 2.50033719e-02
5.22828 2.65032012e-02
5.24638 2.80327600e-02
5.26454 2.94688268e-02
5.28277 3.08110801e-02
5.30105 3.21648343e-02
5.31940 3.36492795e-02
5.33782 3.53210055e-02
5.35629 3.71458061e-02
5.37484 3.90427044e-02
5.39344 4.00441076e-02
5.41211 4.09687385e-02
5.43084 4.19633153e-02
5.44965 4.30541543e-02
5.46851 4.42191437e-02
5.48744 4.54312255e-02
5.50643 4.66872336e-02
5.52550 4.79954538e-02
5.54462 4.93539321e-02
5.56381 5.07473587e-02
5.58308 5.21597804e-02
5.60240 5.35911231e-02
5.62179 5.49547460e-02
5.64125 5.59299813e-02
5.66078 5.69478322e-02
5.68038 5.79844309e-02
5.70004 5.89998579e-02
5.71977 5.99601543e-02
5.73957 6.08561688e-02
5.75944 6.17069213e-02
5.77938 6.25460985e-02
5.79938 6.34030343e-02
5.81946 6.42908126e-02
5.83960 6.52063417e-02
5.85982 6.61383431e-02
5.88010 6.70764537e-02
5.90045 6.76497724e-02
5.92088 6.81755289e-02
5.94137 6.87100657e-02
5.96194 6.92634245e-02
5.98258 6.98399091e-02
6.00329 7.04377632e-02
6.02407 7.10534253e-02
6.04492 7.16864503e-02
6.06585 7.23409437e-02
6.08684 7.30229654e-02
6.10791 7.37369673e-02
6.12906 7.44839881e-02
6.15027 7.52622967e-02
6.17156 7.60690733e-02
6.19293 7.66811985e-02
6.21436 7.72956982e-02
6.23588 7.79229603e-02
6.25746 7.85587059e-02
6.27912 7.91982357e-02
6.30086 7.98369740e-02
6.32267 8.04711119e-02
6.34455 8.10977309e-02
6.36652 8.17146792e-02
6.38856 8.23202996e-02
6.41067 8.29133060e-02
6.43286 8.34928822e-02
6.45513 8.40587067e-02
6.47747 8.46111504e-02
6.49990 8.50728723e-02
6.52240 8.53254738e-02
6.54497 8.55674400e-02
6.56763 8.58007495e-02
6.59037 8.60274305e-02
6.61318 8.62493133e-02
6.63607 8.64680796e-02
6.65904 8.66853125e-02
6.68209 8.69025948e-02
6.70522 8.71213611e-02
6.72843 8.73431202e-02
6.75172 8.75693065e-02
6.77510 8.78013052e-02
6.79855 8.80404271e-02
6.82208 8.82878841e-02
6.84570 8.85447892e-02
6.86939 8.88121318e-02
6.89317 8.90907033e-02
6.91704 8.93301962e-02
6.94098 8.95736464e-02
6.96500 8.98296859e-02
6.98911 9.00983393e-02
7.01331 9.03793347e-02
7.03759 9.06721032e-02
7.06195 9.09757791e-02
7.08639 9.12892246e-02
7.11092 9.16110300e-02
7.13554 9.19396371e-02
7.16024 9.22732155e-02
7.18502 9.26099599e-02
7.20990 9.29479903e-02
7.23485 9.32854025e-02
7.25990 9.36204649e-02
7.28503 9.39515453e-02
7.31025 9.42203967e-02
7.33555 9.44083947e-02
7.36094 9.45883297e-02
7.38642 9.47594844e-02
7.41199 9.49214135e-02
7.43765 9.50739440e-02
7.46340 9.52170016e-02
7.48923 9.53508337e-02
7.51516 9.54757617e-02
7.54117 9.55923052e-02
7.56727 9.57010824e-02
7.59347 9.58028353e-02
7.61975 9.58984049e-02
7.64613 9.59886816e-02
7.67260 9.60746052e-02
7.69916 9.61571898e-02
7.72581 9.62374000e-02
7.75255 9.63141228e-02
7.77939 9.62983677e-02
7.80632 9.62831072e-02
7.83334 9.62693555e-02
7.86046 9.62579534e-02
7.88767 9.62497914e-02
7.91497 9.62456857e-02
7.94237 9.62464029e-02
7.96986 9.62525615e-02
7.99745 9.62647798e-02
8.02513 9.62836019e-02
8.05291 9.63094235e-02
8.08079 9.63425414e-02
8.10876 9.63832277e-02
8.13683 9.64315814e-02
8.16500 9.64876024e-02
8.19326 9.65512413e-02
8.22162 9.66222754e-02
8.25008 9.67003833e-02
8.27864 1.02630126e-01
8.30730 1.15589922e-01
8.33605 1.30137105e-01
8.36491 1.46441021e-01
8.39386 1.64684476e-01
8.42292 1.85064594e-01
8.45208 2.07793439e-01
8.48133 2.33098088e-01
8.51069 2.61220111e-01
8.54016 2.92414533e-01
8.56972 3.26946965e-01
8.59938 3.65089970e-01
8.62915 4.07118334e-01
8.65902 4.53301156e-01
8.68899 5.03894921e-01
8.71907 5.59131379e-01
8.74925 6.19207409e-01
8.77954 6.84269679e-01
8.80993 7.54401293e-01
8.84043 8.29606209e-01
8.87103 8.78787700e-01
8.90174 9.16381625e-01
8.93255 9.54997531e-01
8.96347 9.94609448e-01
8.99450 1.03518448e+00
9.02563 1.07668429e+00
9.05688 1.11906338e+00
9.08823 1.16226979e+00
9.11969 1.20624467e+00
9.15126 1.25092172e+00
9.18294 1.29622676e+00
9.21472 1.34207865e+00
9.24662 1.38838786e+00
9.27863 1.43505669e+00
9.31075 1.48197978e+00
9.34298 1.52904311e+00
9.37532 1.57612474e+00
9.40777 1.62309384e+00
9.44034 1.66981263e+00
9.47302 1.71613396e+00
9.50581 1.76190373e+00
9.53871 1.79924859e+00
9.57173 1.82681884e+00
9.60487 1.85405444e+00
9.63811 1.88092424e+00
9.67148 1.90739781e+00
9.70495 1.93344498e+00
9.73855 1.95903681e+00
9.77226 1.98414510e+00
9.80609 2.00874215e+00
9.84003 2.03280224e+00
9.87409 2.05630015e+00
9.90827 2.07731186e+00
9.94257 2.09095971e+00
9.97699 2.10443839e+00
10.01153 2.11773898e+00
10.04618 2.13085260e+00
10.08096 2.14377057e+00
10.11585 2.15648400e+00
10.15087 2.16898423e+00
10.18601 2.18126235e+00
10.22127 2.19330921e+00
10.25665 2.20511641e+00
10.29215 2.21667529e+00
10.32778 2.22461568e+00
10.36353 2.22932589e+00
10.39941 2.23396339e+00
10.43540 2.23852199e+00
10.47153 2.24299551e+00
10.50777 2.24737751e+00
10.54415 2.25166182e+00
10.58065 2.25584225e+00
10.61727 2.25326133e+00
10.65403 2.25033265e+00
10.69091 2.24731444e+00
10.72791 2.24420769e+00
10.76505 2.24101313e+00
10.80231 2.23773201e+00
10.83971 2.23436580e+00
10.87723 2.23091600e+00
10.91488 2.22738334e+00
10.95266 2.22376980e+00
10.99058 2.22007661e+00
11.02862 2.21630478e+00
11.06680 2.21245528e+00
11.10511 2.20852887e+00
11.14355 2.20452603e+00
11.18212 2.20044651e+00
11.22083 2.19628983e+00
11.25967 2.18592260e+00
11.29865 2.15944953e+00
11.33776 2.13194111e+00
11.37701 2.10343421e+00
11.41639 2.07396766e+00
11.45591 2.04358350e+00
11.49556 2.01232601e+00
11.53536 1.98024317e+00
11.57529 1.94738642e+00
11.61536 1.91381067e+00
11.65556 1.87957356e+00
11.69591 1.84473542e+00
11.73640 1.80935884e+00
11.77702 1.77350713e+00
11.81779 1.73724411e+00
11.85870 1.70063358e+00
11.89975 1.66373763e+00
11.94094 1.62661636e+00
11.98227 1.58932814e+00
12.02375 1.55192713e+00
12.06537 1.51446479e+00
12.10714 1.47698934e+00
12.14905 1.43954480e+00
12.19110 1.40217224e+00
12.23330 1.36490949e+00
12.27565 1.32779193e+00
12.31814 1.29085196e+00
12.36078 1.25412098e+00
12.40357 1.22966911e+00
12.44651 1.21180447e+00
12.48959 1.19371154e+00
12.53283 1.17552018e+00
12.57621 1.15735775e+00
12.61974 1.13934422e+00
12.66343 1.12158642e+00
12.70726 1.10417490e+00
12.75125 1.08718063e+00
12.79539 1.07065431e+00
12.83968 1.05462488e+00
12.88413 1.03910076e+00
12.92873 1.02407081e+00
12.97348 1.00950633e+00
13.01839 9.95363320e-01
13.06345 9.81586111e-01
13.10867 9.68110155e-01
13.15405 9.54866691e-01
13.19959 9.41785231e-01
13.24528 9.28798995e-01
13.29113 9.15846148e-01
13.33713 9.02874009e-01
13.38330 8.89840532e-01
13.42963 8.76715541e-01
13.47612 8.63481229e-01
13.52277 8.50132155e-01
13.56958 8.36673511e-01
13.61655 8.23120387e-01
13.66368 8.09495535e-01
13.71098 7.95827648e-01
13.75844 7.83659590e-01
13.80607 7.91862153e-01
13.85386 8.00122591e-01
13.90182 8.08463413e-01
13.94994 8.16904405e-01
13.99823 8.25463375e-01
14.04668 8.34155163e-01
14.09531 8.42992383e-01
14.14410 8.51984929e-01
14.19306 8.61140961e-01
14.24219 8.70466417e-01
14.29149 8.79965007e-01
14.34096 8.89639450e-01
14.39060 8.99490984e-01
14.44042 9.09519609e-01
14.49041 9.19724335e-01
14.54057 9.30103925e-01
14.59090 9.40655660e-01
14.64141 9.51377807e-01
14.69209 9.62267399e-01
14.74295 9.73321715e-01
14.79398 9.84538282e-01
14.84519 9.95914626e-01
14.89658 1.00744827e+00
14.94814 1.01913700e+00
14.99989 1.03097932e+00
15.05181 1.04297350e+00
15.10392 1.05511806e+00
15.15620 1.06741251e+00
15.20866 1.07985585e+00
15.26131 1.09244759e+00
15.31414 1.10518723e+00
15.36715 1.11807503e+00
15.42034 1.13111074e+00
15.47372 1.14429434e+00
15.52729 1.16022978e+00
15.58103 1.17663021e+00
15.63497 1.19315430e+00
15.68909 1.20979909e+00
15.74340 1.22656261e+00
15.79790 1.24344187e+00
15.85258 1.26043466e+00
15.90746 1.27753776e+00
15.96252 1.29474870e+00
16.01778 1.31206425e+00
16.07323 1.32948172e+00
16.12886 1.34699761e+00
16.18470 1.36460898e+00
16.24072 1.38231236e+00
16.29694 1.40010453e+00
16.35335 1.41798203e+00
16.40996 1.43594091e+00
16.46677 1.45397819e+00
16.52377 1.47208942e+00
16.58097 1.49027138e+00
16.63836 1.50852013e+00
16.69596 1.52683121e+00
16.75375 1.54520140e+00
16.81175 1.56362600e+00
16.86994 1.58210130e+00
16.92834 1.60062286e+00
16.98694 1.61918646e+00
17.04574 1.63778791e+00
17.10474 1.65642274e+00
17.16395 1.67508677e+00
17.22337 1.69377552e+00
17.28299 1.71248431e+00
17.34281 1.73120892e+00
17.40285 1.74994467e+00
17.46309 1.76868734e+00
17.52354 1.78743200e+00
17.58420 1.80617417e+00
17.64507 1.82490967e+00
17.70615 1.83479707e+00
17.76744 1.83942666e+00
17.82894 1.84406638e+00
17.89066 1.84871650e+00
17.95259 1.85337675e+00
18.01473 1.85804715e+00
18.07709 1.86272744e+00
18.13967 1.86741786e+00
18.20246 1.87211819e+00
18.26547 1.87682816e+00
18.32870 1.88154802e+00
18.39214 1.88627728e+00
18.45581 1.89101594e+00
18.51969 1.89576375e+00
18.58380 1.90052096e+00
18.64813 1.90528707e+00
18.71268 1.91006209e+00
18.77746 1.91484576e+00
18.84246 1.91963785e+00
18.90768 1.92443834e+00
18.97313 1.92924724e+00
19.03881 1.93406406e+00
19.10472 1.93888854e+00
19.17085 1.94372094e+00
19.23721 1.94856101e+00
19.30380 1.95340824e+00
19.37062 1.95826266e+00
19.43768 1.96312424e+00
19.50496 1.96799275e+00
19.57248 1.97286818e+00
19.64023 1.97775005e+00
19.70822 1.98263859e+00
19.77644 1.98753332e+00
19.84490 1.99243448e+00
19.91359 1.99734182e+00
19.98252 2.00225509e+00
20.05169 2.00717431e+00
20.12110 2.01209970e+00
20.19076 2.01703079e+00
20.26065 2.02196756e+00
20.33078 2.02691027e+00
20.40116 2.03185867e+00
20.47178 2.03681275e+00
20.54264 2.04177228e+00
20.61375 2.04673775e+00
20.68511 2.04751314e+00
20.75671 2.04798604e+00
20.82856 2.04846018e+00
20.90066 2.04893555e+00
20.97301 2.04941266e+00
21.04561 2.04989125e+00
21.11846 2.05037182e+00
21.19157 2.05085461e+00
21.26492 2.05133963e+00
21.33853 2.05182737e+00
21.41240 2.05231783e+00
21.48652 2.05281151e+00
21.56090 2.05330816e+00
21.63553 2.05380851e+00
21.71043 2.05431233e+00
21.78558 2.05481986e+00
21.86099 2.05533159e+00
21.93666 2.05584728e+00
22.01260 2.05636742e+00
22.08880 2.05689202e+00
22.16526 2.05742106e+00
22.24199 2.05795506e+00
22.31898 2.05849375e+00
22.39624 2.05903739e+00
22.47377 2.05958597e+00
22.55156 2.06013950e+00
22.62962 2.06069823e+00
22.70796 2.06126215e+00
22.78656 2.06183102e+00
22.86544 2.06240532e+00
22.94459 2.06298433e+00
23.02402 2.06356878e+00
23.10372 2.06415818e+00
23.18369 2.06475227e+00
23.26394 2.06535156e+00
23.34447 2.06595530e+00
23.42528 2.06656374e+00
23.50637 2.06717688e+00
23.58774 2.06779422e+00
23.66939 2.06841577e+00
23.75133 2.06904103e+00
23.83354 2.06967025e+00
23.91604 2.07030317e+00
23.99883 2.07093907e+00
24.08191 2.07157818e+00
24.16527 2.07222001e+00
24.24892 2.07286456e+00
24.33286 2.07351109e+00
24.41709 2.07415935e+00
24.50161 2.07480934e+00
24.58642 2.07546057e+00
24.67153 2.07611254e+00
24.75693 2.07667844e+00
24.84263 2.07566486e+00
24.92863 2.07464066e+00
25.01492 2.07360482e+00
25.10151 2.07255687e+00
25.18840 2.07149606e+00
25.27559 2.07042189e+00
25.36309 2.06933387e+00
25.45088 2.06823101e+00
25.53898 2.06711282e+00
25.62739 2.06597880e+00
25.71610 2.06482820e+00
25.80512 2.06366005e+00
25.89444 2.06247408e+00
25.98408 2.06126932e+00
26.07403 2.06004527e+00
26.16428 2.05880118e+00
26.25485 2.05753632e+00
26.34574 2.05625019e+00
26.43694 2.05494155e+00
26.52845 2.05361040e+00
26.62028 2.05225551e+00
26.71243 2.05087662e+00
26.80489 2.04947251e+00
26.89768 2.04804292e+00
26.99079 2.04658712e+00
27.08422 2.04510411e+00
27.17798 2.04359340e+00
27.27205 2.04205449e+00
27.36646 2.04048640e+00
27.46119 2.03888838e+00
27.55625 2.03726018e+00
27.65164 2.03560057e+00
27.74736 2.03390956e+00
27.84341 2.03218589e+00
27.93979 2.03042933e+00
28.03650 2.02863888e+00
28.13355 2.02681430e+00
28.23094 2.02495461e+00
28.32867 2.02305929e+00
28.42673 2.02112811e+00
28.52513 2.01915983e+00
28.62387 2.01715445e+00
28.72295 2.01511123e+00
28.82238 2.01302943e+00
28.92215 2.01090879e+00
29.02227 2.00874834e+00
29.12273 2.00654806e+00
29.22354 2.00430722e+00
29.32470 2.00202557e+00
29.42621 1.99970212e+00
29.52807 1.99733687e+00
29.63029 1.99492933e+00
29.73286 1.99247900e+00
29.83578 1.98998538e+00
29.93906 1.98744799e+00
30.04269 1.98486682e+00
30.14669 1.98224138e+00
30.25104 1.97957141e+00
30.35576 1.97685643e+00
30.46084 1.97409619e+00
30.56628 1.97129020e+00
30.67209 1.96843869e+00
30.77826 1.96554093e+00
30.88481 1.96259717e+00
30.99172 1.95917927e+00
31.09900 1.95470650e+00
31.20665 1.95018079e+00
31.31467 1.94560216e+00
31.42307 1.94097109e+00
31.53184 1.93628783e+00
31.64099 1.93155214e+00
31.75052 1.92676476e+00
31.86043 1.92192593e+00
31.97072 1.91703565e+00
32.08139 1.91209467e+00
32.19244 1.90710324e+00
32.30388 1.90206160e+00
32.41570 1.89697024e+00
32.52791 1.89182966e+00
32.64051 1.88664012e+00
32.75349 1.88140259e+00
32.86687 1.87611707e+00
32.98064 1.87078457e+00
33.09481 1.86540507e+00
33.20937 1.85997956e+00
33.32433 1.85450880e+00
33.43968 1.84899277e+00
33.55544 1.84343271e+00
33.67159 1.83782913e+00
33.78815 1.83218251e+00
33.90511 1.82649360e+00
34.02247 1.82076313e+00
34.14024 1.81499185e+00
34.25842 1.80918026e+00
34.37701 1.80332959e+00
34.49601 1.79744009e+00
34.61542 1.79151275e+00
34.73525 1.78554855e+00
34.85549 1.77954775e+00
34.97614 1.77351158e+00
35.09721 1.76744078e+00
35.21871 1.76133586e+00
35.34062 1.75519803e+00
35.46295 1.74902805e+00
35.58571 1.74282642e+00
35.70889 1.73659436e+00
35.83250 1.73033262e+00
35.95654 1.72404195e+00
36.08101 1.71772332e+00
36.20590 1.71137749e+00
36.33123 1.70500519e+00
36.45700 1.69860767e+00
36.58320 1.69218541e+00
36.70983 1.68573941e+00
36.83691 1.67927041e+00
36.96442 1.67277964e+00
37.09238 1.66626735e+00
37.22077 1.65973503e+00
37.34962 1.65318317e+00
37.47890 1.64661276e+00
37.60864 1.64002454e+00
37.73883 1.63341926e+00
37.86946 1.62679815e+00
38.00055 1.62016170e+00
38.13209 1.61351066e+00
38.26409 1.60684626e+00
38.39654 1.60016900e+00
38.52946 1.59347987e+00
38.66283 1.58677937e+00
38.79667 1.58006872e+00
38.93096 1.57334842e+00
39.06573 1.56661947e+00
39.20096 1.55988236e+00
39.33665 1.55313808e+00
39.47282 1.54638736e+00
39.60946 1.53963096e+00
39.74657 1.53286960e+00
39.88416 1.52610405e+00
40.02222 1.51933478e+00
40.16076 1.51256280e+00
40.29978 1.50578883e+00
40.43928 1.49901363e+00
40.57926 1.49223744e+00
40.71973 1.48546149e+00
40.86069 1.47868604e+00
41.00213 1.47191183e+00
41.14406 1.46513984e+00
41.28648 1.45837033e+00
41.42940 1.45031023e+00
41.57281 1.44183313e+00
41.71672 1.43337507e+00
41.86113 1.42493705e+00
42.00603 1.41651980e+00
42.15144 1.40812407e+00
42.29735 1.39975035e+00
42.44377 1.39139964e+00
42.59069 1.38307242e+00
42.73812 1.37476969e+00
42.88606 1.36649169e+00
43.03451 1.35823916e+00
43.18348 1.35001286e+00
43.33297 1.34181351e+00
43.48297 1.33364112e+00
43.63349 1.32549668e+00
43.78453 1.31738068e+00
43.93609 1.30929363e+00
44.08818 1.30123575e+00
44.24079 1.29320806e+00
44.39394 1.28521029e+00
44.54761 1.27724343e+00
44.70182 1.26930774e+00
44.85655 1.26140371e+00
45.01183 1.25353158e+00
45.16764 1.24569161e+00
45.32399 1.23788454e+00
45.48089 1.23011060e+00
45.63832 1.22236981e+00
45.79630 1.21466266e+00
45.95483 1.20698963e+00
46.11391 1.19935074e+00
46.27353 1.19174648e+00
46.43371 1.18417684e+00
46.59445 1.17664233e+00
46.75574 1.16914318e+00
46.91759 1.16167916e+00
47.08000 1.15425100e+00
47.24297 1.14685870e+00
47.40650 1.13950226e+00
47.57060 1.13218218e+00
47.73527 1.12489846e+00
47.90051 1.11765110e+00
48.06633 1.11044035e+00
48.23271 1.10326644e+00
48.39967 1.09612915e+00
48.56721 1.08902895e+00
48.73533 1.08196585e+00
48.90403 1.07493985e+00
49.07332 1.06795120e+00
49.24319 1.06099965e+00
49.41365 1.05408520e+00
49.58470 1.04720834e+00
49.75634 1.04036908e+00
49.92858 1.03356692e+00
50.10141 1.02680235e+00
50.27484 1.02007538e+00
50.44887 1.01338576e+00
50.62350 1.00673373e+00
50.79874 1.00011905e+00
50.97458 9.93541710e-01
51.15104 9.87002217e-01
51.32810 9.80499823e-01
51.50578 9.74034777e-01
51.68407 9.67607326e-01
51.86298 9.61216975e-01
52.04250 9.54864218e-01
52.22265 9.48548314e-01
52.40343 9.42269757e-01
52.58482 9.36028301e-01
52.76685 9.29823697e-01
52.94951 9.23656193e-01
53.13280 9.17525294e-01
53.31672 9.11431495e-01
53.50128 9.05374302e-01
53.68648 8.99353714e-01
53.87232 8.93369484e-01
54.05880 8.87421859e-01
54.24593 8.81510345e-01
54.43371 8.75635189e-01
54.62214 8.69796144e-01
54.81122 8.63993209e-01
55.00095 8.58225891e-01
55.19134 8.52494435e-01
55.38239 8.46798596e-01
55.57410 8.41138373e-01
55.76647 8.35513518e-01
55.95951 8.29923785e-01
56.15322 8.24369420e-01
56.34760 8.18849682e-01
56.54265 8.13365065e-01
56.73838 8.07915075e-01
56.93479 8.02499712e-01
57.13187 7.97118975e-01
57.32964 7.91772371e-01
57.52809 7.86459898e-01
57.72723 7.81181310e-01
57.92705 7.75936607e-01
58.12757 7.70725788e-01
58.32879 7.65548359e-01
58.53070 7.60404568e-01
58.73331 7.55293919e-01
58.93662 7.50216166e-01
59.14063 7.45171555e-01
59.34535 7.40159840e-01
59.55078 7.35180525e-01
59.75692 7.30233611e-01
59.96377 7.25319345e-01
60.17134 7.20436985e-01
60.37963 7.15586531e-01
60.58864 7.10767983e-01
60.79837 7.05981094e-01
61.00883 7.01225863e-01
61.22002 6.96501797e-01
61.43194 6.91808894e-01
61.64459 6.87147155e-01
61.85797 6.82516086e-01
62.07210 6.77915686e-01
62.28697 6.73345955e-01
62.50258 6.68806399e-01
62.71894 6.64297018e-01
62.93605 6.59817811e-01
63.15390 6.55368285e-01
63.37252 6.50948438e-01
63.59189 6.46558271e-01
63.81201 6.42197290e-01
64.03290 6.37865494e-01
64.25456 6.33562636e-01
64.47698 6.29288716e-01
64.70017 6.25043487e-01
64.92414 6.20826701e-01
65.14888 6.16638358e-01
65.37440 6.12477964e-01
65.60070 6.08345766e-01
65.82778 6.04241269e-01
66.05565 6.00164721e-01
66.28430 5.96115380e-01
66.51375 5.92093493e-01
66.74400 5.88098812e-01
66.97504 5.84131091e-01
67.20688 5.80190329e-01
67.43952 5.76276031e-01
67.67297 5.72388446e-01
67.90722 5.68527325e-01
68.14229 5.64692175e-01
68.37817 5.60883241e-01
68.61486 5.57100031e-01
68.85238 5.53342543e-01
69.09072 5.49610530e-01
69.32988 5.45904240e-01
69.56987 5.42222931e-01
69.81069 5.38566602e-01
70.05235 5.34935501e-01
70.29484 5.31328887e-01
70.53817 5.27747005e-01
70.78235 5.24189363e-01
71.02737 5.20656206e-01
71.27323 5.17147041e-01
71.51995 5.13662114e-01
71.76752 5.10200684e-01
72.01595 5.06763245e-01
72.26524 5.03349056e-01
72.51539 4.99958363e-01
72.76641 4.96590673e-01
73.01830 4.93246231e-01
73.27106 4.89924792e-01
73.52469 4.86625860e-01
73.77920 4.83349683e-01
74.03460 4.80096013e-01
74.29087 4.76864603e-01
74.54804 4.73655205e-01
74.80609 4.70468068e-01
75.06504 4.67302696e-01
75.32488 4.64158842e-01
75.58563 4.61037001e-01
75.84727 4.57936183e-01
76.10982 4.54856883e-01
76.37328 4.51798606e-01
76.63766 4.48761600e-01
76.90295 4.45745123e-01
77.16915 4.42749669e-01
77.43628 4.39774743e-01
77.70433 4.36820099e-01
77.97331 4.33885984e-01
78.24322 4.30971903e-01
78.51407 4.28077855e-01
78.78585 4.25203842e-01
79.05857 4.22349368e-01
79.33224 4.19514681e-01
79.60686 4.16699533e-01
79.88242 4.13903677e-01
80.15894 4.11127113e-01
80.43642 4.08369841e-01
80.71486 4.05631366e-01
80.99426 4.02911689e-01
81.27463 4.00210809e-01
81.55596 3.97528479e-01
81.83828 3.94864451e-01
82.12157 3.92218974e-01
82.40584 3.89591799e-01
82.69109 3.86982433e-01
82.97733 3.84391121e-01
83.26457 3.81817865e-01
83.55279 3.79262170e-01
83.84202 3.76724035e-01
84.13225 3.74203461e-01
84.42348 3.71700201e-01
84.71572 3.69214006e-01
85.00897 3.66745125e-01
85.30323 3.64293062e-01
85.59852 3.61858065e-01
85.89482 3.59439887e-01
86.19215 3.57038033e-01
86.49052 3.54652998e-01
86.78991 3.52284287e-01
87.09034 3.49931899e-01
87.39181 3.47595589e-01
87.69432 3.45275602e-01
87.99789 3.42971197e-01
88.30250 3.40682869e-01
88.60816 3.38410371e-01
88.91489 3.36153454e-01
89.22267 3.33911872e-01
89.53153 3.31685872e-01
89.84145 3.29475207e-01
90.15244 3.27279629e-01
90.46451 3.25099138e-01
90.77766 3.22933735e-01
91.09190 3.20783171e-01
91.40722 3.18647448e-01
91.72363 3.16526317e-01
92.04114 3.14419779e-01
92.35975 3.12327834e-01
92.67946 3.10249987e-01
93.00028 3.08186732e-01
93.32221 3.06137328e-01
93.64525 3.04102269e-01
93.96941 3.02081061e-01
94.29469 3.00073704e-01
94.62110 2.98080197e-01
94.94864 2.96100294e-01
95.27731 2.94133994e-01
95.60712 2.92181050e-01
95.93807 2.90241709e-01
96.27017 2.88315477e-01
96.60342 2.86402601e-01
96.93782 2.84502834e-01
97.27338 2.82615928e-01
97.61010 2.80742131e-01
97.94798 2.78881195e-01
98.28704 2.77032873e-01
98.62727 2.75197165e-01
98.96867 2.73374071e-01
99.31126 2.71563591e-01
99.65504 2.69765477e-01
100.00000 2.67979483e-01
