        2000  0.100000 3.700000
0.10000 4.35730105e-04
0.10035 4.34814232e-04
0.10069 4.33730033e-04
0.10104 4.32676471e-04
0.10139 4.31723400e-04
0.10174 4.31430705e-04
0.10210 4.31475549e-04
0.10245 4.31882697e-04
0.10280 4.32479680e-04
0.10316 4.33652333e-04
0.10352 4.34941019e-04
0.10387 4.36072183e-04
0.10423 4.36888945e-04
0.10459 4.37296044e-04
0.10496 4.37360079e-04
0.10532 4.37223524e-04
0.10568 4.36780609e-04
0.10605 4.36913415e-04
0.10642 4.36936552e-04
0.10679 4.36962057e-04
0.10716 4.36998169e-04
0.10753 4.36472473e-04
0.10790 4.36847851e-04
0.10827 4.36624321e-04
0.10865 4.36325460e-04
0.10902 4.36002623e-04
0.10940 4.35699223e-04
0.10978 4.35444761e-04
0.11016 4.34924739e-04
0.11054 4.35150587e-04
0.11092 4.35110775e-04
0.11131 4.35130459e-04
0.11169 4.35302089e-04
0.11208 4.35725073e-04
0.11247 4.36266359e-04
0.11286 4.36929399e-04
0.11325 4.37705856e-04
0.11364 4.38283155e-04
0.11403 4.39469375e-04
0.11443 4.40335569e-04
0.11482 4.41083956e-04
0.11522 4.41648773e-04
0.11562 4.42010683e-04
0.11602 4.42169388e-04
0.11642 4.42137815e-04
0.11682 4.41959771e-04
0.11723 4.41691249e-04
0.11763 4.41369349e-04
0.11804 4.41029985e-04
0.11845 4.40701031e-04
0.11886 4.40415884e-04
0.11927 4.40270943e-04
0.11968 4.40171240e-04
0.12010 4.40136411e-04
0.12051 4.39947957e-04
0.12093 4.40317464e-04
0.12135 4.40533939e-04
0.12177 4.40827275e-04
0.12219 4.41188987e-04
0.12262 4.41606347e-04
0.12304 4.42063568e-04
0.12347 4.42542151e-04
0.12389 4.43021868e-04
0.12432 4.43481803e-04
0.12475 4.43902271e-04
0.12518 4.44266696e-04
0.12562 4.44564324e-04
0.12605 4.44791455e-04
0.12649 4.44951541e-04
0.12693 4.44960816e-04
0.12737 4.45117301e-04
0.12781 4.45013356e-04
0.12825 4.45185036e-04
0.12869 4.45238464e-04
0.12914 4.45296184e-04
0.12959 4.45375759e-04
0.13003 4.45482467e-04
0.13048 4.45618528e-04
0.13094 4.45784091e-04
0.13139 4.45978168e-04
0.13184 4.46198737e-04
0.13230 4.46442691e-04
0.13276 4.46692169e-04
0.13322 4.46985407e-04
0.13368 4.47285008e-04
0.13414 4.47586385e-04
0.13461 4.47887763e-04
0.13507 4.48183368e-04
0.13554 4.48467232e-04
0.13601 4.48733484e-04
0.13648 4.48965696e-04
0.13695 4.48787553e-04
0.13743 4.49411521e-04
0.13790 4.49529428e-04
0.13838 4.49781225e-04
0.13886 4.49945604e-04
0.13934 4.50098636e-04
0.13982 4.50246833e-04
0.14031 4.50394291e-04
0.14079 4.50544363e-04
0.14128 4.50699023e-04
0.14177 4.50501147e-04
0.14226 4.51034736e-04
0.14275 4.51218897e-04
0.14324 4.51410607e-04
0.14374 4.51608335e-04
0.14424 4.51809467e-04
0.14474 4.52026237e-04
0.14524 4.52232697e-04
0.14574 4.50360695e-04
0.14625 4.52664265e-04
0.14675 4.52903137e-04
0.14726 4.53120500e-04
0.14777 4.53331449e-04
0.14828 4.53537860e-04
0.14879 4.53740817e-04
0.14931 4.53941456e-04
0.14983 4.54141009e-04
0.15034 4.54340809e-04
0.15087 4.54542089e-04
0.15139 4.54745885e-04
0.15191 4.54953036e-04
0.15244 4.55163837e-04
0.15297 4.55378141e-04
0.15349 4.55593728e-04
0.15403 4.55791604e-04
0.15456 4.48066349e-04
0.15509 4.56253561e-04
0.15563 4.56508713e-04
0.15617 4.56747388e-04
0.15671 4.56984089e-04
0.15725 4.57220248e-04
0.15780 4.57455864e-04
0.15834 4.57690789e-04
0.15889 4.57924876e-04
0.15944 4.58158075e-04
0.15999 4.58390336e-04
0.16055 4.58621463e-04
0.16110 4.58851011e-04
0.16166 4.59077056e-04
0.16222 4.59285539e-04
0.16278 4.58289449e-04
0.16335 4.59709460e-04
0.16391 4.59989427e-04
0.16448 4.60224845e-04
0.16505 4.60453949e-04
0.16562 4.60680439e-04
0.16619 4.60904856e-04
0.16677 4.61127201e-04
0.16734 4.61347376e-04
0.16792 4.61564985e-04
0.16851 4.61779388e-04
0.16909 4.61988660e-04
0.16967 4.62182787e-04
0.17026 4.62110908e-04
0.17085 4.62472176e-04
0.17144 4.62804781e-04
0.17204 4.63018592e-04
0.17263 4.63220464e-04
0.17323 4.63417452e-04
0.17383 4.63610987e-04
0.17443 4.63801216e-04
0.17503 4.63987795e-04
0.17564 4.64168355e-04
0.17625 4.64326616e-04
0.17686 4.63422385e-04
0.17747 4.64635196e-04
0.17808 4.64884132e-04
0.17870 4.65069724e-04
0.17932 4.65246041e-04
0.17994 4.65417672e-04
0.18056 4.65583432e-04
0.18119 4.65726252e-04
0.18182 4.63134476e-04
0.18244 4.66037496e-04
0.18308 4.66245485e-04
0.18371 4.66411443e-04
0.18435 4.66534332e-04
0.18498 4.66557568e-04
0.18562 4.66909413e-04
0.18627 4.67085435e-04
0.18691 4.67254155e-04
0.18756 4.67420803e-04
0.18821 4.67586464e-04
0.18886 4.67751336e-04
0.18951 4.67915567e-04
0.19017 4.68079255e-04
0.19083 4.68242400e-04
0.19149 4.68405101e-04
0.19215 4.68567309e-04
0.19282 4.68729073e-04
0.19348 4.68890393e-04
0.19415 4.69051220e-04
0.19483 4.69211603e-04
0.19550 4.69371492e-04
0.19618 4.55838224e-04
0.19686 3.91195968e-04
0.19754 3.48251992e-04
0.19822 3.18940641e-04
0.19891 2.98058088e-04
0.19960 2.83036137e-04
0.20029 2.73145643e-04
0.20098 2.65992803e-04
0.20168 2.61087737e-04
0.20237 2.57835881e-04
0.20307 2.56244043e-04
0.20378 2.55605225e-04
0.20448 2.55363837e-04
0.20519 2.55122301e-04
0.20590 2.54880568e-04
0.20661 2.54638489e-04
0.20733 2.54396065e-04
0.20805 2.54153197e-04
0.20877 2.53909787e-04
0.20949 2.53665784e-04
0.21021 2.53421091e-04
0.21094 2.53175608e-04
0.21167 2.52929287e-04
0.21240 2.52681979e-04
0.21314 2.52433684e-04
0.21388 2.52184156e-04
0.21462 2.51933444e-04
0.21536 2.51681400e-04
0.21611 2.51427925e-04
0.21685 2.51172921e-04
0.21760 2.50916240e-04
0.21836 2.50657881e-04
0.21911 2.50397648e-04
0.21987 2.50135491e-04
0.22063 2.49871311e-04
0.22140 2.49604960e-04
0.22216 2.49336340e-04
0.22293 2.49065401e-04
0.22370 2.48791996e-04
0.22448 2.48516075e-04
0.22526 2.48237440e-04
0.22604 2.47956092e-04
0.22682 2.47671883e-04
0.22760 2.47384713e-04
0.22839 2.47094535e-04
0.22918 2.46801199e-04
0.22998 2.46504607e-04
0.23077 2.46204709e-04
0.23157 2.45901457e-04
0.23237 2.45594653e-04
0.23318 2.45284347e-04
0.23398 2.44970340e-04
0.23479 2.44652683e-04
0.23561 2.44331177e-04
0.23642 2.44005824e-04
0.23724 2.43676524e-04
0.23806 2.43343228e-04
0.23889 2.43005936e-04
0.23971 2.42664500e-04
0.24054 2.42318871e-04
0.24137 2.41969048e-04
0.24221 2.41614983e-04
0.24305 2.41256576e-04
0.24389 2.40893828e-04
0.24473 2.40526689e-04
0.24558 2.40155111e-04
0.24643 2.39779092e-04
0.24728 2.39398535e-04
0.24814 2.39013488e-04
0.24900 2.38623903e-04
0.24986 2.38229729e-04
0.25073 2.37830968e-04
0.25159 2.37427569e-04
0.25246 2.37019583e-04
0.25334 2.36606909e-04
0.25422 2.36189599e-04
0.25510 2.35767651e-04
0.25598 2.35341016e-04
0.25687 2.34909744e-04
0.25775 2.34473736e-04
0.25865 2.34033091e-04
0.25954 2.33587709e-04
0.26044 2.33137691e-04
0.26134 2.32682985e-04
0.26225 2.32223593e-04
0.26315 2.31759564e-04
0.26406 2.31290848e-04
0.26498 2.30817544e-04
0.26590 2.30339553e-04
0.26682 2.29856925e-04
0.26774 2.29369709e-04
0.26867 2.28877856e-04
0.26960 2.28381464e-04
0.27053 2.27880533e-04
0.27147 2.27375015e-04
0.27241 2.26864957e-04
0.27335 2.26350411e-04
0.27430 2.25831375e-04
0.27525 2.25307899e-04
0.27620 2.24779983e-04
0.27715 2.24247627e-04
0.27811 2.23710880e-04
0.27908 2.23169792e-04
0.28004 2.22624363e-04
0.28101 2.22074592e-04
0.28198 2.21520579e-04
0.28296 2.20962323e-04
0.28394 2.20399824e-04
0.28492 2.19833132e-04
0.28591 2.19262296e-04
0.28690 2.18687316e-04
0.28789 2.18108291e-04
0.28889 2.17525171e-04
0.28989 2.16938055e-04
0.29089 2.16346943e-04
0.29190 2.15751884e-04
0.29291 2.15152879e-04
0.29392 2.14550075e-04
0.29494 2.13943373e-04
0.29596 2.13332873e-04
0.29699 2.12718624e-04
0.29801 2.12100675e-04
0.29905 2.11479025e-04
0.30008 2.10853725e-04
0.30112 2.10224873e-04
0.30216 2.09592420e-04
0.30321 2.08956464e-04
0.30426 2.08317055e-04
0.30531 2.07674192e-04
0.30637 2.07027975e-04
0.30743 2.06378403e-04
0.30849 2.05725525e-04
0.30956 2.05069392e-04
0.31063 2.04410052e-04
0.31171 2.03747555e-04
0.31279 2.03081949e-04
0.31387 2.02413285e-04
0.31496 2.01741563e-04
0.31605 2.01066929e-04
0.31714 2.00389287e-04
0.31824 1.99708832e-04
0.31934 1.99025467e-04
0.32044 1.98339388e-04
0.32155 1.97650547e-04
0.32267 1.96958992e-04
0.32378 1.96264823e-04
0.32490 1.95568039e-04
0.32603 1.94868689e-04
0.32716 1.94166873e-04
0.32829 1.93462640e-04
0.32943 1.92755989e-04
0.33057 1.92046971e-04
0.33171 1.91335633e-04
0.33286 1.90622076e-04
0.33401 1.89906348e-04
0.33517 1.89188400e-04
0.33633 1.88468429e-04
0.33749 1.87746337e-04
0.33866 1.87022272e-04
0.33983 1.86296283e-04
0.34101 1.85568369e-04
0.34219 1.84838631e-04
0.34337 1.84107067e-04
0.34456 1.83373727e-04
0.34576 1.82638709e-04
0.34695 1.81902064e-04
0.34815 1.81163791e-04
0.34936 1.80423939e-04
0.35057 1.79682656e-04
0.35178 1.78939844e-04
0.35300 1.78195700e-04
0.35422 1.77450175e-04
0.35545 1.76703317e-04
0.35668 1.75955227e-04
0.35791 1.75205952e-04
0.35915 1.74455493e-04
0.36039 1.73703900e-04
0.36164 1.72951320e-04
0.36289 1.72197655e-04
0.36415 1.71443052e-04
0.36541 1.70687561e-04
0.36668 1.69931183e-04
0.36795 1.69173965e-04
0.36922 1.68416008e-04
0.37050 1.67657311e-04
0.37178 1.66897972e-04
0.37307 1.66137943e-04
0.37436 1.65377371e-04
0.37565 1.64616256e-04
0.37695 1.63854648e-04
0.37826 1.63092596e-04
0.37957 1.62330149e-04
0.38088 1.61567357e-04
0.38220 1.60804220e-04
0.38352 1.60040836e-04
0.38485 1.59277255e-04
0.38618 1.58513476e-04
0.38752 1.57749599e-04
0.38886 1.56985573e-04
0.39021 1.56221548e-04
0.39156 1.55457523e-04
0.39291 1.54451271e-03
0.39427 1.53695188e-03
0.39564 1.52922727e-03
0.39701 1.44895157e-03
0.39838 1.44135177e-03
0.39976 1.43362864e-03
0.40115 1.42577823e-03
0.40253 1.41783211e-03
0.40393 1.40977104e-03
0.40533 1.40162709e-03
0.40673 1.39338744e-03
0.40814 1.31584629e-03
0.40955 1.30786120e-03
0.41097 1.29983319e-03
0.41239 1.29173216e-03
0.41382 1.28356897e-03
0.41525 1.27537865e-03
0.41669 1.26713505e-03
0.41813 1.25886136e-03
0.41958 1.18476121e-03
0.42103 1.17685999e-03
0.42249 1.16895235e-03
0.42395 1.16101905e-03
0.42542 1.15308379e-03
0.42689 1.14514704e-03
0.42837 1.13719500e-03
0.42985 1.12927305e-03
0.43134 1.12133532e-03
0.43283 1.11341584e-03
0.43433 1.10552152e-03
0.43583 1.09764101e-03
0.43734 1.02925120e-03
0.43886 1.02185367e-03
0.44037 1.01448327e-03
0.44190 1.00714296e-03
0.44343 9.99836200e-04
0.44496 9.92562493e-04
0.44650 9.85327267e-04
0.44805 9.78131507e-04
0.44960 9.70983600e-04
0.45116 9.63866773e-04
0.45272 9.00531160e-04
0.45429 8.93925427e-04
0.45586 8.87365080e-04
0.45744 8.80855053e-04
0.45902 8.74397320e-04
0.46061 8.67978067e-04
0.46220 8.61616040e-04
0.46380 8.55301867e-04
0.46541 8.49039987e-04
0.46702 8.42830893e-04
0.46864 8.36682973e-04
0.47026 7.81996973e-04
0.47189 7.73011400e-04
0.47352 7.67394800e-04
0.47516 7.61829013e-04
0.47680 7.56316507e-04
0.47845 7.50856293e-04
0.48011 7.45451827e-04
0.48177 7.40094720e-04
0.48344 7.34800267e-04
0.48511 7.29551693e-04
0.48679 7.24355907e-04
0.48848 7.19215867e-04
0.49017 7.14123187e-04
0.49186 7.09086253e-04
0.49357 7.04103093e-04
0.49528 6.99175187e-04
0.49699 6.94294640e-04
0.49871 6.43507947e-04
0.50044 6.39050187e-04
0.50217 6.34643240e-04
0.50391 6.30279213e-04
0.50565 6.25967480e-04
0.50740 6.21692747e-04
0.50916 6.17473760e-04
0.51092 6.13296213e-04
0.51269 6.09163560e-04
0.51446 6.05078760e-04
0.51625 6.01038853e-04
0.51803 5.97040387e-04
0.51983 5.93085333e-04
0.52163 5.89174187e-04
0.52343 5.85305467e-04
0.52524 5.39951360e-04
0.52706 5.36437347e-04
0.52889 5.32962800e-04
0.53072 5.29524760e-04
0.53255 5.26125693e-04
0.53440 5.22761653e-04
0.53625 5.19437080e-04
0.53810 5.16146053e-04
0.53997 5.12890547e-04
0.54183 5.09670067e-04
0.54371 5.06487573e-04
0.54559 5.03335667e-04
0.54748 5.00217800e-04
0.54938 4.97132493e-04
0.55128 4.94082213e-04
0.55319 4.91063063e-04
0.55510 4.88074696e-04
0.55702 4.52457559e-04
0.55895 4.45103685e-04
0.56089 4.42431891e-04
0.56283 4.39785799e-04
0.56478 4.37169060e-04
0.56673 4.34576593e-04
0.56869 4.32012839e-04
0.57066 4.29472715e-04
0.57264 4.26960859e-04
0.57462 4.24472436e-04
0.57661 4.22008828e-04
0.57860 4.19569640e-04
0.58061 4.17156352e-04
0.58262 4.14764968e-04
0.58463 4.12396475e-04
0.58666 4.10051365e-04
0.58869 4.07728160e-04
0.59073 4.05428388e-04
0.59277 4.03149237e-04
0.59482 4.00892089e-04
0.59688 3.98656648e-04
0.59895 3.96442025e-04
0.60102 3.94246199e-04
0.60310 3.92072967e-04
0.60519 3.89918235e-04
0.60728 3.87782989e-04
0.60939 3.85667675e-04
0.61150 3.83569972e-04
0.61361 3.81491559e-04
0.61574 3.47814060e-04
0.61787 3.45942452e-04
0.62001 3.44086285e-04
0.62215 3.42247731e-04
0.62431 3.40424075e-04
0.62647 3.38614923e-04
0.62864 3.36822791e-04
0.63081 3.35044324e-04
0.63300 3.33281693e-04
0.63519 3.31532975e-04
0.63739 3.29798957e-04
0.63959 3.28079049e-04
0.64181 3.26373004e-04
0.64403 3.24680673e-04
0.64626 3.23001860e-04
0.64849 3.21336416e-04
0.65074 3.19684045e-04
0.65299 3.18043959e-04
0.65525 3.16417932e-04
0.65752 3.14803153e-04
0.65980 3.13201399e-04
0.66208 3.11612471e-04
0.66437 3.10034199e-04
0.66667 3.08469247e-04
0.66898 3.06914408e-04
0.67130 3.05371952e-04
0.67362 3.03841287e-04
0.67595 3.02320833e-04
0.67829 3.00811924e-04
0.68064 2.99313424e-04
0.68299 2.70752433e-04
0.68536 2.69409925e-04
0.68773 2.68076445e-04
0.69011 2.66753177e-04
0.69250 2.65438543e-04
0.69490 2.64133331e-04
0.69730 2.62837097e-04
0.69972 2.61549399e-04
0.70214 2.60271073e-04
0.70457 2.59001085e-04
0.70701 2.57739731e-04
0.70946 2.56486763e-04
0.71191 2.55242181e-04
0.71438 2.54005987e-04
0.71685 2.52777932e-04
0.71933 2.51557573e-04
0.72182 2.50345552e-04
0.72432 2.49141424e-04
0.72683 2.47944992e-04
0.72934 2.46756157e-04
0.73187 2.45574871e-04
0.73440 2.44401280e-04
0.73694 2.43234843e-04
0.73949 2.42075953e-04
0.74205 2.40924415e-04
0.74462 2.39779980e-04
0.74720 2.38642452e-04
0.74979 2.37512176e-04
0.75238 2.36388708e-04
0.75499 2.35272196e-04
0.75760 2.34162689e-04
0.76022 2.33059547e-04
0.76285 2.31963360e-04
0.76549 2.30873587e-04
0.76814 2.29790523e-04
0.77080 2.28713724e-04
0.77347 2.27643585e-04
0.77615 2.26579564e-04
0.77884 2.25522055e-04
0.78153 2.24470564e-04
0.78424 2.23425240e-04
0.78695 2.22386329e-04
0.78968 2.21353240e-04
0.79241 2.20326169e-04
0.79515 2.19305019e-04
0.79790 2.18289887e-04
0.80067 2.17280428e-04
0.80344 2.16276939e-04
0.80622 2.15279073e-04
0.80901 2.14286931e-04
0.81181 2.13300412e-04
0.81462 2.12319468e-04
0.81744 2.11344049e-04
0.82027 2.10374255e-04
0.82311 2.09409837e-04
0.82596 2.08450797e-04
0.82882 2.07497184e-04
0.83169 2.06548800e-04
0.83457 2.05605843e-04
0.83745 2.04667967e-04
0.84035 2.03735369e-04
0.84326 2.02807903e-04
0.84618 2.01885616e-04
0.84911 2.00968312e-04
0.85205 2.00056139e-04
0.85500 1.99148899e-04
0.85796 1.98246641e-04
0.86093 1.97349317e-04
0.86391 1.96456877e-04
0.86690 1.95569321e-04
0.86990 1.94686551e-04
0.87291 1.93808565e-04
0.87593 1.92935316e-04
0.87897 1.92066803e-04
0.88201 1.91202976e-04
0.88506 1.90343836e-04
0.88813 1.89489235e-04
0.89120 1.88639271e-04
0.89428 1.87793845e-04
0.89738 1.86952959e-04
0.90049 1.86116561e-04
0.90360 1.85284653e-04
0.90673 1.84457136e-04
0.90987 1.83634009e-04
0.91302 1.82815224e-04
0.91618 1.82000879e-04
0.91935 1.81190825e-04
0.92253 1.80384965e-04
0.92573 1.79583496e-04
0.92893 1.78786171e-04
0.93215 1.77993088e-04
0.93537 1.77204149e-04
0.93861 1.76419404e-04
0.94186 1.75638753e-04
0.94512 1.74862197e-04
0.94839 1.74089736e-04
0.95168 1.73321271e-04
0.95497 1.72556900e-04
0.95828 1.71796476e-04
0.96159 1.71040048e-04
0.96492 1.70287517e-04
0.96826 1.69538983e-04
0.97161 1.68794296e-04
0.97498 1.68053457e-04
0.97835 1.67316565e-04
0.98174 1.66583373e-04
0.98514 1.65854079e-04
0.98855 1.65128533e-04
0.99197 1.64406737e-04
0.99540 1.63688641e-04
0.99885 1.62974344e-04
1.00231 1.62263747e-04
1.00578 1.61556701e-04
1.00926 1.60853307e-04
1.01275 1.60153612e-04
1.01626 1.59457469e-04
1.01978 1.58764977e-04
1.02330 1.58076037e-04
1.02685 1.72221927e-04
1.03040 1.72379300e-04
1.03397 1.71632985e-04
1.03755 1.70890568e-04
1.04114 1.70151999e-04
1.04474 1.69417031e-04
1.04836 1.68686009e-04
1.05199 1.67958688e-04
1.05563 1.67234919e-04
1.05928 1.66514997e-04
1.06295 1.65798628e-04
1.06663 1.65086107e-04
1.07032 1.64377039e-04
1.07403 1.63671621e-04
1.07775 1.62969756e-04
1.08148 1.62271640e-04
1.08522 1.61576879e-04
1.08898 1.60885571e-04
1.09275 1.60197913e-04
1.09653 1.59513808e-04
1.10032 1.58833008e-04
1.10413 1.58155711e-04
1.10796 1.57481719e-04
1.11179 1.56811377e-04
1.11564 1.60698795e-04
1.11950 1.69614808e-04
1.12338 1.68894344e-04
1.12726 1.68177629e-04
1.13117 1.67464565e-04
1.13508 1.66754955e-04
1.13901 1.66048797e-04
1.14295 1.65346291e-04
1.14691 1.64647435e-04
1.15088 1.63951933e-04
1.15487 1.63259935e-04
1.15886 1.62571389e-04
1.16287 1.61886495e-04
1.16690 1.61204856e-04
1.17094 1.60526572e-04
1.17499 1.59851643e-04
1.17906 1.59180315e-04
1.18314 1.58512144e-04
1.18724 1.57847279e-04
1.19135 1.57185719e-04
1.19547 1.56527513e-04
1.19961 1.55872663e-04
1.20376 1.55442821e-04
1.20793 1.67453515e-04
1.21211 1.66754412e-04
1.21630 1.66058911e-04
1.22052 1.65366961e-04
1.22474 1.64678317e-04
1.22898 1.63992929e-04
1.23323 1.63311192e-04
1.23750 1.62632809e-04
1.24179 1.61957485e-04
1.24609 1.61285615e-04
1.25040 1.60617099e-04
1.25473 1.59951740e-04
1.25907 1.64468552e-04
1.26343 1.70833539e-04
1.26780 1.70127727e-04
1.27219 1.69425121e-04
1.27659 1.68726463e-04
1.28101 1.68030764e-04
1.28545 1.67338667e-04
1.28990 1.66649727e-04
1.29436 1.65964388e-04
1.29884 1.65282651e-04
1.30334 1.64603676e-04
1.30785 1.74474832e-04
1.31238 1.74917253e-04
1.31692 1.74200687e-04
1.32148 1.73487524e-04
1.32605 1.72777913e-04
1.33064 1.72071707e-04
1.33525 1.71368904e-04
1.33987 1.70669505e-04
1.34451 1.69973708e-04
1.34916 1.69281019e-04
1.35383 1.79427948e-04
1.35852 1.79099289e-04
1.36322 1.78371228e-04
1.36794 1.77646324e-04
1.37268 1.76925416e-04
1.37743 1.76207616e-04
1.38220 1.75493319e-04
1.38698 1.74782721e-04
1.39178 1.74075528e-04
1.39660 1.73371393e-04
1.40144 1.72670959e-04
1.40629 1.82721787e-04
1.41115 1.81984451e-04
1.41604 1.81250716e-04
1.42094 1.80520632e-04
1.42586 1.79793952e-04
1.43080 1.79070429e-04
1.43575 1.78350705e-04
1.44072 1.83077628e-04
1.44571 1.87328435e-04
1.45071 1.86577137e-04
1.45573 1.85829145e-04
1.46077 1.85084853e-04
1.46583 1.84344409e-04
1.47090 1.83606975e-04
1.47599 1.88984111e-04
1.48110 1.92262064e-04
1.48623 1.91494684e-04
1.49137 1.90731152e-04
1.49654 1.89971468e-04
1.50172 1.89215040e-04
1.50692 1.91379787e-04
1.51213 1.97592284e-04
1.51737 1.96807193e-04
1.52262 1.96025852e-04
1.52789 1.95248211e-04
1.53318 1.94474023e-04
1.53849 1.93703732e-04
1.54381 1.92937141e-04
1.54916 1.93580892e-04
1.55452 2.00984888e-04
1.55990 2.00190819e-04
1.56530 1.99400351e-04
1.57072 1.98614224e-04
1.57615 1.97831107e-04
1.58161 2.06434889e-04
1.58709 2.05622715e-04
1.59258 2.04813796e-04
1.59809 2.04008627e-04
1.60362 2.03207355e-04
1.60918 2.11610104e-04
1.61475 2.10779577e-04
1.62034 2.09953836e-04
1.62594 2.09131400e-04
1.63157 2.08312565e-04
1.63722 2.07497973e-04
1.64289 2.14727675e-04
1.64857 2.14830535e-04
1.65428 2.13992065e-04
1.66001 2.13156951e-04
1.66575 2.13636076e-04
1.67152 2.19725635e-04
1.67731 2.19453611e-04
1.68311 2.18599503e-04
1.68894 2.18907047e-04
1.69478 2.25511399e-04
1.70065 2.24703812e-04
1.70654 2.23831895e-04
1.71245 2.22964269e-04
1.71837 2.30642065e-04
1.72432 2.29749181e-04
1.73029 2.28860145e-04
1.73628 2.27974908e-04
1.74229 2.27980680e-04
1.74832 2.33710007e-04
1.75437 2.33689435e-04
1.76045 2.32787720e-04
1.76654 2.34261455e-04
1.77266 2.39247180e-04
1.77879 2.38326571e-04
1.78495 2.37409267e-04
1.79113 2.43719444e-04
1.79733 2.43711057e-04
1.80355 2.42775204e-04
1.80979 2.46151725e-04
1.81606 2.48946557e-04
1.82234 2.47992599e-04
1.82865 2.47042439e-04
1.83498 2.46662177e-04
1.84133 2.53063572e-04
1.84771 2.52095899e-04
1.85410 2.52137289e-04
1.86052 2.56707529e-04
1.86696 2.57007377e-04
1.87342 2.56026877e-04
1.87991 2.61437609e-04
1.88642 2.61778897e-04
1.89295 2.61837999e-04
1.89950 2.67431067e-04
1.90607 2.66414751e-04
1.91267 2.65401592e-04
1.91929 2.65421868e-04
1.92594 2.70208237e-04
1.93260 2.69888409e-04
1.93929 2.71171569e-04
1.94601 2.75286709e-04
1.95274 2.74244543e-04
1.95950 2.77835023e-04
1.96629 2.79529672e-04
1.97309 2.78472804e-04
1.97992 2.79113693e-04
1.98678 2.83646687e-04
1.99365 2.83828332e-04
2.00055 2.88729007e-04
2.00748 2.87641009e-04
2.01443 2.89884443e-04
2.02140 2.92615832e-04
2.02840 2.94055379e-04
2.03542 2.97502052e-04
2.04247 2.96383912e-04
2.04954 2.98378705e-04
2.05663 3.01166532e-04
2.06375 3.03149584e-04
2.07090 3.05862375e-04
2.07806 3.06375293e-04
2.08526 3.10145396e-04
2.09247 3.09844117e-04
2.09972 3.15003151e-04
2.10699 3.13824824e-04
2.11428 3.14347609e-04
2.12160 3.17351516e-04
2.12894 3.21615495e-04
2.13631 3.22606207e-04
2.14371 3.24124736e-04
2.15113 3.26875908e-04
2.15857 3.26771617e-04
2.16605 3.31067515e-04
2.17354 3.30658393e-04
2.18107 3.33370592e-04
2.18862 3.36889489e-04
2.19619 3.38899576e-04
2.20380 3.38122477e-04
2.21143 3.43313972e-04
2.21908 3.44793035e-04
2.22676 3.47065279e-04
2.23447 3.47660436e-04
2.24220 3.50502431e-04
2.24997 3.53559272e-04
2.25775 3.55748833e-04
2.26557 3.58833449e-04
2.27341 3.61609387e-04
2.28128 3.63226533e-04
2.28918 3.62909665e-04
2.29710 3.66569015e-04
2.30505 3.68246151e-04
2.31303 3.71076157e-04
2.32104 3.74948035e-04
2.32908 3.78805803e-04
2.33714 3.78367624e-04
2.34523 3.81308088e-04
2.35335 3.82647439e-04
2.36149 3.87653835e-04
2.36967 3.90992320e-04
2.37787 3.92851249e-04
2.38610 3.94963259e-04
2.39436 3.97283405e-04
2.40265 3.99244011e-04
2.41097 4.04140245e-04
2.41931 4.06225861e-04
2.42769 4.08476053e-04
2.43609 4.10046087e-04
2.44452 4.14173659e-04
2.45298 4.16930899e-04
2.46148 4.19092833e-04
2.47000 4.24095727e-04
2.47855 4.24554675e-04
2.48713 4.27926756e-04
2.49574 4.27843580e-04
2.50438 4.32801383e-04
2.51304 4.37288693e-04
2.52174 4.39743125e-04
2.53047 4.41687697e-04
2.53923 4.45267423e-04
2.54802 4.46919103e-04
2.55684 4.50141605e-04
2.56569 4.54707948e-04
2.57457 4.56845808e-04
2.58349 4.58175835e-04
2.59243 4.62585791e-04
2.60140 4.66188604e-04
2.61041 4.67849855e-04
2.61944 4.70057768e-04
2.62851 4.74257268e-04
2.63761 4.78401219e-04
2.64674 4.82489571e-04
2.65590 4.86521880e-04
2.66510 4.90500071e-04
2.67432 4.94425080e-04
2.68358 4.97919360e-04
2.69287 4.99675627e-04
2.70219 5.00646013e-04
2.71154 5.04378080e-04
2.72093 5.08058840e-04
2.73035 5.11689280e-04
2.73980 5.15412467e-04
2.74928 5.19777973e-04
2.75880 5.22768560e-04
2.76835 5.25715240e-04
2.77793 5.28614067e-04
2.78755 5.35861133e-04
2.79720 5.39330747e-04
2.80688 5.42084040e-04
2.81660 5.48116520e-04
2.82635 5.52460320e-04
2.83613 5.55071040e-04
2.84595 5.57640813e-04
2.85580 5.61887427e-04
2.86569 5.67587400e-04
2.87561 5.70021507e-04
2.88556 5.72806373e-04
2.89555 5.79569973e-04
2.90557 5.81940440e-04
2.91563 5.84199907e-04
2.92572 5.89671960e-04
2.93585 5.96124760e-04
2.94601 6.00324507e-04
2.95621 6.04023027e-04
2.96644 6.09197107e-04
2.97671 6.11677093e-04
2.98702 6.17767787e-04
2.99736 6.19760360e-04
3.00773 6.25003013e-04
3.01814 6.30866773e-04
3.02859 6.36658013e-04
3.03907 6.40924853e-04
3.04960 6.43406320e-04
3.06015 6.48996280e-04
3.07074 6.54499413e-04
3.08137 6.59926080e-04
3.09204 6.62668027e-04
3.10274 6.66038480e-04
3.11348 6.71279160e-04
3.12426 6.76451267e-04
3.13508 6.81546907e-04
3.14593 6.86563120e-04
3.15682 6.91515200e-04
3.16775 6.96403147e-04
3.17871 7.01227947e-04
3.18972 7.06273760e-04
3.20076 7.14544493e-04
3.21184 7.19667267e-04
3.22295 7.24205933e-04
3.23411 7.28684907e-04
3.24531 7.33105667e-04
3.25654 7.37456373e-04
3.26781 7.44860320e-04
3.27912 7.52487747e-04
3.29047 7.58663293e-04
3.30187 7.62743653e-04
3.31330 7.66756427e-04
3.32476 7.73615240e-04
3.33627 7.80797680e-04
3.34782 7.86823253e-04
3.35941 7.90737360e-04
3.37104 7.97645507e-04
3.38271 8.02040120e-04
3.39442 8.08543240e-04
3.40617 8.17364040e-04
3.41796 8.20785800e-04
3.42979 8.26818773e-04
3.44166 8.33222733e-04
3.45358 8.39553680e-04
3.46553 8.45798293e-04
3.47753 8.51933387e-04
3.48957 8.59719173e-04
3.50164 8.68002240e-04
3.51377 8.73896587e-04
3.52593 8.79687827e-04
3.53814 8.87007907e-04
3.55038 8.95024573e-04
3.56267 9.00578520e-04
3.57500 9.06040213e-04
3.58738 9.12753493e-04
3.59980 9.20930493e-04
3.61226 9.28957520e-04
3.62476 9.34912053e-04
3.63731 9.40873000e-04
3.64990 9.48641027e-04
3.66254 9.58786427e-04
3.67521 9.66194320e-04
3.68794 9.71266280e-04
3.70070 9.78595733e-04
3.71351 9.85828493e-04
3.72637 9.93733173e-04
3.73927 1.00342224e-03
3.75221 1.01072456e-03
3.76520 1.01757844e-03
3.77823 1.02435881e-03
3.79131 1.03347561e-03
3.80443 1.04256972e-03
3.81760 1.05140828e-03
3.83082 1.05774811e-03
3.84408 1.06699712e-03
3.85739 1.07749279e-03
3.87074 1.08354796e-03
3.88414 1.09267759e-03
3.89758 1.10303364e-03
3.91107 1.11120669e-03
3.92461 1.11926825e-03
3.93820 1.12726272e-03
3.95183 1.13510672e-03
3.96551 1.14589345e-03
3.97924 1.15756967e-03
3.99301 1.16506932e-03
4.00683 1.17386792e-03
4.02070 1.18349236e-03
4.03462 1.19290763e-03
4.04859 1.20342303e-03
4.06260 1.21491473e-03
4.07667 1.22179279e-03
4.09078 1.23041872e-03
4.10494 1.24147235e-03
4.11915 1.25045397e-03
4.13341 1.25967437e-03
4.14771 1.27028745e-03
4.16207 1.28220343e-03
4.17648 1.29448792e-03
4.19094 1.30463677e-03
4.20545 1.31469584e-03
4.22000 1.32466512e-03
4.23461 1.33622343e-03
4.24927 1.34795391e-03
4.26398 1.35948508e-03
4.27874 1.37085937e-03
4.29355 1.38218433e-03
4.30841 1.39321033e-03
4.32332 1.40419144e-03
4.33829 1.41501665e-03
4.35331 1.42699775e-03
4.36838 1.43953285e-03
4.38350 1.45174631e-03
4.39867 1.46457297e-03
4.41390 1.47844551e-03
4.42918 1.48963381e-03
4.44451 1.49950344e-03
4.45990 1.51267149e-03
4.47533 1.52639701e-03
4.49083 1.54121773e-03
4.50637 1.55489836e-03
4.52197 1.56763968e-03
4.53762 1.58010572e-03
4.55333 1.59269904e-03
4.56909 1.60657601e-03
4.58491 1.62097937e-03
4.60078 1.63631267e-03
4.61670 1.65046837e-03
4.63269 1.66378147e-03
4.64872 1.67816411e-03
4.66481 1.69288172e-03
4.68096 1.70718888e-03
4.69717 1.72187936e-03
4.71343 1.73753036e-03
4.72974 1.75305951e-03
4.74611 1.76838540e-03
4.76254 1.78347795e-03
4.77903 1.79847725e-03
4.79557 1.81440649e-03
4.81217 1.83067959e-03
4.82883 1.84798375e-03
4.84555 1.86522821e-03
4.86232 1.88065573e-03
4.87915 1.89683065e-03
4.89604 1.91496115e-03
4.91299 1.93241084e-03
4.92999 1.94863707e-03
4.94706 1.96615533e-03
4.96418 1.98499771e-03
4.98137 2.00355493e-03
4.99861 2.02197699e-03
5.01591 2.04104235e-03
5.03328 2.06049793e-03
5.05070 2.07841827e-03
5.06818 2.09598537e-03
5.08573 2.11545872e-03
5.10333 2.13545549e-03
5.12100 2.15489628e-03
5.13873 2.17442241e-03
5.15651 2.19464267e-03
5.17436 2.21509084e-03
5.19228 2.23619071e-03
5.21025 2.25751356e-03
5.22828 2.27816055e-03
5.24638 2.29896836e-03
5.26454 2.32164196e-03
5.28277 2.34459725e-03
5.30105 2.36682932e-03
5.31940 2.38922419e-03
5.33782 2.41210597e-03
5.35629 2.43523097e-03
5.37484 2.45879257e-03
5.39344 2.48261268e-03
5.41211 2.50681216e-03
5.43084 2.53128100e-03
5.44965 2.55699551e-03
5.46851 2.58331533e-03
5.48744 2.60832092e-03
5.50643 2.63274141e-03
5.52550 2.65875587e-03
5.54462 2.68612995e-03
5.56381 2.71323269e-03
5.58308 2.73988996e-03
5.60240 2.76713429e-03
5.62179 2.79540476e-03
5.64125 2.82393324e-03
5.66078 2.85258012e-03
5.68038 2.88151807e-03
5.70004 2.91051472e-03
5.71977 2.93980047e-03
5.73957 2.97092832e-03
5.75944 3.00276657e-03
5.77938 3.03401085e-03
5.79938 3.06496357e-03
5.81946 3.09689605e-03
5.83960 3.13021431e-03
5.85982 3.16379797e-03
5.88010 3.19723167e-03
5.90045 3.23101908e-03
5.92088 3.26554551e-03
5.94137 3.30048189e-03
5.96194 3.33597279e-03
5.98258 3.37194961e-03
6.00329 3.40873797e-03
6.02407 3.44671576e-03
6.04492 3.48511781e-03
6.06585 3.52395943e-03
6.08684 3.56323419e-03
6.10791 3.60218433e-03
6.12906 3.64126768e-03
6.15027 3.68146793e-03
6.17156 3.72323748e-03
6.19293 3.76549493e-03
6.21436 3.80883131e-03
6.23588 3.85266595e-03
6.25746 3.89728893e-03
6.27912 3.94258779e-03
6.30086 3.98848209e-03
6.32267 4.03512725e-03
6.34455 4.08231755e-03
6.36652 4.13016151e-03
6.38856 4.17858859e-03
6.41067 4.22858891e-03
6.43286 4.28082551e-03
6.45513 4.33370739e-03
6.47747 4.38609199e-03
6.49990 4.43901087e-03
6.52240 4.49350693e-03
6.54497 4.54988063e-03
6.56763 4.60696127e-03
6.59037 4.66483075e-03
6.61318 4.72343085e-03
6.63607 4.78339848e-03
6.65904 4.84504245e-03
6.68209 4.90747971e-03
6.70522 4.97173933e-03
6.72843 5.03700240e-03
6.75172 5.10313373e-03
6.77510 5.17016787e-03
6.79855 5.23808013e-03
6.82208 5.30839493e-03
6.84570 5.38031307e-03
6.86939 5.45327707e-03
6.89317 5.52807627e-03
6.91704 5.60390160e-03
6.94098 5.68166080e-03
6.96500 5.76163507e-03
6.98911 5.84272920e-03
7.01331 5.92615680e-03
7.03759 6.01111373e-03
7.06195 6.09750627e-03
7.08639 6.18741133e-03
7.11092 6.27863360e-03
7.13554 6.37187360e-03
7.16024 6.46764440e-03
7.18502 6.56484587e-03
7.20990 6.66514053e-03
7.23485 6.76793147e-03
7.25990 6.87230600e-03
7.28503 6.98105640e-03
7.31025 7.09195773e-03
7.33555 7.20477813e-03
7.36094 7.32153533e-03
7.38642 7.44017707e-03
7.41199 7.56158640e-03
7.43765 7.68755413e-03
7.46340 7.81560867e-03
7.48923 7.94751120e-03
7.51516 8.08421880e-03
7.54117 8.22326973e-03
7.56727 8.36660773e-03
7.59347 8.51417360e-03
7.61975 8.66432947e-03
7.64613 8.82048920e-03
7.67260 8.98154280e-03
7.69916 9.14552187e-03
7.72581 9.31587480e-03
7.75255 9.49096867e-03
7.77939 9.66933827e-03
7.80632 9.85764853e-03
7.83334 1.00522143e-02
7.86046 1.02506083e-02
7.88767 1.04588689e-02
7.91497 1.06736663e-02
7.94237 1.08928493e-02
7.96986 1.11222937e-02
7.99745 1.13591085e-02
8.02513 1.16009455e-02
8.05291 1.18547753e-02
8.08079 1.21181216e-02
8.10876 1.23872843e-02
8.13683 1.26691157e-02
8.16500 1.29630487e-02
8.19326 1.32637649e-02
8.22162 1.35770760e-02
8.25008 1.39057347e-02
8.27864 1.42423064e-02
8.30730 1.45914729e-02
8.33605 1.49622179e-02
8.36491 1.53423263e-02
8.39386 1.57333077e-02
8.42292 1.61526411e-02
8.45208 1.65830793e-02
8.48133 1.70249185e-02
8.51069 1.74972803e-02
8.54016 1.79864548e-02
8.56972 1.84892256e-02
8.59938 1.90232737e-02
8.62915 1.95861029e-02
8.65902 2.01654884e-02
8.68899 2.07722835e-02
8.71907 2.14267345e-02
8.74925 2.21016885e-02
8.77954 2.27977819e-02
8.80993 2.35507319e-02
8.84043 2.43313924e-02
8.87103 2.51377852e-02
8.90174 2.59931956e-02
8.93255 2.68971007e-02
8.96347 2.78322732e-02
8.99450 2.88050377e-02
9.02563 2.98507515e-02
9.05688 3.09342496e-02
9.08823 3.20569036e-02
9.11969 3.32449835e-02
9.15126 3.44902160e-02
9.18294 3.57819452e-02
9.21472 3.71248627e-02
9.24662 3.85347304e-02
9.27863 3.99980804e-02
9.31075 4.15169403e-02
9.34298 4.30824152e-02
9.37532 4.46996901e-02
9.40777 4.63778473e-02
9.44034 4.81242868e-02
9.47302 5.02114667e-02
9.50581 5.23899280e-02
9.53871 5.46639480e-02
9.57173 5.66932253e-02
9.60487 5.82269000e-02
9.63811 5.98022613e-02
9.67148 6.14204933e-02
9.70495 6.27315267e-02
9.73855 6.39174013e-02
9.77226 6.51249827e-02
9.80609 6.63546160e-02
9.84003 6.71698493e-02
9.87409 6.79801000e-02
9.90827 6.87980960e-02
9.94257 6.95342973e-02
9.97699 6.98986240e-02
10.01153 7.02616680e-02
10.04618 7.06232320e-02
10.08096 7.08901253e-02
10.11585 7.09923440e-02
10.15087 7.10918000e-02
10.18601 7.11884933e-02
10.22127 7.11892333e-02
10.25665 7.10880013e-02
10.29215 7.09837600e-02
10.32778 7.08765093e-02
10.36353 7.06734533e-02
10.39941 7.03929440e-02
10.43540 7.01103627e-02
10.47153 6.98255613e-02
10.50777 6.93694747e-02
10.54415 6.87850720e-02
10.58065 6.82028893e-02
10.61727 6.76229267e-02
10.65403 6.69552987e-02
10.69091 6.62110067e-02
10.72791 6.54726347e-02
10.76505 6.47401333e-02
10.80231 6.39281560e-02
10.83971 6.30104080e-02
10.87723 6.21041547e-02
10.91488 6.12092973e-02
10.95266 6.02901187e-02
10.99058 5.92871720e-02
11.02862 5.83003080e-02
11.06680 5.73291813e-02
11.10511 5.63742360e-02
11.14355 5.54468680e-02
11.18212 5.45343000e-02
11.22083 5.36363347e-02
11.25967 5.27527747e-02
11.29865 5.18540693e-02
11.33776 5.09616787e-02
11.37701 5.00843347e-02
11.41639 4.92218203e-02
11.45591 4.83106731e-02
11.49556 4.73306615e-02
11.53536 4.63703684e-02
11.57529 4.54293992e-02
11.61536 4.45067524e-02
11.65556 4.35303964e-02
11.69591 4.25754165e-02
11.73640 4.16413441e-02
11.77702 4.07277204e-02
11.81779 3.96804921e-02
11.85870 3.85268173e-02
11.89975 3.74067040e-02
11.94094 3.63191605e-02
11.98227 3.52632447e-02
12.02375 3.39103865e-02
12.06537 3.26021751e-02
12.10714 3.13445105e-02
12.14905 3.01354393e-02
12.19110 2.89651244e-02
12.23330 2.78260375e-02
12.27565 2.67313259e-02
12.31814 2.56792827e-02
12.36078 2.46682651e-02
12.40357 2.38905103e-02
12.44651 2.32361677e-02
12.48959 2.25992201e-02
12.53283 2.19792235e-02
12.57621 2.13757485e-02
12.61974 2.09376685e-02
12.66343 2.05282019e-02
12.70726 2.01261944e-02
12.75125 1.97315376e-02
12.79539 1.93494016e-02
12.83968 1.91966113e-02
12.88413 1.90443983e-02
12.92873 1.88927624e-02
12.97348 1.87417185e-02
13.01839 1.86216313e-02
13.06345 1.88343813e-02
13.10867 1.90490997e-02
13.15405 1.92658013e-02
13.19959 1.94845108e-02
13.24528 1.97038863e-02
13.29113 1.99036123e-02
13.33713 2.01049959e-02
13.38330 2.03080469e-02
13.42963 2.05127753e-02
13.47612 2.07192008e-02
13.52277 2.10443321e-02
13.56958 2.13811653e-02
13.61655 2.17231045e-02
13.66368 2.20702237e-02
13.71098 2.24225969e-02
13.75844 2.27481920e-02
13.80607 2.30667571e-02
13.85386 2.33894859e-02
13.90182 2.37164228e-02
13.94994 2.40476271e-02
13.99823 2.44471185e-02
14.04668 2.49363819e-02
14.09531 2.54351468e-02
14.14410 2.59435909e-02
14.19306 2.64619067e-02
14.24219 2.69903949e-02
14.29149 2.75321736e-02
14.34096 2.80845836e-02
14.39060 2.86478272e-02
14.44042 2.92221215e-02
14.49041 2.98076835e-02
14.54057 3.03844444e-02
14.59090 3.09543381e-02
14.64141 3.15347941e-02
14.69209 3.21259999e-02
14.74295 3.27281675e-02
14.79398 3.33414943e-02
14.84519 3.40063251e-02
14.89658 3.46876184e-02
14.94814 3.53825524e-02
14.99989 3.60914231e-02
15.05181 3.68145116e-02
15.10392 3.75509744e-02
15.15620 3.82977627e-02
15.20866 3.90595433e-02
15.26131 3.98366420e-02
15.31414 4.06293941e-02
15.36715 4.14381451e-02
15.42034 4.22367925e-02
15.47372 4.30056081e-02
15.52729 4.37888439e-02
15.58103 4.45868105e-02
15.63497 4.53998288e-02
15.68909 4.62282292e-02
15.74340 4.70631367e-02
15.79790 4.79005996e-02
15.85258 4.87536716e-02
15.90746 4.96227227e-02
15.96252 5.05080587e-02
16.01778 5.14101187e-02
16.07323 5.22067533e-02
16.12886 5.27700413e-02
16.18470 5.33392987e-02
16.24072 5.39145747e-02
16.29694 5.44958693e-02
16.35335 5.50832320e-02
16.40996 5.56637373e-02
16.46677 5.61576133e-02
16.52377 5.66553373e-02
16.58097 5.71569587e-02
16.63836 5.76624280e-02
16.69596 5.81717947e-02
16.75375 5.86850587e-02
16.81175 5.89532347e-02
16.86994 5.91498773e-02
16.92834 5.93461747e-02
16.98694 5.95421267e-02
17.04574 5.97376347e-02
17.10474 5.99327480e-02
17.16395 6.01323013e-02
17.22337 6.03437933e-02
17.28299 6.05549400e-02
17.34281 6.07656920e-02
17.40285 6.09760000e-02
17.46309 6.11858640e-02
17.52354 6.13952840e-02
17.58420 6.14565067e-02
17.64507 6.14360333e-02
17.70615 6.14138333e-02
17.76744 6.13898573e-02
17.82894 6.13641053e-02
17.89066 6.13365773e-02
17.95259 6.13072240e-02
18.01473 6.12418573e-02
18.07709 6.11692880e-02
18.13967 6.10954853e-02
18.20246 6.10204493e-02
18.26547 6.09441800e-02
18.32870 6.08665787e-02
18.39214 6.07877933e-02
18.45581 6.06222307e-02
18.51969 6.04460613e-02
18.58380 6.02693000e-02
18.64813 6.00919467e-02
18.71268 5.99140507e-02
18.77746 5.97355627e-02
18.84246 5.95565320e-02
18.90768 5.93976787e-02
18.97313 5.92448933e-02
19.03881 5.90917133e-02
19.10472 5.89382373e-02
19.17085 5.87844653e-02
19.23721 5.86302987e-02
19.30380 5.84758360e-02
19.37062 5.83462373e-02
19.43768 5.82460907e-02
19.50496 5.81454013e-02
19.57248 5.80441693e-02
19.64023 5.79423947e-02
19.70822 5.78400280e-02
19.77644 5.77371680e-02
19.84490 5.76337653e-02
19.91359 5.75299187e-02
19.98252 5.74254307e-02
20.05169 5.73203013e-02
20.12110 5.72145800e-02
20.19076 5.71082173e-02
20.26065 5.70012133e-02
20.33078 5.68935680e-02
20.40116 5.67796573e-02
20.47178 5.66490720e-02
20.54264 5.65177960e-02
20.61375 5.63859280e-02
20.68511 5.62534680e-02
20.75671 5.61203173e-02
20.82856 5.59865747e-02
20.90066 5.58522400e-02
20.97301 5.57267853e-02
21.04561 5.56181040e-02
21.11846 5.55084360e-02
21.19157 5.53977813e-02
21.26492 5.52861400e-02
21.33853 5.51735120e-02
21.41240 5.50598973e-02
21.48652 5.49453453e-02
21.56090 5.48079520e-02
21.63553 5.45918720e-02
21.71043 5.43748053e-02
21.78558 5.41568507e-02
21.86099 5.39380080e-02
21.93666 5.37182773e-02
22.01260 5.34977080e-02
22.08880 5.32762507e-02
22.16526 5.30540040e-02
22.24199 5.26822280e-02
22.31898 5.22859827e-02
22.39624 5.18911680e-02
22.47377 5.14977347e-02
22.55156 5.11056333e-02
22.62962 5.07149627e-02
22.70796 5.03257227e-02
22.78656 4.99379133e-02
22.86544 4.95347120e-02
22.94459 4.90801053e-02
23.02402 4.86284488e-02
23.10372 4.81797621e-02
23.18369 4.77340355e-02
23.26394 4.72912540e-02
23.34447 4.68514128e-02
23.42528 4.64145020e-02
23.50637 4.59805117e-02
23.58774 4.55169412e-02
23.66939 4.49995332e-02
23.75133 4.44872312e-02
23.83354 4.39799908e-02
23.91604 4.34777627e-02
23.99883 4.29805024e-02
24.08191 4.24881705e-02
24.16527 4.20007128e-02
24.24892 4.15180947e-02
24.33286 4.10410364e-02
24.41709 4.05720047e-02
24.50161 4.01079507e-02
24.58642 3.96488300e-02
24.67153 3.91945835e-02
24.75693 3.87451667e-02
24.84263 3.83005352e-02
24.92863 3.78606299e-02
25.01492 3.74254063e-02
25.10151 3.69948200e-02
25.18840 3.65619052e-02
25.27559 3.61313683e-02
25.36309 3.57056709e-02
25.45088 3.52847589e-02
25.53898 3.48685829e-02
25.62739 3.44570887e-02
25.71610 3.40502219e-02
25.80512 3.36479431e-02
25.89444 3.32501931e-02
25.98408 3.28569275e-02
26.07403 3.24800307e-02
26.16428 3.21078403e-02
26.25485 3.17397692e-02
26.34574 3.13757731e-02
26.43694 3.10158124e-02
26.52845 3.06598428e-02
26.62028 3.03078199e-02
26.71243 2.99597041e-02
26.80489 2.96154512e-02
26.89768 2.92750216e-02
26.99079 2.89496535e-02
27.08422 2.86300179e-02
27.17798 2.83138208e-02
27.27205 2.80010327e-02
27.36646 2.76916189e-02
27.46119 2.73855401e-02
27.55625 2.70827667e-02
27.65164 2.67832640e-02
27.74736 2.64869927e-02
27.84341 2.61939231e-02
27.93979 2.59102663e-02
28.03650 2.56413059e-02
28.13355 2.53750835e-02
28.23094 2.51115744e-02
28.32867 2.48507491e-02
28.42673 2.45925828e-02
28.52513 2.43370509e-02
28.62387 2.40841189e-02
28.72295 2.38337720e-02
28.82238 2.35859805e-02
28.92215 2.33407149e-02
29.02227 2.31040383e-02
29.12273 2.28767300e-02
29.22354 2.26516171e-02
29.32470 2.24286896e-02
29.42621 2.22079180e-02
29.52807 2.19892924e-02
29.63029 2.17727832e-02
29.73286 2.15583707e-02
29.83578 2.13460449e-02
29.93906 2.11357764e-02
30.04269 2.09275503e-02
30.14669 2.07229353e-02
30.25104 2.05290159e-02
30.35576 2.03368823e-02
30.46084 2.01465247e-02
30.56628 1.99579283e-02
30.67209 1.97710733e-02
30.77826 1.95859451e-02
30.88481 1.94025336e-02
30.99172 1.92208143e-02
31.09900 1.90407772e-02
31.20665 1.88624076e-02
31.31467 1.86856907e-02
31.42307 1.85153772e-02
31.53184 1.83541657e-02
31.64099 1.81943405e-02
31.75052 1.80358967e-02
31.86043 1.78788193e-02
31.97072 1.77230937e-02
32.08139 1.75687100e-02
32.19244 1.74156583e-02
32.30388 1.72639287e-02
32.41570 1.71135064e-02
32.52791 1.69643816e-02
32.64051 1.68165444e-02
32.75349 1.66720717e-02
32.86687 1.65445500e-02
32.98064 1.64179903e-02
33.09481 1.62923925e-02
33.20937 1.61677519e-02
33.32433 1.60440535e-02
33.43968 1.59212973e-02
33.55544 1.57994736e-02
33.67159 1.56785773e-02
33.78815 1.55585987e-02
33.90511 1.54395277e-02
34.02247 1.53213645e-02
34.14024 1.52040992e-02
34.25842 1.50871003e-02
34.37701 1.49695735e-02
34.49601 1.48529593e-02
34.61542 1.47372431e-02
34.73525 1.46224247e-02
34.85549 1.45084992e-02
34.97614 1.43954469e-02
35.09721 1.42832777e-02
35.21871 1.41719719e-02
35.34062 1.40615293e-02
35.46295 1.39519403e-02
35.58571 1.38431997e-02
35.70889 1.37353028e-02
35.83250 1.36282396e-02
35.95654 1.35240328e-02
36.08101 1.34208423e-02
36.20590 1.33184312e-02
36.33123 1.32167947e-02
36.45700 1.31159327e-02
36.58320 1.30158353e-02
36.70983 1.29164977e-02
36.83691 1.28179149e-02
36.96442 1.27200820e-02
37.09238 1.26229891e-02
37.22077 1.25266312e-02
37.34962 1.24310084e-02
37.47890 1.23361059e-02
37.60864 1.22419285e-02
37.73883 1.21532519e-02
37.86946 1.20660897e-02
38.00055 1.19795492e-02
38.13209 1.18936253e-02
38.26409 1.18083132e-02
38.39654 1.17236079e-02
38.52946 1.16395143e-02
38.66283 1.15560176e-02
38.79667 1.14731179e-02
38.93096 1.13908101e-02
39.06573 1.13090895e-02
39.20096 1.12279509e-02
39.33665 1.11473945e-02
39.47282 1.10674153e-02
39.60946 1.09882353e-02
39.74657 1.09126271e-02
39.88416 1.08375368e-02
40.02222 1.07629596e-02
40.16076 1.06888955e-02
40.29978 1.06153395e-02
40.43928 1.05422867e-02
40.57926 1.04697321e-02
40.71973 1.03976808e-02
40.86069 1.03261179e-02
41.00213 1.02550483e-02
41.14406 1.01844621e-02
41.28648 1.01143644e-02
41.42940 1.00447403e-02
41.57281 9.97559960e-03
41.71672 9.90693253e-03
41.86113 9.83772280e-03
42.00603 9.76800493e-03
42.15144 9.69877547e-03
42.29735 9.63003933e-03
42.44377 9.56178667e-03
42.59069 9.49401747e-03
42.73812 9.42672187e-03
42.88606 9.35990480e-03
43.03451 9.29356133e-03
43.18348 9.22768160e-03
43.33297 9.16227053e-03
43.48297 9.09731827e-03
43.63349 9.03282480e-03
43.78453 8.96879013e-03
43.93609 8.90520440e-03
44.08818 8.84206760e-03
44.24079 8.77937480e-03
44.39394 8.71700760e-03
44.54761 8.65507947e-03
44.70182 8.59359040e-03
44.85655 8.53254040e-03
45.01183 8.47191960e-03
45.16764 8.41172307e-03
45.32399 8.35196067e-03
45.48089 8.29261760e-03
45.63832 8.23369387e-03
45.79630 8.17518947e-03
45.95483 8.11709947e-03
46.11391 8.05941893e-03
46.27353 8.00214787e-03
46.43371 7.94528133e-03
46.59445 7.88881933e-03
46.75574 7.83275693e-03
46.91759 7.77708920e-03
47.08000 7.72095280e-03
47.24297 7.66465360e-03
47.40650 7.60876387e-03
47.57060 7.55327867e-03
47.73527 7.49819800e-03
47.90051 7.44351693e-03
48.06633 7.38923547e-03
48.23271 7.33534373e-03
48.39967 7.28184667e-03
48.56721 7.22873933e-03
48.73533 7.17601680e-03
48.90403 7.12367907e-03
49.07332 7.07171627e-03
49.24319 7.02013827e-03
49.41365 6.96893027e-03
49.58470 6.91809720e-03
49.75634 6.86763413e-03
49.92858 6.81753613e-03
50.10141 6.76788707e-03
50.27484 6.72072933e-03
50.44887 6.67389227e-03
50.62350 6.62738573e-03
50.79874 6.58120480e-03
50.97458 6.53533960e-03
51.15104 6.48979507e-03
51.32810 6.44457120e-03
51.50578 6.39965813e-03
51.68407 6.35505587e-03
51.86298 6.31076440e-03
52.04250 6.26678373e-03
52.22265 6.22310400e-03
52.40343 6.17973013e-03
52.58482 6.13666213e-03
52.76685 6.09389013e-03
52.94951 6.05141413e-03
53.13280 6.00923413e-03
53.31672 5.96734520e-03
53.50128 5.92575227e-03
53.68648 5.88434187e-03
53.87232 5.84280813e-03
54.05880 5.80157040e-03
54.24593 5.76061880e-03
54.43371 5.71995827e-03
54.62214 5.67957893e-03
54.81122 5.63949067e-03
55.00095 5.59967867e-03
55.19134 5.56015280e-03
55.38239 5.52090320e-03
55.57410 5.48192987e-03
55.76647 5.44322787e-03
55.95951 5.40480213e-03
56.15322 5.36664773e-03
56.34760 5.32875973e-03
56.54265 5.29113813e-03
56.73838 5.25378293e-03
56.93479 5.21668920e-03
57.13187 5.17985693e-03
57.32964 5.14328613e-03
57.52809 5.10697187e-03
57.72723 5.07091413e-03
57.92705 5.03514253e-03
58.12757 4.99962253e-03
58.32879 4.96434920e-03
58.53070 4.92932944e-03
58.73331 4.89455487e-03
58.93662 4.86002499e-03
59.14063 4.82573783e-03
59.34535 4.79169240e-03
59.55078 4.75788673e-03
59.75692 4.72431885e-03
59.96377 4.69098777e-03
60.17134 4.65789103e-03
60.37963 4.62502713e-03
60.58864 4.59239511e-03
60.79837 4.55999297e-03
61.00883 4.52781876e-03
61.22002 4.49587099e-03
61.43194 4.46414817e-03
61.64459 4.43264933e-03
61.85797 4.40137151e-03
62.07210 4.37031469e-03
62.28697 4.33947643e-03
62.50258 4.30885523e-03
62.71894 4.27869036e-03
62.93605 4.24876131e-03
63.15390 4.21904143e-03
63.37252 4.18952924e-03
63.59189 4.16022277e-03
63.81201 4.13112104e-03
64.03290 4.10222256e-03
64.25456 4.07352585e-03
64.47698 4.04502993e-03
64.70017 4.01673283e-03
64.92414 3.98863305e-03
65.14888 3.96072963e-03
65.37440 3.93302107e-03
65.60070 3.90550639e-03
65.82778 3.87818361e-03
66.05565 3.85105176e-03
66.28430 3.82410935e-03
66.51375 3.79735539e-03
66.74400 3.77078791e-03
66.97504 3.74440641e-03
67.20688 3.71820893e-03
67.43952 3.69219448e-03
67.67297 3.66636207e-03
67.90722 3.64070972e-03
68.14229 3.61523645e-03
68.37817 3.58998075e-03
68.61486 3.56490461e-03
68.85238 3.54000312e-03
69.09072 3.51527479e-03
69.32988 3.49071961e-03
69.56987 3.46633563e-03
69.81069 3.44212135e-03
70.05235 3.41807628e-03
70.29484 3.39419895e-03
70.53817 3.37048836e-03
70.78235 3.34694304e-03
71.02737 3.32356200e-03
71.27323 3.30034376e-03
71.51995 3.27728783e-03
71.76752 3.25439272e-03
72.01595 3.23165696e-03
72.26524 3.20908055e-03
72.51539 3.18666101e-03
72.76641 3.16439836e-03
73.01830 3.14229061e-03
73.27106 3.12033728e-03
73.52469 3.09853737e-03
73.77920 3.07688941e-03
74.03460 3.05539241e-03
74.29087 3.03404539e-03
74.54804 3.01284735e-03
74.80609 2.99179731e-03
75.06504 2.97092437e-03
75.32488 2.95021868e-03
75.58563 2.92965655e-03
75.84727 2.90923797e-03
76.10982 2.88896148e-03
76.37328 2.86882608e-03
76.63766 2.84883079e-03
76.90295 2.82897461e-03
77.16915 2.80925707e-03
77.43628 2.78967617e-03
77.70433 2.77023243e-03
77.97331 2.75092336e-03
78.24322 2.73174897e-03
78.51407 2.71270828e-03
78.78585 2.69379980e-03
79.05857 2.67502304e-03
79.33224 2.65637751e-03
79.60686 2.63786123e-03
79.88242 2.61947420e-03
80.15894 2.60121495e-03
80.43642 2.58308297e-03
80.71486 2.56507729e-03
80.99426 2.54719692e-03
81.27463 2.52944087e-03
81.55596 2.51180913e-03
81.83828 2.49429925e-03
82.12157 2.47691221e-03
82.40584 2.45964555e-03
82.69109 2.44249925e-03
82.97733 2.42547284e-03
83.26457 2.40860873e-03
83.55279 2.39193111e-03
83.84202 2.37536892e-03
84.13225 2.35892119e-03
84.42348 2.34258741e-03
84.71572 2.32636612e-03
85.00897 2.31025731e-03
85.30323 2.29425999e-03
85.59852 2.27837367e-03
85.89482 2.26259687e-03
86.19215 2.24692909e-03
86.49052 2.23136985e-03
86.78991 2.21591865e-03
87.09034 2.20057401e-03
87.39181 2.18533544e-03
87.69432 2.17020244e-03
87.99789 2.15517403e-03
88.30250 2.14024971e-03
88.60816 2.12542849e-03
88.91489 2.11070989e-03
89.22267 2.09609341e-03
89.53153 2.08157757e-03
89.84145 2.06716237e-03
90.15244 2.05284732e-03
90.46451 2.03863093e-03
90.77766 2.02451272e-03
91.09190 2.01049268e-03
91.40722 1.99656933e-03
91.72363 1.98274268e-03
92.04114 1.96901124e-03
92.35975 1.95537501e-03
92.67946 1.94183301e-03
93.00028 1.92838524e-03
93.32221 1.91502972e-03
93.64525 1.90177928e-03
93.96941 1.88862553e-03
94.29469 1.87556305e-03
94.62110 1.86259085e-03
94.94864 1.84970844e-03
95.27731 1.83691483e-03
95.60712 1.82421001e-03
95.93807 1.81159252e-03
96.27017 1.79906284e-03
96.60342 1.78661900e-03
96.93782 1.77426149e-03
97.27338 1.76198983e-03
97.61010 1.74980252e-03
97.94798 1.73769957e-03
98.28704 1.72568000e-03
98.62727 1.71374380e-03
98.96867 1.70188999e-03
99.31126 1.69011807e-03
99.65504 1.67842804e-03
100.00000 1.66681843e-03
