        2000  0.100000 3.710000
0.10000 1.10999342e+00
0.10035 1.10977378e+00
0.10069 1.10954475e+00
0.10104 1.10930632e+00
0.10139 1.10905800e+00
0.10174 1.10880028e+00
0.10210 1.10853316e+00
0.10245 1.10825664e+00
0.10280 1.10797072e+00
0.10316 1.10757252e+00
0.10352 1.10670932e+00
0.10387 1.10582783e+00
0.10423 1.10492803e+00
0.10459 1.10400993e+00
0.10496 1.10307352e+00
0.10532 1.10211931e+00
0.10568 1.10114680e+00
0.10605 1.10015697e+00
0.10642 1.09914933e+00
0.10679 1.09812339e+00
0.10716 1.09708064e+00
0.10753 1.09602007e+00
0.10790 1.09494219e+00
0.10827 1.09384700e+00
0.10865 1.09273499e+00
0.10902 1.09160567e+00
0.10940 1.09045903e+00
0.10978 1.08929607e+00
0.11016 1.08811579e+00
0.11054 1.08691870e+00
0.11092 1.08570479e+00
0.11131 1.08447455e+00
0.11169 1.08322750e+00
0.11208 1.08196362e+00
0.11247 1.08068392e+00
0.11286 1.07878193e+00
0.11325 1.07682354e+00
0.11364 1.07483943e+00
0.11403 1.07282960e+00
0.11443 1.07079356e+00
0.11482 1.06873277e+00
0.11522 1.06664627e+00
0.11562 1.06453404e+00
0.11602 1.06239708e+00
0.11642 1.06023490e+00
0.11682 1.05804797e+00
0.11723 1.05583583e+00
0.11763 1.05359894e+00
0.11804 1.05133683e+00
0.11845 1.04905048e+00
0.11886 1.04673989e+00
0.11927 1.04440408e+00
0.11968 1.04204452e+00
0.12010 1.03966023e+00
0.12051 1.03725169e+00
0.12093 1.03481942e+00
0.12135 1.03236290e+00
0.12177 1.02988215e+00
0.12219 1.02737815e+00
0.12262 1.02484991e+00
0.12304 1.02229841e+00
0.12347 1.01972318e+00
0.12389 1.02280792e+00
0.12432 1.03868919e+00
0.12475 1.05433748e+00
0.12518 1.06540169e+00
0.12562 1.07053732e+00
0.12605 1.07566058e+00
0.12649 1.07801173e+00
0.12693 1.07778023e+00
0.12737 1.07754427e+00
0.12781 1.07788114e+00
0.12825 1.07863798e+00
0.12869 1.07939482e+00
0.12914 1.07995083e+00
0.12959 1.08037822e+00
0.13003 1.08080462e+00
0.13048 1.08082886e+00
0.13094 1.08059389e+00
0.13139 1.08035398e+00
0.13184 1.08030550e+00
0.13230 1.08039405e+00
0.13276 1.08048012e+00
0.13322 1.08045093e+00
0.13368 1.08031391e+00
0.13414 1.08017293e+00
0.13461 1.08001216e+00
0.13507 1.07942351e+00
0.13554 1.07882744e+00
0.13601 1.07822394e+00
0.13648 1.07701003e+00
0.13695 1.07571846e+00
0.13743 1.07441402e+00
0.13790 1.07284741e+00
0.13838 1.07117593e+00
0.13886 1.06948813e+00
0.13934 1.06704101e+00
0.13982 1.06391670e+00
0.14031 1.06076122e+00
0.14079 1.05724958e+00
0.14128 1.05292372e+00
0.14177 1.04855334e+00
0.14226 1.04413943e+00
0.14275 1.03962857e+00
0.14324 1.03507516e+00
0.14374 1.03048070e+00
0.14424 1.02443142e+00
0.14474 1.01774155e+00
0.14524 1.01098786e+00
0.14574 1.00220852e+00
0.14625 9.89803267e-01
0.14675 9.77265940e-01
0.14726 9.64607915e-01
0.14777 9.56398921e-01
0.14828 9.48282431e-01
0.14879 9.40117463e-01
0.14931 9.27812135e-01
0.14983 9.11922452e-01
0.15034 8.95948181e-01
0.15087 8.79976879e-01
0.15139 8.64904880e-01
0.15191 8.49801717e-01
0.15244 8.34682725e-01
0.15297 8.19048291e-01
0.15349 8.03017628e-01
0.15403 7.87016151e-01
0.15456 7.71057709e-01
0.15509 7.53342212e-01
0.15563 7.34254509e-01
0.15617 7.15297893e-01
0.15671 6.96491656e-01
0.15725 6.77016629e-01
0.15780 6.57697917e-01
0.15834 6.38601311e-01
0.15889 6.19813871e-01
0.15944 6.01444919e-01
0.15999 5.83334677e-01
0.16055 5.65494029e-01
0.16110 5.49627596e-01
0.16166 5.35128421e-01
0.16222 5.20834039e-01
0.16278 5.06749889e-01
0.16335 4.83531621e-01
0.16391 4.59362603e-01
0.16448 4.35954977e-01
0.16505 4.14148339e-01
0.16562 4.07135647e-01
0.16619 4.00196513e-01
0.16677 3.93331380e-01
0.16734 3.80537915e-01
0.16792 3.46371091e-01
0.16851 3.14481266e-01
0.16909 2.84847518e-01
0.16967 2.62579504e-01
0.17026 2.52671182e-01
0.17085 2.43060848e-01
0.17144 2.33745137e-01
0.17204 2.25444234e-01
0.17263 2.18636929e-01
0.17323 2.11998650e-01
0.17383 2.05527470e-01
0.17443 1.93029123e-01
0.17503 1.70935727e-01
0.17564 1.51085991e-01
0.17625 1.33315437e-01
0.17686 1.20408940e-01
0.17747 1.15382533e-01
0.17808 1.10548552e-01
0.17870 1.05901159e-01
0.17932 9.95744708e-02
0.17994 8.56674616e-02
0.18056 7.36045697e-02
0.18119 6.31673999e-02
0.18182 5.41564529e-02
0.18244 4.88542298e-02
0.18308 4.67241357e-02
0.18371 4.46840414e-02
0.18435 4.27303900e-02
0.18498 4.00613814e-02
0.18562 3.50170329e-02
0.18627 3.05952521e-02
0.18691 2.67222149e-02
0.18756 2.33321257e-02
0.18821 2.05833323e-02
0.18886 1.81738604e-02
0.18951 1.60435685e-02
0.19017 1.41607435e-02
0.19083 1.32487167e-02
0.19149 1.30462645e-02
0.19215 1.28468693e-02
0.19282 1.26504916e-02
0.19348 1.24734850e-02
0.19415 1.24652884e-02
0.19483 1.24570967e-02
0.19550 1.24489001e-02
0.19618 1.24407034e-02
0.19686 1.22265424e-02
0.19754 1.18693090e-02
0.19822 1.15224240e-02
0.19891 1.11855956e-02
0.19960 1.08585368e-02
0.20029 9.10777793e-03
0.20098 7.62882848e-03
0.20168 6.38910477e-03
0.20237 5.35019100e-03
0.20307 4.77260089e-03
0.20378 4.83112787e-03
0.20448 4.89036766e-03
0.20519 4.95033215e-03
0.20590 5.01102280e-03
0.20661 3.81785019e-03
0.20733 2.40451481e-03
0.20805 1.51391793e-03
0.20877 9.53000561e-04
0.20949 5.99833295e-04
0.21021 5.81156660e-04
0.21094 6.33196583e-04
0.21167 6.89893792e-04
0.21240 7.51665292e-04
0.21314 8.18964692e-04
0.21388 2.02296852e-04
0.21462 2.01865898e-04
0.21536 2.01429998e-04
0.21611 2.00989646e-04
0.21685 2.00544891e-04
0.21760 2.00095833e-04
0.21836 1.99642372e-04
0.21911 1.99184607e-04
0.21987 1.98722588e-04
0.22063 1.98256118e-04
0.22140 1.97783117e-04
0.22216 2.12640431e-04
0.22293 8.21181293e-04
0.22370 3.24989866e-03
0.22448 1.42748829e-02
0.22526 7.57177857e-02
0.22604 1.44874065e-02
0.22682 2.69291240e-03
0.22760 5.17442109e-04
0.22839 5.08412464e-04
0.22918 4.99370452e-04
0.22998 4.90548616e-04
0.23077 4.82099363e-04
0.23157 4.74148635e-04
0.23237 4.66789875e-04
0.23318 4.60080315e-04
0.23398 4.54052950e-04
0.23479 4.48707830e-04
0.23561 4.44014185e-04
0.23642 4.39940011e-04
0.23724 4.36445488e-04
0.23806 4.33487085e-04
0.23889 4.31029383e-04
0.23971 4.29018316e-04
0.24054 4.27412776e-04
0.24137 4.26175071e-04
0.24221 4.25270573e-04
0.24305 4.24818645e-04
0.24389 4.24817211e-04
0.24473 4.24993856e-04
0.24558 4.25336759e-04
0.24643 4.25834987e-04
0.24728 4.26478301e-04
0.24814 4.27115976e-04
0.24900 4.27858619e-04
0.24986 4.28749811e-04
0.25073 4.29771792e-04
0.25159 4.30906557e-04
0.25246 4.32135754e-04
0.25334 4.33441872e-04
0.25422 4.34802799e-04
0.25510 4.36196424e-04
0.25598 4.37599051e-04
0.25687 4.38985008e-04
0.25775 4.40326396e-04
0.25865 4.41596996e-04
0.25954 4.42761887e-04
0.26044 4.43787034e-04
0.26134 4.44636871e-04
0.26225 4.45274546e-04
0.26315 4.45662662e-04
0.26406 4.45773615e-04
0.26498 4.45564470e-04
0.26590 4.45001589e-04
0.26682 4.44054204e-04
0.26774 4.42689616e-04
0.26867 1.63749358e-03
0.26960 2.62687688e-03
0.27053 2.94756087e-03
0.27147 3.30426302e-03
0.27241 3.70040990e-03
0.27335 4.13967538e-03
0.27430 4.62600246e-03
0.27525 5.05230768e-03
0.27620 5.41018417e-03
0.27715 5.78289077e-03
0.27811 6.17032360e-03
0.27908 6.57250739e-03
0.28004 6.98961032e-03
0.28101 7.19697953e-03
0.28198 7.38562561e-03
0.28296 7.57238207e-03
0.28394 7.75728847e-03
0.28492 7.94047343e-03
0.28591 8.12212492e-03
0.28690 8.30251501e-03
0.28789 8.48197513e-03
0.28889 8.62435999e-03
0.28989 8.74965905e-03
0.29089 8.87376103e-03
0.29190 8.99772944e-03
0.29291 9.12264267e-03
0.29392 9.24956919e-03
0.29494 9.37954285e-03
0.29596 9.48655409e-03
0.29699 9.59466349e-03
0.29801 9.70557765e-03
0.29905 9.81983081e-03
0.30008 9.93794237e-03
0.30112 1.00604218e-02
0.30216 1.01841132e-02
0.30321 1.02371563e-02
0.30426 1.02974513e-02
0.30531 1.03654679e-02
0.30637 1.04416169e-02
0.30743 1.05262841e-02
0.30849 1.06198107e-02
0.30956 1.07225084e-02
0.31063 1.07822048e-02
0.31171 1.08465065e-02
0.31279 1.09173923e-02
0.31387 1.09949906e-02
0.31496 1.10794203e-02
0.31605 1.11707853e-02
0.31714 1.12691893e-02
0.31824 1.13747314e-02
0.31934 1.14874857e-02
0.32044 1.16075413e-02
0.32155 1.17349625e-02
0.32267 1.18698235e-02
0.32378 1.20121836e-02
0.32490 1.21620973e-02
0.32603 1.23196090e-02
0.32716 1.24847634e-02
0.32829 1.26575851e-02
0.32943 1.28381087e-02
0.33057 1.30263442e-02
0.33171 1.32222916e-02
0.33286 1.34259558e-02
0.33401 1.36373169e-02
0.33517 1.38563405e-02
0.33633 1.40829819e-02
0.33749 1.43171868e-02
0.33866 1.45588760e-02
0.33983 1.48079654e-02
0.34101 1.50643363e-02
0.34219 1.53278650e-02
0.34337 1.55983982e-02
0.34456 1.58055893e-02
0.34576 1.59964861e-02
0.34695 1.61909099e-02
0.34815 1.63884996e-02
0.34936 1.65888693e-02
0.35057 1.67916084e-02
0.35178 1.69963114e-02
0.35300 1.72025329e-02
0.35422 1.74098379e-02
0.35545 1.76177561e-02
0.35668 1.78258278e-02
0.35791 1.80335779e-02
0.35915 1.82405167e-02
0.36039 1.84461695e-02
0.36164 1.86500414e-02
0.36289 1.88516576e-02
0.36415 1.90505334e-02
0.36541 1.92462087e-02
0.36668 1.94382136e-02
0.36795 1.96261177e-02
0.36922 1.98094807e-02
0.37050 1.99879020e-02
0.37178 2.01609958e-02
0.37307 2.03284058e-02
0.37436 2.04898007e-02
0.37565 2.06448738e-02
0.37695 2.07933579e-02
0.37826 2.09350106e-02
0.37957 2.10696341e-02
0.38088 2.11970603e-02
0.38220 2.13171505e-02
0.38352 2.14298108e-02
0.38485 2.15349770e-02
0.38618 2.16288103e-02
0.38752 2.16577087e-02
0.38886 2.16795186e-02
0.39021 2.16943338e-02
0.39156 2.17022633e-02
0.39291 2.17034456e-02
0.39427 2.16980438e-02
0.39564 2.16862262e-02
0.39701 2.16682006e-02
0.39838 2.16441697e-02
0.39976 2.16143611e-02
0.40115 2.15790171e-02
0.40253 2.15383852e-02
0.40393 2.14927225e-02
0.40533 2.14422863e-02
0.40673 2.13873536e-02
0.40814 2.13281865e-02
0.40955 2.12650670e-02
0.41097 2.11982673e-02
0.41239 2.11280543e-02
0.41382 2.10547001e-02
0.41525 2.09784720e-02
0.41669 2.08996271e-02
0.41813 2.08184276e-02
0.41958 2.07351207e-02
0.42103 2.06499441e-02
0.42249 2.05631400e-02
0.42395 2.04749261e-02
0.42542 2.03855299e-02
0.42689 2.02951543e-02
0.42837 2.02039971e-02
0.42985 2.01122513e-02
0.43134 2.00200999e-02
0.43283 1.99277110e-02
0.43433 1.98352429e-02
0.43583 1.97428590e-02
0.43734 1.96506927e-02
0.43886 1.95588776e-02
0.44037 1.94675473e-02
0.44190 1.93768106e-02
0.44343 1.92684835e-02
0.44496 1.91500257e-02
0.44650 1.90327501e-02
0.44805 1.89167409e-02
0.44960 1.88020673e-02
0.45116 1.86887886e-02
0.45272 1.85769692e-02
0.45429 1.84666536e-02
0.45586 1.83578913e-02
0.45744 1.82507168e-02
0.45902 1.81451648e-02
0.46061 1.80412650e-02
0.46220 1.79390372e-02
0.46380 1.78385011e-02
0.46541 1.77396717e-02
0.46702 1.76425538e-02
0.46864 1.75471623e-02
0.47026 1.74534922e-02
0.47189 1.73615485e-02
0.47352 1.72713312e-02
0.47516 1.71828254e-02
0.47680 1.70960263e-02
0.47845 1.70109288e-02
0.48011 1.69275082e-02
0.48177 1.68457645e-02
0.48344 1.67656730e-02
0.48511 1.66872139e-02
0.48679 1.66103724e-02
0.48848 1.65351287e-02
0.49017 1.64614580e-02
0.49186 1.63893405e-02
0.49357 1.63187516e-02
0.49528 1.62496664e-02
0.49699 1.61820603e-02
0.49871 1.61159086e-02
0.50044 1.60511864e-02
0.50217 1.59878641e-02
0.50391 1.59259219e-02
0.50565 1.58653253e-02
0.50740 1.58060494e-02
0.50916 1.57480695e-02
0.51092 1.56913609e-02
0.51269 1.56358939e-02
0.51446 1.55816389e-02
0.51625 1.55209087e-02
0.51803 1.54515366e-02
0.51983 1.53833221e-02
0.52163 1.53162304e-02
0.52343 1.52502419e-02
0.52524 1.51853268e-02
0.52706 1.51214653e-02
0.52889 1.50586278e-02
0.53072 1.49967895e-02
0.53255 1.49359357e-02
0.53440 1.48760315e-02
0.53625 1.48170574e-02
0.53810 1.47589934e-02
0.53997 1.47018099e-02
0.54183 1.46454921e-02
0.54371 1.45900202e-02
0.54559 1.45353645e-02
0.54748 1.44815101e-02
0.54938 1.44284324e-02
0.55128 1.43761164e-02
0.55319 1.43245375e-02
0.55510 1.42736858e-02
0.55702 1.42235266e-02
0.55895 1.41740599e-02
0.56089 1.41252512e-02
0.56283 1.40770954e-02
0.56478 1.40295678e-02
0.56673 1.39826586e-02
0.56869 1.39363479e-02
0.57066 1.38906159e-02
0.57264 1.38454578e-02
0.57462 1.38008488e-02
0.57661 1.37567740e-02
0.57860 1.37132285e-02
0.58061 1.36701925e-02
0.58262 1.36276511e-02
0.58463 1.35855896e-02
0.58666 1.35440030e-02
0.58869 1.35028764e-02
0.59073 1.34621950e-02
0.59277 1.34219490e-02
0.59482 1.33821233e-02
0.59688 1.33427133e-02
0.59895 1.33037038e-02
0.60102 1.32650852e-02
0.60310 1.32268524e-02
0.60519 1.31889857e-02
0.60728 1.31514850e-02
0.60939 1.31143405e-02
0.61150 1.30775323e-02
0.61361 1.30410655e-02
0.61574 1.30049252e-02
0.61787 1.29656882e-02
0.62001 1.29177550e-02
0.62215 1.28702373e-02
0.62431 1.28231154e-02
0.62647 1.27763892e-02
0.62864 1.27300439e-02
0.63081 1.26840794e-02
0.63300 1.26384761e-02
0.63519 1.25932388e-02
0.63739 1.25483478e-02
0.63959 1.25038081e-02
0.64181 1.24596046e-02
0.64403 1.24157327e-02
0.64626 1.23721822e-02
0.64849 1.23289582e-02
0.65074 1.22860409e-02
0.65299 1.22434304e-02
0.65525 1.22011215e-02
0.65752 1.21591095e-02
0.65980 1.21173893e-02
0.66208 1.20759511e-02
0.66437 1.20347899e-02
0.66667 1.19939106e-02
0.66898 1.19532985e-02
0.67130 1.19129535e-02
0.67362 1.18728706e-02
0.67595 1.18330401e-02
0.67829 1.17934717e-02
0.68064 1.17541457e-02
0.68299 1.17150719e-02
0.68536 1.16762357e-02
0.68773 1.16376418e-02
0.69011 1.15992804e-02
0.69250 1.15611515e-02
0.69490 1.15232501e-02
0.69730 1.14855763e-02
0.69972 1.14481251e-02
0.70214 1.14108965e-02
0.70457 1.13738806e-02
0.70701 1.13370823e-02
0.70946 1.13004918e-02
0.71191 1.12641140e-02
0.71438 1.12279440e-02
0.71685 1.11919768e-02
0.71933 1.11562124e-02
0.72182 1.11206459e-02
0.72432 1.10852772e-02
0.72683 1.10501064e-02
0.72934 1.10151285e-02
0.73187 1.09803435e-02
0.73440 1.09457515e-02
0.73694 1.09113425e-02
0.73949 1.08771215e-02
0.74205 1.08430834e-02
0.74462 1.08092285e-02
0.74720 1.07755565e-02
0.74979 1.07420626e-02
0.75238 1.07087468e-02
0.75499 1.06756091e-02
0.75760 1.06426445e-02
0.76022 1.06098531e-02
0.76285 1.05772347e-02
0.76549 1.05447895e-02
0.76814 1.05125125e-02
0.77080 1.04804037e-02
0.77347 1.04484582e-02
0.77615 1.04143361e-02
0.77884 1.03761626e-02
0.78153 1.03381920e-02
0.78424 1.03004292e-02
0.78695 1.02628642e-02
0.78968 1.02255020e-02
0.79241 1.01883377e-02
0.79515 1.01513713e-02
0.79790 1.01146076e-02
0.80067 1.00780320e-02
0.80344 1.00416542e-02
0.80622 1.00054693e-02
0.80901 9.96947243e-03
0.81181 9.93367340e-03
0.81462 9.89805740e-03
0.81744 9.86262937e-03
0.82027 9.82738932e-03
0.82311 9.79233724e-03
0.82596 9.75746819e-03
0.82882 9.72278216e-03
0.83169 9.68827916e-03
0.83457 9.65395919e-03
0.83745 9.61981729e-03
0.84035 9.58585348e-03
0.84326 9.55206775e-03
0.84618 9.51846009e-03
0.84911 9.48503052e-03
0.85205 9.45176913e-03
0.85500 9.41869077e-03
0.85796 9.38577565e-03
0.86093 9.35303861e-03
0.86391 9.32046976e-03
0.86690 9.28807404e-03
0.86990 9.25584651e-03
0.87291 9.22378221e-03
0.87593 9.19189105e-03
0.87897 9.16016313e-03
0.88201 9.12859845e-03
0.88506 9.09719701e-03
0.88813 9.06596376e-03
0.89120 9.03488880e-03
0.89428 9.00397708e-03
0.89738 8.97322365e-03
0.90049 8.94262852e-03
0.90360 8.91219663e-03
0.90673 8.88191808e-03
0.90987 8.85179783e-03
0.91302 8.82183587e-03
0.91618 8.79202725e-03
0.91935 8.76237199e-03
0.92253 8.73287007e-03
0.92573 8.70352149e-03
0.92893 8.67432132e-03
0.93215 8.64527449e-03
0.93537 8.61637607e-03
0.93861 8.58762604e-03
0.94186 8.55902441e-03
0.94512 8.53057119e-03
0.94839 8.50226636e-03
0.95168 8.47410499e-03
0.95497 8.44608707e-03
0.95828 8.41821260e-03
0.96159 8.39048159e-03
0.96492 8.36289403e-03
0.96826 8.33544497e-03
0.97161 8.30813937e-03
0.97498 8.28097228e-03
0.97835 8.25394369e-03
0.98174 8.22705361e-03
0.98514 8.20030204e-03
0.98855 8.17368403e-03
0.99197 8.14720452e-03
0.99540 8.12085857e-03
0.99885 8.09464619e-03
1.00231 8.06856736e-03
1.00578 8.04262209e-03
1.00926 8.01680544e-03
1.01275 7.99112235e-03
1.01626 7.96556787e-03
1.01978 7.94014695e-03
1.02330 7.91484969e-03
1.02685 7.88968105e-03
1.03040 7.86464103e-03
1.03397 7.83546559e-03
1.03755 7.80569655e-03
1.04114 7.77608580e-03
1.04474 7.74662345e-03
1.04836 7.71730951e-03
1.05199 7.68814891e-03
1.05563 7.65914165e-03
1.05928 7.63027785e-03
1.06295 7.60156245e-03
1.06663 7.57299051e-03
1.07032 7.54457191e-03
1.07403 7.51629181e-03
1.07775 7.48816012e-03
1.08148 7.46016693e-03
1.08522 7.43232215e-03
1.08898 7.40461587e-03
1.09275 7.37704809e-03
1.09653 7.34962377e-03
1.10032 7.32233796e-03
1.10413 7.29519065e-03
1.10796 7.26817691e-03
1.11179 7.24130167e-03
1.11564 7.21456493e-03
1.11950 7.18796176e-03
1.12338 7.16149215e-03
1.12726 7.13515609e-03
1.13117 7.10895360e-03
1.13508 7.08287972e-03
1.13901 7.05693940e-03
1.14295 7.03113264e-03
1.14691 7.00544955e-03
1.15088 6.97989507e-03
1.15487 6.95447415e-03
1.15886 6.92917689e-03
1.16287 6.90400331e-03
1.16690 6.87895833e-03
1.17094 6.85403703e-03
1.17499 6.82923939e-03
1.17906 6.80456541e-03
1.18314 6.78001511e-03
1.18724 6.75558352e-03
1.19135 6.73127560e-03
1.19547 6.70708640e-03
1.19961 6.68301592e-03
1.20376 6.65906911e-03
1.20793 6.63523607e-03
1.21211 6.61152175e-03
1.21630 6.58792120e-03
1.22052 6.56443937e-03
1.22474 6.54107132e-03
1.22898 6.51781704e-03
1.23323 6.49468148e-03
1.23750 6.47165475e-03
1.24179 6.44874179e-03
1.24609 6.42593765e-03
1.25040 6.40324729e-03
1.25473 6.38066576e-03
1.25907 6.35819800e-03
1.26343 6.33583412e-03
1.26780 6.31357907e-03
1.27219 6.29143284e-03
1.27659 6.26939544e-03
1.28101 6.24746192e-03
1.28545 6.22563228e-03
1.28990 6.20391147e-03
1.29436 6.18229453e-03
1.29884 6.16077653e-03
1.30334 6.13936736e-03
1.30785 6.11805712e-03
1.31238 6.09685076e-03
1.31692 6.07574333e-03
1.32148 6.05473484e-03
1.32605 6.03383023e-03
1.33064 6.01302455e-03
1.33525 5.99231780e-03
1.33987 5.97170504e-03
1.34451 5.95119121e-03
1.34916 5.93077632e-03
1.35383 5.91045541e-03
1.35852 5.89023344e-03
1.36322 5.87010545e-03
1.36794 5.85006651e-03
1.37268 5.83012649e-03
1.37743 5.81028047e-03
1.38220 5.79052348e-03
1.38698 5.77086048e-03
1.39178 5.75129147e-03
1.39660 5.73181149e-03
1.40144 5.71242056e-03
1.40629 5.69311867e-03
1.41115 5.67391076e-03
1.41604 5.65478695e-03
1.42094 5.63575217e-03
1.42586 5.61680644e-03
1.43080 5.59794480e-03
1.43575 5.57917220e-03
1.44072 5.56048864e-03
1.44571 5.54188423e-03
1.45071 5.52336885e-03
1.45573 5.50493757e-03
1.46077 5.48659039e-03
1.46583 5.46832729e-03
1.47090 5.45014335e-03
1.47599 5.43204349e-03
1.48110 5.41402773e-03
1.48623 5.39609112e-03
1.49137 5.37823860e-03
1.49654 5.36046028e-03
1.50172 5.34276605e-03
1.50692 5.32515097e-03
1.51213 5.30761504e-03
1.51737 5.29015825e-03
1.52262 5.27277567e-03
1.52789 5.25547223e-03
1.53318 5.23824793e-03
1.53849 5.22109784e-03
1.54381 5.20402689e-03
1.54916 5.18012955e-03
1.55452 5.13185503e-03
1.55990 5.08405044e-03
1.56530 5.03671084e-03
1.57072 4.98983128e-03
1.57615 4.94340483e-03
1.58161 4.89743200e-03
1.58709 4.85190585e-03
1.59258 4.80682193e-03
1.59809 4.76217480e-03
1.60362 4.71796149e-03
1.60918 4.67417607e-03
1.61475 4.63081507e-03
1.62034 4.58787356e-03
1.62594 4.54534756e-03
1.63157 4.50323312e-03
1.63722 4.46152530e-03
1.64289 4.42022063e-03
1.64857 4.37931467e-03
1.65428 4.33880295e-03
1.66001 4.29868252e-03
1.66575 4.25894842e-03
1.67152 4.21959670e-03
1.67731 4.18062438e-03
1.68311 4.14202653e-03
1.68894 4.10379968e-03
1.69478 4.06594086e-03
1.70065 4.02844513e-03
1.70654 3.99130951e-03
1.71245 3.95453055e-03
1.71837 3.91810379e-03
1.72432 3.88202627e-03
1.73029 3.84629402e-03
1.73628 3.81090458e-03
1.74229 3.77585299e-03
1.74832 3.74113729e-03
1.75437 3.70675301e-03
1.76045 3.67269719e-03
1.76654 3.63896686e-03
1.77266 3.60555806e-03
1.77879 3.57246783e-03
1.78495 3.53969319e-03
1.79113 3.50723119e-03
1.79733 3.47507785e-03
1.80355 3.44323072e-03
1.80979 3.41168632e-03
1.81606 3.38044218e-03
1.82234 3.34949485e-03
1.82865 3.31884134e-03
1.83498 3.28847920e-03
1.84133 3.25840445e-03
1.84771 3.22861563e-03
1.85410 3.19910876e-03
1.86052 3.16988138e-03
1.86696 3.14093101e-03
1.87342 3.11225469e-03
1.87991 3.08384945e-03
1.88642 3.05571281e-03
1.89295 3.02784230e-03
1.89950 3.00023495e-03
1.90607 2.97288830e-03
1.91267 2.94579936e-03
1.91929 2.91896617e-03
1.92594 2.89238575e-03
1.93260 2.86605613e-03
1.93929 2.83997433e-03
1.94601 2.81413789e-03
1.95274 2.78854483e-03
1.95950 2.76319217e-03
1.96629 2.73807794e-03
1.97309 2.71319967e-03
1.97992 2.68855538e-03
1.98678 2.66414210e-03
1.99365 2.63995784e-03
2.00055 2.61600064e-03
2.00748 2.59226752e-03
2.01443 2.56875701e-03
2.02140 2.54546711e-03
2.02840 2.52239487e-03
2.03542 2.49953830e-03
2.04247 2.47689592e-03
2.04954 2.45446477e-03
2.05663 2.43224335e-03
2.06375 2.41022970e-03
2.07090 2.38842133e-03
2.07806 2.36681676e-03
2.08526 2.34541352e-03
2.09247 2.32420964e-03
2.09972 2.30320362e-03
2.10699 2.28239299e-03
2.11428 2.26177677e-03
2.12160 2.24135198e-03
2.12894 2.22111715e-03
2.13631 2.20107028e-03
2.14371 2.18121041e-03
2.15113 2.16153455e-03
2.15857 2.14204122e-03
2.16605 2.12272943e-03
2.17354 2.10359671e-03
2.18107 2.08464109e-03
2.18862 2.06586156e-03
2.19619 2.04725616e-03
2.20380 2.02882290e-03
2.21143 2.01056030e-03
2.21908 1.99246688e-03
2.22676 1.97454115e-03
2.23447 1.95678063e-03
2.24220 1.93918485e-03
2.24997 1.92175131e-03
2.25775 1.90447903e-03
2.26557 1.88736604e-03
2.27341 1.87041134e-03
2.28128 1.85361295e-03
2.28918 1.83696940e-03
2.29710 1.82047919e-03
2.30505 1.80414134e-03
2.31303 1.78795387e-03
2.32104 1.77191529e-03
2.32908 1.75602462e-03
2.33714 1.74027987e-03
2.34523 1.72468007e-03
2.35335 1.70922371e-03
2.36149 1.69390982e-03
2.36967 1.67873642e-03
2.37787 1.66370201e-03
2.38610 1.64880611e-03
2.39436 1.63404675e-03
2.40265 1.61942291e-03
2.41097 1.60493264e-03
2.41931 1.59057593e-03
2.42769 1.57635031e-03
2.43609 1.56225528e-03
2.44452 1.54828935e-03
2.45298 1.53445155e-03
2.46148 1.52073988e-03
2.47000 1.50715386e-03
2.47855 1.49369250e-03
2.48713 1.48035381e-03
2.49574 1.46713681e-03
2.50438 1.45404101e-03
2.51304 1.44106442e-03
2.52174 1.42820655e-03
2.53047 1.41546641e-03
2.53923 1.40284202e-03
2.54802 1.39033289e-03
2.55684 1.37793753e-03
2.56569 1.36565545e-03
2.57457 1.35348517e-03
2.58349 1.34142618e-03
2.59243 1.32947652e-03
2.60140 1.31763569e-03
2.61041 1.30590269e-03
2.61944 1.29427654e-03
2.62851 1.28275624e-03
2.63761 1.27134033e-03
2.64674 1.26002829e-03
2.65590 1.24881914e-03
2.66510 1.23771190e-03
2.67432 1.22670507e-03
2.68358 1.21579866e-03
2.69287 1.20499118e-03
2.70219 1.19428115e-03
2.71154 1.18366907e-03
2.72093 1.17315246e-03
2.73035 1.16273181e-03
2.73980 1.15240515e-03
2.74928 1.14217198e-03
2.75880 1.13203181e-03
2.76835 1.12198315e-03
2.77793 1.11202600e-03
2.78755 1.10215839e-03
2.79720 1.09238031e-03
2.80688 1.08269029e-03
2.81660 1.07308831e-03
2.82635 1.06357291e-03
2.83613 1.05414308e-03
2.84595 1.04479882e-03
2.85580 1.03553916e-03
2.86569 1.02636260e-03
2.87561 1.01726914e-03
2.88556 1.00825780e-03
2.89555 9.99327579e-04
2.90557 9.90477992e-04
2.91563 9.81708047e-04
2.92572 9.73017248e-04
2.93585 9.64405101e-04
2.94601 9.55870123e-04
2.95621 9.47411817e-04
2.96644 9.39030185e-04
2.97671 9.30723743e-04
2.98702 9.22491995e-04
2.99736 9.14334447e-04
3.00773 9.06250109e-04
3.01814 8.98238488e-04
3.02859 8.90298593e-04
3.03907 8.82430425e-04
3.04960 8.74632995e-04
3.06015 8.66905312e-04
3.07074 8.59247377e-04
3.08137 8.51658201e-04
3.09204 8.44136795e-04
3.10274 8.23838148e-04
3.11348 7.96815992e-04
3.12426 7.70680773e-04
3.13508 7.45403801e-04
3.14593 7.20955891e-04
3.15682 6.97310329e-04
3.16775 6.74440900e-04
3.17871 6.50208169e-04
3.18972 6.23454617e-04
3.20076 5.97802193e-04
3.21184 5.73206377e-04
3.22295 5.49622649e-04
3.23411 5.27009952e-04
3.24531 5.05328217e-04
3.25654 4.84539208e-04
3.26781 4.58135385e-04
3.27912 4.32712931e-04
3.29047 4.08701663e-04
3.30187 3.86023175e-04
3.31330 3.64603515e-04
3.32476 3.44372736e-04
3.33627 3.25264851e-04
3.34782 3.04139815e-04
3.35941 2.77425836e-04
3.37104 2.53058556e-04
3.38271 2.30831748e-04
3.39442 2.10557389e-04
3.40617 1.92063979e-04
3.41796 1.75195055e-04
3.42979 1.59807854e-04
3.44166 6.57788936e-05
3.45358 9.86219901e-06
3.46553 1.47863633e-06
3.47753 2.21691594e-07
3.48957 3.89602138e-08
3.50164 3.84221203e-08
3.51377 3.78937817e-08
3.52593 3.73730609e-08
3.53814 3.68595574e-08
3.55038 3.63531127e-08
3.56267 3.58536329e-08
3.57500 3.53610191e-08
3.58738 3.48751724e-08
3.59980 3.43960036e-08
3.61226 3.39234238e-08
3.62476 3.34573390e-08
3.63731 3.29902351e-08
3.64990 3.24398591e-08
3.66254 3.18985256e-08
3.67521 3.13660961e-08
3.68794 3.08424221e-08
3.70070 3.03273604e-08
3.71351 2.98207722e-08
3.72637 2.93225192e-08
3.73927 2.88324678e-08
3.75221 2.83961619e-08
3.76520 2.80060777e-08
3.77823 2.76213507e-08
3.79131 2.72419117e-08
3.80443 2.68676864e-08
3.81760 2.64986008e-08
3.83082 2.61345855e-08
3.84408 2.57755762e-08
3.85739 2.54214988e-08
3.87074 2.50722888e-08
3.88414 2.47278772e-08
3.89758 2.43881945e-08
3.91107 2.40531815e-08
3.92461 2.37227689e-08
3.93820 2.33969023e-08
3.95183 2.30755075e-08
3.96551 2.27585300e-08
3.97924 2.24459106e-08
3.99301 2.21375848e-08
4.00683 2.18334984e-08
4.02070 2.15335869e-08
4.03462 2.12377961e-08
4.04859 2.09460713e-08
4.06260 2.06583534e-08
4.07667 2.03745879e-08
4.09078 2.00947203e-08
4.10494 1.98187013e-08
4.11915 1.95464714e-08
4.13341 1.92737517e-08
4.14771 1.89582929e-08
4.16207 1.86479341e-08
4.17648 1.83425912e-08
4.19094 1.80421900e-08
4.20545 1.77466415e-08
4.22000 1.74558765e-08
4.23461 1.71698157e-08
4.24927 1.68883850e-08
4.26398 1.66115102e-08
4.27874 1.63547782e-08
4.29355 1.61301550e-08
4.30841 1.59086185e-08
4.32332 1.56901292e-08
4.33829 1.54746375e-08
4.35331 1.52621040e-08
4.36838 1.50524940e-08
4.38350 1.48457629e-08
4.39867 1.46418712e-08
4.41390 1.44407793e-08
4.42918 1.42424476e-08
4.44451 1.40468465e-08
4.45990 1.38539265e-08
4.47533 1.36636629e-08
4.49083 1.34760061e-08
4.50637 1.32909315e-08
4.52197 1.31083946e-08
4.53762 1.29283706e-08
4.55333 1.27508149e-08
4.56909 1.25757029e-08
4.58491 1.24029950e-08
4.60078 1.22069982e-08
4.61670 1.20099032e-08
4.63269 1.18159592e-08
4.64872 1.16251119e-08
4.66481 1.14373117e-08
4.68096 1.12525091e-08
4.69717 1.10706647e-08
4.71343 1.08917290e-08
4.72974 1.07156474e-08
4.74611 1.05423855e-08
4.76254 1.03728929e-08
4.77903 1.02304487e-08
4.79557 1.00899633e-08
4.81217 9.95140225e-09
4.82883 9.81475059e-09
4.84555 9.67996876e-09
4.86232 9.54704193e-09
4.87915 9.41594043e-09
4.89604 9.28664445e-09
4.91299 9.15911939e-09
4.92999 9.03334544e-09
4.94706 8.90929788e-09
4.96418 8.75450184e-09
4.98137 8.59432877e-09
4.99861 8.43705445e-09
5.01591 8.28279265e-09
5.03328 1.55088784e-08
5.05070 5.94258401e-08
5.06818 2.27703575e-07
5.08573 8.72496529e-07
5.10333 3.34316064e-06
5.12100 1.28100315e-05
5.13873 4.90842943e-05
5.15651 1.64228344e-04
5.17436 1.73456103e-04
5.19228 1.83202125e-04
5.21025 1.93495545e-04
5.22828 2.04367032e-04
5.24638 2.15849136e-04
5.26454 2.27976087e-04
5.28277 2.40784095e-04
5.30105 2.54311398e-04
5.31940 2.68598311e-04
5.33782 2.83687524e-04
5.35629 2.99624101e-04
5.37484 3.16455531e-04
5.39344 3.26501122e-04
5.41211 3.36169135e-04
5.43084 3.46123114e-04
5.44965 3.56371371e-04
5.46851 3.66922710e-04
5.48744 3.77786035e-04
5.50643 3.88970498e-04
5.52550 4.00485695e-04
5.54462 4.12341321e-04
5.56381 4.24547419e-04
5.58308 4.37114377e-04
5.60240 4.50052828e-04
5.62179 4.62447196e-04
5.64125 4.71310090e-04
5.66078 4.80342357e-04
5.68038 4.89547163e-04
5.70004 4.98927725e-04
5.71977 5.08487653e-04
5.73957 5.18230113e-04
5.75944 5.28159063e-04
5.77938 5.38276975e-04
5.79938 5.48588796e-04
5.81946 5.59097000e-04
5.83960 5.69806533e-04
5.85982 5.80719869e-04
5.88010 5.91841955e-04
5.90045 6.00530775e-04
5.92088 6.09011340e-04
5.94137 6.17610625e-04
5.96194 6.26328631e-04
5.98258 6.35168819e-04
6.00329 6.44131189e-04
6.02407 6.53218711e-04
6.04492 6.62432372e-04
6.06585 6.71773657e-04
6.08684 6.81245040e-04
6.10791 6.90848004e-04
6.12906 7.00584528e-04
6.15027 7.10456096e-04
6.17156 7.20464687e-04
6.19293 7.27698197e-04
6.21436 7.34816945e-04
6.23588 7.42004452e-04
6.25746 7.49261212e-04
6.27912 7.56588709e-04
6.30086 7.63986449e-04
6.32267 7.71456411e-04
6.34455 7.78998099e-04
6.36652 7.86612997e-04
6.38856 7.94301601e-04
6.41067 8.02064900e-04
6.43286 8.09902399e-04
6.45513 8.17816076e-04
6.47747 8.25806427e-04
6.49990 8.32998385e-04
6.52240 8.38035576e-04
6.54497 8.43103436e-04
6.56763 8.48200976e-04
6.59037 8.53328691e-04
6.61318 8.58487075e-04
6.63607 8.63676128e-04
6.65904 8.68895851e-04
6.68209 8.74146243e-04
6.70522 8.79428293e-04
6.72843 8.84741013e-04
6.75172 8.90085887e-04
6.77510 8.95461924e-04
6.79855 9.00870115e-04
6.82208 9.06310459e-04
6.84570 9.11782461e-04
6.86939 9.17287112e-04
6.89317 9.22824905e-04
6.91704 9.27962019e-04
6.94098 9.33055601e-04
6.96500 9.38176391e-04
6.98911 9.43323892e-04
7.01331 9.48499589e-04
7.03759 9.53701999e-04
7.06195 9.58932604e-04
7.08639 9.64191405e-04
7.11092 9.69477413e-04
7.13554 9.74792112e-04
7.16024 9.80135007e-04
7.18502 9.85506097e-04
7.20990 9.90905879e-04
7.23485 9.96334351e-04
7.25990 1.00179151e-03
7.28503 1.00727786e-03
7.31025 1.01212757e-03
7.33555 1.01613091e-03
7.36094 1.02014909e-03
7.38642 1.02418211e-03
7.41199 1.02823046e-03
7.43765 1.03229414e-03
7.46340 1.03637267e-03
7.48923 1.04046703e-03
7.51516 1.04457622e-03
7.54117 1.04870075e-03
7.56727 1.05284111e-03
7.59347 1.05699681e-03
7.61975 1.06116784e-03
7.64613 1.06535470e-03
7.67260 1.06955689e-03
7.69916 1.07377491e-03
7.72581 1.07800876e-03
7.75255 1.08223124e-03
7.77939 1.08530114e-03
7.80632 1.08837896e-03
7.83334 1.09146469e-03
7.86046 1.09455833e-03
7.88767 1.09765989e-03
7.91497 1.10076937e-03
7.94237 1.10388725e-03
7.96986 1.10701255e-03
7.99745 1.11014627e-03
8.02513 1.11328790e-03
8.05291 1.11643744e-03
8.08079 1.11959539e-03
8.10876 1.12276126e-03
8.13683 1.12593504e-03
8.16500 1.12911723e-03
8.19326 1.13230733e-03
8.22162 1.13550585e-03
8.25008 1.13871228e-03
8.27864 1.21882453e-03
8.30730 1.39384552e-03
8.33605 1.59392582e-03
8.36491 1.82264286e-03
8.39386 2.08408508e-03
8.42292 2.38292063e-03
8.45208 2.72448351e-03
8.48133 3.11486604e-03
8.51069 3.56102767e-03
8.54016 4.07091721e-03
8.56972 4.65361525e-03
8.59938 5.31949199e-03
8.62915 6.08039815e-03
8.65902 6.94986880e-03
8.68899 7.94336228e-03
8.71907 9.07854808e-03
8.74925 1.03756234e-02
8.77954 1.18576745e-02
8.80993 1.35510965e-02
8.84043 1.54861039e-02
8.87103 1.68297769e-02
8.90174 1.79025753e-02
8.93255 1.90437664e-02
8.96347 2.02577526e-02
8.99450 2.15492184e-02
9.02563 2.29231699e-02
9.05688 2.43849445e-02
9.08823 2.59402458e-02
9.11969 2.75951729e-02
9.15126 2.93562456e-02
9.18294 3.12304436e-02
9.21472 3.32252463e-02
9.24662 3.53486623e-02
9.27863 3.76093039e-02
9.31075 4.00164261e-02
9.34298 4.25799767e-02
9.37532 4.53106801e-02
9.40777 4.82201116e-02
9.44034 5.13207763e-02
9.47302 5.46261884e-02
9.50581 5.81510347e-02
9.53871 6.09153309e-02
9.57173 6.25700404e-02
9.60487 6.42647684e-02
9.63811 6.60002075e-02
9.67148 6.77768028e-02
9.70495 6.95949996e-02
9.73855 7.14552431e-02
9.77226 7.33578795e-02
9.80609 7.53030077e-02
9.84003 7.72908257e-02
9.87409 7.93212840e-02
9.90827 8.10021119e-02
9.94257 8.12370291e-02
9.97699 8.14511703e-02
10.01153 8.16441397e-02
10.04618 8.18155417e-02
10.08096 8.19648816e-02
10.11585 8.20918625e-02
10.15087 8.21960888e-02
10.18601 8.22772636e-02
10.22127 8.23350407e-02
10.25665 8.23691232e-02
10.29215 8.23793628e-02
10.32778 8.18809861e-02
10.36353 8.09248449e-02
10.39941 7.99653400e-02
10.43540 7.90029165e-02
10.47153 7.80378713e-02
10.50777 7.70706496e-02
10.54415 7.61016471e-02
10.58065 7.51312595e-02
10.61727 7.34475131e-02
10.65403 7.17684660e-02
10.69091 7.01218196e-02
10.72791 6.85069308e-02
10.76505 6.69233049e-02
10.80231 6.53703979e-02
10.83971 6.38477149e-02
10.87723 6.23546625e-02
10.91488 6.08908449e-02
10.95266 5.94557675e-02
10.99058 5.80488860e-02
11.02862 5.66698048e-02
11.06680 5.53180292e-02
11.10511 5.39931635e-02
11.14355 5.26947624e-02
11.18212 5.14223313e-02
11.22083 5.01755240e-02
11.25967 4.85957565e-02
11.29865 4.61984139e-02
11.33776 4.39112830e-02
11.37701 4.17305697e-02
11.41639 3.96523761e-02
11.45591 3.76727745e-02
11.49556 3.57878274e-02
11.53536 3.39936318e-02
11.57529 3.22863492e-02
11.61536 3.06622101e-02
11.65556 2.91175492e-02
11.69591 2.76487898e-02
11.73640 2.62524794e-02
11.77702 2.49252689e-02
11.81779 2.36639382e-02
11.85870 2.24653905e-02
11.89975 2.13266382e-02
11.94094 2.02448269e-02
11.98227 1.92172064e-02
12.02375 1.82411648e-02
12.06537 1.73141842e-02
12.10714 1.64338655e-02
12.14905 1.55979184e-02
12.19110 1.48041565e-02
12.23330 1.40504972e-02
12.27565 1.33349470e-02
12.31814 1.26556163e-02
12.36078 1.20106946e-02
12.40357 1.17302780e-02
12.44651 1.16435629e-02
12.48959 1.15568677e-02
12.53283 1.14702119e-02
12.57621 1.13835958e-02
12.61974 1.12970291e-02
12.66343 1.12105268e-02
12.70726 1.11240937e-02
12.75125 1.10377348e-02
12.79539 1.09514649e-02
12.83968 1.08652841e-02
12.88413 1.07792121e-02
12.92873 1.06932489e-02
12.97348 1.06074045e-02
13.01839 1.05216886e-02
13.06345 1.04361113e-02
13.10867 1.03506725e-02
13.15405 1.02653919e-02
13.19959 1.01802697e-02
13.24528 1.00953156e-02
13.29113 1.00105397e-02
13.33713 9.92594671e-03
13.38330 9.84154668e-03
13.42963 9.75734947e-03
13.47612 9.67335507e-03
13.52277 9.58957832e-03
13.56958 9.50602417e-03
13.61655 9.42270252e-03
13.66368 9.33961336e-03
13.71098 9.25677153e-03
13.75844 9.19632821e-03
13.80607 9.43751779e-03
13.85386 9.68465325e-03
13.90182 9.93788796e-03
13.94994 1.01973505e-02
13.99823 1.04631893e-02
14.04668 1.07355528e-02
14.09531 1.10145893e-02
14.14410 1.13004522e-02
14.19306 1.15933048e-02
14.24219 1.18933053e-02
14.29149 1.22006170e-02
14.34096 1.25154129e-02
14.39060 1.28378614e-02
14.44042 1.31681355e-02
14.49041 1.35064281e-02
14.54057 1.38529125e-02
14.59090 1.42077863e-02
14.64141 1.45712377e-02
14.69209 1.49434694e-02
14.74295 1.53246843e-02
14.79398 1.57150901e-02
14.84519 1.61148995e-02
14.89658 1.65243351e-02
14.94814 1.69436195e-02
14.99989 1.73729802e-02
15.05181 1.78126548e-02
15.10392 1.82628905e-02
15.15620 1.87239297e-02
15.20866 1.91960297e-02
15.26131 1.96794576e-02
15.31414 2.01744754e-02
15.36715 2.06813604e-02
15.42034 2.12004042e-02
15.47372 2.17318939e-02
15.52729 2.21181444e-02
15.58103 2.24901882e-02
15.63497 2.28682520e-02
15.68909 2.32524299e-02
15.74340 2.36428011e-02
15.79790 2.40394644e-02
15.85258 2.44424990e-02
15.90746 2.48520039e-02
15.96252 2.52680631e-02
16.01778 2.56907755e-02
16.07323 2.61202204e-02
16.12886 2.65564966e-02
16.18470 2.69996932e-02
16.24072 2.74498992e-02
16.29694 2.79072087e-02
16.35335 2.83717007e-02
16.40996 2.88434741e-02
16.46677 2.93226182e-02
16.52377 2.98092069e-02
16.58097 3.03033344e-02
16.63836 3.08050847e-02
16.69596 3.13145370e-02
16.75375 3.18317703e-02
16.81175 3.23568639e-02
16.86994 3.28898871e-02
16.92834 3.34309089e-02
16.98694 3.39800038e-02
17.04574 3.45372260e-02
17.10474 3.51026349e-02
17.16395 3.56762751e-02
17.22337 3.62582010e-02
17.28299 3.68484472e-02
17.34281 3.74470383e-02
17.40285 3.80539993e-02
17.46309 3.86693448e-02
17.52354 3.92930651e-02
17.58420 3.99251601e-02
17.64507 4.05655951e-02
17.70615 4.08009377e-02
17.76744 4.07910295e-02
17.82894 4.07804635e-02
17.89066 4.07692296e-02
17.95259 4.07573279e-02
18.01473 4.07447584e-02
18.07709 4.07315162e-02
18.13967 4.07175963e-02
18.20246 4.07029987e-02
18.26547 4.06877184e-02
18.32870 4.06717506e-02
18.39214 4.06550902e-02
18.45581 4.06377422e-02
18.51969 4.06196918e-02
18.58380 4.06009489e-02
18.64813 4.05814986e-02
18.71268 4.05613459e-02
18.77746 4.05404858e-02
18.84246 4.05189134e-02
18.90768 4.04966237e-02
18.97313 4.04736168e-02
19.03881 4.04498876e-02
19.10472 4.04254362e-02
19.17085 4.04002577e-02
19.23721 4.03743471e-02
19.30380 4.03477043e-02
19.37062 4.03203245e-02
19.43768 4.02922077e-02
19.50496 4.02633488e-02
19.57248 4.02337430e-02
19.64023 4.02033903e-02
19.70822 4.01722856e-02
19.77644 4.01404291e-02
19.84490 4.01078108e-02
19.91359 4.00744356e-02
19.98252 4.00403036e-02
20.05169 4.00053999e-02
20.12110 3.99697295e-02
20.19076 3.99332924e-02
20.26065 3.98960786e-02
20.33078 3.98580882e-02
20.40116 3.98193261e-02
20.47178 3.97797775e-02
20.54264 3.97394473e-02
20.61375 3.96983307e-02
20.68511 3.94880380e-02
20.75671 3.92663976e-02
20.82856 3.90456378e-02
20.90066 3.88257584e-02
20.97301 3.86067596e-02
21.04561 3.83886314e-02
21.11846 3.81713886e-02
21.19157 3.79550165e-02
21.26492 3.77395249e-02
21.33853 3.75249038e-02
21.41240 3.73111584e-02
21.48652 3.70982885e-02
21.56090 3.68862941e-02
21.63553 3.66751654e-02
21.71043 3.64649123e-02
21.78558 3.62555298e-02
21.86099 3.60470179e-02
21.93666 3.58393717e-02
22.01260 3.56325961e-02
22.08880 3.54266861e-02
22.16526 3.52216468e-02
22.24199 3.50174682e-02
22.31898 3.48141552e-02
22.39624 3.46117030e-02
22.47377 3.44101115e-02
22.55156 3.42093857e-02
22.62962 3.40095205e-02
22.70796 3.38105112e-02
22.78656 3.36123576e-02
22.86544 3.34150648e-02
22.94459 3.32186277e-02
23.02402 3.30230464e-02
23.10372 3.28283159e-02
23.18369 3.26344362e-02
23.26394 3.24414074e-02
23.34447 3.22492294e-02
23.42528 3.20578973e-02
23.50637 3.18674160e-02
23.58774 3.16777806e-02
23.66939 3.14889861e-02
23.75133 3.13010375e-02
23.83354 3.11139298e-02
23.91604 3.09276582e-02
23.99883 3.07422324e-02
24.08191 3.05576376e-02
24.16527 3.03738838e-02
24.24892 3.01909610e-02
24.33286 3.00088742e-02
24.41709 2.98276184e-02
24.50161 2.96471937e-02
24.58642 2.94675951e-02
24.67153 2.92888275e-02
24.75693 2.91110591e-02
24.84263 2.89373520e-02
24.92863 2.87645748e-02
25.01492 2.85927177e-02
25.10151 2.84217758e-02
25.18840 2.82517539e-02
25.27559 2.80826372e-02
25.36309 2.79144258e-02
25.45088 2.77471147e-02
25.53898 2.75807039e-02
25.62739 2.74151835e-02
25.71610 2.72505535e-02
25.80512 2.70868040e-02
25.89444 2.69239399e-02
25.98408 2.67619514e-02
26.07403 2.66008385e-02
26.16428 2.64405912e-02
26.25485 2.62812047e-02
26.34574 2.61226838e-02
26.43694 2.59650187e-02
26.52845 2.58082044e-02
26.62028 2.56522410e-02
26.71243 2.54971234e-02
26.80489 2.53428468e-02
26.89768 2.51894061e-02
26.99079 2.50367965e-02
27.08422 2.48850179e-02
27.17798 2.47340654e-02
27.27205 2.45839341e-02
27.36646 2.44346190e-02
27.46119 2.42861151e-02
27.55625 2.41384274e-02
27.65164 2.39915411e-02
27.74736 2.38454611e-02
27.84341 2.37001775e-02
27.93979 2.35556903e-02
28.03650 2.34119946e-02
28.13355 2.32690854e-02
28.23094 2.31269627e-02
28.32867 2.29856166e-02
28.42673 2.28450472e-02
28.52513 2.27052495e-02
28.62387 2.25662234e-02
28.72295 2.24279641e-02
28.82238 2.22904616e-02
28.92215 2.21537209e-02
29.02227 2.20177370e-02
29.12273 2.18825001e-02
29.22354 2.17480151e-02
29.32470 2.16142671e-02
29.42621 2.14812661e-02
29.52807 2.13489971e-02
29.63029 2.12174653e-02
29.73286 2.10866606e-02
29.83578 2.09565830e-02
29.93906 2.08272326e-02
30.04269 2.06985946e-02
30.14669 2.05706787e-02
30.25104 2.04434702e-02
30.35576 2.03169741e-02
30.46084 2.01911803e-02
30.56628 2.00660940e-02
30.67209 1.99417001e-02
30.77826 1.98180087e-02
30.88481 1.96950049e-02
30.99172 1.95727085e-02
31.09900 1.94511689e-02
31.20665 1.93303416e-02
31.31467 1.92102267e-02
31.42307 1.90908191e-02
31.53184 1.89721090e-02
31.64099 1.88541013e-02
31.75052 1.87367911e-02
31.86043 1.86201685e-02
31.97072 1.85042334e-02
32.08139 1.83889811e-02
32.19244 1.82744064e-02
32.30388 1.81605094e-02
32.41570 1.80472851e-02
32.52791 1.79347287e-02
32.64051 1.78228400e-02
32.75349 1.77116093e-02
32.86687 1.76010315e-02
32.98064 1.74911116e-02
33.09481 1.73818447e-02
33.20937 1.72732159e-02
33.32433 1.71652351e-02
33.43968 1.70578924e-02
33.55544 1.69511879e-02
33.67159 1.68451115e-02
33.78815 1.67396635e-02
33.90511 1.66348436e-02
34.02247 1.65306421e-02
34.14024 1.64270589e-02
34.25842 1.63240940e-02
34.37701 1.62217376e-02
34.49601 1.61199846e-02
34.61542 1.60188401e-02
34.73525 1.59182991e-02
34.85549 1.58183517e-02
34.97614 1.57189979e-02
35.09721 1.56202377e-02
35.21871 1.55220612e-02
35.34062 1.54244734e-02
35.46295 1.53274643e-02
35.58571 1.52310340e-02
35.70889 1.51351775e-02
35.83250 1.50398899e-02
35.95654 1.49451711e-02
36.08101 1.48510212e-02
36.20590 1.47574302e-02
36.33123 1.46643983e-02
36.45700 1.45719203e-02
36.58320 1.44799964e-02
36.70983 1.43886216e-02
36.83691 1.42977909e-02
36.96442 1.42075044e-02
37.09238 1.41177570e-02
37.22077 1.40285488e-02
37.34962 1.39398749e-02
37.47890 1.38517253e-02
37.60864 1.37641099e-02
37.73883 1.36770189e-02
37.86946 1.35904473e-02
38.00055 1.35043951e-02
38.13209 1.34188622e-02
38.26409 1.33338389e-02
38.39654 1.32493301e-02
38.52946 1.31653258e-02
38.66283 1.30818261e-02
38.79667 1.29988259e-02
38.93096 1.29163304e-02
39.06573 1.28343245e-02
39.20096 1.27528134e-02
39.33665 1.26717969e-02
39.47282 1.25912651e-02
39.60946 1.25112182e-02
39.74657 1.24316510e-02
39.88416 1.23525687e-02
40.02222 1.22739562e-02
40.16076 1.21958236e-02
40.29978 1.21181610e-02
40.43928 1.20409633e-02
40.57926 1.19642355e-02
40.71973 1.18879728e-02
40.86069 1.18121651e-02
41.00213 1.17368175e-02
41.14406 1.16619299e-02
41.28648 1.15874925e-02
41.42940 1.15097111e-02
41.57281 1.14311679e-02
41.71672 1.13531441e-02
41.86113 1.12756348e-02
42.00603 1.11986301e-02
42.15144 1.11221348e-02
42.29735 1.10461441e-02
42.44377 1.09706481e-02
42.59069 1.08956517e-02
42.73812 1.08211499e-02
42.88606 1.07471379e-02
43.03451 1.06736156e-02
43.18348 1.06005731e-02
43.33297 1.05280154e-02
43.48297 1.04559375e-02
43.63349 1.03843296e-02
43.78453 1.03132015e-02
43.93609 1.02425383e-02
44.08818 1.01723402e-02
44.24079 1.01026120e-02
44.39394 1.00333388e-02
44.54761 9.96452576e-03
44.70182 9.89616777e-03
44.85655 9.82825993e-03
45.01183 9.76080719e-03
45.16764 9.69379469e-03
45.32399 9.62722740e-03
45.48089 9.56110531e-03
45.63832 9.49541357e-03
45.79630 9.43016209e-03
45.95483 9.36534097e-03
46.11391 9.30095516e-03
46.27353 9.23698981e-03
46.43371 9.17345483e-03
46.59445 9.11033536e-03
46.75574 9.04763636e-03
46.91759 8.98535783e-03
47.08000 8.92348987e-03
47.24297 8.86203248e-03
47.40650 8.80098567e-03
47.57060 8.74034448e-03
47.73527 8.68010892e-03
47.90051 8.62026909e-03
48.06633 8.56082995e-03
48.23271 8.50178653e-03
48.39967 8.44313885e-03
48.56721 8.38487701e-03
48.73533 8.32701091e-03
48.90403 8.26952569e-03
49.07332 8.21242137e-03
49.24319 8.15570289e-03
49.41365 8.09936036e-03
49.58470 8.04339377e-03
49.75634 7.98780313e-03
49.92858 7.93257855e-03
50.10141 7.87772991e-03
50.27484 7.82324237e-03
50.44887 7.76912089e-03
50.62350 7.71536052e-03
50.79874 7.66196125e-03
50.97458 7.60891815e-03
51.15104 7.55623120e-03
51.32810 7.50389547e-03
51.50578 7.45191095e-03
51.68407 7.40027764e-03
51.86298 7.34898565e-03
52.04250 7.29803993e-03
52.22265 7.24743553e-03
52.40343 7.19717245e-03
52.58482 7.14724080e-03
52.76685 7.09765047e-03
52.94951 7.04839156e-03
53.13280 6.99945913e-03
53.31672 6.95086308e-03
53.50128 6.90258856e-03
53.68648 6.85463557e-03
53.87232 6.80700907e-03
54.05880 6.75970409e-03
54.24593 6.71271571e-03
54.43371 6.66604391e-03
54.62214 6.61968375e-03
54.81122 6.57363523e-03
55.00095 6.52790329e-03
55.19134 6.48247311e-03
55.38239 6.43734961e-03
55.57410 6.39253281e-03
55.76647 6.34801776e-03
55.95951 6.30380445e-03
56.15322 6.25988300e-03
56.34760 6.21626329e-03
56.54265 6.17293544e-03
56.73838 6.12990439e-03
56.93479 6.08716024e-03
57.13187 6.04470795e-03
57.32964 6.00253761e-03
57.52809 5.96065419e-03
57.72723 5.91905767e-03
57.92705 5.87773816e-03
58.12757 5.83670061e-03
58.32879 5.79594008e-03
58.53070 5.75545161e-03
58.73331 5.71524016e-03
58.93662 5.67530077e-03
59.14063 5.63563345e-03
59.34535 5.59623325e-03
59.55078 5.55710512e-03
59.75692 5.51823421e-03
59.96377 5.47963043e-03
60.17134 5.44128881e-03
60.37963 5.40320937e-03
60.58864 5.36538716e-03
60.79837 5.32782217e-03
61.00883 5.29050947e-03
61.22002 5.25345399e-03
61.43194 5.21664584e-03
61.64459 5.18008997e-03
61.85797 5.14378144e-03
62.07210 5.10772024e-03
62.28697 5.07190637e-03
62.50258 5.03633489e-03
62.71894 5.00100580e-03
62.93605 4.96591909e-03
63.15390 4.93106785e-03
63.37252 4.89645503e-03
63.59189 4.86207817e-03
63.81201 4.82793578e-03
64.03290 4.79402589e-03
64.25456 4.76034700e-03
64.47698 4.72689814e-03
64.70017 4.69367731e-03
64.92414 4.66068305e-03
65.14888 4.62791385e-03
65.37440 4.59536875e-03
65.60070 4.56304574e-03
65.82778 4.53094336e-03
66.05565 4.49906011e-03
66.28430 4.46739502e-03
66.51375 4.43594658e-03
66.74400 4.40471283e-03
66.97504 4.37369278e-03
67.20688 4.34288494e-03
67.43952 4.31228783e-03
67.67297 4.28190046e-03
67.90722 4.25172084e-03
68.14229 4.22174800e-03
68.37817 4.19198045e-03
68.61486 4.16241669e-03
68.85238 4.13305575e-03
69.09072 4.10389565e-03
69.32988 4.07493588e-03
69.56987 4.04617448e-03
69.81069 4.01761045e-03
70.05235 3.98924280e-03
70.29484 3.96106955e-03
70.53817 3.93308972e-03
70.78235 3.90530182e-03
71.02737 3.87770486e-03
71.27323 3.85029785e-03
71.51995 3.82307882e-03
71.76752 3.79604677e-03
72.01595 3.76920072e-03
72.26524 3.74253967e-03
72.51539 3.71606165e-03
72.76641 3.68976566e-03
73.01830 3.66365072e-03
73.27106 3.63771584e-03
73.52469 3.61195905e-03
73.77920 3.58638033e-03
74.03460 3.56097721e-03
74.29087 3.53574921e-03
74.54804 3.51069534e-03
74.80609 3.48581410e-03
75.06504 3.46110451e-03
75.32488 3.43656509e-03
75.58563 3.41219533e-03
75.84727 3.38799327e-03
76.10982 3.36395841e-03
76.37328 3.34008975e-03
76.63766 3.31638582e-03
76.90295 3.29284513e-03
77.16915 3.26946767e-03
77.43628 3.24625148e-03
77.70433 3.22319606e-03
77.97331 3.20029992e-03
78.24322 3.17756158e-03
78.51407 3.15498103e-03
78.78585 3.13255680e-03
79.05857 3.11028740e-03
79.33224 3.08817234e-03
79.60686 3.06621063e-03
79.88242 3.04440077e-03
80.15894 3.02274179e-03
80.43642 3.00123319e-03
80.71486 2.97987348e-03
80.99426 2.95866168e-03
81.27463 2.93759729e-03
81.55596 2.91667883e-03
81.83828 2.89590530e-03
82.12157 2.87527622e-03
82.40584 2.85479009e-03
82.69109 2.83444643e-03
82.97733 2.81424375e-03
83.26457 2.79418155e-03
83.55279 2.77425836e-03
83.84202 2.75447367e-03
84.13225 2.73482699e-03
84.42348 2.71531635e-03
84.71572 2.69594125e-03
85.00897 2.67670119e-03
85.30323 2.65759518e-03
85.59852 2.63862175e-03
85.89482 2.61978039e-03
86.19215 2.60107012e-03
86.49052 2.58249044e-03
86.78991 2.56403987e-03
87.09034 2.54571791e-03
87.39181 2.52752357e-03
87.69432 2.50945587e-03
87.99789 2.49151382e-03
88.30250 2.47369741e-03
88.60816 2.45600516e-03
88.91489 2.43843608e-03
89.22267 2.42098969e-03
89.53153 2.40366497e-03
89.84145 2.38646146e-03
90.15244 2.36937765e-03
90.46451 2.35241306e-03
90.77766 2.33556718e-03
91.09190 2.31883904e-03
91.40722 2.30222764e-03
91.72363 2.28573248e-03
92.04114 2.26935259e-03
92.35975 2.25308696e-03
92.67946 2.23693560e-03
93.00028 2.22089702e-03
93.32221 2.20497024e-03
93.64525 2.18915525e-03
93.96941 2.17345107e-03
94.29469 2.15785620e-03
94.62110 2.14237116e-03
94.94864 2.12699445e-03
95.27731 2.11172557e-03
95.60712 2.09656354e-03
95.93807 2.08150737e-03
96.27017 2.06655706e-03
96.60342 2.05171162e-03
96.93782 2.03697055e-03
97.27338 2.02233238e-03
97.61010 2.00779709e-03
97.94798 1.99336420e-03
98.28704 1.97903223e-03
98.62727 1.96480067e-03
98.96867 1.95066952e-03
99.31126 1.93663731e-03
99.65504 1.92270354e-03
100.00000 1.90886772e-03
