        2000  1.000000 3.710000
0.10000 7.64651776e-01
0.10035 7.64533056e-01
0.10069 7.64410379e-01
0.10104 7.64283249e-01
0.10139 7.64152657e-01
0.10174 7.64017613e-01
0.10210 7.63879107e-01
0.10245 7.63736148e-01
0.10280 7.63589232e-01
0.10316 7.63412141e-01
0.10352 7.63110395e-01
0.10387 7.62800239e-01
0.10423 7.62480684e-01
0.10459 7.62152720e-01
0.10496 7.61815852e-01
0.10532 7.61469585e-01
0.10568 7.61114415e-01
0.10605 7.60750835e-01
0.10642 7.60377856e-01
0.10679 7.59995973e-01
0.10716 7.59605187e-01
0.10753 7.59205001e-01
0.10790 7.58795912e-01
0.10827 7.58377424e-01
0.10865 7.57950032e-01
0.10902 7.57513736e-01
0.10940 7.57068041e-01
0.10978 7.56613443e-01
0.11016 7.56149445e-01
0.11054 7.55676544e-01
0.11092 7.55193749e-01
0.11131 7.54702545e-01
0.11169 7.54201943e-01
0.11208 7.53691941e-01
0.11247 7.53172541e-01
0.11286 7.52449339e-01
0.11325 7.51700908e-01
0.11364 7.50936648e-01
0.11403 7.50157053e-01
0.11443 7.49361135e-01
0.11482 7.48550376e-01
0.11522 7.47724283e-01
0.11562 7.46881865e-01
0.11602 7.46024113e-01
0.11642 7.45151027e-01
0.11682 7.44262111e-01
0.11723 7.43357860e-01
0.11763 7.42437780e-01
0.11804 7.41501871e-01
0.11845 7.40550627e-01
0.11886 7.39584048e-01
0.11927 7.38601640e-01
0.11968 7.37603897e-01
0.12010 7.36590325e-01
0.12051 7.35561419e-01
0.12093 7.34517177e-01
0.12135 7.33457601e-01
0.12177 7.32382691e-01
0.12219 7.31291951e-01
0.12262 7.30185876e-01
0.12304 7.29064467e-01
0.12347 7.27928217e-01
0.12389 7.28999171e-01
0.12432 7.34930224e-01
0.12475 7.40557552e-01
0.12518 7.44368959e-01
0.12562 7.46037964e-01
0.12605 7.47681247e-01
0.12649 7.48365865e-01
0.12693 7.48172945e-01
0.12737 7.47977552e-01
0.12781 7.47978541e-01
0.12825 7.48121995e-01
0.12869 7.48266437e-01
0.12914 7.48342616e-01
0.12959 7.48375759e-01
0.13003 7.48408901e-01
0.13048 7.48306011e-01
0.13094 7.48115069e-01
0.13139 7.47922644e-01
0.13184 7.47796009e-01
0.13230 7.47715873e-01
0.13276 7.47635737e-01
0.13322 7.47517017e-01
0.13368 7.47361197e-01
0.13414 7.47204388e-01
0.13461 7.47041148e-01
0.13507 7.46731487e-01
0.13554 7.46418363e-01
0.13601 7.46103260e-01
0.13648 7.45575945e-01
0.13695 7.45020435e-01
0.13743 7.44457999e-01
0.13790 7.43803060e-01
0.13838 7.43108548e-01
0.13886 7.42405627e-01
0.13934 7.41429649e-01
0.13982 7.40205349e-01
0.14031 7.38961263e-01
0.14079 7.37579164e-01
0.14128 7.35886415e-01
0.14177 7.34162501e-01
0.14226 7.32406929e-01
0.14275 7.30598923e-01
0.14324 7.28758763e-01
0.14374 7.26887439e-01
0.14424 7.24432408e-01
0.14474 7.21697396e-01
0.14524 7.18904013e-01
0.14574 7.15254857e-01
0.14625 7.10048491e-01
0.14675 7.04678884e-01
0.14726 6.99149500e-01
0.14777 6.95470169e-01
0.14828 6.91788365e-01
0.14879 6.88041265e-01
0.14931 6.82362987e-01
0.14983 6.74914791e-01
0.15034 6.67264771e-01
0.15087 6.59455468e-01
0.15139 6.51935545e-01
0.15191 6.44260792e-01
0.15244 6.36438628e-01
0.15297 6.28207869e-01
0.15349 6.19619467e-01
0.15403 6.10894536e-01
0.15456 6.02043960e-01
0.15509 5.92053672e-01
0.15563 5.81091859e-01
0.15617 5.69998464e-01
0.15671 5.58792285e-01
0.15725 5.46980635e-01
0.15780 5.35056200e-01
0.15834 5.23067459e-01
0.15889 5.11080201e-01
0.15944 4.99177037e-01
0.15999 4.87267344e-01
0.16055 4.75368879e-01
0.16110 4.64646930e-01
0.16166 4.54736184e-01
0.16222 4.44863825e-01
0.16278 4.35038805e-01
0.16335 4.18640011e-01
0.16391 4.01286115e-01
0.16448 3.84204484e-01
0.16505 3.68049907e-01
0.16562 3.62815888e-01
0.16619 3.57616299e-01
0.16677 3.52452127e-01
0.16734 3.42752950e-01
0.16792 3.16404085e-01
0.16851 2.91259684e-01
0.16909 2.67397557e-01
0.16967 2.49146336e-01
0.17026 2.40959652e-01
0.17085 2.32963514e-01
0.17144 2.25158515e-01
0.17204 2.18162246e-01
0.17263 2.12400517e-01
0.17323 2.06752413e-01
0.17383 2.01217539e-01
0.17443 1.90385031e-01
0.17503 1.70889426e-01
0.17564 1.53023155e-01
0.17625 1.36719090e-01
0.17686 1.24687312e-01
0.17747 1.19981004e-01
0.17808 1.15427548e-01
0.17870 1.11023580e-01
0.17932 1.04966337e-01
0.17994 9.14105911e-02
0.18056 7.94332271e-02
0.18119 6.88887145e-02
0.18182 5.96359251e-02
0.18244 5.41296915e-02
0.18308 5.19157613e-02
0.18371 4.97860729e-02
0.18435 4.77378512e-02
0.18498 4.49159361e-02
0.18562 3.95164219e-02
0.18627 3.47330497e-02
0.18691 3.05019233e-02
0.18756 2.67644545e-02
0.18821 2.37100510e-02
0.18886 2.10133114e-02
0.18951 1.86130749e-02
0.19017 1.64786476e-02
0.19083 1.54434983e-02
0.19149 1.52185783e-02
0.19215 1.49968093e-02
0.19282 1.47781419e-02
0.19348 1.45813982e-02
0.19415 1.45785538e-02
0.19483 1.45756947e-02
0.19550 1.45728206e-02
0.19618 1.45699417e-02
0.19686 1.43296227e-02
0.19754 1.39237289e-02
0.19822 1.35289899e-02
0.19891 1.31451236e-02
0.19960 1.27718481e-02
0.20029 1.07411425e-02
0.20098 9.01720447e-03
0.20168 7.56617400e-03
0.20237 6.34605393e-03
0.20307 5.66697553e-03
0.20378 5.73856369e-03
0.20448 5.81104720e-03
0.20519 5.88443595e-03
0.20590 5.95874477e-03
0.20661 4.54759631e-03
0.20733 2.86937682e-03
0.20805 1.80888074e-03
0.20877 1.13973574e-03
0.20949 7.17893904e-04
0.21021 6.95847105e-04
0.21094 7.58444204e-04
0.21167 8.26666652e-04
0.21240 9.01018020e-04
0.21314 9.82048377e-04
0.21388 2.12880097e-04
0.21462 2.12899488e-04
0.21536 2.12918582e-04
0.21611 2.12937330e-04
0.21685 2.12955583e-04
0.21760 2.12973490e-04
0.21836 2.12990952e-04
0.21911 2.13008067e-04
0.21987 2.13024836e-04
0.22063 2.13041309e-04
0.22140 2.13057385e-04
0.22216 2.55904126e-04
0.22293 1.02856980e-03
0.22370 7.90308157e-03
0.22448 7.17136075e-02
0.22526 3.35945941e-01
0.22604 8.96618949e-02
0.22682 1.65157180e-02
0.22760 2.47614799e-03
0.22839 5.06048947e-04
0.22918 2.11974065e-04
0.22998 2.08718268e-04
0.23077 1.99210231e-04
0.23157 2.02319953e-04
0.23237 2.12457256e-04
0.23318 2.35877002e-04
0.23398 2.23097041e-04
0.23479 2.21194009e-04
0.23561 2.20882221e-04
0.23642 2.25567159e-04
0.23724 2.37447667e-04
0.23806 2.45288431e-04
0.23889 2.38027219e-04
0.23971 2.32164974e-04
0.24054 2.26823810e-04
0.24137 2.30489092e-04
0.24221 2.40147063e-04
0.24305 2.38640754e-04
0.24389 2.34693165e-04
0.24473 2.21413987e-04
0.24558 2.19497500e-04
0.24643 2.11940032e-04
0.24728 2.14220198e-04
0.24814 2.21419330e-04
0.24900 2.22998800e-04
0.24986 2.09617919e-04
0.25073 2.11416477e-04
0.25159 1.95967988e-04
0.25246 1.99495703e-04
0.25334 2.08811167e-04
0.25422 2.16099833e-04
0.25510 2.10001434e-04
0.25598 2.13610917e-04
0.25687 2.03511357e-04
0.25775 2.09162429e-04
0.25865 2.19911487e-04
0.25954 2.30508879e-04
0.26044 2.36279809e-04
0.26134 2.33490186e-04
0.26225 2.28278477e-04
0.26315 2.27276777e-04
0.26406 2.34353626e-04
0.26498 2.42174009e-04
0.26590 2.52292119e-04
0.26682 2.44212333e-04
0.26774 1.33944208e-03
0.26867 1.16808262e-02
0.26960 4.46303403e-02
0.27053 1.84824384e-02
0.27147 2.05575107e-02
0.27241 2.59678235e-02
0.27335 4.10694576e-02
0.27430 3.37533623e-02
0.27525 3.79690255e-02
0.27620 3.82039179e-02
0.27715 4.16231034e-02
0.27811 3.69831647e-02
0.27908 4.27786447e-02
0.28004 6.26483461e-02
0.28101 5.38347217e-02
0.28198 5.51043332e-02
0.28296 5.61025705e-02
0.28394 9.35643203e-02
0.28492 5.52553055e-02
0.28591 5.16335045e-02
0.28690 5.43354233e-02
0.28789 6.37747516e-02
0.28889 7.39965931e-02
0.28989 6.86980700e-02
0.29089 7.18107600e-02
0.29190 1.00144129e-01
0.29291 6.87621293e-02
0.29392 6.57258159e-02
0.29494 7.10559481e-02
0.29596 8.18947873e-02
0.29699 8.78551249e-02
0.29801 8.46172348e-02
0.29905 8.86135973e-02
0.30008 1.05395758e-01
0.30112 1.03172231e-01
0.30216 8.28410352e-02
0.30321 8.04113315e-02
0.30426 8.58142292e-02
0.30531 1.06136669e-01
0.30637 9.98116140e-02
0.30743 1.04890456e-01
0.30849 1.17781518e-01
0.30956 1.13290588e-01
0.31063 9.47288645e-02
0.31171 9.08587904e-02
0.31279 9.35016460e-02
0.31387 1.22646615e-01
0.31496 1.05553507e-01
0.31605 1.10941317e-01
0.31714 1.37104039e-01
0.31824 1.28269936e-01
0.31934 1.30958350e-01
0.32044 1.11648443e-01
0.32155 1.03140078e-01
0.32267 1.03028283e-01
0.32378 1.38340755e-01
0.32490 1.10323676e-01
0.32603 1.16183795e-01
0.32716 1.32934840e-01
0.32829 1.49318695e-01
0.32943 1.41844727e-01
0.33057 1.36587657e-01
0.33171 1.22094022e-01
0.33286 1.16640965e-01
0.33401 1.28060692e-01
0.33517 1.24462932e-01
0.33633 1.21544992e-01
0.33749 1.30093129e-01
0.33866 1.71598531e-01
0.33983 1.55997734e-01
0.34101 1.52817621e-01
0.34219 1.49251321e-01
0.34337 1.37644908e-01
0.34456 1.32990787e-01
0.34576 1.71465021e-01
0.34695 1.33636624e-01
0.34815 1.32539799e-01
0.34936 1.42905193e-01
0.35057 1.94445997e-01
0.35178 1.66399189e-01
0.35300 1.59368343e-01
0.35422 1.56308483e-01
0.35545 1.47106595e-01
0.35668 1.46847291e-01
0.35791 1.93611791e-01
0.35915 1.40686415e-01
0.36039 1.38468379e-01
0.36164 1.48813987e-01
0.36289 1.87963044e-01
0.36415 1.87623258e-01
0.36541 1.66736947e-01
0.36668 1.65117408e-01
0.36795 1.60629891e-01
0.36922 1.60485597e-01
0.37050 2.05092510e-01
0.37178 1.60216103e-01
0.37307 1.45921275e-01
0.37436 1.49975217e-01
0.37565 1.67437395e-01
0.37695 2.04051435e-01
0.37826 1.87306077e-01
0.37957 1.73949187e-01
0.38088 1.72328016e-01
0.38220 1.72045660e-01
0.38352 1.85577663e-01
0.38485 2.22794651e-01
0.38618 1.68867773e-01
0.38752 1.57440775e-01
0.38886 1.61106948e-01
0.39021 1.69913894e-01
0.39156 1.93070972e-01
0.39291 2.01999805e-01
0.39427 1.85626882e-01
0.39564 1.78617109e-01
0.39701 1.78205645e-01
0.39838 1.84244091e-01
0.39976 2.13743537e-01
0.40115 2.16750517e-01
0.40253 1.76038709e-01
0.40393 1.69756145e-01
0.40533 1.65073235e-01
0.40673 1.72459399e-01
0.40814 1.87527589e-01
0.40955 2.00111563e-01
0.41097 1.95085156e-01
0.41239 1.86916775e-01
0.41382 1.85228230e-01
0.41525 1.92632747e-01
0.41669 2.10059062e-01
0.41813 2.32217062e-01
0.41958 1.98855555e-01
0.42103 1.80503372e-01
0.42249 1.69204048e-01
0.42395 1.70604251e-01
0.42542 1.77903701e-01
0.42689 1.88898706e-01
0.42837 1.97456143e-01
0.42985 1.97716733e-01
0.43134 1.95105586e-01
0.43283 1.99833362e-01
0.43433 2.03476483e-01
0.43583 2.21799333e-01
0.43734 2.37056337e-01
0.43886 2.22403617e-01
0.44037 1.86373285e-01
0.44190 1.75631548e-01
0.44343 1.73647094e-01
0.44496 1.76488954e-01
0.44650 1.82599571e-01
0.44805 1.89868649e-01
0.44960 1.95474211e-01
0.45116 1.99794185e-01
0.45272 2.08015199e-01
0.45429 2.05140740e-01
0.45586 2.16527274e-01
0.45744 2.37793439e-01
0.45902 2.53919672e-01
0.46061 2.10788053e-01
0.46220 1.89886951e-01
0.46380 1.80199548e-01
0.46541 1.76776652e-01
0.46702 1.77251137e-01
0.46864 1.80387076e-01
0.47026 1.85321871e-01
0.47189 1.92311708e-01
0.47352 2.09931290e-01
0.47516 2.01473578e-01
0.47680 2.04727149e-01
0.47845 2.16493934e-01
0.48011 2.47094706e-01
0.48177 2.51500059e-01
0.48344 2.23692719e-01
0.48511 2.03755278e-01
0.48679 1.90421637e-01
0.48848 1.83183031e-01
0.49017 1.80186835e-01
0.49186 1.80226260e-01
0.49357 1.82924716e-01
0.49528 1.90210909e-01
0.49699 2.14911248e-01
0.49871 1.99827327e-01
0.50044 2.00098949e-01
0.50217 2.08463465e-01
0.50391 2.30643181e-01
0.50565 2.77200416e-01
0.50740 2.38524062e-01
0.50916 2.24977319e-01
0.51092 2.10760153e-01
0.51269 1.97893478e-01
0.51446 1.89063084e-01
0.51625 1.84142239e-01
0.51803 1.82395670e-01
0.51983 1.84091239e-01
0.52163 1.93584980e-01
0.52343 2.25755726e-01
0.52524 1.99892030e-01
0.52706 1.95534956e-01
0.52889 2.01273980e-01
0.53072 2.16172944e-01
0.53255 2.62783208e-01
0.53440 2.68652527e-01
0.53625 2.33172461e-01
0.53810 2.25258042e-01
0.53997 2.17469466e-01
0.54183 2.07297289e-01
0.54371 1.97487455e-01
0.54559 1.90001714e-01
0.54748 1.85554512e-01
0.54938 1.84992967e-01
0.55128 1.92732521e-01
0.55319 2.30036423e-01
0.55510 2.11146785e-01
0.55702 1.90789669e-01
0.55895 1.91158690e-01
0.56089 1.99922749e-01
0.56283 2.23364309e-01
0.56478 2.87148757e-01
0.56673 2.66941277e-01
0.56869 2.28773341e-01
0.57066 2.21230664e-01
0.57264 2.18257618e-01
0.57462 2.13538152e-01
0.57661 2.06879543e-01
0.57860 2.00053341e-01
0.58061 1.94856175e-01
0.58262 1.93111436e-01
0.58463 1.99378813e-01
0.58666 2.33172461e-01
0.58869 2.49392284e-01
0.59073 1.99979586e-01
0.59277 1.89023956e-01
0.59482 1.90768299e-01
0.59688 2.01668180e-01
0.59895 2.31030703e-01
0.60102 2.95152364e-01
0.60310 2.75633411e-01
0.60519 2.27601773e-01
0.60728 2.14162916e-01
0.60939 2.11444525e-01
0.61150 2.10607697e-01
0.61361 2.08877798e-01
0.61574 2.05999976e-01
0.61787 2.03020302e-01
0.62001 2.01944649e-01
0.62215 2.07368422e-01
0.62431 2.33781396e-01
0.62647 2.91923873e-01
0.62864 2.34753663e-01
0.63081 2.00053341e-01
0.63300 1.92367804e-01
0.63519 1.95146841e-01
0.63739 2.07776571e-01
0.63959 2.38613696e-01
0.64181 2.93307208e-01
0.64403 2.86928877e-01
0.64626 2.34617234e-01
0.64849 2.11027273e-01
0.65074 2.03327737e-01
0.65299 2.01298862e-01
0.65525 2.00937112e-01
0.65752 2.00800831e-01
0.65980 2.00926378e-01
0.66208 2.02712075e-01
0.66437 2.09845811e-01
0.66667 2.32716428e-01
0.66898 2.92264352e-01
0.67130 2.92721226e-01
0.67362 2.26043622e-01
0.67595 2.00549293e-01
0.67829 1.94156766e-01
0.68064 1.96955342e-01
0.68299 2.08145642e-01
0.68536 2.31451912e-01
0.68773 2.69479511e-01
0.69011 2.92719000e-01
0.69250 2.62557788e-01
0.69490 2.26551595e-01
0.69730 2.07585630e-01
0.69972 1.99487046e-01
0.70214 1.96679665e-01
0.70457 1.96441285e-01
0.70701 1.97685915e-01
0.70946 2.00489835e-01
0.71191 2.06328435e-01
0.71438 2.19369579e-01
0.71685 2.49902583e-01
0.71933 3.07737525e-01
0.72182 3.12202881e-01
0.72432 2.47110189e-01
0.72683 2.10857504e-01
0.72934 1.97078811e-01
0.73187 1.94073365e-01
0.73440 1.98030847e-01
0.73694 2.08657474e-01
0.73949 2.26955738e-01
0.74205 2.51424573e-01
0.74462 2.69287629e-01
0.74720 2.61953108e-01
0.74979 2.37606060e-01
0.75238 2.16259561e-01
0.75499 2.03399959e-01
0.75760 1.97095086e-01
0.76022 1.95018376e-01
0.76285 1.95803758e-01
0.76549 1.99016420e-01
0.76814 2.05194708e-01
0.77080 2.16313133e-01
0.77347 2.36876624e-01
0.77615 2.73943086e-01
0.77884 3.19950845e-01
0.78153 3.15441662e-01
0.78424 2.63365727e-01
0.78695 2.24912814e-01
0.78968 2.05463263e-01
0.79241 1.97038149e-01
0.79515 1.95172316e-01
0.79790 1.98077246e-01
0.80067 2.05167897e-01
0.80344 2.16010941e-01
0.80622 2.28996584e-01
0.80901 2.39774629e-01
0.81181 2.42170250e-01
0.81462 2.34084379e-01
0.81744 2.20497221e-01
0.82027 2.07662650e-01
0.82311 1.98513394e-01
0.82596 1.93374945e-01
0.82882 1.91734630e-01
0.83169 1.93157638e-01
0.83457 1.97636152e-01
0.83745 2.05806759e-01
0.84035 2.19229688e-01
0.84326 2.40543192e-01
0.84618 2.71745875e-01
0.84911 3.04802223e-01
0.85205 3.11222798e-01
0.85500 2.81123618e-01
0.85796 2.44736086e-01
0.86093 2.19373932e-01
0.86391 2.04588296e-01
0.86690 1.96873129e-01
0.86990 1.93796698e-01
0.87291 1.93998571e-01
0.87593 1.96703013e-01
0.87897 2.01320677e-01
0.88201 2.07116933e-01
0.88506 2.12944453e-01
0.88813 2.17212289e-01
0.89120 2.18366841e-01
0.89428 2.15793238e-01
0.89738 2.10323462e-01
0.90049 2.03718079e-01
0.90360 1.97683046e-01
0.90673 1.93325874e-01
0.90987 1.91194256e-01
0.91302 1.91552098e-01
0.91618 1.94642726e-01
0.91935 2.00875971e-01
0.92253 2.10933781e-01
0.92573 2.25693497e-01
0.92893 2.45549961e-01
0.93215 2.68248483e-01
0.93537 2.85576755e-01
0.93861 2.86012557e-01
0.94186 2.68260949e-01
0.94512 2.43692339e-01
0.94839 2.22166623e-01
0.95168 2.06602925e-01
0.95497 1.96387663e-01
0.95828 1.90201263e-01
0.96159 1.86933396e-01
0.96492 1.85791705e-01
0.96826 1.86212963e-01
0.97161 1.87758697e-01
0.97498 1.90032631e-01
0.97835 1.92627603e-01
0.98174 1.95109296e-01
0.98514 1.97047894e-01
0.98855 1.98097874e-01
0.99197 1.98097528e-01
0.99540 1.97135648e-01
0.99885 1.95539755e-01
1.00231 1.93789327e-01
1.00578 1.92404458e-01
1.00926 1.91865173e-01
1.01275 1.92583181e-01
1.01626 1.94915931e-01
1.01978 1.99194303e-01
1.02330 2.05730284e-01
1.02685 2.14755823e-01
1.03040 2.26214727e-01
1.03397 2.38903570e-01
1.03755 2.51180405e-01
1.04114 2.59824211e-01
1.04474 2.61342046e-01
1.04836 2.54492100e-01
1.05199 2.41472028e-01
1.05563 2.26162540e-01
1.05928 2.11675435e-01
1.06295 1.99513363e-01
1.06663 1.89997015e-01
1.07032 1.82890980e-01
1.07403 1.77794973e-01
1.07775 1.74315488e-01
1.08148 1.72118277e-01
1.08522 1.70931226e-01
1.08898 1.70532228e-01
1.09275 1.70734398e-01
1.09653 1.71374744e-01
1.10032 1.72307289e-01
1.10413 1.73401245e-01
1.10796 1.74543727e-01
1.11179 1.75646289e-01
1.11564 1.76653134e-01
1.11950 1.77548679e-01
1.12338 1.78361713e-01
1.12726 1.79165299e-01
1.13117 1.80070934e-01
1.13508 1.81219501e-01
1.13901 1.82770528e-01
1.14295 1.84891164e-01
1.14691 1.87745836e-01
1.15088 1.91483340e-01
1.15487 1.96216953e-01
1.15886 2.01990554e-01
1.16287 2.08721286e-01
1.16690 2.16116404e-01
1.17094 2.23579984e-01
1.17499 2.30166322e-01
1.17906 2.34680304e-01
1.18314 2.36002944e-01
1.18724 2.33554443e-01
1.19135 2.27600387e-01
1.19547 2.19141291e-01
1.19961 2.09468628e-01
1.20376 1.99718352e-01
1.20793 1.90651854e-01
1.21211 1.82657645e-01
1.21630 1.75855484e-01
1.22052 1.70209210e-01
1.22474 1.65609602e-01
1.22898 1.61924137e-01
1.23323 1.59022076e-01
1.23750 1.56785738e-01
1.24179 1.55113171e-01
1.24609 1.53918155e-01
1.25040 1.53128172e-01
1.25473 1.52682428e-01
1.25907 1.52530417e-01
1.26343 1.52630587e-01
1.26780 1.52949746e-01
1.27219 1.53462963e-01
1.27659 1.54153468e-01
1.28101 1.55013050e-01
1.28545 1.56042204e-01
1.28990 1.57250378e-01
1.29436 1.58655479e-01
1.29884 1.60283278e-01
1.30334 1.62166079e-01
1.30785 1.64340683e-01
1.31238 1.66845427e-01
1.31692 1.69715681e-01
1.32148 1.72978107e-01
1.32605 1.76642202e-01
1.33064 1.80689663e-01
1.33525 1.85060687e-01
1.33987 1.89638975e-01
1.34451 1.94237940e-01
1.34916 1.98594123e-01
1.35383 2.02376295e-01
1.35852 2.05217760e-01
1.36322 2.06774624e-01
1.36794 2.06799110e-01
1.37268 2.05203662e-01
1.37743 2.02089092e-01
1.38220 1.97721482e-01
1.38698 1.92468765e-01
1.39178 1.86722865e-01
1.39660 1.80835640e-01
1.40144 1.75082666e-01
1.40629 1.69653601e-01
1.41115 1.64661177e-01
1.41604 1.60157930e-01
1.42094 1.56154790e-01
1.42586 1.52636177e-01
1.43080 1.49572063e-01
1.43575 1.46925745e-01
1.44072 1.44659182e-01
1.44571 1.42735869e-01
1.45071 1.41122415e-01
1.45573 1.39789387e-01
1.46077 1.38711310e-01
1.46583 1.37866568e-01
1.47090 1.37237253e-01
1.47599 1.36808674e-01
1.48110 1.36569107e-01
1.48623 1.36509697e-01
1.49137 1.36623866e-01
1.49654 1.36907310e-01
1.50172 1.37357853e-01
1.50692 1.37974851e-01
1.51213 1.38759441e-01
1.51737 1.39713752e-01
1.52262 1.40840949e-01
1.52789 1.42144346e-01
1.53318 1.43626961e-01
1.53849 1.45290723e-01
1.54381 1.47135137e-01
1.54916 1.48974259e-01
1.55452 1.50321236e-01
1.55990 1.51803406e-01
1.56530 1.53390989e-01
1.57072 1.55042532e-01
1.57615 1.56703574e-01
1.58161 1.58305552e-01
1.58709 1.59766500e-01
1.59258 1.60993719e-01
1.59809 1.61888719e-01
1.60362 1.62354893e-01
1.60918 1.62306960e-01
1.61475 1.61681058e-01
1.62034 1.60443699e-01
1.62594 1.58597504e-01
1.63157 1.56181849e-01
1.63722 1.53268559e-01
1.64289 1.49953649e-01
1.64857 1.46346193e-01
1.65428 1.42557443e-01
1.66001 1.38691524e-01
1.66575 1.34838961e-01
1.67152 1.31073311e-01
1.67731 1.27450125e-01
1.68311 1.24008333e-01
1.68894 1.20772075e-01
1.69478 1.17753916e-01
1.70065 1.14957071e-01
1.70654 1.12378423e-01
1.71245 1.10010305e-01
1.71837 1.07842231e-01
1.72432 1.05862278e-01
1.73029 1.04057981e-01
1.73628 1.02416974e-01
1.74229 1.00927533e-01
1.74832 9.95785765e-02
1.75437 9.83601631e-02
1.76045 9.72632397e-02
1.76654 9.62798424e-02
1.77266 9.54028479e-02
1.77879 9.46261223e-02
1.78495 9.39442737e-02
1.79113 9.33526524e-02
1.79733 9.28472020e-02
1.80355 9.24242125e-02
1.80979 9.20805676e-02
1.81606 9.18132992e-02
1.82234 9.16195877e-02
1.82865 9.14966631e-02
1.83498 9.14417056e-02
1.84133 9.14516484e-02
1.84771 9.15230783e-02
1.85410 9.16520873e-02
1.86052 9.18340257e-02
1.86696 9.20635016e-02
1.87342 9.23339853e-02
1.87991 9.26379580e-02
1.88642 9.29663672e-02
1.89295 9.33089239e-02
1.89950 9.36537065e-02
1.90607 9.39872603e-02
1.91267 9.42946956e-02
1.91929 9.45598369e-02
1.92594 9.47655193e-02
1.93260 9.48940337e-02
1.93929 9.49276711e-02
1.94601 9.48494643e-02
1.95274 9.46438313e-02
1.95950 9.42975152e-02
1.96629 9.38003752e-02
1.97309 9.31458323e-02
1.97992 9.23317099e-02
1.98678 9.13600856e-02
1.99365 9.02376869e-02
2.00055 8.89752481e-02
2.00748 8.75872135e-02
2.01443 8.60908468e-02
2.02140 8.45054896e-02
2.02840 8.28514232e-02
2.03542 8.11492257e-02
2.04247 7.94189312e-02
2.04954 7.76793369e-02
2.05663 7.59475089e-02
2.06375 7.42385840e-02
2.07090 7.25653740e-02
2.07806 7.09386627e-02
2.08526 6.93670077e-02
2.09247 6.78569388e-02
2.09972 6.64133036e-02
2.10699 6.50392680e-02
2.11428 6.37366128e-02
2.12160 6.25061295e-02
2.12894 6.13475212e-02
2.13631 6.02597987e-02
2.14371 5.92414779e-02
2.15113 5.82904812e-02
2.15857 5.74044837e-02
2.16605 5.65810616e-02
2.17354 5.58173952e-02
2.18107 5.51108133e-02
2.18862 5.44585459e-02
2.19619 5.38578227e-02
2.20380 5.33058736e-02
2.21143 5.28001759e-02
2.21908 5.23380583e-02
2.22676 5.19170969e-02
2.23447 5.15349175e-02
2.24220 5.11892939e-02
2.24997 5.08779507e-02
2.25775 5.05988103e-02
2.26557 5.03499435e-02
2.27341 5.01293716e-02
2.28128 4.99352149e-02
2.28918 4.97656432e-02
2.29710 4.96189251e-02
2.30505 4.94932797e-02
2.31303 4.93870253e-02
2.32104 4.92984206e-02
2.32908 4.92257442e-02
2.33714 4.91672400e-02
2.34523 4.91211272e-02
2.35335 4.90855606e-02
2.36149 4.90586557e-02
2.36967 4.90384486e-02
2.37787 4.90228963e-02
2.38610 4.90098816e-02
2.39436 4.89971934e-02
2.40265 4.89825463e-02
2.41097 4.89635659e-02
2.41931 4.89378185e-02
2.42769 4.89027961e-02
2.43609 4.88559710e-02
2.44452 4.87947857e-02
2.45298 4.87166976e-02
2.46148 4.86192186e-02
2.47000 4.84999347e-02
2.47855 4.83565456e-02
2.48713 4.81869244e-02
2.49574 4.79891517e-02
2.50438 4.77615457e-02
2.51304 4.75027114e-02
2.52174 4.72115951e-02
2.53047 4.68874648e-02
2.53923 4.65299939e-02
2.54802 4.61392221e-02
2.55684 4.57155945e-02
2.56569 4.52599422e-02
2.57457 4.47734771e-02
2.58349 4.42577426e-02
2.59243 4.37146480e-02
2.60140 4.31463403e-02
2.61041 4.25552186e-02
2.61944 4.19438650e-02
2.62851 4.13150101e-02
2.63761 4.06714637e-02
2.64674 4.00160699e-02
2.65590 3.93516732e-02
2.66510 3.86810635e-02
2.67432 3.80069367e-02
2.68358 3.73318750e-02
2.69287 3.66583121e-02
2.70219 3.59885137e-02
2.71154 3.53245721e-02
2.72093 3.46683819e-02
2.73035 3.40216448e-02
2.73980 3.33858596e-02
2.74928 3.27623570e-02
2.75880 3.21522550e-02
2.76835 3.15565180e-02
2.77793 3.09759277e-02
2.78755 3.04111223e-02
2.79720 2.98625914e-02
2.80688 2.93306961e-02
2.81660 2.88156838e-02
2.82635 2.83176929e-02
2.83613 2.78367731e-02
2.84595 2.73728945e-02
2.85580 2.69259384e-02
2.86569 2.64957515e-02
2.87561 2.60821113e-02
2.88556 2.56847505e-02
2.89555 2.53033674e-02
2.90557 2.49376406e-02
2.91563 2.45872088e-02
2.92572 2.42516912e-02
2.93585 2.39307070e-02
2.94601 2.36238504e-02
2.95621 2.33307109e-02
2.96644 2.30508731e-02
2.97671 2.27839163e-02
2.98702 2.25294202e-02
2.99736 2.22869643e-02
3.00773 2.20561281e-02
3.01814 2.18364961e-02
3.02859 2.16276528e-02
3.03907 2.14291875e-02
3.04960 2.12406948e-02
3.06015 2.10617689e-02
3.07074 2.08920142e-02
3.08137 2.07310299e-02
3.09204 2.05784252e-02
3.10274 2.01088678e-02
3.11348 1.94755065e-02
3.12426 1.88698267e-02
3.13508 1.82899636e-02
3.14593 1.77341759e-02
3.15682 1.72008362e-02
3.16775 1.66884259e-02
3.17871 1.61481608e-02
3.18972 1.55523052e-02
3.20076 1.49810938e-02
3.21184 1.44331911e-02
3.22295 1.39073604e-02
3.23411 1.34024146e-02
3.24531 1.29172603e-02
3.25654 1.24508639e-02
3.26781 1.18359042e-02
3.27912 1.12401177e-02
3.29047 1.06747385e-02
3.30187 1.01380153e-02
3.31330 9.62831567e-03
3.32476 9.14412109e-03
3.33627 8.68401184e-03
3.34782 8.16432988e-03
3.35941 7.48796225e-03
3.37104 6.86696761e-03
3.38271 6.29676535e-03
3.39442 5.77318541e-03
3.40617 5.29238425e-03
3.41796 4.85086952e-03
3.42979 4.44542934e-03
3.44166 1.83981571e-03
3.45358 2.77173556e-04
3.46553 2.52059131e-04
3.47753 2.50494451e-04
3.48957 2.48869174e-04
3.50164 2.47184340e-04
3.51377 2.45440838e-04
3.52593 2.43639855e-04
3.53814 2.41782728e-04
3.55038 2.39871089e-04
3.56267 2.37906718e-04
3.57500 2.35891693e-04
3.58738 2.33828290e-04
3.59980 2.31718883e-04
3.61226 2.29566143e-04
3.62476 2.27372791e-04
3.63731 2.25067793e-04
3.64990 2.21821593e-04
3.66254 2.18547196e-04
3.67521 2.15250985e-04
3.68794 2.11939439e-04
3.70070 2.08618791e-04
3.71351 2.05295027e-04
3.72637 2.01974181e-04
3.73927 1.98661794e-04
3.75221 1.95855352e-04
3.76520 1.93485849e-04
3.77823 1.91118919e-04
3.79131 1.88757331e-04
3.80443 1.86403558e-04
3.81760 1.84060075e-04
3.83082 1.81729156e-04
3.84408 1.79412978e-04
3.85739 1.77113619e-04
3.87074 1.74832959e-04
3.88414 1.72572728e-04
3.89758 1.70334608e-04
3.91107 1.68120035e-04
3.92461 1.65930393e-04
3.93820 1.63766820e-04
3.95183 1.61630454e-04
3.96551 1.59522135e-04
3.97924 1.57442803e-04
3.99301 1.55393053e-04
4.00683 1.53373478e-04
4.02070 1.51384522e-04
4.03462 1.49426631e-04
4.04859 1.47499905e-04
4.06260 1.45604639e-04
4.07667 1.43740883e-04
4.09078 1.41908539e-04
4.10494 1.40107655e-04
4.11915 1.38337985e-04
4.13341 1.36555009e-04
4.14771 1.34320303e-04
4.16207 1.32137141e-04
4.17648 1.30004385e-04
4.19094 1.27920899e-04
4.20545 1.25885543e-04
4.22000 1.23896983e-04
4.23461 1.21953982e-04
4.24927 1.20055353e-04
4.26398 1.18199710e-04
4.27874 1.16539213e-04
4.29355 1.15187833e-04
4.30841 1.13859999e-04
4.32332 1.12555068e-04
4.33829 1.11272447e-04
4.35331 1.10011591e-04
4.36838 1.08771858e-04
4.38350 1.07552752e-04
4.39867 1.06353630e-04
4.41390 1.05173900e-04
4.42918 1.04013065e-04
4.44451 1.02870583e-04
4.45990 1.01745810e-04
4.47533 1.00638350e-04
4.49083 9.95475609e-05
4.50637 9.84729965e-05
4.52197 9.74142120e-05
4.53762 9.63706137e-05
4.55333 9.53418060e-05
4.56909 9.43273436e-05
4.58491 9.33267319e-05
4.60078 9.20968916e-05
4.61670 9.08479077e-05
4.63269 8.96197493e-05
4.64872 8.84117239e-05
4.66481 8.72230893e-05
4.68096 8.60533016e-05
4.69717 8.49017176e-05
4.71343 8.37677437e-05
4.72974 8.26508359e-05
4.74611 8.15504499e-05
4.76254 8.04754897e-05
4.77903 7.96449939e-05
4.79557 7.88232041e-05
4.81217 7.80099721e-05
4.82883 7.72050011e-05
4.84555 7.64080931e-05
4.86232 7.56190503e-05
4.87915 7.48377243e-05
4.89604 7.40639172e-05
4.91299 7.32973817e-05
4.92999 7.25380684e-05
4.94706 7.17857299e-05
4.96418 7.07283799e-05
4.98137 6.96087513e-05
4.99861 6.85059909e-05
5.01591 6.74196535e-05
5.03328 6.63493432e-05
5.05070 6.52948128e-05
5.06818 6.42558149e-05
5.08573 6.32325475e-05
5.10333 6.22265933e-05
5.12100 2.19458966e-04
5.13873 8.36787037e-04
5.15651 2.78544327e-03
5.17436 2.92846624e-03
5.19228 3.07903783e-03
5.21025 3.23755970e-03
5.22828 3.40445528e-03
5.24638 3.58016880e-03
5.26454 3.76517017e-03
5.28277 3.95995259e-03
5.30105 4.16503645e-03
5.31940 4.38096933e-03
5.33782 4.60832802e-03
5.35629 4.84772047e-03
5.37484 5.09978579e-03
5.39344 5.24147316e-03
5.41211 5.37624015e-03
5.43084 5.51470724e-03
5.44965 5.65697832e-03
5.46851 5.80315232e-03
5.48744 5.95333312e-03
5.50643 6.10763449e-03
5.52550 6.26616032e-03
5.54462 6.42902932e-03
5.56381 6.59635527e-03
5.58308 6.76826183e-03
5.60240 6.94486772e-03
5.62179 7.11213925e-03
5.64125 7.22464624e-03
5.66078 7.33914179e-03
5.68038 7.45566052e-03
5.70004 7.57424201e-03
5.71977 7.69491100e-03
5.73957 7.81770211e-03
5.75944 7.94264996e-03
5.77938 8.06979908e-03
5.79938 8.19917420e-03
5.81946 8.33081489e-03
5.83960 8.46475579e-03
5.85982 8.60104635e-03
5.88010 8.73971131e-03
5.90045 8.83780371e-03
5.92088 8.93183984e-03
5.94137 9.02712748e-03
5.96194 9.12367652e-03
5.98258 9.22150180e-03
6.00329 9.32061816e-03
6.02407 9.42103549e-03
6.04492 9.52276864e-03
6.06585 9.62582749e-03
6.08684 9.73023184e-03
6.10791 9.83599157e-03
6.12906 9.94312153e-03
6.15027 1.00516415e-02
6.17156 1.01615663e-02
6.19293 1.02370525e-02
6.21436 1.03109507e-02
6.23588 1.03855267e-02
6.25746 1.04607853e-02
6.27912 1.05367265e-02
6.30086 1.06133652e-02
6.32267 1.06906964e-02
6.34455 1.07687350e-02
6.36652 1.08474761e-02
6.38856 1.09269344e-02
6.41067 1.10071100e-02
6.43286 1.10880077e-02
6.45513 1.11696426e-02
6.47747 1.12520095e-02
6.49990 1.13236472e-02
6.52240 1.13669058e-02
6.54497 1.14104463e-02
6.56763 1.14542738e-02
6.59037 1.14983832e-02
6.61318 1.15427845e-02
6.63607 1.15874677e-02
6.65904 1.16324428e-02
6.68209 1.16777098e-02
6.70522 1.17232636e-02
6.72843 1.17691143e-02
6.75172 1.18152617e-02
6.77510 1.18617060e-02
6.79855 1.19084470e-02
6.82208 1.19554849e-02
6.84570 1.20028294e-02
6.86939 1.20504757e-02
6.89317 1.20984238e-02
6.91704 1.21405298e-02
6.94098 1.21818889e-02
6.96500 1.22235052e-02
6.98911 1.22653936e-02
7.01331 1.23075441e-02
7.03759 1.23499618e-02
7.06195 1.23926466e-02
7.08639 1.24356084e-02
7.11092 1.24788373e-02
7.13554 1.25223432e-02
7.16024 1.25661212e-02
7.18502 1.26101812e-02
7.20990 1.26545132e-02
7.23485 1.26991321e-02
7.25990 1.27440281e-02
7.28503 1.27892060e-02
7.31025 1.28264000e-02
7.33555 1.28530526e-02
7.36094 1.28798833e-02
7.38642 1.29068872e-02
7.41199 1.29340691e-02
7.43765 1.29614291e-02
7.46340 1.29889672e-02
7.48923 1.30166883e-02
7.51516 1.30445875e-02
7.54117 1.30726698e-02
7.56727 1.31009301e-02
7.59347 1.31293784e-02
7.61975 1.31580047e-02
7.64613 1.31868191e-02
7.67260 1.32158164e-02
7.69916 1.32450017e-02
7.72581 1.32743701e-02
7.75255 1.33036000e-02
7.77939 1.33190237e-02
7.80632 1.33345859e-02
7.83334 1.33502817e-02
7.86046 1.33661209e-02
7.88767 1.33820887e-02
7.91497 1.33982000e-02
7.94237 1.34144449e-02
7.96986 1.34308282e-02
7.99745 1.34473501e-02
8.02513 1.34640105e-02
8.05291 1.34808093e-02
8.08079 1.34977467e-02
8.10876 1.35148226e-02
8.13683 1.35320370e-02
8.16500 1.35493899e-02
8.19326 1.35667428e-02
8.22162 1.35843827e-02
8.25008 1.36021560e-02
8.27864 1.45170321e-02
8.30730 1.65305679e-02
8.33605 1.88228680e-02
8.36491 2.14323138e-02
8.39386 2.44025299e-02
8.42292 2.77830622e-02
8.45208 3.16301491e-02
8.48133 3.60076375e-02
8.51069 4.09879267e-02
8.54016 4.66531115e-02
8.56972 5.30961844e-02
8.59938 6.04225440e-02
8.62915 6.87512467e-02
8.65902 7.82171385e-02
8.68899 8.89723791e-02
8.71907 1.01188815e-01
8.74925 1.15060258e-01
8.77954 1.30805003e-01
8.80993 1.48668752e-01
8.84043 1.68927974e-01
8.87103 1.82859074e-01
8.90174 1.93898599e-01
8.93255 2.05595438e-01
8.96347 2.17987975e-01
8.99450 2.31116725e-01
9.02563 2.45024675e-01
9.05688 2.59757282e-01
9.08823 2.75362779e-01
9.11969 2.91892264e-01
9.15126 3.09399902e-01
9.18294 3.27943323e-01
9.21472 3.47583816e-01
9.24662 3.68386577e-01
9.27863 3.90421108e-01
9.31075 4.13761707e-01
9.34298 4.38487720e-01
9.37532 4.64684326e-01
9.40777 4.92442843e-01
9.44034 5.21861461e-01
9.47302 5.53046237e-01
9.50581 5.86110747e-01
9.53871 6.12692155e-01
9.57173 6.29862529e-01
9.60487 6.47440015e-01
9.63811 6.65430052e-01
9.67148 6.83837588e-01
9.70495 7.02666580e-01
9.73855 7.21921480e-01
9.77226 7.41604761e-01
9.80609 7.61718403e-01
9.84003 7.82263393e-01
9.87409 8.03239239e-01
9.90827 8.21214436e-01
9.94257 8.26547932e-01
9.97699 8.31678120e-01
10.01153 8.36598075e-01
10.04618 8.41301860e-01
10.08096 8.45784035e-01
10.11585 8.50039652e-01
10.15087 8.54062281e-01
10.18601 8.57847965e-01
10.22127 8.61391757e-01
10.25665 8.64688711e-01
10.29215 8.67735857e-01
10.32778 8.65609285e-01
10.36353 8.58759141e-01
10.39941 8.51779889e-01
10.43540 8.44675981e-01
10.47153 8.37452859e-01
10.50777 8.30114973e-01
10.54415 8.22668261e-01
10.58065 8.15117175e-01
10.61727 7.99579200e-01
10.65403 7.83926463e-01
10.69091 7.68471592e-01
10.72791 7.53214588e-01
10.76505 7.38155451e-01
10.80231 7.23294675e-01
10.83971 7.08632755e-01
10.87723 6.94170185e-01
10.91488 6.79906472e-01
10.95266 6.65842604e-01
10.99058 6.51977592e-01
11.02862 6.38311931e-01
11.06680 6.24845620e-01
11.10511 6.11578660e-01
11.14355 5.98510556e-01
11.18212 5.85640813e-01
11.22083 5.72969432e-01
11.25967 5.56135431e-01
11.29865 5.29190937e-01
11.33776 5.03415836e-01
11.37701 4.78776885e-01
11.41639 4.55239656e-01
11.45591 4.32767889e-01
11.49556 4.11324880e-01
11.53536 3.90873481e-01
11.57529 3.71376441e-01
11.61536 3.52796761e-01
11.65556 3.35097934e-01
11.69591 3.18243948e-01
11.73640 3.02199534e-01
11.77702 2.86930312e-01
11.81779 2.72402644e-01
11.85870 2.58584032e-01
11.89975 2.45442965e-01
11.94094 2.32948822e-01
11.98227 2.21072123e-01
12.02375 2.09784522e-01
12.06537 1.99058615e-01
12.10714 1.88868136e-01
12.14905 1.79187757e-01
12.19110 1.69993338e-01
12.23330 1.61261482e-01
12.27565 1.52970077e-01
12.31814 1.45097754e-01
12.36078 1.37624132e-01
12.40357 1.34136386e-01
12.44651 1.32770710e-01
12.48959 1.31419924e-01
12.53283 1.30083681e-01
12.57621 1.28761634e-01
12.61974 1.27453389e-01
12.66343 1.26158698e-01
12.70726 1.24877264e-01
12.75125 1.23608741e-01
12.79539 1.22352931e-01
12.83968 1.21109487e-01
12.88413 1.19878163e-01
12.92873 1.18658760e-01
12.97348 1.17450982e-01
13.01839 1.16254631e-01
13.06345 1.15069508e-01
13.10867 1.13895417e-01
13.15405 1.12732109e-01
13.19959 1.11579388e-01
13.24528 1.10437103e-01
13.29113 1.09305108e-01
13.33713 1.08183155e-01
13.38330 1.07071144e-01
13.42963 1.05968878e-01
13.47612 1.04876259e-01
13.52277 1.03793087e-01
13.56958 1.02719215e-01
13.61655 1.01654594e-01
13.66368 1.00598975e-01
13.71098 9.95523592e-02
13.75844 9.87516917e-02
13.80607 1.01180851e-01
13.85386 1.03668530e-01
13.90182 1.06216063e-01
13.94994 1.08824787e-01
13.99823 1.11496135e-01
14.04668 1.14231494e-01
14.09531 1.17032346e-01
14.14410 1.19900225e-01
14.19306 1.22836567e-01
14.24219 1.25843002e-01
14.29149 1.28921164e-01
14.34096 1.32072587e-01
14.39060 1.35299050e-01
14.44042 1.38602236e-01
14.49041 1.41983827e-01
14.54057 1.45445752e-01
14.59090 1.48989791e-01
14.64141 1.52617825e-01
14.69209 1.56331832e-01
14.74295 1.60133741e-01
14.79398 1.64025679e-01
14.84519 1.68009625e-01
14.89658 1.72087855e-01
14.94814 1.76262446e-01
14.99989 1.80535773e-01
15.05181 1.84910110e-01
15.10392 1.89387833e-01
15.15620 1.93971463e-01
15.20866 1.98663476e-01
15.26131 2.03466541e-01
15.31414 2.08383280e-01
15.36715 2.13416513e-01
15.42034 2.18569060e-01
15.47372 2.23843938e-01
15.52729 2.27738449e-01
15.58103 2.31498757e-01
15.63497 2.35317385e-01
15.68909 2.39195077e-01
15.74340 2.43132723e-01
15.79790 2.47130965e-01
15.85258 2.51190695e-01
15.90746 2.55312554e-01
15.96252 2.59497434e-01
16.01778 2.63746027e-01
16.07323 2.68059125e-01
16.12886 2.72437469e-01
16.18470 2.76881752e-01
16.24072 2.81392766e-01
16.29694 2.85971153e-01
16.35335 2.90617656e-01
16.40996 2.95332967e-01
16.46677 3.00117680e-01
16.52377 3.04972487e-01
16.58097 3.09897883e-01
16.63836 3.14894560e-01
16.69596 3.19962915e-01
16.75375 3.25103541e-01
16.81175 3.30316783e-01
16.86994 3.35603137e-01
16.92834 3.40962801e-01
16.98694 3.46396121e-01
17.04574 3.51903245e-01
17.10474 3.57484322e-01
17.16395 3.63139301e-01
17.22337 3.68868185e-01
17.28299 3.74670723e-01
17.34281 3.80546671e-01
17.40285 3.86495582e-01
17.46309 3.92516862e-01
17.52354 3.98609771e-01
17.58420 4.04773466e-01
17.64507 4.11006810e-01
17.70615 4.13188982e-01
17.76744 4.12922159e-01
17.82894 4.12645987e-01
17.89066 4.12360416e-01
17.95259 4.12065545e-01
18.01473 4.11761325e-01
18.07709 4.11447706e-01
18.13967 4.11124689e-01
18.20246 4.10792322e-01
18.26547 4.10450557e-01
18.32870 4.10099393e-01
18.39214 4.09738880e-01
18.45581 4.09368919e-01
18.51969 4.08989559e-01
18.58380 4.08600801e-01
18.64813 4.08202643e-01
18.71268 4.07795087e-01
18.77746 4.07378133e-01
18.84246 4.06951730e-01
18.90768 4.06515929e-01
18.97313 4.06070729e-01
19.03881 4.05616130e-01
19.10472 4.05152083e-01
19.17085 4.04678687e-01
19.23721 4.04195843e-01
19.30380 4.03703601e-01
19.37062 4.03202009e-01
19.43768 4.02690968e-01
19.50496 4.02170579e-01
19.57248 4.01640791e-01
19.64023 4.01101654e-01
19.70822 4.00553118e-01
19.77644 3.99995233e-01
19.84490 3.99427999e-01
19.91359 3.98851415e-01
19.98252 3.98265532e-01
20.05169 3.97670250e-01
20.12110 3.97065718e-01
20.19076 3.96451837e-01
20.26065 3.95828705e-01
20.33078 3.95196274e-01
20.40116 3.94554543e-01
20.47178 3.93903611e-01
20.54264 3.93243379e-01
20.61375 3.92573947e-01
20.68511 3.90285668e-01
20.75671 3.87890393e-01
20.82856 3.85505210e-01
20.90066 3.83130167e-01
20.97301 3.80765264e-01
21.04561 3.78410502e-01
21.11846 3.76065881e-01
21.19157 3.73731450e-01
21.26492 3.71407210e-01
21.33853 3.69093159e-01
21.41240 3.66781829e-01
21.48652 3.64488356e-01
21.56090 3.62205123e-01
21.63553 3.59932081e-01
21.71043 3.57669327e-01
21.78558 3.55416763e-01
21.86099 3.53174489e-01
21.93666 3.50942454e-01
22.01260 3.48720708e-01
22.08880 3.46509152e-01
22.16526 3.44307935e-01
22.24199 3.42116908e-01
22.31898 3.39936170e-01
22.39624 3.37765721e-01
22.47377 3.35605512e-01
22.55156 3.33455542e-01
22.62962 3.31315812e-01
22.70796 3.29186371e-01
22.78656 3.27067120e-01
22.86544 3.24958158e-01
22.94459 3.22859436e-01
23.02402 3.20770904e-01
23.10372 3.18692611e-01
23.18369 3.16624509e-01
23.26394 3.14566596e-01
23.34447 3.12518924e-01
23.42528 3.10481392e-01
23.50637 3.08454050e-01
23.58774 3.06436849e-01
23.66939 3.04429788e-01
23.75133 3.02432918e-01
23.83354 3.00446089e-01
23.91604 2.98469451e-01
23.99883 2.96502854e-01
24.08191 2.94546348e-01
24.16527 2.92599884e-01
24.24892 2.90663462e-01
24.33286 2.88737082e-01
24.41709 2.86820743e-01
24.50161 2.84914397e-01
24.58642 2.83017993e-01
24.67153 2.81131532e-01
24.75693 2.79257982e-01
24.84263 2.77448096e-01
24.92863 2.75648894e-01
25.01492 2.73860377e-01
25.10151 2.72082496e-01
25.18840 2.70315101e-01
25.27559 2.68558243e-01
25.36309 2.66811872e-01
25.45088 2.65075839e-01
25.53898 2.63350195e-01
25.62739 2.61634839e-01
25.71610 2.59929723e-01
25.80512 2.58234797e-01
25.89444 2.56550012e-01
25.98408 2.54875318e-01
26.07403 2.53210666e-01
26.16428 2.51556006e-01
26.25485 2.49911239e-01
26.34574 2.48276415e-01
26.43694 2.46651435e-01
26.52845 2.45036200e-01
26.62028 2.43430710e-01
26.71243 2.41834915e-01
26.80489 2.40248767e-01
26.89768 2.38672165e-01
26.99079 2.37105160e-01
27.08422 2.35547603e-01
27.17798 2.33999494e-01
27.27205 2.32460784e-01
27.36646 2.30931374e-01
27.46119 2.29411263e-01
27.55625 2.27900403e-01
27.65164 2.26398743e-01
27.74736 2.24906235e-01
27.84341 2.23422829e-01
27.93979 2.21948425e-01
28.03650 2.20483074e-01
28.13355 2.19026627e-01
28.23094 2.17579084e-01
28.32867 2.16140445e-01
28.42673 2.14710561e-01
28.52513 2.13289483e-01
28.62387 2.11877111e-01
28.72295 2.10473395e-01
28.82238 2.09078287e-01
28.92215 2.07691785e-01
29.02227 2.06313793e-01
29.12273 2.04944258e-01
29.22354 2.03583183e-01
29.32470 2.02230468e-01
29.42621 2.00886161e-01
29.52807 1.99550116e-01
29.63029 1.98222332e-01
29.73286 1.96902710e-01
29.83578 1.95591299e-01
29.93906 1.94288001e-01
30.04269 1.92992765e-01
30.14669 1.91705544e-01
30.25104 1.90426336e-01
30.35576 1.89155043e-01
30.46084 1.87891664e-01
30.56628 1.86636150e-01
30.67209 1.85388453e-01
30.77826 1.84148472e-01
30.88481 1.82916257e-01
30.99172 1.81695519e-01
31.09900 1.80491500e-01
31.20665 1.79295198e-01
31.31467 1.78106663e-01
31.42307 1.76925794e-01
31.53184 1.75752544e-01
31.64099 1.74586862e-01
31.75052 1.73428699e-01
31.86043 1.72278005e-01
31.97072 1.71134732e-01
32.08139 1.69998829e-01
32.19244 1.68870296e-01
32.30388 1.67749035e-01
32.41570 1.66634996e-01
32.52791 1.65528180e-01
32.64051 1.64428536e-01
32.75349 1.63335965e-01
32.86687 1.62250469e-01
32.98064 1.61171947e-01
33.09481 1.60100450e-01
33.20937 1.59035828e-01
33.32433 1.57978132e-01
33.43968 1.56927262e-01
33.55544 1.55883218e-01
33.67159 1.54845902e-01
33.78815 1.53815314e-01
33.90511 1.52791354e-01
34.02247 1.51774072e-01
34.14024 1.50763319e-01
34.25842 1.49759146e-01
34.37701 1.48761453e-01
34.49601 1.47770240e-01
34.61542 1.46785457e-01
34.73525 1.45807007e-01
34.85549 1.44834937e-01
34.97614 1.43869150e-01
35.09721 1.42909645e-01
35.21871 1.41956324e-01
35.34062 1.41009185e-01
35.46295 1.40068181e-01
35.58571 1.39133310e-01
35.70889 1.38204475e-01
35.83250 1.37281674e-01
35.95654 1.36364859e-01
36.08101 1.35453980e-01
36.20590 1.34549037e-01
36.33123 1.33649930e-01
36.45700 1.32756711e-01
36.58320 1.31869229e-01
36.70983 1.30987535e-01
36.83691 1.30111580e-01
36.96442 1.29241313e-01
37.09238 1.28376685e-01
37.22077 1.27517647e-01
37.34962 1.26664198e-01
37.47890 1.25816340e-01
37.60864 1.24973972e-01
37.73883 1.24137045e-01
37.86946 1.23305609e-01
38.00055 1.22479516e-01
38.13209 1.21658864e-01
38.26409 1.20843505e-01
38.39654 1.20033439e-01
38.52946 1.19228666e-01
38.66283 1.18429136e-01
38.79667 1.17634800e-01
38.93096 1.16845659e-01
39.06573 1.16061612e-01
39.20096 1.15282660e-01
39.33665 1.14508804e-01
39.47282 1.13739993e-01
39.60946 1.12976227e-01
39.74657 1.12217359e-01
39.88416 1.11463487e-01
40.02222 1.10714513e-01
40.16076 1.09970435e-01
40.29978 1.09231156e-01
40.43928 1.08496773e-01
40.57926 1.07767140e-01
40.71973 1.07042256e-01
40.86069 1.06322070e-01
41.00213 1.05606634e-01
41.14406 1.04895847e-01
41.28648 1.04189711e-01
41.42940 1.03460028e-01
41.57281 1.02725992e-01
41.71672 1.01997051e-01
41.86113 1.01273156e-01
42.00603 1.00554307e-01
42.15144 9.98404531e-02
42.29735 9.91315957e-02
42.44377 9.84276356e-02
42.59069 9.77285232e-02
42.73812 9.70343575e-02
42.88606 9.63449405e-02
43.03451 9.56603713e-02
43.18348 9.49805509e-02
43.33297 9.43054793e-02
43.48297 9.36350576e-02
43.63349 9.29693352e-02
43.78453 9.23082627e-02
43.93609 9.16517905e-02
44.08818 9.09998693e-02
44.24079 9.03524991e-02
44.39394 8.97096303e-02
44.54761 8.90712135e-02
44.70182 8.84372981e-02
44.85655 8.78077359e-02
45.01183 8.71826256e-02
45.16764 8.65618189e-02
45.32399 8.59453653e-02
45.48089 8.53332153e-02
45.63832 8.47253689e-02
45.79630 8.41216777e-02
45.95483 8.35222407e-02
46.11391 8.29270083e-02
46.27353 8.23359311e-02
46.43371 8.17489101e-02
46.59445 8.11660444e-02
46.75574 8.05872349e-02
46.91759 8.00124817e-02
47.08000 7.94417353e-02
47.24297 7.88749463e-02
47.40650 7.83121145e-02
47.57060 7.77532401e-02
47.73527 7.71982736e-02
47.90051 7.66471655e-02
48.06633 7.60999157e-02
48.23271 7.55565244e-02
48.39967 7.50168925e-02
48.56721 7.44810696e-02
48.73533 7.39489567e-02
48.90403 7.34205537e-02
49.07332 7.28958608e-02
49.24319 7.23748779e-02
49.41365 7.18575060e-02
49.58470 7.13437452e-02
49.75634 7.08335955e-02
49.92858 7.03270073e-02
50.10141 6.98239808e-02
50.27484 6.93244664e-02
50.44887 6.88284641e-02
50.62350 6.83359245e-02
50.79874 6.78468476e-02
50.97458 6.73611839e-02
51.15104 6.68789333e-02
51.32810 6.64000465e-02
51.50578 6.59245235e-02
51.68407 6.54523147e-02
51.86298 6.49834696e-02
52.04250 6.45178893e-02
52.22265 6.40555244e-02
52.40343 6.35964737e-02
52.58482 6.31406384e-02
52.76685 6.26879689e-02
52.94951 6.22384653e-02
53.13280 6.17921276e-02
53.31672 6.13489557e-02
53.50128 6.09089003e-02
53.68648 6.04719117e-02
53.87232 6.00379901e-02
54.05880 5.96070860e-02
54.24593 5.91792488e-02
54.43371 5.87544291e-02
54.62214 5.83325773e-02
54.81122 5.79136936e-02
55.00095 5.74977284e-02
55.19134 5.70847312e-02
55.38239 5.66746031e-02
55.57410 5.62673935e-02
55.76647 5.58630035e-02
55.95951 5.54614825e-02
56.15322 5.50628307e-02
56.34760 5.46669489e-02
56.54265 5.42738373e-02
56.73838 5.38834959e-02
56.93479 5.34959245e-02
57.13187 5.31110739e-02
57.32964 5.27289439e-02
57.52809 5.23494851e-02
57.72723 5.19726975e-02
57.92705 5.15985811e-02
58.12757 5.12270864e-02
58.32879 5.08582135e-02
58.53070 5.04919623e-02
58.73331 5.01282833e-02
58.93662 4.97671767e-02
59.14063 4.94086027e-02
59.34535 4.90525614e-02
59.55078 4.86990380e-02
59.75692 4.83480077e-02
59.96377 4.79994507e-02
60.17134 4.76533621e-02
60.37963 4.73097122e-02
60.58864 4.69684912e-02
60.79837 4.66296791e-02
61.00883 4.62932613e-02
61.22002 4.59592178e-02
61.43194 4.56275389e-02
61.64459 4.52981997e-02
61.85797 4.49711904e-02
62.07210 4.46464962e-02
62.28697 4.43240972e-02
62.50258 4.40039736e-02
62.71894 4.36861206e-02
62.93605 4.33705134e-02
63.15390 4.30571371e-02
63.37252 4.27459819e-02
63.59189 4.24370279e-02
63.81201 4.21302604e-02
64.03290 4.18256644e-02
64.25456 4.15232252e-02
64.47698 4.12229329e-02
64.70017 4.09247627e-02
64.92414 4.06287047e-02
65.14888 4.03347490e-02
65.37440 4.00428709e-02
65.60070 3.97530655e-02
65.82778 3.94653179e-02
66.05565 3.91796034e-02
66.28430 3.88959220e-02
66.51375 3.86142489e-02
66.74400 3.83345742e-02
66.97504 3.80568832e-02
67.20688 3.77811659e-02
67.43952 3.75074025e-02
67.67297 3.72355832e-02
67.90722 3.69656931e-02
68.14229 3.66977222e-02
68.37817 3.64316509e-02
68.61486 3.61674742e-02
68.85238 3.59051722e-02
69.09072 3.56447302e-02
69.32988 3.53861432e-02
69.56987 3.51293964e-02
69.81069 3.48744699e-02
70.05235 3.46213589e-02
70.29484 3.43700484e-02
70.53817 3.41205237e-02
70.78235 3.38727749e-02
71.02737 3.36267870e-02
71.27323 3.33825503e-02
71.51995 3.31400548e-02
71.76752 3.28992808e-02
72.01595 3.26602232e-02
72.26524 3.24228723e-02
72.51539 3.21872081e-02
72.76641 3.19532209e-02
73.01830 3.17209007e-02
73.27106 3.14902376e-02
73.52469 3.12612218e-02
73.77920 3.10338334e-02
74.03460 3.08080675e-02
74.29087 3.05839093e-02
74.54804 3.03613539e-02
74.80609 3.01403813e-02
75.06504 2.99209917e-02
75.32488 2.97031603e-02
75.58563 2.94868871e-02
75.84727 2.92721572e-02
76.10982 2.90589608e-02
76.37328 2.88472831e-02
76.63766 2.86371190e-02
76.90295 2.84284587e-02
77.16915 2.82212824e-02
77.43628 2.80155901e-02
77.70433 2.78113719e-02
77.97331 2.76086081e-02
78.24322 2.74072936e-02
78.51407 2.72074186e-02
78.78585 2.70089731e-02
79.05857 2.68119474e-02
79.33224 2.66163315e-02
79.60686 2.64221105e-02
79.88242 2.62292845e-02
80.15894 2.60378336e-02
80.43642 2.58477580e-02
80.71486 2.56590377e-02
80.99426 2.54716728e-02
81.27463 2.52856485e-02
81.55596 2.51009548e-02
81.83828 2.49175868e-02
82.12157 2.47355297e-02
82.40584 2.45547785e-02
82.69109 2.43753233e-02
82.97733 2.41971542e-02
83.26457 2.40202614e-02
83.55279 2.38446350e-02
83.84202 2.36702699e-02
84.13225 2.34971564e-02
84.42348 2.33252845e-02
84.71572 2.31546442e-02
85.00897 2.29852308e-02
85.30323 2.28170293e-02
85.59852 2.26500397e-02
85.89482 2.24842472e-02
86.19215 2.23196469e-02
86.49052 2.21562239e-02
86.78991 2.19939782e-02
87.09034 2.18328949e-02
87.39181 2.16729741e-02
87.69432 2.15142010e-02
87.99789 2.13565655e-02
88.30250 2.12000678e-02
88.60816 2.10446930e-02
88.91489 2.08904362e-02
89.22267 2.07372874e-02
89.53153 2.05852417e-02
89.84145 2.04342892e-02
90.15244 2.02844201e-02
90.46451 2.01356342e-02
90.77766 1.99879169e-02
91.09190 1.98412630e-02
91.40722 1.96956628e-02
91.72363 1.95511163e-02
92.04114 1.94076085e-02
92.35975 1.92651347e-02
92.67946 1.91236847e-02
93.00028 1.89832587e-02
93.32221 1.88438419e-02
93.64525 1.87054292e-02
93.96941 1.85680158e-02
94.29469 1.84315916e-02
94.62110 1.82961519e-02
94.94864 1.81616916e-02
95.27731 1.80282009e-02
95.60712 1.78956698e-02
95.93807 1.77640983e-02
96.27017 1.76334767e-02
96.60342 1.75037948e-02
96.93782 1.73750529e-02
97.27338 1.72472360e-02
97.61010 1.71203441e-02
97.94798 1.69943723e-02
98.28704 1.68693057e-02
98.62727 1.67451444e-02
98.96867 1.66218833e-02
99.31126 1.64995077e-02
99.65504 1.63780225e-02
100.00000 1.62574129e-02
