        2000  4.000000 3.710000
0.10000 1.27615512e+00
0.10035 1.27623763e+00
0.10069 1.27632053e+00
0.10104 1.27640344e+00
0.10139 1.27648674e+00
0.10174 1.27657024e+00
0.10210 1.27665413e+00
0.10245 1.27673803e+00
0.10280 1.27682232e+00
0.10316 1.27690681e+00
0.10352 1.27699170e+00
0.10387 1.27707658e+00
0.10423 1.27716186e+00
0.10459 1.27724754e+00
0.10496 1.27733321e+00
0.10532 1.27741929e+00
0.10568 1.27750556e+00
0.10605 1.27759202e+00
0.10642 1.27767889e+00
0.10679 1.27776595e+00
0.10716 1.27785321e+00
0.10753 1.27794086e+00
0.10790 1.27802852e+00
0.10827 1.27811677e+00
0.10865 1.27820501e+00
0.10902 1.27829366e+00
0.10940 1.27838250e+00
0.10978 1.27847154e+00
0.11016 1.27856098e+00
0.11054 1.27865061e+00
0.11092 1.27874044e+00
0.11131 1.27883067e+00
0.11169 1.27892109e+00
0.11208 1.27901191e+00
0.11247 1.27910273e+00
0.11286 1.27919415e+00
0.11325 1.27928556e+00
0.11364 1.27937737e+00
0.11403 1.27946938e+00
0.11443 1.27956179e+00
0.11482 1.27965439e+00
0.11522 1.27974719e+00
0.11562 1.27984038e+00
0.11602 1.27993377e+00
0.11642 1.28002737e+00
0.11682 1.28012135e+00
0.11723 1.28021554e+00
0.11763 1.28031012e+00
0.11804 1.28040490e+00
0.11845 1.28049987e+00
0.11886 1.28059524e+00
0.11927 1.28069081e+00
0.11968 1.28078678e+00
0.12010 1.28088294e+00
0.12051 1.28097950e+00
0.12093 1.28107626e+00
0.12135 1.28117321e+00
0.12177 1.28127056e+00
0.12219 1.28136811e+00
0.12262 1.28146605e+00
0.12304 1.28156420e+00
0.12347 1.28166273e+00
0.12389 1.28176147e+00
0.12432 1.28186060e+00
0.12475 1.28195993e+00
0.12518 1.28205946e+00
0.12562 1.28215938e+00
0.12605 1.28225970e+00
0.12649 1.28236002e+00
0.12693 1.28246093e+00
0.12737 1.28256204e+00
0.12781 1.28266335e+00
0.12825 1.28276505e+00
0.12869 1.28286715e+00
0.12914 1.28296925e+00
0.12959 1.28307194e+00
0.13003 1.28317483e+00
0.13048 1.28327792e+00
0.13094 1.28338140e+00
0.13139 1.28348528e+00
0.13184 1.28358936e+00
0.13230 1.28369364e+00
0.13276 1.28379851e+00
0.13322 1.28390338e+00
0.13368 1.28400864e+00
0.13414 1.28411430e+00
0.13461 1.28422036e+00
0.13507 1.28432641e+00
0.13554 1.28443307e+00
0.13601 1.28453991e+00
0.13648 1.28464716e+00
0.13695 1.28475460e+00
0.13743 1.28486244e+00
0.13790 1.28497047e+00
0.13838 1.28507890e+00
0.13886 1.28518753e+00
0.13934 1.28529675e+00
0.13982 1.28540598e+00
0.14031 1.28551579e+00
0.14079 1.28562581e+00
0.14128 1.28573602e+00
0.14177 1.28584682e+00
0.14226 1.28595783e+00
0.14275 1.28606903e+00
0.14324 1.28618062e+00
0.14374 1.28629262e+00
0.14424 1.28640481e+00
0.14474 1.28651759e+00
0.14524 1.28663037e+00
0.14574 1.28674375e+00
0.14625 1.28685733e+00
0.14675 1.28697110e+00
0.14726 1.28708547e+00
0.14777 1.28720003e+00
0.14828 1.28731499e+00
0.14879 1.28743015e+00
0.14931 1.28754571e+00
0.14983 1.28766166e+00
0.15034 1.28777800e+00
0.15087 1.28789454e+00
0.15139 1.28801148e+00
0.15191 1.28812882e+00
0.15244 1.28824635e+00
0.15297 1.28836428e+00
0.15349 1.28848260e+00
0.15403 1.28860132e+00
0.15456 1.28872024e+00
0.15509 1.28883956e+00
0.15563 1.28895927e+00
0.15617 1.28907937e+00
0.15671 1.28919967e+00
0.15725 1.28932037e+00
0.15780 1.28944147e+00
0.15834 1.28956296e+00
0.15889 1.28968464e+00
0.15944 1.28980693e+00
0.15999 1.28992941e+00
0.16055 1.29005208e+00
0.16110 1.29017535e+00
0.16166 1.29029902e+00
0.16222 1.29042288e+00
0.16278 1.29054715e+00
0.16335 1.29067180e+00
0.16391 1.29079665e+00
0.16448 1.29092210e+00
0.16505 1.29104775e+00
0.16562 1.29117379e+00
0.16619 1.29130042e+00
0.16677 1.29142706e+00
0.16734 1.29155429e+00
0.16792 1.29168191e+00
0.16851 1.29180973e+00
0.16909 1.29193815e+00
0.16967 1.29206676e+00
0.17026 1.29219577e+00
0.17085 1.29232517e+00
0.17144 1.29245498e+00
0.17204 1.29258497e+00
0.17263 1.29271557e+00
0.17323 1.29284655e+00
0.17383 1.29297774e+00
0.17443 1.29310952e+00
0.17503 1.29324150e+00
0.17564 1.29337387e+00
0.17625 1.29350664e+00
0.17686 1.29363980e+00
0.17747 1.29377356e+00
0.17808 1.29390751e+00
0.17870 1.29404167e+00
0.17932 1.29417642e+00
0.17994 1.29431156e+00
0.18056 1.29444710e+00
0.18119 1.29458303e+00
0.18182 1.29471936e+00
0.18244 1.29485609e+00
0.18308 1.29499301e+00
0.18371 1.29513053e+00
0.18435 1.29526844e+00
0.18498 1.29540675e+00
0.18562 1.29554526e+00
0.18627 1.29568436e+00
0.18691 1.29582385e+00
0.18756 1.29596375e+00
0.18821 1.29610403e+00
0.18886 1.29624472e+00
0.18951 1.29638579e+00
0.19017 1.29652727e+00
0.19083 1.29666914e+00
0.19149 1.29681141e+00
0.19215 1.29695407e+00
0.19282 1.29709732e+00
0.19348 1.29724078e+00
0.19415 1.29738482e+00
0.19483 1.29752907e+00
0.19550 1.29767391e+00
0.19618 1.29781894e+00
0.19686 1.29796457e+00
0.19754 1.29811060e+00
0.19822 1.29825702e+00
0.19891 1.29840403e+00
0.19960 1.29855125e+00
0.20029 1.29860804e+00
0.20098 1.29853502e+00
0.20168 1.29846082e+00
0.20237 1.29838524e+00
0.20307 1.29830807e+00
0.20378 1.29822971e+00
0.20448 1.29814978e+00
0.20519 1.29806845e+00
0.20590 1.29798555e+00
0.20661 1.29790126e+00
0.20733 1.29781558e+00
0.20805 1.29772832e+00
0.20877 1.29763948e+00
0.20949 1.29754905e+00
0.21021 1.29745704e+00
0.21094 1.29736365e+00
0.21167 1.29726848e+00
0.21240 1.29717172e+00
0.21314 1.29707338e+00
0.21388 1.29697326e+00
0.21462 1.29687156e+00
0.21536 1.29676807e+00
0.21611 1.29666301e+00
0.21685 1.29655616e+00
0.21760 1.29644753e+00
0.21836 1.29633712e+00
0.21911 1.29622493e+00
0.21987 1.29611076e+00
0.22063 1.29603003e+00
0.22140 1.29595662e+00
0.22216 1.29588341e+00
0.22293 1.29581040e+00
0.22370 1.29573778e+00
0.22448 1.29566556e+00
0.22526 1.29559373e+00
0.22604 1.29552211e+00
0.22682 1.29545087e+00
0.22760 1.29538004e+00
0.22839 1.29530940e+00
0.22918 1.29523916e+00
0.22998 1.29516931e+00
0.23077 1.29509966e+00
0.23157 1.29503041e+00
0.23237 1.29496155e+00
0.23318 1.29489309e+00
0.23398 1.29482482e+00
0.23479 1.29475696e+00
0.23561 1.29468948e+00
0.23642 1.29462241e+00
0.23724 1.29455553e+00
0.23806 1.29448904e+00
0.23889 1.29442296e+00
0.23971 1.29435727e+00
0.24054 1.29435647e+00
0.24137 1.29439011e+00
0.24221 1.29442395e+00
0.24305 1.29445778e+00
0.24389 1.29449162e+00
0.24473 1.29452545e+00
0.24558 1.29455949e+00
0.24643 1.29459332e+00
0.24728 1.29462735e+00
0.24814 1.29466158e+00
0.24900 1.29469562e+00
0.24986 1.29472985e+00
0.25073 1.29476408e+00
0.25159 1.29479851e+00
0.25246 1.29483274e+00
0.25334 1.29486717e+00
0.25422 1.29490179e+00
0.25510 1.29493622e+00
0.25598 1.29497085e+00
0.25687 1.29500567e+00
0.25775 1.29504050e+00
0.25865 1.29507532e+00
0.25954 1.29511035e+00
0.26044 1.29517584e+00
0.26134 1.29527319e+00
0.26225 1.29537015e+00
0.26315 1.29546710e+00
0.26406 1.29556386e+00
0.26498 1.29566042e+00
0.26590 1.29575678e+00
0.26682 1.29585294e+00
0.26774 1.29594891e+00
0.26867 1.29604467e+00
0.26960 1.29614024e+00
0.27053 1.29623581e+00
0.27147 1.29633118e+00
0.27241 1.29642636e+00
0.27335 1.29652133e+00
0.27430 1.29661631e+00
0.27525 1.29671109e+00
0.27620 1.29680567e+00
0.27715 1.29690025e+00
0.27811 1.29699443e+00
0.27908 1.29708881e+00
0.28004 1.29718419e+00
0.28101 1.29730647e+00
0.28198 1.29742835e+00
0.28296 1.29754984e+00
0.28394 1.29767114e+00
0.28492 1.29779203e+00
0.28591 1.29791253e+00
0.28690 1.29803264e+00
0.28789 1.29815255e+00
0.28889 1.29827206e+00
0.28989 1.29839117e+00
0.29089 1.29850989e+00
0.29190 1.29862842e+00
0.29291 1.29874674e+00
0.29392 1.29886467e+00
0.29494 1.29898220e+00
0.29596 1.29909954e+00
0.29699 1.29921667e+00
0.29801 1.29933341e+00
0.29905 1.29944996e+00
0.30008 1.29956927e+00
0.30112 1.29972658e+00
0.30216 1.29988309e+00
0.30321 1.30003901e+00
0.30426 1.30019413e+00
0.30531 1.30034887e+00
0.30637 1.30050281e+00
0.30743 1.30065615e+00
0.30849 1.30080891e+00
0.30956 1.30096107e+00
0.31063 1.30111263e+00
0.31171 1.30126360e+00
0.31279 1.30141418e+00
0.31387 1.30156397e+00
0.31496 1.30171335e+00
0.31605 1.30186215e+00
0.31714 1.30201055e+00
0.31824 1.30215816e+00
0.31934 1.30230557e+00
0.32044 1.30247455e+00
0.32155 1.30267538e+00
0.32267 1.30287523e+00
0.32378 1.30307428e+00
0.32490 1.30327215e+00
0.32603 1.30346922e+00
0.32716 1.30366491e+00
0.32829 1.30386001e+00
0.32943 1.30405451e+00
0.33057 1.30424763e+00
0.33171 1.30443956e+00
0.33286 1.30463129e+00
0.33401 1.30482224e+00
0.33517 1.30501159e+00
0.33633 1.30520036e+00
0.33749 1.30538853e+00
0.33866 1.30557571e+00
0.33983 1.30576190e+00
0.34101 1.30601003e+00
0.34219 1.30626706e+00
0.34337 1.30652171e+00
0.34456 1.30677617e+00
0.34576 1.30703102e+00
0.34695 1.30728251e+00
0.34815 1.30753123e+00
0.34936 1.30778272e+00
0.35057 1.30803262e+00
0.35178 1.30827798e+00
0.35300 1.30852452e+00
0.35422 1.30877185e+00
0.35545 1.30901503e+00
0.35668 1.30925761e+00
0.35791 1.30950297e+00
0.35915 1.30974397e+00
0.36039 1.31000001e+00
0.36164 1.31029562e+00
0.36289 1.31059005e+00
0.36415 1.31088052e+00
0.36541 1.31117217e+00
0.36668 1.31146363e+00
0.36795 1.31175311e+00
0.36922 1.31204298e+00
0.37050 1.31233128e+00
0.37178 1.31261838e+00
0.37307 1.31290786e+00
0.37436 1.31319496e+00
0.37565 1.31347593e+00
0.37695 1.31376284e+00
0.37826 1.31405331e+00
0.37957 1.31433250e+00
0.38088 1.31464434e+00
0.38220 1.31498487e+00
0.38352 1.31532124e+00
0.38485 1.31564475e+00
0.38618 1.31597638e+00
0.38752 1.31631374e+00
0.38886 1.31663705e+00
0.39021 1.31695819e+00
0.39156 1.31729318e+00
0.39291 1.31762322e+00
0.39427 1.31793624e+00
0.39564 1.31825778e+00
0.39701 1.31859000e+00
0.39838 1.31891113e+00
0.39976 1.31922396e+00
0.40115 1.31956785e+00
0.40253 1.31991649e+00
0.40393 1.32025841e+00
0.40533 1.32060329e+00
0.40673 1.32094817e+00
0.40814 1.32128336e+00
0.40955 1.32161973e+00
0.41097 1.32196323e+00
0.41239 1.32230059e+00
0.41382 1.32262509e+00
0.41525 1.32295493e+00
0.41669 1.32329091e+00
0.41813 1.32361700e+00
0.41958 1.32393160e+00
0.42103 1.32427431e+00
0.42249 1.32462889e+00
0.42395 1.32497021e+00
0.42542 1.32530539e+00
0.42689 1.32564830e+00
0.42837 1.32599951e+00
0.42985 1.32634123e+00
0.43134 1.32667146e+00
0.43283 1.32700190e+00
0.43433 1.32735430e+00
0.43583 1.32771205e+00
0.43734 1.32805000e+00
0.43886 1.32836817e+00
0.44037 1.32870553e+00
0.44190 1.32907911e+00
0.44343 1.32943784e+00
0.44496 1.32975640e+00
0.44650 1.33007279e+00
0.44805 1.33043093e+00
0.44960 1.33080094e+00
0.45116 1.33113276e+00
0.45272 1.33145014e+00
0.45429 1.33179047e+00
0.45586 1.33215217e+00
0.45744 1.33248479e+00
0.45902 1.33278020e+00
0.46061 1.33308927e+00
0.46220 1.33343019e+00
0.46380 1.33376795e+00
0.46541 1.33404378e+00
0.46702 1.33429527e+00
0.46864 1.33457545e+00
0.47026 1.33491043e+00
0.47189 1.33524424e+00
0.47352 1.33548346e+00
0.47516 1.33567499e+00
0.47680 1.33592490e+00
0.47845 1.33624940e+00
0.48011 1.33656420e+00
0.48177 1.33676840e+00
0.48344 1.33692650e+00
0.48511 1.33714059e+00
0.48679 1.33741859e+00
0.48848 1.33766790e+00
0.49017 1.33784460e+00
0.49186 1.33798449e+00
0.49357 1.33813903e+00
0.49528 1.33831117e+00
0.49699 1.33845442e+00
0.49871 1.33858917e+00
0.50044 1.33872649e+00
0.50217 1.33886777e+00
0.50391 1.33895800e+00
0.50565 1.33901736e+00
0.50740 1.33911035e+00
0.50916 1.33924569e+00
0.51092 1.33936976e+00
0.51269 1.33941784e+00
0.51446 1.33941269e+00
0.51625 1.33946711e+00
0.51803 1.33961452e+00
0.51983 1.33972018e+00
0.52163 1.33971187e+00
0.52343 1.33966853e+00
0.52524 1.33969960e+00
0.52706 1.33985710e+00
0.52889 1.33999798e+00
0.53072 1.33997701e+00
0.53255 1.33986264e+00
0.53440 1.33982129e+00
0.53625 1.33992893e+00
0.53810 1.34006644e+00
0.53997 1.34005240e+00
0.54183 1.33985789e+00
0.54371 1.33968674e+00
0.54559 1.33970415e+00
0.54748 1.33982149e+00
0.54938 1.33983692e+00
0.55128 1.33964835e+00
0.55319 1.33936145e+00
0.55510 1.33923857e+00
0.55702 1.33931119e+00
0.55895 1.33936283e+00
0.56089 1.33924688e+00
0.56283 1.33898886e+00
0.56478 1.33877616e+00
0.56673 1.33875597e+00
0.56869 1.33879515e+00
0.57066 1.33863983e+00
0.57264 1.33828050e+00
0.57462 1.33795323e+00
0.57661 1.33785390e+00
0.57860 1.33790178e+00
0.58061 1.33783154e+00
0.58262 1.33749319e+00
0.58463 1.33702266e+00
0.58666 1.33663326e+00
0.58869 1.33640927e+00
0.59073 1.33624485e+00
0.59277 1.33594646e+00
0.59482 1.33547930e+00
0.59688 1.33500620e+00
0.59895 1.33457485e+00
0.60102 1.33417061e+00
0.60310 1.33381465e+00
0.60519 1.33346482e+00
0.60728 1.33306335e+00
0.60939 1.33261993e+00
0.61150 1.33209420e+00
0.61361 1.33148655e+00
0.61574 1.33098397e+00
0.61787 1.33064581e+00
0.62001 1.33030944e+00
0.62215 1.32981240e+00
0.62431 1.32913688e+00
0.62647 1.32845365e+00
0.62864 1.32789606e+00
0.63081 1.32742791e+00
0.63300 1.32689347e+00
0.63519 1.32614890e+00
0.63739 1.32532162e+00
0.63959 1.32466905e+00
0.64181 1.32418665e+00
0.64403 1.32372998e+00
0.64626 1.32307425e+00
0.64849 1.32209797e+00
0.65074 1.32110943e+00
0.65299 1.32041136e+00
0.65525 1.31985892e+00
0.65752 1.31937434e+00
0.65980 1.31885771e+00
0.66208 1.31826728e+00
0.66437 1.31767249e+00
0.66667 1.31706484e+00
0.66898 1.31638299e+00
0.67130 1.31561606e+00
0.67362 1.31476781e+00
0.67595 1.31394765e+00
0.67829 1.31336315e+00
0.68064 1.31295515e+00
0.68299 1.31248423e+00
0.68536 1.31186471e+00
0.68773 1.31109975e+00
0.69011 1.31026278e+00
0.69250 1.30949624e+00
0.69490 1.30883458e+00
0.69730 1.30816440e+00
0.69972 1.30744436e+00
0.70214 1.30689865e+00
0.70457 1.30634324e+00
0.70701 1.30584679e+00
0.70946 1.30550131e+00
0.71191 1.30519145e+00
0.71438 1.30474784e+00
0.71685 1.30413089e+00
0.71933 1.30340136e+00
0.72182 1.30266648e+00
0.72432 1.30207011e+00
0.72683 1.30169574e+00
0.72934 1.30146365e+00
0.73187 1.30116249e+00
0.73440 1.30064191e+00
0.73694 1.29993414e+00
0.73949 1.29919075e+00
0.74205 1.29855224e+00
0.74462 1.29804886e+00
0.74720 1.29764799e+00
0.74979 1.29725324e+00
0.75238 1.29699087e+00
0.75499 1.29658960e+00
0.75760 1.29617012e+00
0.76022 1.29587253e+00
0.76285 1.29567822e+00
0.76549 1.29547957e+00
0.76814 1.29521601e+00
0.77080 1.29485945e+00
0.77347 1.29442751e+00
0.77615 1.29400605e+00
0.77884 1.29366137e+00
0.78153 1.29339009e+00
0.78424 1.29311981e+00
0.78695 1.29279095e+00
0.78968 1.29241679e+00
0.79241 1.29202006e+00
0.79515 1.29162532e+00
0.79790 1.29125848e+00
0.80067 1.29103192e+00
0.80344 1.29114114e+00
0.80622 1.29117597e+00
0.80901 1.29116211e+00
0.81181 1.29119892e+00
0.81462 1.29132654e+00
0.81744 1.29152124e+00
0.82027 1.29171575e+00
0.82311 1.29179568e+00
0.82596 1.29170961e+00
0.82882 1.29155171e+00
0.83169 1.29146841e+00
0.83457 1.29153094e+00
0.83745 1.29174681e+00
0.84035 1.29208516e+00
0.84326 1.29239581e+00
0.84618 1.29246408e+00
0.84911 1.29222743e+00
0.85205 1.29185999e+00
0.85500 1.29162829e+00
0.85796 1.29168151e+00
0.86093 1.29200463e+00
0.86391 1.29246467e+00
0.86690 1.29283725e+00
0.86990 1.29291343e+00
0.87291 1.29266274e+00
0.87593 1.29226581e+00
0.87897 1.29198306e+00
0.88201 1.29199078e+00
0.88506 1.29229490e+00
0.88813 1.29273535e+00
0.89120 1.29310101e+00
0.89428 1.29319975e+00
0.89738 1.29293975e+00
0.90049 1.29254026e+00
0.90360 1.29253274e+00
0.90673 1.29285249e+00
0.90987 1.29349615e+00
0.91302 1.29428504e+00
0.91618 1.29500370e+00
0.91935 1.29548273e+00
0.92253 1.29561550e+00
0.92573 1.29547877e+00
0.92893 1.29533413e+00
0.93215 1.29543762e+00
0.93537 1.29588222e+00
0.93861 1.29657713e+00
0.94186 1.29735277e+00
0.94512 1.29806014e+00
0.94839 1.29857064e+00
0.95168 1.29880748e+00
0.95497 1.29880511e+00
0.95828 1.29871706e+00
0.96159 1.29876732e+00
0.96492 1.29910151e+00
0.96826 1.29967078e+00
0.97161 1.30029623e+00
0.97498 1.30083127e+00
0.97835 1.30125035e+00
0.98174 1.30161976e+00
0.98514 1.30199472e+00
0.98855 1.30236236e+00
0.99197 1.30269537e+00
0.99540 1.30302501e+00
0.99885 1.30339027e+00
1.00231 1.30363405e+00
1.00578 1.30372447e+00
1.00926 1.30371023e+00
1.01275 1.30370647e+00
1.01626 1.30385012e+00
1.01978 1.30419797e+00
1.02330 1.30472152e+00
1.02685 1.30533154e+00
1.03040 1.30591881e+00
1.03397 1.30639013e+00
1.03755 1.30664736e+00
1.04114 1.30661055e+00
1.04474 1.30633394e+00
1.04836 1.30602368e+00
1.05199 1.30590041e+00
1.05563 1.30608205e+00
1.05928 1.30657474e+00
1.06295 1.30730012e+00
1.06663 1.30812621e+00
1.07032 1.30890343e+00
1.07403 1.30948813e+00
1.07775 1.30976158e+00
1.08148 1.30969371e+00
1.08522 1.30940344e+00
1.08898 1.30910486e+00
1.09275 1.30898159e+00
1.09653 1.30912702e+00
1.10032 1.30951563e+00
1.10413 1.30966126e+00
1.10796 1.30995252e+00
1.11179 1.31024319e+00
1.11564 1.31037714e+00
1.11950 1.31023666e+00
1.12338 1.30979601e+00
1.12726 1.30914721e+00
1.13117 1.30844973e+00
1.13508 1.30784168e+00
1.13901 1.30739529e+00
1.14295 1.30712580e+00
1.14691 1.30702113e+00
1.15088 1.30705655e+00
1.15487 1.30718259e+00
1.15886 1.30731120e+00
1.16287 1.30733158e+00
1.16690 1.30715508e+00
1.17094 1.30676133e+00
1.17499 1.30621126e+00
1.17906 1.30561627e+00
1.18314 1.30508480e+00
1.18724 1.30467977e+00
1.19135 1.30441443e+00
1.19547 1.30426742e+00
1.19961 1.30419896e+00
1.20376 1.30356835e+00
1.20793 1.30285485e+00
1.21211 1.30207565e+00
1.21630 1.30119672e+00
1.22052 1.30020878e+00
1.22474 1.29912882e+00
1.22898 1.29798851e+00
1.23323 1.29682625e+00
1.23750 1.29568040e+00
1.24179 1.29457571e+00
1.24609 1.29352029e+00
1.25040 1.29251770e+00
1.25473 1.29157447e+00
1.25907 1.29068902e+00
1.26343 1.28983898e+00
1.26780 1.28898321e+00
1.27219 1.28807243e+00
1.27659 1.28706608e+00
1.28101 1.28595011e+00
1.28545 1.28474292e+00
1.28990 1.28348667e+00
1.29436 1.28222468e+00
1.29884 1.28098702e+00
1.30334 1.27930357e+00
1.30785 1.27748023e+00
1.31238 1.27568419e+00
1.31692 1.27392298e+00
1.32148 1.27219976e+00
1.32605 1.27049831e+00
1.33064 1.26878339e+00
1.33525 1.26702001e+00
1.33987 1.26518915e+00
1.34451 1.26328864e+00
1.34916 1.26132600e+00
1.35383 1.25931369e+00
1.35852 1.25726934e+00
1.36322 1.25521963e+00
1.36794 1.25319506e+00
1.37268 1.25121402e+00
1.37743 1.24927156e+00
1.38220 1.24733801e+00
1.38698 1.24537913e+00
1.39178 1.24338107e+00
1.39660 1.24134938e+00
1.40144 1.23912120e+00
1.40629 1.23646445e+00
1.41115 1.23378375e+00
1.41604 1.23108089e+00
1.42094 1.22836359e+00
1.42586 1.22565638e+00
1.43080 1.22298696e+00
1.43575 1.22036285e+00
1.44072 1.21775220e+00
1.44571 1.21509485e+00
1.45071 1.21234430e+00
1.45573 1.20949265e+00
1.46077 1.20655987e+00
1.46583 1.20358455e+00
1.47090 1.20061457e+00
1.47599 1.19767625e+00
1.48110 1.19476899e+00
1.48623 1.19189676e+00
1.49137 1.18907835e+00
1.49654 1.18630861e+00
1.50172 1.18339265e+00
1.50692 1.18011657e+00
1.51213 1.17674967e+00
1.51737 1.17334142e+00
1.52262 1.16996779e+00
1.52789 1.16665214e+00
1.53318 1.16334183e+00
1.53849 1.15995574e+00
1.54381 1.15643945e+00
1.54916 1.15278327e+00
1.55452 1.14903528e+00
1.55990 1.14530549e+00
1.56530 1.14171441e+00
1.57072 1.13831249e+00
1.57615 1.13503542e+00
1.58161 1.13172966e+00
1.58709 1.12824464e+00
1.59258 1.12453879e+00
1.59809 1.12070216e+00
1.60362 1.11662927e+00
1.60918 1.11255717e+00
1.61475 1.10866276e+00
1.62034 1.10490369e+00
1.62594 1.10117133e+00
1.63157 1.09734063e+00
1.63722 1.09332909e+00
1.64289 1.08913055e+00
1.64857 1.08480637e+00
1.65428 1.08045232e+00
1.66001 1.07616435e+00
1.66575 1.07200519e+00
1.67152 1.06798533e+00
1.67731 1.06407272e+00
1.68311 1.06020264e+00
1.68894 1.05628231e+00
1.69478 1.05220388e+00
1.70065 1.04784864e+00
1.70654 1.04293680e+00
1.71245 1.03787121e+00
1.71837 1.03282819e+00
1.72432 1.02800974e+00
1.73029 1.02356090e+00
1.73628 1.01948248e+00
1.74229 1.01560350e+00
1.74832 1.01164043e+00
1.75437 1.00731724e+00
1.76045 1.00248830e+00
1.76654 9.97207239e-01
1.77266 9.91712482e-01
1.77879 9.86334664e-01
1.78495 9.81360098e-01
1.79113 9.76913243e-01
1.79733 9.72912379e-01
1.80355 9.69065455e-01
1.80979 9.65036296e-01
1.81606 9.60546503e-01
1.82234 9.55468255e-01
1.82865 9.49920470e-01
1.83498 9.44212017e-01
1.84133 9.38692724e-01
1.84771 9.33602802e-01
1.85410 9.28992310e-01
1.86052 9.24723733e-01
1.86696 9.20539051e-01
1.87342 9.16162240e-01
1.87991 9.11408295e-01
1.88642 9.06256045e-01
1.89295 9.00840237e-01
1.89950 8.95374764e-01
1.90607 8.89482097e-01
1.91267 8.83841314e-01
1.91929 8.78544027e-01
1.92594 8.73513069e-01
1.93260 8.68553541e-01
1.93929 8.63416527e-01
1.94601 8.57928299e-01
1.95274 8.52090639e-01
1.95950 8.46056893e-01
1.96629 8.40016221e-01
1.97309 8.34111880e-01
1.97992 8.28436470e-01
1.98678 8.23032732e-01
1.99365 8.17841898e-01
2.00055 8.12590516e-01
2.00748 8.06257200e-01
2.01443 7.99550311e-01
2.02140 7.92539302e-01
2.02840 7.85423027e-01
2.03542 7.78413205e-01
2.04247 7.71682572e-01
2.04954 7.65318982e-01
2.05663 7.59252588e-01
2.06375 7.53298582e-01
2.07090 7.47310741e-01
2.07806 7.41217635e-01
2.08526 7.34899753e-01
2.09247 7.28174858e-01
2.09972 7.20973897e-01
2.10699 7.13490381e-01
2.11428 7.06134292e-01
2.12160 6.99285335e-01
2.12894 6.93081820e-01
2.13631 6.87437079e-01
2.14371 6.82219731e-01
2.15113 6.77328665e-01
2.15857 6.72515954e-01
2.16605 6.67320371e-01
2.17354 6.61256747e-01
2.18107 6.54093776e-01
2.18862 6.45999051e-01
2.19619 6.37480891e-01
2.20380 6.28917023e-01
2.21143 6.20829817e-01
2.21908 6.13801989e-01
2.22676 6.07941178e-01
2.23447 6.02990752e-01
2.24220 5.98469894e-01
2.24997 5.93901945e-01
2.25775 5.88743758e-01
2.26557 5.82406485e-01
2.27341 5.74730841e-01
2.28128 5.66437655e-01
2.28918 5.58346887e-01
2.29710 5.50799857e-01
2.30505 5.44161826e-01
2.31303 5.38836443e-01
2.32104 5.34521960e-01
2.32908 5.30580258e-01
2.33714 5.26422882e-01
2.34523 5.21716821e-01
2.35335 5.15882524e-01
2.36149 5.08742110e-01
2.36967 5.00916681e-01
2.37787 4.93244203e-01
2.38610 4.86041263e-01
2.39436 4.79133144e-01
2.40265 4.73645708e-01
2.41097 4.70524163e-01
2.41931 4.68331009e-01
2.42769 4.66393697e-01
2.43609 4.64032751e-01
2.44452 4.60990749e-01
2.45298 4.57974272e-01
2.46148 4.55254397e-01
2.47000 4.52144526e-01
2.47855 4.49395961e-01
2.48713 4.47328254e-01
2.49574 4.44412095e-01
2.50438 4.40562005e-01
2.51304 4.35679447e-01
2.52174 4.30702111e-01
2.53047 4.26133370e-01
2.53923 4.21659605e-01
2.54802 4.16095990e-01
2.55684 4.10578676e-01
2.56569 4.07889272e-01
2.57457 4.07943883e-01
2.58349 4.08866931e-01
2.59243 4.09821638e-01
2.60140 4.09797894e-01
2.61041 4.09289772e-01
2.61944 4.08451609e-01
2.62851 4.06529532e-01
2.63761 4.03195479e-01
2.64674 3.97241473e-01
2.65590 3.90444159e-01
2.66510 3.84565541e-01
2.67432 3.80065459e-01
2.68358 3.77707482e-01
2.69287 3.77815319e-01
2.70219 3.77092117e-01
2.71154 3.76660570e-01
2.72093 3.79014985e-01
2.73035 3.80828433e-01
2.73980 3.79998382e-01
2.74928 3.77258325e-01
2.75880 3.74351861e-01
2.76835 3.71686004e-01
2.77793 3.68406166e-01
2.78755 3.64931034e-01
2.79720 3.62158130e-01
2.80688 3.60196678e-01
2.81660 3.58271237e-01
2.82635 3.57568217e-01
2.83613 3.58496014e-01
2.84595 3.58605038e-01
2.85580 3.57801898e-01
2.86569 3.57717013e-01
2.87561 3.57181190e-01
2.88556 3.56113897e-01
2.89555 3.53707443e-01
2.90557 3.51458688e-01
2.91563 3.53005214e-01
2.92572 3.55641589e-01
2.93585 3.53151437e-01
2.94601 3.49674524e-01
2.95621 3.50495275e-01
2.96644 3.50297013e-01
2.97671 3.48777199e-01
2.98702 3.48225151e-01
2.99736 3.46596906e-01
3.00773 3.43350508e-01
3.01814 3.42524217e-01
3.02859 3.41466619e-01
3.03907 3.36708915e-01
3.04960 3.35085221e-01
3.06015 3.38509106e-01
3.07074 3.40769733e-01
3.08137 3.37228513e-01
3.09204 3.35682977e-01
3.10274 3.37833787e-01
3.11348 3.39157515e-01
3.12426 3.43468041e-01
3.13508 3.46576130e-01
3.14593 3.42810925e-01
3.15682 3.37953101e-01
3.16775 3.36644806e-01
3.17871 3.34985299e-01
3.18972 3.29795652e-01
3.20076 3.25363834e-01
3.21184 3.25146774e-01
3.22295 3.25505111e-01
3.23411 3.19759854e-01
3.24531 3.14137077e-01
3.25654 3.17252884e-01
3.26781 3.26659267e-01
3.27912 3.31744045e-01
3.29047 3.29907644e-01
3.30187 3.27378315e-01
3.31330 3.27500992e-01
3.32476 3.26429346e-01
3.33627 3.28625864e-01
3.34782 3.34660995e-01
3.35941 3.31175772e-01
3.37104 3.20702887e-01
3.38271 3.13112128e-01
3.39442 3.11085578e-01
3.40617 3.15925001e-01
3.41796 3.22982509e-01
3.42979 3.23029997e-01
3.44166 3.14385796e-01
3.45358 3.08983838e-01
3.46553 3.09783417e-01
3.47753 3.12417616e-01
3.48957 3.17693929e-01
3.50164 3.20259666e-01
3.51377 3.15177658e-01
3.52593 3.07967397e-01
3.53814 3.07387054e-01
3.55038 3.10711610e-01
3.56267 3.11500900e-01
3.57500 3.09215144e-01
3.58738 3.07540598e-01
3.59980 3.04800937e-01
3.61226 3.04631761e-01
3.62476 3.07327694e-01
3.63731 3.05587457e-01
3.64990 3.02328593e-01
3.66254 3.02896272e-01
3.67521 3.04470103e-01
3.68794 3.05266121e-01
3.70070 3.04905410e-01
3.71351 3.03567238e-01
3.72637 3.04879885e-01
3.73927 3.06716088e-01
3.75221 3.02688314e-01
3.76520 2.98817646e-01
3.77823 2.99890282e-01
3.79131 3.00299470e-01
3.80443 2.95303337e-01
3.81760 2.87555471e-01
3.83082 2.80730259e-01
3.84408 2.80186719e-01
3.85739 2.86396962e-01
3.87074 2.90683743e-01
3.88414 2.85386655e-01
3.89758 2.77933018e-01
3.91107 2.76864933e-01
3.92461 2.83938865e-01
3.93820 2.94436087e-01
3.95183 2.97814660e-01
3.96551 2.91733030e-01
3.97924 2.86010331e-01
3.99301 2.85288117e-01
4.00683 2.88930645e-01
4.02070 2.93631561e-01
4.03462 2.92031018e-01
4.04859 2.83241582e-01
4.06260 2.75164071e-01
4.07667 2.72892760e-01
4.09078 2.76349293e-01
4.10494 2.79665142e-01
4.11915 2.76191989e-01
4.13341 2.69315924e-01
4.14771 2.66372658e-01
4.16207 2.67997539e-01
4.17648 2.70129552e-01
4.19094 2.69987484e-01
4.20545 2.67545809e-01
4.22000 2.65017271e-01
4.23461 2.64375787e-01
4.24927 2.64282394e-01
4.26398 2.63944636e-01
4.27874 2.63764973e-01
4.29355 2.63067691e-01
4.30841 2.62454700e-01
4.32332 2.62481016e-01
4.33829 2.62214885e-01
4.35331 2.61835179e-01
4.36838 2.61734069e-01
4.38350 2.61933321e-01
4.39867 2.62666813e-01
4.41390 2.62890600e-01
4.42918 2.61415108e-01
4.44451 2.58929507e-01
4.45990 2.56830538e-01
4.47533 2.56081019e-01
4.49083 2.56128705e-01
4.50637 2.55286386e-01
4.52197 2.53045150e-01
4.53762 2.50843290e-01
4.55333 2.49927563e-01
4.56909 2.50038369e-01
4.58491 2.50135719e-01
4.60078 2.49305470e-01
4.61670 2.47706510e-01
4.63269 2.46176803e-01
4.64872 2.45407893e-01
4.66481 2.45296890e-01
4.68096 2.44924109e-01
4.69717 2.43632633e-01
4.71343 2.41854999e-01
4.72974 2.40616749e-01
4.74611 2.40357742e-01
4.76254 2.40545715e-01
4.77903 2.40399887e-01
4.79557 2.39813213e-01
4.81217 2.39436673e-01
4.82883 2.39840716e-01
4.84555 2.40903062e-01
4.86232 2.42017843e-01
4.87915 2.42729372e-01
4.89604 2.43128073e-01
4.91299 2.43549925e-01
4.92999 2.44047164e-01
4.94706 2.44292716e-01
4.96418 2.43928642e-01
4.98137 2.42955138e-01
4.99861 2.41707588e-01
5.01591 2.40728346e-01
5.03328 2.39764340e-01
5.05070 2.38622055e-01
5.06818 2.37252027e-01
5.08573 2.35789792e-01
5.10333 2.34408287e-01
5.12100 2.33183690e-01
5.13873 2.32077418e-01
5.15651 2.31019227e-01
5.17436 2.30007732e-01
5.19228 2.29121685e-01
5.21025 2.28421039e-01
5.22828 2.27869387e-01
5.24638 2.27375710e-01
5.26454 2.26899841e-01
5.28277 2.26479572e-01
5.30105 2.26153883e-01
5.31940 2.25897646e-01
5.33782 2.25652885e-01
5.35629 2.25400803e-01
5.37484 2.25178796e-01
5.39344 2.25028615e-01
5.41211 2.24951843e-01
5.43084 2.24925725e-01
5.44965 2.24945116e-01
5.46851 2.25033958e-01
5.48744 2.25214412e-01
5.50643 2.25268034e-01
5.52550 2.24957779e-01
5.54462 2.24643765e-01
5.56381 2.24286418e-01
5.58308 2.23851705e-01
5.60240 2.23305395e-01
5.62179 2.22620974e-01
5.64125 2.21790132e-01
5.66078 2.20823949e-01
5.68038 2.19743399e-01
5.70004 2.18570445e-01
5.71977 2.17323885e-01
5.73957 2.16020933e-01
5.75944 2.14677617e-01
5.77938 2.13306994e-01
5.79938 2.11919751e-01
5.81946 2.10523010e-01
5.83960 2.09121718e-01
5.85982 2.07719437e-01
5.88010 2.06319531e-01
5.90045 2.04924571e-01
5.92088 2.03536338e-01
5.94137 2.02156020e-01
5.96194 2.00785596e-01
5.98258 1.99427835e-01
6.00329 1.98076603e-01
6.02407 1.96698561e-01
6.04492 1.95344935e-01
6.06585 1.94021346e-01
6.08684 1.92734223e-01
6.10791 1.91490552e-01
6.12906 1.90297594e-01
6.15027 1.89162888e-01
6.17156 1.88093973e-01
6.19293 1.87097655e-01
6.21436 1.86179336e-01
6.23588 1.85342340e-01
6.25746 1.84587498e-01
6.27912 1.83912496e-01
6.30086 1.83311476e-01
6.32267 1.82774901e-01
6.34455 1.82289871e-01
6.36652 1.81840634e-01
6.38856 1.81409760e-01
6.41067 1.80979202e-01
6.43286 1.80531667e-01
6.45513 1.80051662e-01
6.47747 1.79526326e-01
6.49990 1.78945884e-01
6.52240 1.78835257e-01
6.54497 1.78643425e-01
6.56763 1.78366926e-01
6.59037 1.78007502e-01
6.61318 1.77568910e-01
6.63607 1.77056258e-01
6.65904 1.76475539e-01
6.68209 1.75833382e-01
6.70522 1.75136733e-01
6.72843 1.74392834e-01
6.75172 1.73609044e-01
6.77510 1.72792864e-01
6.79855 1.71951911e-01
6.82208 1.71093823e-01
6.84570 1.70226296e-01
6.86939 1.69357008e-01
6.89317 1.68493518e-01
6.91704 1.67643246e-01
6.94098 1.66813393e-01
6.96500 1.66010806e-01
6.98911 1.65241936e-01
7.01331 1.64705757e-01
7.03759 1.64379732e-01
7.06195 1.64113364e-01
7.08639 1.63911282e-01
7.11092 1.63776733e-01
7.13554 1.63711496e-01
7.16024 1.63715691e-01
7.18502 1.63787873e-01
7.20990 1.63924896e-01
7.23485 1.64121971e-01
7.25990 1.64372826e-01
7.28503 1.64669824e-01
7.31025 1.65004219e-01
7.33555 1.65366374e-01
7.36094 1.65746199e-01
7.38642 1.66133404e-01
7.41199 1.66517899e-01
7.43765 1.66890066e-01
7.46340 1.67241181e-01
7.48923 1.67563466e-01
7.51516 1.69154076e-01
7.54117 1.71634513e-01
7.56727 1.74071657e-01
7.59347 1.76462658e-01
7.61975 1.78807754e-01
7.64613 1.81109873e-01
7.67260 1.83374239e-01
7.69916 1.85607916e-01
7.72581 1.87819294e-01
7.75255 1.90017672e-01
7.77939 1.92212943e-01
7.80632 1.94415160e-01
7.83334 1.96634294e-01
7.86046 1.98879942e-01
7.88767 2.01161147e-01
7.91497 2.03486278e-01
7.94237 2.05862459e-01
7.96986 2.08296614e-01
7.99745 2.10794087e-01
8.02513 2.20975317e-01
8.05291 2.32516879e-01
8.08079 2.44696166e-01
8.10876 2.57538109e-01
8.13683 2.71065461e-01
8.16500 2.85298406e-01
8.19326 3.00255939e-01
8.22162 3.27503960e-01
8.25008 3.60907613e-01
8.27864 3.97236922e-01
8.30730 4.36626833e-01
8.33605 4.79199429e-01
8.36491 5.25057602e-01
8.39386 5.74278914e-01
8.42292 6.15212778e-01
8.45208 6.55014450e-01
8.48133 6.96652522e-01
8.51069 7.40111561e-01
8.54016 7.85356940e-01
8.56972 8.32331674e-01
8.59938 8.80953054e-01
8.62915 9.17519803e-01
8.65902 9.54613274e-01
8.68899 9.92457648e-01
8.71907 1.03098526e+00
8.74925 1.07011735e+00
8.77954 1.10976429e+00
8.80993 1.14921910e+00
8.84043 1.18770080e+00
8.87103 1.22633664e+00
8.90174 1.26501245e+00
8.93255 1.30360456e+00
8.96347 1.34198100e+00
8.99450 1.38000207e+00
9.02563 1.41227155e+00
9.05688 1.44296700e+00
9.08823 1.47315394e+00
9.11969 1.50275202e+00
9.15126 1.53168112e+00
9.18294 1.55986069e+00
9.21472 1.58532970e+00
9.24662 1.60793774e+00
9.27863 1.62990925e+00
9.31075 1.65120683e+00
9.34298 1.67179545e+00
9.37532 1.69164128e+00
9.40777 1.71004565e+00
9.44034 1.72569789e+00
9.47302 1.74081233e+00
9.50581 1.75537374e+00
9.53871 1.76936786e+00
9.57173 1.78278144e+00
9.60487 1.79533252e+00
9.63811 1.80581787e+00
9.67148 1.81588453e+00
9.70495 1.82552360e+00
9.73855 1.83472737e+00
9.77226 1.84348792e+00
9.80609 1.85159511e+00
9.84003 1.85838629e+00
9.87409 1.86482962e+00
9.90827 1.87091719e+00
9.94257 1.87664147e+00
9.97699 1.88199574e+00
10.01153 1.88658170e+00
10.04618 1.89009739e+00
10.08096 1.89336595e+00
10.11585 1.89638243e+00
10.15087 1.89914128e+00
10.18601 1.90163777e+00
10.22127 1.90356222e+00
10.25665 1.90508223e+00
10.29215 1.90641150e+00
10.32778 1.90754646e+00
10.36353 1.90848356e+00
10.39941 1.90921962e+00
10.43540 1.90949683e+00
10.47153 1.90957281e+00
10.50777 1.90944776e+00
10.54415 1.90911831e+00
10.58065 1.90858071e+00
10.61727 1.90760622e+00
10.65403 1.90619068e+00
10.69091 1.90459271e+00
10.72791 1.90280815e+00
10.76505 1.90083344e+00
10.80231 1.89866977e+00
10.83971 1.89642141e+00
10.87723 1.89402307e+00
10.91488 1.89147375e+00
10.95266 1.88877228e+00
10.99058 1.88591726e+00
11.02862 1.88296370e+00
11.06680 1.87988529e+00
11.10511 1.87666600e+00
11.14355 1.87330722e+00
11.18212 1.86980953e+00
11.22083 1.86597309e+00
11.25967 1.86179909e+00
11.29865 1.85745454e+00
11.33776 1.85294238e+00
11.37701 1.84826482e+00
11.41639 1.84307913e+00
11.45591 1.83715737e+00
11.49556 1.83095326e+00
11.53536 1.82447432e+00
11.57529 1.81772667e+00
11.61536 1.81052769e+00
11.65556 1.80264646e+00
11.69591 1.79433586e+00
11.73640 1.78559550e+00
11.77702 1.77642398e+00
11.81779 1.76628529e+00
11.85870 1.75470139e+00
11.89975 1.74221105e+00
11.94094 1.72878560e+00
11.98227 1.71440050e+00
12.02375 1.69903002e+00
12.06537 1.68230613e+00
12.10714 1.66418946e+00
12.14905 1.64477577e+00
12.19110 1.62419091e+00
12.23330 1.60257991e+00
12.27565 1.58009296e+00
12.31814 1.55686836e+00
12.36078 1.53301850e+00
12.40357 1.50861442e+00
12.44651 1.48367708e+00
12.48959 1.45817227e+00
12.53283 1.44141672e+00
12.57621 1.42656504e+00
12.61974 1.41035779e+00
12.66343 1.39260578e+00
12.70726 1.37319111e+00
12.75125 1.35207537e+00
12.79539 1.32930289e+00
12.83968 1.30499359e+00
12.88413 1.27933127e+00
12.92873 1.25254685e+00
12.97348 1.22490053e+00
13.01839 1.20661943e+00
13.06345 1.20268406e+00
13.10867 1.19895387e+00
13.15405 1.19549576e+00
13.19959 1.19235522e+00
13.24528 1.18955996e+00
13.29113 1.18712184e+00
13.33713 1.18503989e+00
13.38330 1.18330262e+00
13.42963 1.18189124e+00
13.47612 1.18078022e+00
13.52277 1.18308279e+00
13.56958 1.18886861e+00
13.61655 1.19479808e+00
13.66368 1.20085715e+00
13.71098 1.20703158e+00
13.75844 1.21330851e+00
13.80607 1.21967586e+00
13.85386 1.22612275e+00
13.90182 1.23263968e+00
13.94994 1.23921796e+00
13.99823 1.24585045e+00
14.04668 1.24898881e+00
14.09531 1.25202448e+00
14.14410 1.25508687e+00
14.19306 1.25817181e+00
14.24219 1.26127614e+00
14.29149 1.26439748e+00
14.34096 1.26753406e+00
14.39060 1.27068549e+00
14.44042 1.27385135e+00
14.49041 1.27703186e+00
14.54057 1.27895295e+00
14.59090 1.28059702e+00
14.64141 1.28227177e+00
14.69209 1.28398232e+00
14.74295 1.28573503e+00
14.79398 1.28753581e+00
14.84519 1.28939081e+00
14.89658 1.29130636e+00
14.94814 1.29328819e+00
14.99989 1.29534225e+00
15.05181 1.30998853e+00
15.10392 1.32488809e+00
15.15620 1.34001718e+00
15.20866 1.35537756e+00
15.26131 1.37096966e+00
15.31414 1.38679206e+00
15.36715 1.40284222e+00
15.42034 1.41911635e+00
15.47372 1.43560993e+00
15.52729 1.45378596e+00
15.58103 1.47354294e+00
15.63497 1.49344121e+00
15.68909 1.51347244e+00
15.74340 1.53362793e+00
15.79790 1.55389877e+00
15.85258 1.57427568e+00
15.90746 1.59475013e+00
15.96252 1.61531283e+00
16.01778 1.63592222e+00
16.07323 1.65646870e+00
16.12886 1.67698075e+00
16.18470 1.69745084e+00
16.24072 1.71787147e+00
16.29694 1.73823532e+00
16.35335 1.75853505e+00
16.40996 1.77876336e+00
16.46677 1.79891271e+00
16.52377 1.81690335e+00
16.58097 1.83190757e+00
16.63836 1.84682593e+00
16.69596 1.86165168e+00
16.75375 1.87637791e+00
16.81175 1.89099768e+00
16.86994 1.90550349e+00
16.92834 1.91988741e+00
16.98694 1.93414132e+00
17.04574 1.94607882e+00
17.10474 1.95726363e+00
17.16395 1.96831408e+00
17.22337 1.97922267e+00
17.28299 1.98998464e+00
17.34281 2.00059029e+00
17.40285 2.01103172e+00
17.46309 2.02130495e+00
17.52354 2.03035142e+00
17.58420 2.03761115e+00
17.64507 2.04474028e+00
17.70615 2.05173685e+00
17.76744 2.05859491e+00
17.82894 2.06531446e+00
17.89066 2.07189155e+00
17.95259 2.07832221e+00
18.01473 2.08405441e+00
18.07709 2.08790885e+00
18.13967 2.09168415e+00
18.20246 2.09538030e+00
18.26547 2.09899532e+00
18.32870 2.10253120e+00
18.39214 2.10598793e+00
18.45581 2.10936354e+00
18.51969 2.11230977e+00
18.58380 2.11441705e+00
18.64813 2.11649465e+00
18.71268 2.11853861e+00
18.77746 2.12055092e+00
18.84246 2.12253354e+00
18.90768 2.12448649e+00
18.97313 2.12640975e+00
19.03881 2.12799862e+00
19.10472 2.12935796e+00
19.17085 2.13070741e+00
19.23721 2.13204301e+00
19.30380 2.13337070e+00
19.37062 2.13469047e+00
19.43768 2.13600035e+00
19.50496 2.13728846e+00
19.57248 2.13835694e+00
19.64023 2.13942740e+00
19.70822 2.14050379e+00
19.77644 2.14158414e+00
19.84490 2.14266845e+00
19.91359 2.14376068e+00
19.98252 2.14485884e+00
20.05169 2.14554939e+00
20.12110 2.14611331e+00
20.19076 2.14669108e+00
20.26065 2.14728270e+00
20.33078 2.14789015e+00
20.40116 2.14851343e+00
20.47178 2.14915254e+00
20.54264 2.14980550e+00
20.61375 2.15047627e+00
20.68511 2.15116485e+00
20.75671 2.15186727e+00
20.82856 2.15258751e+00
20.90066 2.15332357e+00
20.97301 2.15407745e+00
21.04561 2.15494212e+00
21.11846 2.15587407e+00
21.19157 2.15681790e+00
21.26492 2.15776964e+00
21.33853 2.15873127e+00
21.41240 2.15970082e+00
21.48652 2.16068026e+00
21.56090 2.16166761e+00
21.63553 2.16266288e+00
21.71043 2.16366409e+00
21.78558 2.16467321e+00
21.86099 2.16568826e+00
21.93666 2.16670925e+00
22.01260 2.16782522e+00
22.08880 2.16940420e+00
22.16526 2.17099109e+00
22.24199 2.17258194e+00
22.31898 2.17417674e+00
22.39624 2.17577748e+00
22.47377 2.17738020e+00
22.55156 2.17898490e+00
22.62962 2.18059356e+00
22.70796 2.18220419e+00
22.78656 2.18381483e+00
22.86544 2.18542546e+00
22.94459 2.18703807e+00
23.02402 2.18872983e+00
23.10372 2.19060759e+00
23.18369 2.19248139e+00
23.26394 2.19435518e+00
23.34447 2.19622305e+00
23.42528 2.19808893e+00
23.50637 2.19994887e+00
23.58774 2.20180289e+00
23.66939 2.20365096e+00
23.75133 2.20549112e+00
23.83354 2.20732337e+00
23.91604 2.20914770e+00
23.99883 2.21096213e+00
24.08191 2.21241843e+00
24.16527 2.21386088e+00
24.24892 2.21529541e+00
24.33286 2.21671807e+00
24.41709 2.21813084e+00
24.50161 2.21952976e+00
24.58642 2.22091681e+00
24.67153 2.22228802e+00
24.75693 2.22364341e+00
24.84263 2.22498297e+00
24.92863 2.22630471e+00
25.01492 2.22751566e+00
25.10151 2.22826557e+00
25.18840 2.22899372e+00
25.27559 2.22969615e+00
25.36309 2.23037483e+00
25.45088 2.23102581e+00
25.53898 2.23164909e+00
25.62739 2.23224269e+00
25.71610 2.23280661e+00
25.80512 2.23334085e+00
25.89444 2.23384146e+00
25.98408 2.23430842e+00
26.07403 2.23451420e+00
26.16428 2.23463292e+00
26.25485 2.23471207e+00
26.34574 2.23475164e+00
26.43694 2.23474769e+00
26.52845 2.23470020e+00
26.62028 2.23460918e+00
26.71243 2.23447265e+00
26.80489 2.23428863e+00
26.89768 2.23405911e+00
26.99079 2.23378012e+00
27.08422 2.23300844e+00
27.17798 2.23213782e+00
27.27205 2.23121379e+00
27.36646 2.23023830e+00
27.46119 2.22920742e+00
27.55625 2.22812509e+00
27.65164 2.22698735e+00
27.74736 2.22579422e+00
27.84341 2.22454568e+00
27.93979 2.22323976e+00
28.03650 2.22175774e+00
28.13355 2.22000662e+00
28.23094 2.21818427e+00
28.32867 2.21629068e+00
28.42673 2.21432389e+00
28.52513 2.21228586e+00
28.62387 2.21017265e+00
28.72295 2.20798622e+00
28.82238 2.20572658e+00
28.92215 2.20339175e+00
29.02227 2.20064537e+00
29.12273 2.19661086e+00
29.22354 2.19246160e+00
29.32470 2.18819559e+00
29.42621 2.18381285e+00
29.52807 2.17931336e+00
29.63029 2.17469515e+00
29.73286 2.16996020e+00
29.83578 2.16510851e+00
29.93906 2.16014008e+00
30.04269 2.15451275e+00
30.14669 2.14794754e+00
30.25104 2.14119435e+00
30.35576 2.13425516e+00
30.46084 2.12712998e+00
30.56628 2.11981881e+00
30.67209 2.11232164e+00
30.77826 2.10463848e+00
30.88481 2.09677130e+00
30.99172 2.08872011e+00
31.09900 2.08048292e+00
31.20665 2.07206567e+00
31.31467 2.06346441e+00
31.42307 2.05468308e+00
31.53184 2.04572170e+00
31.64099 2.03658224e+00
31.75052 2.02726470e+00
31.86043 2.01777303e+00
31.97072 2.00810725e+00
32.08139 1.99751347e+00
32.19244 1.98644678e+00
32.30388 1.97518204e+00
32.41570 1.96372101e+00
32.52791 1.95206864e+00
32.64051 1.94022929e+00
32.75349 1.92820730e+00
32.86687 1.91600764e+00
32.98064 1.90363503e+00
33.09481 1.89109444e+00
33.20937 1.87839120e+00
33.32433 1.86553046e+00
33.43968 1.85251756e+00
33.55544 1.83935844e+00
33.67159 1.82605824e+00
33.78815 1.81262309e+00
33.90511 1.79905894e+00
34.02247 1.78524250e+00
34.14024 1.77076836e+00
34.25842 1.75619112e+00
34.37701 1.74151872e+00
34.49601 1.72675866e+00
34.61542 1.71191885e+00
34.73525 1.69700683e+00
34.85549 1.68203010e+00
34.97614 1.66699620e+00
35.09721 1.65191282e+00
35.21871 1.63678710e+00
35.34062 1.62162616e+00
35.46295 1.60643732e+00
35.58571 1.59122731e+00
35.70889 1.57600325e+00
35.83250 1.56077167e+00
35.95654 1.54553911e+00
36.08101 1.53090370e+00
36.20590 1.51658666e+00
36.33123 1.50227338e+00
36.45700 1.48796841e+00
36.58320 1.47367690e+00
36.70983 1.45940359e+00
36.83691 1.44515284e+00
36.96442 1.43092919e+00
37.09238 1.41673701e+00
37.22077 1.40258064e+00
37.34962 1.38846404e+00
37.47890 1.37439097e+00
37.60864 1.36036559e+00
37.73883 1.34639165e+00
37.86946 1.33247232e+00
38.00055 1.31860563e+00
38.13209 1.30348941e+00
38.26409 1.28847192e+00
38.39654 1.27355713e+00
38.52946 1.25874799e+00
38.66283 1.24404788e+00
38.79667 1.22945997e+00
38.93096 1.21498642e+00
39.06573 1.20063020e+00
39.20096 1.18639350e+00
39.33665 1.17227828e+00
39.47282 1.15828693e+00
39.60946 1.14442083e+00
39.74657 1.13068156e+00
39.88416 1.11707091e+00
40.02222 1.10390308e+00
40.16076 1.09248855e+00
40.29978 1.08118304e+00
40.43928 1.06998675e+00
40.57926 1.05889969e+00
40.71973 1.04792185e+00
40.86069 1.03705343e+00
41.00213 1.02629384e+00
41.14406 1.01564307e+00
41.28648 1.00510093e+00
41.42940 9.94667027e-01
41.57281 9.84340959e-01
41.71672 9.74122333e-01
41.86113 9.64010753e-01
42.00603 9.54005625e-01
42.15144 9.44106356e-01
42.29735 9.34312747e-01
42.44377 9.24623810e-01
42.59069 9.15038951e-01
42.73812 9.05557576e-01
42.88606 8.96179092e-01
43.03451 8.86902509e-01
43.18348 8.77727431e-01
43.33297 8.68652673e-01
43.48297 8.59677836e-01
43.63349 8.50801933e-01
43.78453 8.42024172e-01
43.93609 8.33343564e-01
44.08818 8.24759514e-01
44.24079 8.16271034e-01
44.39394 8.07877332e-01
44.54761 7.99577419e-01
44.70182 7.91370503e-01
44.85655 7.83255596e-01
45.01183 7.75284339e-01
45.16764 7.68034109e-01
45.32399 7.60860651e-01
45.48089 7.53762778e-01
45.63832 7.46739896e-01
45.79630 7.39791214e-01
45.95483 7.32916139e-01
46.11391 7.26113483e-01
46.27353 7.19382851e-01
46.43371 7.12723450e-01
46.59445 7.06134292e-01
46.75574 6.99614783e-01
46.91759 6.93164132e-01
47.08000 6.86781547e-01
47.24297 6.80466435e-01
47.40650 6.74217805e-01
47.57060 6.68035263e-01
47.73527 6.61917622e-01
47.90051 6.55864683e-01
48.06633 6.49875457e-01
48.23271 6.43949152e-01
48.39967 6.38085175e-01
48.56721 6.32282735e-01
48.73533 6.26541238e-01
48.90403 6.20859893e-01
49.07332 6.15238105e-01
49.24319 6.09675084e-01
49.41365 6.04170433e-01
49.58470 5.98723164e-01
49.75634 5.93332682e-01
49.92858 5.87998593e-01
50.10141 5.81974740e-01
50.27484 5.75496981e-01
50.44887 5.69094411e-01
50.62350 5.62766239e-01
50.79874 5.56511674e-01
50.97458 5.50329726e-01
51.15104 5.44219801e-01
51.32810 5.38180910e-01
51.50578 5.32212460e-01
51.68407 5.26313659e-01
51.86298 5.20483320e-01
52.04250 5.14721245e-01
52.22265 5.09026246e-01
52.40343 5.03397731e-01
52.58482 4.97834908e-01
52.76685 4.92336985e-01
52.94951 4.86903170e-01
53.13280 4.81532673e-01
53.31672 4.76225098e-01
53.50128 4.70979257e-01
53.68648 4.65794754e-01
53.87232 4.60670799e-01
54.05880 4.55606599e-01
54.24593 4.50601364e-01
54.43371 4.45654698e-01
54.62214 4.40765610e-01
54.81122 4.35933508e-01
55.00095 4.31160766e-01
55.19134 4.27022781e-01
55.38239 4.22930305e-01
55.57410 4.18882348e-01
55.76647 4.14878516e-01
55.95951 4.10918413e-01
56.15322 4.07001049e-01
56.34760 4.03126423e-01
56.54265 3.99293746e-01
56.73838 3.95502423e-01
56.93479 3.91752058e-01
57.13187 3.88042256e-01
57.32964 3.84372225e-01
57.52809 3.80741767e-01
57.72723 3.77150290e-01
57.92705 3.73597396e-01
58.12757 3.70082492e-01
58.32879 3.66604986e-01
58.53070 3.63164678e-01
58.73331 3.59761173e-01
58.93662 3.56393681e-01
59.14063 3.53062199e-01
59.34535 3.49765939e-01
59.55078 3.46504502e-01
59.75692 3.43277693e-01
59.96377 3.40084916e-01
60.17134 3.36659844e-01
60.37963 3.33217162e-01
60.58864 3.29813658e-01
60.79837 3.26448737e-01
61.00883 3.23121609e-01
61.22002 3.19832076e-01
61.43194 3.16579543e-01
61.64459 3.13363814e-01
61.85797 3.10184097e-01
62.07210 3.07039996e-01
62.28697 3.03931115e-01
62.50258 3.00857256e-01
62.71894 2.97817628e-01
62.93605 2.94811836e-01
63.15390 2.91839681e-01
63.37252 2.88900569e-01
63.59189 2.85994303e-01
63.81201 2.83120092e-01
64.03290 2.80277935e-01
64.25456 2.77467239e-01
64.47698 2.74687609e-01
64.70017 2.71938845e-01
64.92414 2.69220157e-01
65.14888 2.66744845e-01
65.37440 2.64403291e-01
65.60070 2.62085283e-01
65.82778 2.59790623e-01
66.05565 2.57518916e-01
66.28430 2.55269963e-01
66.51375 2.53043567e-01
66.74400 2.50839531e-01
66.97504 2.48657259e-01
67.20688 2.46496753e-01
67.43952 2.44357814e-01
67.67297 2.42240047e-01
67.90722 2.40143254e-01
68.14229 2.38067237e-01
68.37817 2.36011601e-01
68.61486 2.33976344e-01
68.85238 2.31960874e-01
69.09072 2.29965389e-01
69.32988 2.27989492e-01
69.56987 2.26032987e-01
69.81069 2.24095476e-01
70.05235 2.22176565e-01
70.29484 2.20275067e-01
70.53817 2.18392365e-01
70.78235 2.16527868e-01
71.02737 2.14681376e-01
71.27323 2.12853088e-01
71.51995 2.11042410e-01
71.76752 2.09249145e-01
72.01595 2.07473291e-01
72.26524 2.05714652e-01
72.51539 2.03972832e-01
72.76641 2.02247830e-01
73.01830 2.00539450e-01
73.27106 1.98847294e-01
73.52469 1.97171442e-01
73.77920 1.95511578e-01
74.03460 1.93867564e-01
74.29087 1.92239200e-01
74.54804 1.90626310e-01
74.80609 1.89028754e-01
75.06504 1.87449659e-01
75.32488 1.85895377e-01
75.58563 1.84355697e-01
75.84727 1.82830462e-01
76.10982 1.81319493e-01
76.37328 1.79822671e-01
76.63766 1.78339799e-01
76.90295 1.76870758e-01
77.16915 1.75415389e-01
77.43628 1.73973535e-01
77.70433 1.72545056e-01
77.97331 1.71129815e-01
78.24322 1.69727672e-01
78.51407 1.68338470e-01
78.78585 1.66962090e-01
79.05857 1.65598373e-01
79.33224 1.64247181e-01
79.60686 1.62908415e-01
79.88242 1.61581917e-01
80.15894 1.60258703e-01
80.43642 1.58941169e-01
80.71486 1.57635763e-01
80.99426 1.56342348e-01
81.27463 1.55060825e-01
81.55596 1.53791036e-01
81.83828 1.52532881e-01
82.12157 1.51286222e-01
82.40584 1.50050940e-01
82.69109 1.48826937e-01
82.97733 1.47614074e-01
83.26457 1.46412231e-01
83.55279 1.45221292e-01
83.84202 1.44041175e-01
84.13225 1.42871724e-01
84.42348 1.41712859e-01
84.71572 1.40564440e-01
85.00897 1.39426391e-01
85.30323 1.38298590e-01
85.59852 1.37180920e-01
85.89482 1.36073302e-01
86.19215 1.34975617e-01
86.49052 1.33887746e-01
86.78991 1.32809630e-01
87.09034 1.31741130e-01
87.39181 1.30682168e-01
87.69432 1.29632643e-01
87.99789 1.28592458e-01
88.30250 1.27561514e-01
88.60816 1.26539730e-01
88.91489 1.25526989e-01
89.22267 1.24523231e-01
89.53153 1.23528338e-01
89.84145 1.22542230e-01
90.15244 1.21564828e-01
90.46451 1.20596013e-01
90.77766 1.19635747e-01
91.09190 1.18683889e-01
91.40722 1.17740402e-01
91.72363 1.16805185e-01
92.04114 1.15878160e-01
92.35975 1.14959227e-01
92.67946 1.14048328e-01
93.00028 1.13145364e-01
93.32221 1.12250274e-01
93.64525 1.11362961e-01
93.96941 1.10483365e-01
94.29469 1.09611406e-01
94.62110 1.08747006e-01
94.94864 1.07890085e-01
95.27731 1.07040584e-01
95.60712 1.06198424e-01
95.93807 1.05363505e-01
96.27017 1.04535809e-01
96.60342 1.03715236e-01
96.93782 1.02901708e-01
97.27338 1.02095164e-01
97.61010 1.01295545e-01
97.94798 1.00502772e-01
98.28704 9.97167864e-02
98.62727 9.89375281e-02
98.96867 9.81649181e-02
99.31126 9.73988971e-02
99.65504 9.66394057e-02
100.00000 9.58863647e-02
