        2000  0.100000 3.700000
0.10000 2.82572848e-03
0.10035 2.83208557e-03
0.10069 2.80121475e-03
0.10104 2.70688843e-03
0.10139 2.81760180e-03
0.10174 2.86469787e-03
0.10210 2.88544796e-03
0.10245 2.89483412e-03
0.10280 2.90998439e-03
0.10316 2.91926941e-03
0.10352 2.92710552e-03
0.10387 2.93358989e-03
0.10423 2.93867912e-03
0.10459 2.94001112e-03
0.10496 2.93046611e-03
0.10532 2.85202463e-03
0.10568 2.92582039e-03
0.10605 2.95327784e-03
0.10642 2.96152983e-03
0.10679 2.97095447e-03
0.10716 2.96421257e-03
0.10753 2.98676531e-03
0.10790 2.99411055e-03
0.10827 2.99870151e-03
0.10865 2.96986519e-03
0.10902 3.00826033e-03
0.10940 3.01154544e-03
0.10978 3.00892337e-03
0.11016 2.91346288e-03
0.11054 3.00918188e-03
0.11092 3.00400731e-03
0.11131 2.98189759e-03
0.11169 2.91474357e-03
0.11208 2.87827736e-03
0.11247 2.88095616e-03
0.11286 2.99251609e-03
0.11325 3.01220503e-03
0.11364 3.06134448e-03
0.11403 3.07800583e-03
0.11443 3.08949359e-03
0.11482 3.09734055e-03
0.11522 3.10230644e-03
0.11562 3.09734499e-03
0.11602 3.11596043e-03
0.11642 3.10551064e-03
0.11682 3.01553897e-03
0.11723 3.12423067e-03
0.11763 3.14168727e-03
0.11804 3.14229604e-03
0.11845 3.14641883e-03
0.11886 3.13071307e-03
0.11927 3.04990753e-03
0.11968 3.00906496e-03
0.12010 3.11273847e-03
0.12051 3.05920243e-03
0.12093 3.14501529e-03
0.12135 3.18478487e-03
0.12177 3.19016220e-03
0.12219 3.20675547e-03
0.12262 3.20958276e-03
0.12304 3.22314893e-03
0.12347 3.23500965e-03
0.12389 3.24172392e-03
0.12432 3.24757683e-03
0.12475 3.24994433e-03
0.12518 3.16890151e-03
0.12562 3.21279387e-03
0.12605 3.26917249e-03
0.12649 3.27514035e-03
0.12693 3.27822615e-03
0.12737 3.27841016e-03
0.12781 3.27289519e-03
0.12825 3.25490135e-03
0.12869 3.20898977e-03
0.12914 3.13104508e-03
0.12959 3.13022417e-03
0.13003 3.21966304e-03
0.13048 3.27105555e-03
0.13094 3.22343753e-03
0.13139 3.32452696e-03
0.13184 3.34408072e-03
0.13230 3.32452893e-03
0.13276 3.27492328e-03
0.13322 3.33425549e-03
0.13368 3.38109256e-03
0.13414 3.34514385e-03
0.13461 3.40024425e-03
0.13507 3.40826980e-03
0.13554 3.41157760e-03
0.13601 3.42253749e-03
0.13648 3.42888719e-03
0.13695 3.42222275e-03
0.13743 3.44285987e-03
0.13790 3.44974285e-03
0.13838 3.45593024e-03
0.13886 3.46212947e-03
0.13934 3.45692727e-03
0.13982 3.47085061e-03
0.14031 3.44806009e-03
0.14079 3.40206120e-03
0.14128 3.41423519e-03
0.14177 3.48616319e-03
0.14226 3.50402432e-03
0.14275 3.51356292e-03
0.14324 3.52026979e-03
0.14374 3.51926487e-03
0.14424 3.51998563e-03
0.14474 3.53030271e-03
0.14524 3.52381143e-03
0.14574 3.48149280e-03
0.14625 3.32964036e-03
0.14675 3.44821599e-03
0.14726 3.53666424e-03
0.14777 3.54645543e-03
0.14828 3.57851864e-03
0.14879 3.58631923e-03
0.14931 3.55498023e-03
0.14983 3.58348355e-03
0.15034 3.48486079e-03
0.15087 3.51018507e-03
0.15139 3.49744276e-03
0.15191 3.54537552e-03
0.15244 3.47527581e-03
0.15297 3.39198339e-03
0.15349 3.45423071e-03
0.15403 3.55612624e-03
0.15456 3.61351719e-03
0.15509 3.64142259e-03
0.15563 3.58568973e-03
0.15617 3.66907392e-03
0.15671 3.69282644e-03
0.15725 3.70360331e-03
0.15780 3.70824557e-03
0.15834 3.70952577e-03
0.15889 3.72993744e-03
0.15944 3.74105175e-03
0.15999 3.74902648e-03
0.16055 3.75620547e-03
0.16110 3.71709992e-03
0.16166 3.77109427e-03
0.16222 3.77951103e-03
0.16278 3.78528895e-03
0.16335 3.79383595e-03
0.16391 3.80183781e-03
0.16448 3.80897240e-03
0.16505 3.81582085e-03
0.16562 3.82198703e-03
0.16619 3.82541569e-03
0.16677 3.79433224e-03
0.16734 3.78120661e-03
0.16792 3.84406715e-03
0.16851 3.84974985e-03
0.16909 3.84041007e-03
0.16967 3.74104089e-03
0.17026 3.80107956e-03
0.17085 3.85149823e-03
0.17144 3.88967976e-03
0.17204 3.90098104e-03
0.17263 3.90995083e-03
0.17323 3.91798032e-03
0.17383 3.92537193e-03
0.17443 3.93153712e-03
0.17503 3.91904839e-03
0.17564 3.93198852e-03
0.17625 3.94008363e-03
0.17686 3.88985884e-03
0.17747 3.95964972e-03
0.17808 3.97516407e-03
0.17870 3.98290693e-03
0.17932 3.98967103e-03
0.17994 3.99474447e-03
0.18056 3.89870085e-03
0.18119 4.00616809e-03
0.18182 4.01352567e-03
0.18244 4.01816152e-03
0.18308 4.02107811e-03
0.18371 4.02147623e-03
0.18435 4.01745753e-03
0.18498 4.00457561e-03
0.18562 3.96189685e-03
0.18627 3.90660109e-03
0.18691 3.77905519e-03
0.18756 3.71219767e-03
0.18821 3.73928068e-03
0.18886 3.67536145e-03
0.18951 3.93350453e-03
0.19017 4.03748588e-03
0.19083 4.07887457e-03
0.19149 4.09931140e-03
0.19215 4.06965664e-03
0.19282 4.10856041e-03
0.19348 4.14330588e-03
0.19415 4.15667817e-03
0.19483 4.16712105e-03
0.19550 4.17418312e-03
0.19618 4.05242944e-03
0.19686 3.39297400e-03
0.19754 2.86104375e-03
0.19822 2.53099881e-03
0.19891 2.23146457e-03
0.19960 1.98532479e-03
0.20029 1.79460113e-03
0.20098 1.63325745e-03
0.20168 1.49633279e-03
0.20237 1.37209715e-03
0.20307 1.27534757e-03
0.20378 1.19269500e-03
0.20448 1.11118104e-03
0.20519 1.04436595e-03
0.20590 9.85384000e-04
0.20661 9.29980200e-04
0.20733 8.82931493e-04
0.20805 8.43638480e-04
0.20877 7.99812720e-04
0.20949 7.64936027e-04
0.21021 7.36119933e-04
0.21094 7.08238213e-04
0.21167 6.81989427e-04
0.21240 6.55635560e-04
0.21314 6.35667400e-04
0.21388 5.93521440e-04
0.21462 5.97632387e-04
0.21536 5.81351893e-04
0.21611 5.65377760e-04
0.21685 5.51115987e-04
0.21760 5.38342107e-04
0.21836 5.23340333e-04
0.21911 5.12386360e-04
0.21987 5.02532027e-04
0.22063 4.93112369e-04
0.22140 4.83257444e-04
0.22216 4.74797172e-04
0.22293 4.65906319e-04
0.22370 4.60107383e-04
0.22448 4.51510260e-04
0.22526 4.45853601e-04
0.22604 4.37584348e-04
0.22682 4.32177661e-04
0.22760 4.26836045e-04
0.22839 4.21566505e-04
0.22918 4.16567312e-04
0.22998 4.12458733e-04
0.23077 4.08411723e-04
0.23157 4.04426675e-04
0.23237 4.00504033e-04
0.23318 3.98267655e-04
0.23398 3.94698931e-04
0.23479 3.90930209e-04
0.23561 3.88853720e-04
0.23642 3.85347945e-04
0.23724 3.83108557e-04
0.23806 3.79898733e-04
0.23889 3.78010451e-04
0.23971 3.74582475e-04
0.24054 3.72791921e-04
0.24137 3.70898853e-04
0.24221 3.67615572e-04
0.24305 3.65933700e-04
0.24389 3.64778757e-04
0.24473 3.63697568e-04
0.24558 3.62622151e-04
0.24643 3.60710731e-04
0.24728 3.59919029e-04
0.24814 3.58612140e-04
0.24900 3.57573131e-04
0.24986 3.56541077e-04
0.25073 3.55509517e-04
0.25159 3.54940359e-04
0.25246 3.53753645e-04
0.25334 3.52595743e-04
0.25422 3.52241036e-04
0.25510 3.51242184e-04
0.25598 3.50250781e-04
0.25687 3.49266779e-04
0.25775 3.48290423e-04
0.25865 3.47323933e-04
0.25954 3.46489756e-04
0.26044 3.46100171e-04
0.26134 3.45144189e-04
0.26225 3.44196151e-04
0.26315 3.43929159e-04
0.26406 3.42986399e-04
0.26498 3.42665535e-04
0.26590 3.42371557e-04
0.26682 3.42076001e-04
0.26774 3.41778817e-04
0.26867 3.41479956e-04
0.26960 3.41179368e-04
0.27053 3.40876955e-04
0.27147 3.40572667e-04
0.27241 3.40266504e-04
0.27335 3.39958368e-04
0.27430 3.39648259e-04
0.27525 3.39336077e-04
0.27620 3.39021775e-04
0.27715 3.38705301e-04
0.27811 3.38386657e-04
0.27908 3.38065695e-04
0.28004 3.37742512e-04
0.28101 3.37416961e-04
0.28198 3.37088993e-04
0.28296 3.36758657e-04
0.28394 3.36425855e-04
0.28492 3.36090536e-04
0.28591 3.35752701e-04
0.28690 3.35412301e-04
0.28789 3.35069336e-04
0.28889 3.34723805e-04
0.28989 3.34375561e-04
0.29089 3.34024703e-04
0.29190 3.33671180e-04
0.29291 3.33314993e-04
0.29392 3.32956044e-04
0.29494 3.32594431e-04
0.29596 3.32230055e-04
0.29699 3.31862965e-04
0.29801 3.31493163e-04
0.29905 3.31120597e-04
0.30008 3.30745319e-04
0.30112 3.30367277e-04
0.30216 3.29986523e-04
0.30321 3.29603005e-04
0.30426 3.29216824e-04
0.30531 3.28827929e-04
0.30637 3.28436272e-04
0.30743 3.28042000e-04
0.30849 3.27645015e-04
0.30956 3.27245365e-04
0.31063 3.26843101e-04
0.31171 3.26438223e-04
0.31279 3.26030680e-04
0.31387 3.25620572e-04
0.31496 3.25207899e-04
0.31605 3.24792660e-04
0.31714 3.24374905e-04
0.31824 3.23954635e-04
0.31934 3.23531848e-04
0.32044 3.23106644e-04
0.32155 3.22678924e-04
0.32267 3.22248787e-04
0.32378 3.21816281e-04
0.32490 3.21381359e-04
0.32603 3.20944019e-04
0.32716 3.20504360e-04
0.32829 3.20062383e-04
0.32943 3.19618037e-04
0.33057 3.19171423e-04
0.33171 3.18722539e-04
0.33286 3.18271385e-04
0.33401 3.17817963e-04
0.33517 3.17362271e-04
0.33633 3.16904359e-04
0.33749 3.16444276e-04
0.33866 3.15981973e-04
0.33983 3.15517451e-04
0.34101 3.15050807e-04
0.34219 3.14581943e-04
0.34337 3.14110908e-04
0.34456 3.13637752e-04
0.34576 3.13162425e-04
0.34695 3.12684928e-04
0.34815 3.12205359e-04
0.34936 3.11723569e-04
0.35057 3.11239708e-04
0.35178 3.10753725e-04
0.35300 3.10265572e-04
0.35422 3.09775297e-04
0.35545 3.09282901e-04
0.35668 3.08788384e-04
0.35791 3.08291745e-04
0.35915 3.07792985e-04
0.36039 3.07292055e-04
0.36164 3.06789003e-04
0.36289 3.06283829e-04
0.36415 3.05776485e-04
0.36541 3.05267020e-04
0.36668 3.04755384e-04
0.36795 3.04241577e-04
0.36922 3.03725649e-04
0.37050 3.03207551e-04
0.37178 3.02687232e-04
0.37307 3.02164792e-04
0.37436 3.01640132e-04
0.37565 3.01113301e-04
0.37695 3.00584251e-04
0.37826 3.00053029e-04
0.37957 2.99519588e-04
0.38088 2.98983927e-04
0.38220 2.98446045e-04
0.38352 2.97905944e-04
0.38485 2.97363672e-04
0.38618 2.96819081e-04
0.38752 2.96272320e-04
0.38886 2.95723289e-04
0.39021 2.95172039e-04
0.39156 2.94618519e-04
0.39291 1.44009081e-03
0.39427 1.43339480e-03
0.39564 1.42658927e-03
0.39701 1.35211616e-03
0.39838 1.34548132e-03
0.39976 1.33876705e-03
0.40115 1.33196892e-03
0.40253 1.32511307e-03
0.40393 1.31818173e-03
0.40533 1.31120057e-03
0.40673 1.30415873e-03
0.40814 1.23223961e-03
0.40955 1.22545135e-03
0.41097 1.21864285e-03
0.41239 1.21178700e-03
0.41382 1.20489316e-03
0.41525 1.19798896e-03
0.41669 1.19105171e-03
0.41813 1.18410015e-03
0.41958 1.11519677e-03
0.42103 1.10857673e-03
0.42249 1.10195916e-03
0.42395 1.09532728e-03
0.42542 1.08869984e-03
0.42689 1.08207635e-03
0.42837 1.07544595e-03
0.42985 1.06884416e-03
0.43134 1.06223300e-03
0.43283 1.05563960e-03
0.43433 1.04906988e-03
0.43583 1.04251348e-03
0.43734 9.78431453e-04
0.43886 9.72278600e-04
0.44037 9.66148440e-04
0.44190 9.60042947e-04
0.44343 9.53964587e-04
0.44496 9.47912373e-04
0.44650 9.41890253e-04
0.44805 9.35899707e-04
0.44960 9.29945667e-04
0.45116 9.24015800e-04
0.45272 8.64127600e-04
0.45429 8.58617067e-04
0.45586 8.53141067e-04
0.45744 8.47703053e-04
0.45902 8.42304507e-04
0.46061 8.36934080e-04
0.46220 8.31606573e-04
0.46380 8.26314587e-04
0.46541 8.21061080e-04
0.46702 8.15847040e-04
0.46864 8.10678880e-04
0.47026 7.58423533e-04
0.47189 7.50429560e-04
0.47352 7.45692080e-04
0.47516 7.40991107e-04
0.47680 7.36330093e-04
0.47845 7.31706573e-04
0.48011 7.27124493e-04
0.48177 7.22575960e-04
0.48344 7.18075280e-04
0.48511 7.13606173e-04
0.48679 7.09176040e-04
0.48848 7.04786360e-04
0.49017 7.00431213e-04
0.49186 6.96116520e-04
0.49357 6.91841787e-04
0.49528 6.87607507e-04
0.49699 6.83406773e-04
0.49871 6.33966387e-04
0.50044 6.30116907e-04
0.50217 6.26304920e-04
0.50391 6.22524013e-04
0.50565 6.18781587e-04
0.50740 6.15064813e-04
0.50916 6.11390960e-04
0.51092 6.07745720e-04
0.51269 6.04133533e-04
0.51446 6.00557360e-04
0.51625 5.97013253e-04
0.51803 5.93499733e-04
0.51983 5.90018280e-04
0.52163 5.86568400e-04
0.52343 5.83150093e-04
0.52524 5.38357893e-04
0.52706 5.35241507e-04
0.52889 5.32154720e-04
0.53072 5.29094573e-04
0.53255 5.26064027e-04
0.53440 5.23059133e-04
0.53625 5.20084333e-04
0.53810 5.17133707e-04
0.53997 5.14209227e-04
0.54183 5.11311387e-04
0.54371 5.08443147e-04
0.54559 5.05596613e-04
0.54748 5.02776227e-04
0.54938 4.99980013e-04
0.55128 4.97210933e-04
0.55319 4.94465040e-04
0.55510 4.91742531e-04
0.55702 4.56119079e-04
0.55895 4.48959085e-04
0.56089 4.46512399e-04
0.56283 4.44084853e-04
0.56478 4.41680445e-04
0.56673 4.39294044e-04
0.56869 4.36930484e-04
0.57066 4.34584536e-04
0.57264 4.32261281e-04
0.57462 4.29955737e-04
0.57661 4.27669631e-04
0.57860 4.25402567e-04
0.58061 4.23156371e-04
0.58262 4.20926899e-04
0.58463 4.18715335e-04
0.58666 4.16522369e-04
0.58869 4.14346671e-04
0.59073 4.12189867e-04
0.59277 4.10049195e-04
0.59482 4.07926233e-04
0.59688 4.05820884e-04
0.59895 4.03732209e-04
0.60102 4.01658187e-04
0.60310 3.99603256e-04
0.60519 3.97562780e-04
0.60728 3.95538239e-04
0.60939 3.93530125e-04
0.61150 3.91536023e-04
0.61361 3.89557904e-04
0.61574 3.55297088e-04
0.61787 3.53511665e-04
0.62001 3.51738625e-04
0.62215 3.49980879e-04
0.62431 3.48235169e-04
0.62647 3.46501152e-04
0.62864 3.44782083e-04
0.63081 3.43073965e-04
0.63300 3.41379563e-04
0.63519 3.39696655e-04
0.63739 3.38026277e-04
0.63959 3.36367888e-04
0.64181 3.34721289e-04
0.64403 3.33086383e-04
0.64626 3.31463119e-04
0.64849 3.29851251e-04
0.65074 3.28250729e-04
0.65299 3.26660469e-04
0.65525 3.25082987e-04
0.65752 3.23514680e-04
0.65980 3.21958016e-04
0.66208 3.20412896e-04
0.66437 3.18876409e-04
0.66667 3.17352305e-04
0.66898 3.15836341e-04
0.67130 3.14331773e-04
0.67362 3.12837911e-04
0.67595 3.11352484e-04
0.67829 3.09877615e-04
0.68064 3.08411773e-04
0.68299 2.79052619e-04
0.68536 2.77737984e-04
0.68773 2.76431095e-04
0.69011 2.75133924e-04
0.69250 2.73844153e-04
0.69490 2.72563115e-04
0.69730 2.71290117e-04
0.69972 2.70024668e-04
0.70214 2.68768099e-04
0.70457 2.67518979e-04
0.70701 2.66277703e-04
0.70946 2.65044172e-04
0.71191 2.63818288e-04
0.71438 2.62600149e-04
0.71685 2.61389608e-04
0.71933 2.60185776e-04
0.72182 2.58989985e-04
0.72432 2.57801496e-04
0.72683 2.56620160e-04
0.72934 2.55445731e-04
0.73187 2.54278356e-04
0.73440 2.53118283e-04
0.73694 2.51964623e-04
0.73949 2.50818264e-04
0.74205 2.49678763e-04
0.74462 2.48545872e-04
0.74720 2.47419395e-04
0.74979 2.46299775e-04
0.75238 2.45186568e-04
0.75499 2.44079824e-04
0.75760 2.42980036e-04
0.76022 2.41885823e-04
0.76285 2.40798516e-04
0.76549 2.39716932e-04
0.76814 2.38642107e-04
0.77080 2.37572856e-04
0.77347 2.36510216e-04
0.77615 2.35453151e-04
0.77884 2.34402548e-04
0.78153 2.33357421e-04
0.78424 2.32318165e-04
0.78695 2.31285372e-04
0.78968 2.30257857e-04
0.79241 2.29236164e-04
0.79515 2.28220045e-04
0.79790 2.27209847e-04
0.80067 2.26204877e-04
0.80344 2.25205927e-04
0.80622 2.24212156e-04
0.80901 2.23223812e-04
0.81181 2.22240895e-04
0.81462 2.21263355e-04
0.81744 2.20291143e-04
0.82027 2.19324456e-04
0.82311 2.18362949e-04
0.82596 2.17406277e-04
0.82882 2.16455180e-04
0.83169 2.15508917e-04
0.83457 2.14568081e-04
0.83745 2.13631735e-04
0.84035 2.12700864e-04
0.84326 2.11774729e-04
0.84618 2.10853775e-04
0.84911 2.09937507e-04
0.85205 2.09026172e-04
0.85500 2.08119475e-04
0.85796 2.07217760e-04
0.86093 2.06320979e-04
0.86391 2.05428341e-04
0.86690 2.04540983e-04
0.86990 2.03658015e-04
0.87291 2.02779635e-04
0.87593 2.01905843e-04
0.87897 2.01036589e-04
0.88201 2.00171875e-04
0.88506 1.99311699e-04
0.88813 1.98455913e-04
0.89120 1.97604765e-04
0.89428 1.96757811e-04
0.89738 1.95915247e-04
0.90049 1.95077123e-04
0.90360 1.94242945e-04
0.90673 1.93413356e-04
0.90987 1.92587960e-04
0.91302 1.91766955e-04
0.91618 1.90949748e-04
0.91935 1.90136932e-04
0.92253 1.89328408e-04
0.92573 1.88523683e-04
0.92893 1.87723200e-04
0.93215 1.86926763e-04
0.93537 1.86134371e-04
0.93861 1.85345777e-04
0.94186 1.84561328e-04
0.94512 1.83780875e-04
0.94839 1.83004269e-04
0.95168 1.82231561e-04
0.95497 1.81462751e-04
0.95828 1.80697739e-04
0.96159 1.79936624e-04
0.96492 1.79179259e-04
0.96826 1.78425692e-04
0.97161 1.77675875e-04
0.97498 1.76929757e-04
0.97835 1.76187340e-04
0.98174 1.75448672e-04
0.98514 1.74713605e-04
0.98855 1.73982140e-04
0.99197 1.73254424e-04
0.99540 1.72530211e-04
0.99885 1.71809549e-04
1.00231 1.71092341e-04
1.00578 1.70378833e-04
1.00926 1.69668828e-04
1.01275 1.68962227e-04
1.01626 1.68259128e-04
1.01978 1.67559384e-04
1.02330 1.66863093e-04
1.02685 1.81829001e-04
1.03040 1.82028604e-04
1.03397 1.81273952e-04
1.03755 1.80522852e-04
1.04114 1.79775403e-04
1.04474 1.79031703e-04
1.04836 1.78291505e-04
1.05199 1.77554860e-04
1.05563 1.76821915e-04
1.05928 1.76092423e-04
1.06295 1.75366532e-04
1.06663 1.74643996e-04
1.07032 1.73925111e-04
1.07403 1.73209580e-04
1.07775 1.72497552e-04
1.08148 1.71788829e-04
1.08522 1.71083609e-04
1.08898 1.70381843e-04
1.09275 1.69683332e-04
1.09653 1.68988127e-04
1.10032 1.68296325e-04
1.10413 1.67607829e-04
1.10796 1.66922639e-04
1.11179 1.66240605e-04
1.11564 1.70391117e-04
1.11950 1.79875993e-04
1.12338 1.79142653e-04
1.12726 1.78412717e-04
1.13117 1.77686235e-04
1.13508 1.76963255e-04
1.13901 1.76243728e-04
1.14295 1.75527605e-04
1.14691 1.74814788e-04
1.15088 1.74105424e-04
1.15487 1.73399365e-04
1.15886 1.72696661e-04
1.16287 1.71997213e-04
1.16690 1.71301071e-04
1.17094 1.70608233e-04
1.17499 1.69918701e-04
1.17906 1.69232327e-04
1.18314 1.68549159e-04
1.18724 1.67869247e-04
1.19135 1.67192541e-04
1.19547 1.66518944e-04
1.19961 1.65848504e-04
1.20376 1.65417133e-04
1.20793 1.78226632e-04
1.21211 1.77510460e-04
1.21630 1.76797643e-04
1.22052 1.76088081e-04
1.22474 1.75381875e-04
1.22898 1.74678973e-04
1.23323 1.73979279e-04
1.23750 1.73282840e-04
1.24179 1.72589657e-04
1.24609 1.71899681e-04
1.25040 1.71212863e-04
1.25473 1.70529251e-04
1.25907 1.75370577e-04
1.26343 1.82184497e-04
1.26780 1.81458459e-04
1.27219 1.80735725e-04
1.27659 1.80016347e-04
1.28101 1.79300273e-04
1.28545 1.78587456e-04
1.28990 1.77877944e-04
1.29436 1.77171688e-04
1.29884 1.76468688e-04
1.30334 1.75768895e-04
1.30785 1.86335749e-04
1.31238 1.86834411e-04
1.31692 1.86094855e-04
1.32148 1.85358653e-04
1.32605 1.84625856e-04
1.33064 1.83896413e-04
1.33525 1.83170227e-04
1.33987 1.82447395e-04
1.34451 1.81727868e-04
1.34916 1.81011548e-04
1.35383 1.91887229e-04
1.35852 1.91561185e-04
1.36322 1.90807520e-04
1.36794 1.90057209e-04
1.37268 1.89310352e-04
1.37743 1.88566849e-04
1.38220 1.87826652e-04
1.38698 1.87089859e-04
1.39178 1.86356420e-04
1.39660 1.85626237e-04
1.40144 1.84899360e-04
1.40629 1.95686587e-04
1.41115 1.94921180e-04
1.41604 1.94159227e-04
1.42094 1.93400677e-04
1.42586 1.92645581e-04
1.43080 1.91893791e-04
1.43575 1.91145404e-04
1.44072 1.96234828e-04
1.44571 2.00814984e-04
1.45071 2.00033149e-04
1.45573 1.99254817e-04
1.46077 1.98479939e-04
1.46583 1.97708563e-04
1.47090 1.96940541e-04
1.47599 2.02731337e-04
1.48110 2.06271053e-04
1.48623 2.05471163e-04
1.49137 2.04674824e-04
1.49654 2.03882037e-04
1.50172 2.03092753e-04
1.50692 2.05438948e-04
1.51213 2.12131015e-04
1.51737 2.11311144e-04
1.52262 2.10494875e-04
1.52789 2.09682256e-04
1.53318 2.08873140e-04
1.53849 2.08067675e-04
1.54381 2.07265761e-04
1.54916 2.07979023e-04
1.55452 2.15955927e-04
1.55990 2.15124907e-04
1.56530 2.14297488e-04
1.57072 2.13473819e-04
1.57615 2.12653701e-04
1.58161 2.21924471e-04
1.58709 2.21072879e-04
1.59258 2.20224888e-04
1.59809 2.19380597e-04
1.60362 2.18540056e-04
1.60918 2.27598643e-04
1.61475 2.26727416e-04
1.62034 2.25860185e-04
1.62594 2.24996605e-04
1.63157 2.24136725e-04
1.63722 2.23280693e-04
1.64289 2.31081724e-04
1.64857 2.31213395e-04
1.65428 2.30331660e-04
1.66001 2.29453675e-04
1.66575 2.29989928e-04
1.67152 2.36566801e-04
1.67731 2.36294235e-04
1.68311 2.35395332e-04
1.68894 2.35746832e-04
1.69478 2.42879988e-04
1.70065 2.42030863e-04
1.70654 2.41112029e-04
1.71245 2.40197241e-04
1.71837 2.48489484e-04
1.72432 2.47547661e-04
1.73029 2.46609785e-04
1.73628 2.45675905e-04
1.74229 2.45702052e-04
1.74832 2.51896641e-04
1.75437 2.51894421e-04
1.76045 2.50942337e-04
1.76654 2.52550357e-04
1.77266 2.57945204e-04
1.77879 2.56971907e-04
1.78495 2.56002507e-04
1.79113 2.62826491e-04
1.79733 2.62837344e-04
1.80355 2.61847372e-04
1.80979 2.65508399e-04
1.81606 2.68542596e-04
1.82234 2.67532595e-04
1.82865 2.66526737e-04
1.83498 2.66135080e-04
1.84133 2.73061085e-04
1.84771 2.72035939e-04
1.85410 2.72099184e-04
1.86052 2.77050031e-04
1.86696 2.77392305e-04
1.87342 2.76352753e-04
1.87991 2.82211531e-04
1.88642 2.82598649e-04
1.89295 2.82680937e-04
1.89950 2.88737689e-04
1.90607 2.87658375e-04
1.91267 2.86583155e-04
1.91929 2.86622769e-04
1.92594 2.91809429e-04
1.93260 2.91481955e-04
1.93929 2.92885784e-04
1.94601 2.97348231e-04
1.95274 2.96240056e-04
1.95950 3.00136452e-04
1.96629 3.01984429e-04
1.97309 3.00860320e-04
1.97992 3.01569931e-04
1.98678 3.06484912e-04
1.99365 3.06698476e-04
2.00055 3.12011331e-04
2.00748 3.10852540e-04
2.01443 3.13293997e-04
2.02140 3.16263025e-04
2.02840 3.17836167e-04
2.03542 3.21578199e-04
2.04247 3.20386404e-04
2.04954 3.22559340e-04
2.05663 3.25589443e-04
2.06375 3.27750045e-04
2.07090 3.30699735e-04
2.07806 3.31270324e-04
2.08526 3.35363165e-04
2.09247 3.35053648e-04
2.09972 3.40648443e-04
2.10699 3.39390541e-04
2.11428 3.39971491e-04
2.12160 3.43235828e-04
2.12894 3.47863936e-04
2.13631 3.48950552e-04
2.14371 3.50608892e-04
2.15113 3.53600367e-04
2.15857 3.53503229e-04
2.16605 3.58165279e-04
2.17354 3.57737904e-04
2.18107 3.60687199e-04
2.18862 3.64509299e-04
2.19619 3.66699501e-04
2.20380 3.65873711e-04
2.21143 3.71505604e-04
2.21908 3.73120629e-04
2.22676 3.75594252e-04
2.23447 3.76251865e-04
2.24220 3.79342105e-04
2.24997 3.82664656e-04
2.25775 3.85049084e-04
2.26557 3.88401185e-04
2.27341 3.91419843e-04
2.28128 3.93184249e-04
2.28918 3.92854999e-04
2.29710 3.96830081e-04
2.30505 3.98658523e-04
2.31303 4.01735048e-04
2.32104 4.05939925e-04
2.32908 4.10129855e-04
2.33714 4.09668144e-04
2.34523 4.12865043e-04
2.35335 4.14328023e-04
2.36149 4.19761547e-04
2.36967 4.23388237e-04
2.37787 4.25414357e-04
2.38610 4.27713143e-04
2.39436 4.30238121e-04
2.40265 4.32373268e-04
2.41097 4.37687208e-04
2.41931 4.39957281e-04
2.42769 4.42406139e-04
2.43609 4.44118745e-04
2.44452 4.48600728e-04
2.45298 4.51597481e-04
2.46148 4.53950089e-04
2.47000 4.59380209e-04
2.47855 4.59888244e-04
2.48713 4.63551836e-04
2.49574 4.63471521e-04
2.50438 4.68852209e-04
2.51304 4.73723827e-04
2.52174 4.76392563e-04
2.53047 4.78508864e-04
2.53923 4.82396972e-04
2.54802 4.84196159e-04
2.55684 4.87696309e-04
2.56569 4.92653125e-04
2.57457 4.94978600e-04
2.58349 4.96427520e-04
2.59243 5.01214333e-04
2.60140 5.05126467e-04
2.61041 5.06935027e-04
2.61944 5.09335587e-04
2.62851 5.13893987e-04
2.63761 5.18391707e-04
2.64674 5.22829240e-04
2.65590 5.27206587e-04
2.66510 5.31524733e-04
2.67432 5.35784667e-04
2.68358 5.39577907e-04
2.69287 5.41487107e-04
2.70219 5.42544813e-04
2.71154 5.46595573e-04
2.72093 5.50590587e-04
2.73035 5.54530347e-04
2.73980 5.58571240e-04
2.74928 5.63307733e-04
2.75880 5.66553867e-04
2.76835 5.69751160e-04
2.77793 5.72897640e-04
2.78755 5.80757427e-04
2.79720 5.84522053e-04
2.80688 5.87509680e-04
2.81660 5.94050787e-04
2.82635 5.98762613e-04
2.83613 6.01595333e-04
2.84595 6.04384147e-04
2.85580 6.08989413e-04
2.86569 6.15168907e-04
2.87561 6.17809227e-04
2.88556 6.20830400e-04
2.89555 6.28161827e-04
2.90557 6.30732587e-04
2.91563 6.33181987e-04
2.92572 6.39114320e-04
2.93585 6.46108800e-04
2.94601 6.50660787e-04
2.95621 6.54669613e-04
2.96644 6.60277333e-04
2.97671 6.62964027e-04
2.98702 6.69565320e-04
2.99736 6.71723653e-04
3.00773 6.77404387e-04
3.01814 6.83758520e-04
3.02859 6.90033227e-04
3.03907 6.94654773e-04
3.04960 6.97340973e-04
3.06015 7.03397627e-04
3.07074 7.09357587e-04
3.08137 7.15235653e-04
3.09204 7.18204040e-04
3.10274 7.21852240e-04
3.11348 7.27526067e-04
3.12426 7.33126880e-04
3.13508 7.38644320e-04
3.14593 7.44074440e-04
3.15682 7.49434507e-04
3.16775 7.54725013e-04
3.17871 7.59947440e-04
3.18972 7.65407653e-04
3.20076 7.74363627e-04
3.21184 7.79905733e-04
3.22295 7.84815387e-04
3.23411 7.89659920e-04
3.24531 7.94440813e-04
3.25654 7.99146720e-04
3.26781 8.07158947e-04
3.27912 8.15413400e-04
3.29047 8.22094120e-04
3.30187 8.26503533e-04
3.31330 8.30839440e-04
3.32476 8.38258187e-04
3.33627 8.46026707e-04
3.34782 8.52542160e-04
3.35941 8.56768547e-04
3.37104 8.64239587e-04
3.38271 8.68985947e-04
3.39442 8.76014960e-04
3.40617 8.85554547e-04
3.41796 8.89245667e-04
3.42979 8.95764080e-04
3.44166 9.02684560e-04
3.45358 9.09525120e-04
3.46553 9.16270467e-04
3.47753 9.22895440e-04
3.48957 9.31308747e-04
3.50164 9.40260773e-04
3.51377 9.46625267e-04
3.52593 9.52874813e-04
3.53814 9.60780973e-04
3.55038 9.69440453e-04
3.56267 9.75432480e-04
3.57500 9.81322880e-04
3.58738 9.88567973e-04
3.59980 9.97398147e-04
3.61226 1.00606453e-03
3.62476 1.01248527e-03
3.63731 1.01891291e-03
3.64990 1.02729513e-03
3.66254 1.03825059e-03
3.67521 1.04624160e-03
3.68794 1.05170280e-03
3.70070 1.05960748e-03
3.71351 1.06740560e-03
3.72637 1.07593089e-03
3.73927 1.08638660e-03
3.75221 1.09425576e-03
3.76520 1.10163899e-03
3.77823 1.10894279e-03
3.79131 1.11877443e-03
3.80443 1.12857992e-03
3.81760 1.13810717e-03
3.83082 1.14492899e-03
3.84408 1.15489728e-03
3.85739 1.16621287e-03
3.87074 1.17272388e-03
3.88414 1.18256045e-03
3.89758 1.19372261e-03
3.91107 1.20251875e-03
3.92461 1.21119401e-03
3.93820 1.21979528e-03
3.95183 1.22823375e-03
3.96551 1.23985421e-03
3.97924 1.25243569e-03
3.99301 1.26049577e-03
4.00683 1.26995988e-03
4.02070 1.28031544e-03
4.03462 1.29044308e-03
4.04859 1.30175916e-03
4.06260 1.31413048e-03
4.07667 1.32150877e-03
4.09078 1.33077703e-03
4.10494 1.34266883e-03
4.11915 1.35231843e-03
4.13341 1.36222456e-03
4.14771 1.37363191e-03
4.16207 1.38644624e-03
4.17648 1.39965869e-03
4.19094 1.41056087e-03
4.20545 1.42136339e-03
4.22000 1.43206576e-03
4.23461 1.44448345e-03
4.24927 1.45708565e-03
4.26398 1.46947177e-03
4.27874 1.48168424e-03
4.29355 1.49384145e-03
4.30841 1.50567455e-03
4.32332 1.51745584e-03
4.33829 1.52906348e-03
4.35331 1.54192073e-03
4.36838 1.55537541e-03
4.38350 1.56847835e-03
4.39867 1.58223988e-03
4.41390 1.59712572e-03
4.42918 1.60911175e-03
4.44451 1.61967352e-03
4.45990 1.63379272e-03
4.47533 1.64851181e-03
4.49083 1.66441047e-03
4.50637 1.67907431e-03
4.52197 1.69272040e-03
4.53762 1.70606605e-03
4.55333 1.71954688e-03
4.56909 1.73441101e-03
4.58491 1.74983952e-03
4.60078 1.76626752e-03
4.61670 1.78142025e-03
4.63269 1.79565983e-03
4.64872 1.81105084e-03
4.66481 1.82680001e-03
4.68096 1.84210173e-03
4.69717 1.85781341e-03
4.71343 1.87455863e-03
4.72974 1.89116768e-03
4.74611 1.90755375e-03
4.76254 1.92368279e-03
4.77903 1.93970773e-03
4.79557 1.95673020e-03
4.81217 1.97412020e-03
4.82883 1.99261773e-03
4.84555 2.01104719e-03
4.86232 2.02750972e-03
4.87915 2.04477491e-03
4.89604 2.06414465e-03
4.91299 2.08277440e-03
4.92999 2.10007955e-03
4.94706 2.11877195e-03
4.96418 2.13888613e-03
4.98137 2.15868607e-03
4.99861 2.17833455e-03
5.01591 2.19867123e-03
5.03328 2.21942477e-03
5.05070 2.23851628e-03
5.06818 2.25722249e-03
5.08573 2.27797505e-03
5.10333 2.29928656e-03
5.12100 2.31999028e-03
5.13873 2.34078181e-03
5.15651 2.36231039e-03
5.17436 2.38407971e-03
5.19228 2.40654265e-03
5.21025 2.42924092e-03
5.22828 2.45119968e-03
5.24638 2.47332617e-03
5.26454 2.49745461e-03
5.28277 2.52188103e-03
5.30105 2.54551367e-03
5.31940 2.56931651e-03
5.33782 2.59363389e-03
5.35629 2.61820781e-03
5.37484 2.64323757e-03
5.39344 2.66853916e-03
5.41211 2.69423788e-03
5.43084 2.72021928e-03
5.44965 2.74752627e-03
5.46851 2.77547557e-03
5.48744 2.80200112e-03
5.50643 2.82788829e-03
5.52550 2.85547845e-03
5.54462 2.88451951e-03
5.56381 2.91325667e-03
5.58308 2.94150247e-03
5.60240 2.97036789e-03
5.62179 3.00031964e-03
5.64125 3.03053927e-03
5.66078 3.06087335e-03
5.68038 3.09151231e-03
5.70004 3.12219468e-03
5.71977 3.15317897e-03
5.73957 3.18612081e-03
5.75944 3.21981351e-03
5.77938 3.25285303e-03
5.79938 3.28556645e-03
5.81946 3.31931637e-03
5.83960 3.35453495e-03
5.85982 3.39002633e-03
5.88010 3.42533667e-03
5.90045 3.46101552e-03
5.92088 3.49745707e-03
5.94137 3.53432387e-03
5.96194 3.57177083e-03
5.98258 3.60972395e-03
6.00329 3.64852560e-03
6.02407 3.68857292e-03
6.04492 3.72906079e-03
6.06585 3.76999167e-03
6.08684 3.81137247e-03
6.10791 3.85238031e-03
6.12906 3.89351148e-03
6.15027 3.93581629e-03
6.17156 3.97977328e-03
6.19293 4.02423643e-03
6.21436 4.06981599e-03
6.23588 4.11591256e-03
6.25746 4.16282067e-03
6.27912 4.21042635e-03
6.30086 4.25864425e-03
6.32267 4.30762732e-03
6.34455 4.35717427e-03
6.36652 4.40738327e-03
6.38856 4.45819117e-03
6.41067 4.51064533e-03
6.43286 4.56544431e-03
6.45513 4.62091027e-03
6.47747 4.67580051e-03
6.49990 4.73123637e-03
6.52240 4.78831455e-03
6.54497 4.84734977e-03
6.56763 4.90711365e-03
6.59037 4.96765947e-03
6.61318 5.02896107e-03
6.63607 5.09166867e-03
6.65904 5.15611280e-03
6.68209 5.22137093e-03
6.70522 5.28850867e-03
6.72843 5.35667747e-03
6.75172 5.42572440e-03
6.77510 5.49566920e-03
6.79855 5.56651680e-03
6.82208 5.63985080e-03
6.84570 5.71483253e-03
6.86939 5.79088973e-03
6.89317 5.86880187e-03
6.91704 5.94775987e-03
6.94098 6.02871587e-03
6.96500 6.11195107e-03
6.98911 6.19633573e-03
7.01331 6.28309333e-03
7.03759 6.37141480e-03
7.06195 6.46119653e-03
7.08639 6.55457960e-03
7.11092 6.64931440e-03
7.13554 6.74610147e-03
7.16024 6.84545880e-03
7.18502 6.94628133e-03
7.20990 7.05026613e-03
7.23485 7.15679160e-03
7.25990 7.26493027e-03
7.28503 7.37754840e-03
7.31025 7.49235693e-03
7.33555 7.60911907e-03
7.36094 7.72986240e-03
7.38642 7.85251493e-03
7.41199 7.97798933e-03
7.43765 8.10809613e-03
7.46340 8.24031933e-03
7.48923 8.37645960e-03
7.51516 8.51748880e-03
7.54117 8.66089093e-03
7.56727 8.80862947e-03
7.59347 8.96064027e-03
7.61975 9.11527560e-03
7.64613 9.27600360e-03
7.67260 9.44169947e-03
7.69916 9.61035040e-03
7.72581 9.78543440e-03
7.75255 9.96530373e-03
7.77939 1.01484784e-02
7.80632 1.03417664e-02
7.83334 1.05413987e-02
7.86046 1.07448839e-02
7.88767 1.09583591e-02
7.91497 1.11784301e-02
7.94237 1.14029116e-02
7.96986 1.16377481e-02
7.99745 1.18800044e-02
8.02513 1.21273025e-02
8.05291 1.23867071e-02
8.08079 1.26556971e-02
8.10876 1.29305232e-02
8.13683 1.32181069e-02
8.16500 1.35178711e-02
8.19326 1.38244235e-02
8.22162 1.41436299e-02
8.25008 1.44782480e-02
8.27864 1.48207792e-02
8.30730 1.51759545e-02
8.33605 1.55528316e-02
8.36491 1.59390573e-02
8.39386 1.63361463e-02
8.42292 1.67617104e-02
8.45208 1.71983449e-02
8.48133 1.76463311e-02
8.51069 1.81249483e-02
8.54016 1.86203487e-02
8.56972 1.91292565e-02
8.59938 1.96695404e-02
8.62915 2.02386399e-02
8.65902 2.08241673e-02
8.68899 2.14371093e-02
8.71907 2.20979441e-02
8.74925 2.27790845e-02
8.77954 2.34811571e-02
8.80993 2.42403576e-02
8.84043 2.50270319e-02
8.87103 2.58391276e-02
8.90174 2.67003643e-02
8.93255 2.76100907e-02
8.96347 2.85506405e-02
8.99450 2.95284667e-02
9.02563 3.05799721e-02
9.05688 3.16686552e-02
9.08823 3.27957936e-02
9.11969 3.39892557e-02
9.15126 3.52399199e-02
9.18294 3.65361680e-02
9.21472 3.78832591e-02
9.24662 3.93000039e-02
9.27863 4.07691456e-02
9.31075 4.22925639e-02
9.34298 4.38660505e-02
9.37532 4.54933401e-02
9.40777 4.71803280e-02
9.44034 4.89348088e-02
9.47302 5.10609373e-02
9.50581 5.32793587e-02
9.53871 5.55941773e-02
9.57173 5.76734293e-02
9.60487 5.92732107e-02
9.63811 6.09183293e-02
9.67148 6.26101667e-02
9.70495 6.40057080e-02
9.73855 6.52835893e-02
9.77226 6.65879627e-02
9.80609 6.79194200e-02
9.84003 6.88505867e-02
9.87409 6.97821973e-02
9.90827 7.07268320e-02
9.94257 7.15954933e-02
9.97699 7.20982000e-02
10.01153 7.26041133e-02
10.04618 7.31130360e-02
10.08096 7.35229467e-02
10.11585 7.37561453e-02
10.15087 7.39893933e-02
10.18601 7.42225427e-02
10.22127 7.43601827e-02
10.25665 7.43956533e-02
10.29215 7.44300387e-02
10.32778 7.44633387e-02
10.36353 7.43988107e-02
10.39941 7.42548560e-02
10.43540 7.41099640e-02
10.47153 7.39639867e-02
10.50777 7.36312333e-02
10.54415 7.31573373e-02
10.58065 7.26853160e-02
10.61727 7.22150707e-02
10.65403 7.16475893e-02
10.69091 7.09942187e-02
10.72791 7.03456827e-02
10.76505 6.97019813e-02
10.80231 6.89642013e-02
10.83971 6.81011147e-02
10.87723 6.72479440e-02
10.91488 6.64046400e-02
10.95266 6.55226093e-02
10.99058 6.45199093e-02
11.02862 6.35322560e-02
11.06680 6.25594027e-02
11.10511 6.16011027e-02
11.14355 6.06580467e-02
11.18212 5.97291493e-02
11.22083 5.88143120e-02
11.25967 5.79132880e-02
11.29865 5.69866600e-02
11.33776 5.60629427e-02
11.37701 5.51541240e-02
11.41639 5.42598587e-02
11.45591 5.33076760e-02
11.49556 5.22742413e-02
11.53536 5.12607867e-02
11.57529 5.02669173e-02
11.61536 4.92914937e-02
11.65556 4.82429581e-02
11.69591 4.72167311e-02
11.73640 4.62123439e-02
11.77702 4.52293279e-02
11.81779 4.40945329e-02
11.85870 4.28382103e-02
11.89975 4.16177480e-02
11.94094 4.04321101e-02
11.98227 3.92803001e-02
12.02375 3.77738328e-02
12.06537 3.63166051e-02
12.10714 3.49157308e-02
12.14905 3.35690097e-02
12.19110 3.22490027e-02
12.23330 3.09364597e-02
12.27565 2.96772708e-02
12.31814 2.84692553e-02
12.36078 2.73103463e-02
12.40357 2.64071269e-02
12.44651 2.56404129e-02
12.48959 2.48957904e-02
12.53283 2.41726229e-02
12.57621 2.34703037e-02
12.61974 2.29485593e-02
12.66343 2.24598584e-02
12.70726 2.19813744e-02
12.75125 2.15129051e-02
12.79539 2.10599017e-02
12.83968 2.08532345e-02
12.88413 2.06483680e-02
12.92873 2.04453021e-02
12.97348 2.02440221e-02
13.01839 2.00775813e-02
13.06345 2.02740563e-02
13.10867 2.04722825e-02
13.15405 2.06722848e-02
13.19959 2.08740729e-02
13.24528 2.10764383e-02
13.29113 2.12608364e-02
13.33713 2.14467145e-02
13.38330 2.16340924e-02
13.42963 2.18229848e-02
13.47612 2.20133967e-02
13.52277 2.23325340e-02
13.56958 2.26636643e-02
13.61655 2.29995947e-02
13.66368 2.33403893e-02
13.71098 2.36861173e-02
13.75844 2.40029015e-02
13.80607 2.43117084e-02
13.85386 2.46243683e-02
13.90182 2.49409304e-02
13.94994 2.52614392e-02
13.99823 2.56530571e-02
14.04668 2.61380432e-02
14.09531 2.66320425e-02
14.14410 2.71352179e-02
14.19306 2.76477320e-02
14.24219 2.81699648e-02
14.29149 2.87072936e-02
14.34096 2.92546963e-02
14.39060 2.98123553e-02
14.44042 3.03804484e-02
14.49041 3.09591629e-02
14.54057 3.15307044e-02
14.59090 3.20967797e-02
14.64141 3.26728500e-02
14.69209 3.32590780e-02
14.74295 3.38556315e-02
14.79398 3.44626880e-02
14.84519 3.51256688e-02
14.89658 3.58048556e-02
14.94814 3.64969875e-02
14.99989 3.72023061e-02
15.05181 3.79210632e-02
15.10392 3.86531797e-02
15.15620 3.93980045e-02
15.20866 4.01570373e-02
15.26131 4.09305495e-02
15.31414 4.17188172e-02
15.36715 4.25221415e-02
15.42034 4.33195211e-02
15.47372 4.40951940e-02
15.52729 4.48848776e-02
15.58103 4.56888531e-02
15.63497 4.65074065e-02
15.68909 4.73408389e-02
15.74340 4.81833536e-02
15.79790 4.90324987e-02
15.85258 4.98970160e-02
15.90746 5.07773200e-02
15.96252 5.16736573e-02
16.01778 5.25864720e-02
16.07323 5.34068853e-02
16.12886 5.40215787e-02
16.18470 5.46437707e-02
16.24072 5.52737080e-02
16.29694 5.59114400e-02
16.35335 5.65570160e-02
16.40996 5.71980040e-02
16.46677 5.77567040e-02
16.52377 5.83212253e-02
16.58097 5.88915680e-02
16.63836 5.94678307e-02
16.69596 6.00501120e-02
16.75375 6.06383627e-02
16.81175 6.09796013e-02
16.86994 6.12495040e-02
16.92834 6.15204920e-02
16.98694 6.17924667e-02
17.04574 6.20654280e-02
17.10474 6.23394253e-02
17.16395 6.26190960e-02
17.22337 6.29114453e-02
17.28299 6.32049787e-02
17.34281 6.34996467e-02
17.40285 6.37954000e-02
17.46309 6.40922880e-02
17.52354 6.43903107e-02
17.58420 6.45462533e-02
17.64507 6.46241013e-02
17.70615 6.47013080e-02
17.76744 6.47779227e-02
17.82894 6.48538467e-02
17.89066 6.49291787e-02
17.95259 6.50037707e-02
18.01473 6.50278947e-02
18.07709 6.50428920e-02
18.13967 6.50572973e-02
18.20246 6.50711600e-02
18.26547 6.50843813e-02
18.32870 6.50970107e-02
18.39214 6.51090973e-02
18.45581 6.50219747e-02
18.51969 6.49230120e-02
18.58380 6.48236547e-02
18.64813 6.47239027e-02
18.71268 6.46238053e-02
18.77746 6.45233133e-02
18.84246 6.44224760e-02
18.90768 6.43295320e-02
18.97313 6.42389067e-02
19.03881 6.41480840e-02
19.10472 6.40570147e-02
19.17085 6.39657480e-02
19.23721 6.38742347e-02
19.30380 6.37825240e-02
19.37062 6.37168120e-02
19.43768 6.36820813e-02
19.50496 6.36470053e-02
19.57248 6.36116333e-02
19.64023 6.35759653e-02
19.70822 6.35399520e-02
19.77644 6.35036427e-02
19.84490 6.34669880e-02
19.91359 6.34348720e-02
19.98252 6.34025587e-02
20.05169 6.33699000e-02
20.12110 6.33368467e-02
20.19076 6.33034480e-02
20.26065 6.32696547e-02
20.33078 6.32355160e-02
20.40116 6.31962960e-02
20.47178 6.31433120e-02
20.54264 6.30899333e-02
20.61375 6.30361107e-02
20.68511 6.29818933e-02
20.75671 6.29272813e-02
20.82856 6.28722747e-02
20.90066 6.28168733e-02
20.97301 6.27757787e-02
21.04561 6.27615707e-02
21.11846 6.27468200e-02
21.19157 6.27314773e-02
21.26492 6.27155920e-02
21.33853 6.26990653e-02
21.41240 6.26819960e-02
21.48652 6.26643347e-02
21.56090 6.26278773e-02
21.63553 6.25259547e-02
21.71043 6.24232427e-02
21.78558 6.23197907e-02
21.86099 6.22155987e-02
21.93666 6.21106667e-02
22.01260 6.20049947e-02
22.08880 6.18986320e-02
22.16526 6.17915293e-02
22.24199 6.15142267e-02
22.31898 6.12082613e-02
22.39624 6.09028880e-02
22.47377 6.05982547e-02
22.55156 6.02942627e-02
22.62962 5.99909613e-02
22.70796 5.96883507e-02
22.78656 5.93863813e-02
22.86544 5.90616693e-02
22.94459 5.86630560e-02
23.02402 5.82665147e-02
23.10372 5.78720453e-02
23.18369 5.74795987e-02
23.26394 5.70891747e-02
23.34447 5.67008227e-02
23.42528 5.63144440e-02
23.50637 5.59301373e-02
23.58774 5.55000987e-02
23.66939 5.49880680e-02
23.75133 5.44804280e-02
23.83354 5.39771293e-02
23.91604 5.34780733e-02
23.99883 5.29832107e-02
24.08191 5.24926400e-02
24.16527 5.20061640e-02
24.24892 5.15238813e-02
24.33286 5.10395760e-02
24.41709 5.05349947e-02
24.50161 5.00352480e-02
24.58642 4.95402867e-02
24.67153 4.90500811e-02
24.75693 4.85645671e-02
24.84263 4.80837003e-02
24.92863 4.76074363e-02
25.01492 4.71357405e-02
25.10151 4.66685539e-02
25.18840 4.61814908e-02
25.27559 4.56908363e-02
25.36309 4.52053272e-02
25.45088 4.47248995e-02
25.53898 4.42495136e-02
25.62739 4.37791055e-02
25.71610 4.33136307e-02
25.80512 4.28530300e-02
25.89444 4.23972541e-02
25.98408 4.19462537e-02
26.07403 4.15012276e-02
26.16428 4.10609424e-02
26.25485 4.06252945e-02
26.34574 4.01942396e-02
26.43694 3.97677233e-02
26.52845 3.93456964e-02
26.62028 3.89281193e-02
26.71243 3.85149329e-02
26.80489 3.81061027e-02
26.89768 3.77015743e-02
26.99079 3.73043472e-02
27.08422 3.69118857e-02
27.17798 3.65235436e-02
27.27205 3.61392764e-02
27.36646 3.57590447e-02
27.46119 3.53827991e-02
27.55625 3.50105001e-02
27.65164 3.46421133e-02
27.74736 3.42775893e-02
27.84341 3.39168887e-02
27.93979 3.35656255e-02
28.03650 3.32285851e-02
28.13355 3.28949191e-02
28.23094 3.25646028e-02
28.32867 3.22376017e-02
28.42673 3.19138813e-02
28.52513 3.15934021e-02
28.62387 3.12761395e-02
28.72295 3.09620588e-02
28.82238 3.06511305e-02
28.92215 3.03433152e-02
29.02227 3.00445821e-02
29.12273 2.97556911e-02
29.22354 2.94695775e-02
29.32470 2.91862117e-02
29.42621 2.89055741e-02
29.52807 2.86276252e-02
29.63029 2.83523551e-02
29.73286 2.80797243e-02
29.83578 2.78097180e-02
29.93906 2.75423017e-02
30.04269 2.72774607e-02
30.14669 2.70167735e-02
30.25104 2.67673885e-02
30.35576 2.65203025e-02
30.46084 2.62755007e-02
30.56628 2.60329583e-02
30.67209 2.57926507e-02
30.77826 2.55545631e-02
30.88481 2.53186708e-02
30.99172 2.50849591e-02
31.09900 2.48534032e-02
31.20665 2.46239835e-02
31.31467 2.43966801e-02
31.42307 2.41767916e-02
31.53184 2.39673173e-02
31.64099 2.37596635e-02
31.75052 2.35538053e-02
31.86043 2.33497331e-02
31.97072 2.31474269e-02
32.08139 2.29468721e-02
32.19244 2.27480588e-02
32.30388 2.25509623e-02
32.41570 2.23555776e-02
32.52791 2.21618851e-02
32.64051 2.19698748e-02
32.75349 2.17822700e-02
32.86687 2.16169244e-02
32.98064 2.14528319e-02
33.09481 2.12899875e-02
33.20937 2.11283764e-02
33.32433 2.09679937e-02
33.43968 2.08088296e-02
33.55544 2.06508692e-02
33.67159 2.04941125e-02
33.78815 2.03385448e-02
33.90511 2.01841611e-02
34.02247 2.00309465e-02
34.14024 1.98788913e-02
34.25842 1.97274232e-02
34.37701 1.95758219e-02
34.49601 1.94253897e-02
34.61542 1.92761071e-02
34.73525 1.91279739e-02
34.85549 1.89809803e-02
34.97614 1.88351164e-02
35.09721 1.86903724e-02
35.21871 1.85467384e-02
35.34062 1.84042095e-02
35.46295 1.82627807e-02
35.58571 1.81224323e-02
35.70889 1.79831643e-02
35.83250 1.78449668e-02
35.95654 1.77099464e-02
36.08101 1.75761791e-02
36.20590 1.74434231e-02
36.33123 1.73116735e-02
36.45700 1.71809105e-02
36.58320 1.70511441e-02
36.70983 1.69223496e-02
36.83691 1.67945319e-02
36.96442 1.66676811e-02
37.09238 1.65417873e-02
37.22077 1.64168457e-02
37.34962 1.62928464e-02
37.47890 1.61697795e-02
37.60864 1.60476499e-02
37.73883 1.59321951e-02
37.86946 1.58186149e-02
38.00055 1.57058488e-02
38.13209 1.55938868e-02
38.26409 1.54827191e-02
38.39654 1.53723505e-02
38.52946 1.52627615e-02
38.66283 1.51539617e-02
38.79667 1.50459316e-02
38.93096 1.49386711e-02
39.06573 1.48321801e-02
39.20096 1.47264440e-02
39.33665 1.46214627e-02
39.47282 1.45172312e-02
39.60946 1.44141196e-02
39.74657 1.43165827e-02
39.88416 1.42197068e-02
40.02222 1.41234871e-02
40.16076 1.40279136e-02
40.29978 1.39329913e-02
40.43928 1.38387104e-02
40.57926 1.37450659e-02
40.71973 1.36520528e-02
40.86069 1.35596761e-02
41.00213 1.34679161e-02
41.14406 1.33767827e-02
41.28648 1.32862659e-02
41.42940 1.31963559e-02
41.57281 1.31070625e-02
41.71672 1.30183661e-02
41.86113 1.29288952e-02
42.00603 1.28386941e-02
42.15144 1.27491196e-02
42.29735 1.26601716e-02
42.44377 1.25718452e-02
42.59069 1.24841305e-02
42.73812 1.23970276e-02
42.88606 1.23105364e-02
43.03451 1.22246471e-02
43.18348 1.21393547e-02
43.33297 1.20546592e-02
43.48297 1.19705557e-02
43.63349 1.18870393e-02
43.78453 1.18041051e-02
43.93609 1.17217480e-02
44.08818 1.16399632e-02
44.24079 1.15587359e-02
44.39394 1.14777453e-02
44.54761 1.13973221e-02
44.70182 1.13174663e-02
44.85655 1.12381679e-02
45.01183 1.11594269e-02
45.16764 1.10812336e-02
45.32399 1.10035928e-02
45.48089 1.09264897e-02
45.63832 1.08499343e-02
45.79630 1.07739116e-02
45.95483 1.06984217e-02
46.11391 1.06234597e-02
46.27353 1.05490207e-02
46.43371 1.04751095e-02
46.59445 1.04017113e-02
46.75574 1.03288263e-02
46.91759 1.02564543e-02
47.08000 1.01834163e-02
47.24297 1.01101365e-02
47.40650 1.00373797e-02
47.57060 9.96515080e-03
47.73527 9.89343493e-03
47.90051 9.82224200e-03
48.06633 9.75155720e-03
48.23271 9.68138053e-03
48.39967 9.61171200e-03
48.56721 9.54254173e-03
48.73533 9.47386973e-03
48.90403 9.40569107e-03
49.07332 9.33800573e-03
49.24319 9.27080880e-03
49.41365 9.20409040e-03
49.58470 9.13785547e-03
49.75634 9.07209413e-03
49.92858 9.00680640e-03
50.10141 8.94209093e-03
50.27484 8.88037493e-03
50.44887 8.81908320e-03
50.62350 8.75821573e-03
50.79874 8.69776760e-03
50.97458 8.63773387e-03
51.15104 8.57811947e-03
51.32810 8.51891453e-03
51.50578 8.46011907e-03
51.68407 8.40172813e-03
51.86298 8.34373680e-03
52.04250 8.28615000e-03
52.22265 8.22896280e-03
52.40343 8.17216533e-03
52.58482 8.11576253e-03
52.76685 8.05974947e-03
52.94951 8.00412120e-03
53.13280 7.94887773e-03
53.31672 7.89401413e-03
53.50128 7.83953040e-03
53.68648 7.78528347e-03
53.87232 7.73084413e-03
54.05880 7.67677973e-03
54.24593 7.62310013e-03
54.43371 7.56979053e-03
54.62214 7.51685587e-03
54.81122 7.46429120e-03
55.00095 7.41209653e-03
55.19134 7.36026693e-03
55.38239 7.30879747e-03
55.57410 7.25768813e-03
55.76647 7.20693400e-03
55.95951 7.15653507e-03
56.15322 7.10649133e-03
56.34760 7.05679787e-03
56.54265 7.00744973e-03
56.73838 6.95844693e-03
56.93479 6.90978947e-03
57.13187 6.86146747e-03
57.32964 6.81348587e-03
57.52809 6.76583973e-03
57.72723 6.71852907e-03
57.92705 6.67150453e-03
58.12757 6.62480067e-03
58.32879 6.57842733e-03
58.53070 6.53237467e-03
58.73331 6.48664760e-03
58.93662 6.44123627e-03
59.14063 6.39614560e-03
59.34535 6.35137560e-03
59.55078 6.30691147e-03
59.75692 6.26276307e-03
59.96377 6.21892053e-03
60.17134 6.17538880e-03
60.37963 6.13215800e-03
60.58864 6.08923307e-03
60.79837 6.04660413e-03
61.00883 6.00427613e-03
61.22002 5.96224413e-03
61.43194 5.92050813e-03
61.64459 5.87906320e-03
61.85797 5.83790933e-03
62.07210 5.79704160e-03
62.28697 5.75646000e-03
62.50258 5.71616453e-03
62.71894 5.67641667e-03
62.93605 5.63697467e-03
63.15390 5.59780893e-03
63.37252 5.55890960e-03
63.59189 5.52028653e-03
63.81201 5.48192987e-03
64.03290 5.44383960e-03
64.25456 5.40601080e-03
64.47698 5.36844840e-03
64.70017 5.33114747e-03
64.92414 5.29410307e-03
65.14888 5.25732013e-03
65.37440 5.22078880e-03
65.60070 5.18451400e-03
65.82778 5.14849080e-03
66.05565 5.11271427e-03
66.28430 5.07718933e-03
66.51375 5.04191107e-03
66.74400 5.00687947e-03
66.97504 4.97208960e-03
67.20688 4.93754147e-03
67.43952 4.90323211e-03
67.67297 4.86916251e-03
67.90722 4.83532921e-03
68.14229 4.80173173e-03
68.37817 4.76837451e-03
68.61486 4.73524964e-03
68.85238 4.70235516e-03
69.09072 4.66968909e-03
69.32988 4.63724996e-03
69.56987 4.60503628e-03
69.81069 4.57304608e-03
70.05235 4.54127837e-03
70.29484 4.50973119e-03
70.53817 4.47840304e-03
70.78235 4.44729245e-03
71.02737 4.41639844e-03
71.27323 4.38571853e-03
71.51995 4.35525224e-03
71.76752 4.32499759e-03
72.01595 4.29495260e-03
72.26524 4.26511679e-03
72.51539 4.23548768e-03
72.76641 4.20606479e-03
73.01830 4.17684663e-03
73.27106 4.14783073e-03
73.52469 4.11901711e-03
73.77920 4.09040279e-03
74.03460 4.06198777e-03
74.29087 4.03377009e-03
74.54804 4.00574876e-03
74.80609 3.97792180e-03
75.06504 3.95030697e-03
75.32488 3.92289787e-03
75.58563 3.89567869e-03
75.84727 3.86864847e-03
76.10982 3.84180571e-03
76.37328 3.81514943e-03
76.63766 3.78867815e-03
76.90295 3.76239039e-03
77.16915 3.73628467e-03
77.43628 3.71036049e-03
77.70433 3.68461639e-03
77.97331 3.65905037e-03
78.24322 3.63366196e-03
78.51407 3.60844967e-03
78.78585 3.58341251e-03
79.05857 3.55854900e-03
79.33224 3.53385816e-03
79.60686 3.50933851e-03
79.88242 3.48498856e-03
80.15894 3.46080783e-03
80.43642 3.43679532e-03
80.71486 3.41294907e-03
80.99426 3.38926808e-03
81.27463 3.36575187e-03
81.55596 3.34239845e-03
81.83828 3.31920685e-03
82.12157 3.29617657e-03
82.40584 3.27330613e-03
82.69109 3.25059405e-03
82.97733 3.22803984e-03
83.26457 3.20569184e-03
83.55279 3.18357571e-03
83.84202 3.16161201e-03
84.13225 3.13979977e-03
84.42348 3.11813849e-03
84.71572 3.09662620e-03
85.00897 3.07526240e-03
85.30323 3.05404611e-03
85.59852 3.03297633e-03
85.89482 3.01205160e-03
86.19215 2.99127141e-03
86.49052 2.97063479e-03
86.78991 2.95014024e-03
87.09034 2.92978728e-03
87.39181 2.90957443e-03
87.69432 2.88950119e-03
87.99789 2.86956657e-03
88.30250 2.84976911e-03
88.60816 2.83010879e-03
88.91489 2.81058364e-03
89.22267 2.79119317e-03
89.53153 2.77193689e-03
89.84145 2.75281332e-03
90.15244 2.73382147e-03
90.46451 2.71496084e-03
90.77766 2.69622996e-03
91.09190 2.67762883e-03
91.40722 2.65915596e-03
91.72363 2.64081037e-03
92.04114 2.62259108e-03
92.35975 2.60449808e-03
92.67946 2.58652940e-03
93.00028 2.56868504e-03
93.32221 2.55096352e-03
93.64525 2.53336879e-03
93.96941 2.51589739e-03
94.29469 2.49854685e-03
94.62110 2.48131571e-03
94.94864 2.46420345e-03
95.27731 2.44720960e-03
95.60712 2.43033267e-03
95.93807 2.41357216e-03
96.27017 2.39692709e-03
96.60342 2.38039648e-03
96.93782 2.36398032e-03
97.27338 2.34767763e-03
97.61010 2.33148692e-03
97.94798 2.31540820e-03
98.28704 2.29943999e-03
98.62727 2.28358228e-03
98.96867 2.26783360e-03
99.31126 2.25219345e-03
99.65504 2.23666184e-03
100.00000 2.22123679e-03
