        2000  1.000000 3.700000
0.10000 2.62065327e-04
0.10035 2.70515239e-04
0.10069 3.11452927e-04
0.10104 2.66790177e-04
0.10139 2.61809533e-04
0.10174 2.61785557e-04
0.10210 2.61741897e-04
0.10245 2.61682993e-04
0.10280 2.62152351e-04
0.10316 2.63281393e-04
0.10352 2.61742095e-04
0.10387 2.61607415e-04
0.10423 2.66869653e-04
0.10459 2.61497895e-04
0.10496 2.61460105e-04
0.10532 2.61544712e-04
0.10568 2.61335588e-04
0.10605 2.61835581e-04
0.10642 2.61575940e-04
0.10679 2.61297207e-04
0.10716 2.61206187e-04
0.10753 2.61394344e-04
0.10790 3.02156159e-04
0.10827 2.61087343e-04
0.10865 2.61324439e-04
0.10902 2.61054881e-04
0.10940 2.61227499e-04
0.10978 2.61009396e-04
0.11016 2.60881080e-04
0.11054 2.60845412e-04
0.11092 2.60844425e-04
0.11131 2.60837864e-04
0.11169 2.62390532e-04
0.11208 2.60744131e-04
0.11247 2.73613027e-04
0.11286 2.60890601e-04
0.11325 2.60760608e-04
0.11364 2.62177708e-04
0.11403 2.60732636e-04
0.11443 2.60707476e-04
0.11482 2.60443148e-04
0.11522 2.79973771e-04
0.11562 2.60341965e-04
0.11602 2.60301364e-04
0.11642 2.60262835e-04
0.11682 2.60424697e-04
0.11723 2.60479852e-04
0.11763 2.60125885e-04
0.11804 2.60187503e-04
0.11845 2.60253461e-04
0.11886 2.60000036e-04
0.11927 3.01319712e-04
0.11968 2.91465231e-04
0.12010 2.61763604e-04
0.12051 2.60092783e-04
0.12093 2.59880501e-04
0.12135 2.59932499e-04
0.12177 2.59879120e-04
0.12219 2.89954891e-04
0.12262 2.59676261e-04
0.12304 2.59791405e-04
0.12347 2.59583761e-04
0.12389 2.59705664e-04
0.12432 2.59530087e-04
0.12475 2.59500931e-04
0.12518 2.59418741e-04
0.12562 2.59561315e-04
0.12605 2.60057164e-04
0.12649 2.59378979e-04
0.12693 2.59274096e-04
0.12737 2.60083212e-04
0.12781 2.59148839e-04
0.12825 2.59175232e-04
0.12869 2.59405717e-04
0.12914 2.59085643e-04
0.12959 2.59201971e-04
0.13003 2.74142571e-04
0.13048 2.59242819e-04
0.13094 2.58862557e-04
0.13139 2.59478287e-04
0.13184 2.59003848e-04
0.13230 2.58835621e-04
0.13276 2.59482973e-04
0.13322 2.58900643e-04
0.13368 2.58765667e-04
0.13414 2.59048396e-04
0.13461 2.58611451e-04
0.13507 2.58456297e-04
0.13554 2.58502621e-04
0.13601 2.59196840e-04
0.13648 2.58571145e-04
0.13695 2.58383827e-04
0.13743 2.68390304e-04
0.13790 2.58276231e-04
0.13838 2.60001812e-04
0.13886 2.64218924e-04
0.13934 2.58413081e-04
0.13982 2.58039825e-04
0.14031 3.35444121e-04
0.14079 2.61183592e-04
0.14128 2.58055316e-04
0.14177 2.58342732e-04
0.14226 2.58495715e-04
0.14275 2.58529212e-04
0.14324 2.58735425e-04
0.14374 2.58332471e-04
0.14424 2.57986101e-04
0.14474 2.57822364e-04
0.14524 2.57984177e-04
0.14574 2.60146704e-04
0.14625 2.57616940e-04
0.14675 2.57576339e-04
0.14726 2.58275096e-04
0.14777 2.57404659e-04
0.14828 2.57432581e-04
0.14879 2.57428980e-04
0.14931 2.59053428e-04
0.14983 2.61147677e-04
0.15034 2.57341907e-04
0.15087 2.57108856e-04
0.15139 2.57283249e-04
0.15191 2.57345903e-04
0.15244 2.57102887e-04
0.15297 2.57014136e-04
0.15349 2.63507685e-04
0.15403 2.56774277e-04
0.15456 2.67673737e-04
0.15509 2.56762437e-04
0.15563 2.57930700e-04
0.15617 2.61801837e-04
0.15671 2.58500155e-04
0.15725 2.63067040e-04
0.15780 2.56499737e-04
0.15834 2.56549564e-04
0.15889 2.57605643e-04
0.15944 2.56544729e-04
0.15999 2.56510443e-04
0.16055 2.56272261e-04
0.16110 2.68454585e-04
0.16166 2.57086508e-04
0.16222 2.56275172e-04
0.16278 2.74031324e-04
0.16335 2.55974041e-04
0.16391 3.00512076e-04
0.16448 2.56167428e-04
0.16505 2.55880209e-04
0.16562 2.55779865e-04
0.16619 2.55764375e-04
0.16677 2.55927964e-04
0.16734 2.56300233e-04
0.16792 2.57071116e-04
0.16851 2.58479237e-04
0.16909 2.55680015e-04
0.16967 2.55612477e-04
0.17026 2.55757419e-04
0.17085 2.55803743e-04
0.17144 2.55288357e-04
0.17204 2.55336309e-04
0.17263 2.55175433e-04
0.17323 2.54990680e-04
0.17383 2.63726577e-04
0.17443 2.89007000e-04
0.17503 2.56697021e-04
0.17564 2.55052396e-04
0.17625 2.55307548e-04
0.17686 2.56999829e-04
0.17747 2.54815991e-04
0.17808 2.55037004e-04
0.17870 2.55963928e-04
0.17932 2.54728621e-04
0.17994 2.57719652e-04
0.18056 2.54891569e-04
0.18119 2.54508447e-04
0.18182 2.54772331e-04
0.18244 2.54750969e-04
0.18308 2.97084445e-04
0.18371 2.55922439e-04
0.18435 2.55169365e-04
0.18498 2.54170168e-04
0.18562 2.54030259e-04
0.18627 2.54404156e-04
0.18691 2.53999623e-04
0.18756 2.53930852e-04
0.18821 2.55341045e-04
0.18886 2.54231736e-04
0.18951 2.53895973e-04
0.19017 2.55436703e-04
0.19083 2.56270683e-04
0.19149 2.56160423e-04
0.19215 2.53681275e-04
0.19282 2.56379808e-04
0.19348 2.53715808e-04
0.19415 2.99601876e-04
0.19483 2.53788969e-04
0.19550 2.55503155e-04
0.19618 2.45508073e-04
0.19686 2.28998229e-04
0.19754 2.29015249e-04
0.19822 2.29035920e-04
0.19891 2.29074252e-04
0.19960 2.29073561e-04
0.20029 2.29100251e-04
0.20098 2.29130196e-04
0.20168 2.29141444e-04
0.20237 2.29159007e-04
0.20307 2.29184907e-04
0.20378 2.29197536e-04
0.20448 2.29216184e-04
0.20519 2.29246573e-04
0.20590 2.29236065e-04
0.20661 2.29284955e-04
0.20733 2.29303849e-04
0.20805 2.29294575e-04
0.20877 2.29332019e-04
0.20949 2.29348545e-04
0.21021 2.29346671e-04
0.21094 2.29391761e-04
0.21167 2.29407992e-04
0.21240 2.29427232e-04
0.21314 2.29442723e-04
0.21388 2.29464281e-04
0.21462 2.29483719e-04
0.21536 2.29505721e-04
0.21611 2.29525948e-04
0.21685 2.29547112e-04
0.21760 2.29570989e-04
0.21836 2.29608236e-04
0.21911 2.29607249e-04
0.21987 2.29631620e-04
0.22063 2.29656977e-04
0.22140 2.29685295e-04
0.22216 2.29725353e-04
0.22293 2.29712280e-04
0.22370 2.29734283e-04
0.22448 2.29759640e-04
0.22526 2.29765116e-04
0.22604 2.29779028e-04
0.22682 2.29812575e-04
0.22760 2.29836107e-04
0.22839 2.29862599e-04
0.22918 2.29796591e-04
0.22998 2.29885292e-04
0.23077 2.29911044e-04
0.23157 2.29930925e-04
0.23237 2.29957911e-04
0.23318 2.29960229e-04
0.23398 2.29982528e-04
0.23479 2.30001077e-04
0.23561 2.30024955e-04
0.23642 2.30047895e-04
0.23724 2.30048437e-04
0.23806 2.30095600e-04
0.23889 2.30101027e-04
0.23971 2.30109216e-04
0.24054 2.30139951e-04
0.24137 2.30143059e-04
0.24221 2.30182279e-04
0.24305 2.30219525e-04
0.24389 2.30266047e-04
0.24473 2.30236200e-04
0.24558 2.30257463e-04
0.24643 2.30268612e-04
0.24728 2.30316909e-04
0.24814 2.30328601e-04
0.24900 2.30343697e-04
0.24986 2.30382325e-04
0.25073 2.30413751e-04
0.25159 2.30406943e-04
0.25246 2.30436296e-04
0.25334 2.30455881e-04
0.25422 2.30470089e-04
0.25510 2.30494855e-04
0.25598 2.30471076e-04
0.25687 2.30516117e-04
0.25775 2.30528993e-04
0.25865 2.30548184e-04
0.25954 2.30524849e-04
0.26044 2.30635208e-04
0.26134 2.30617497e-04
0.26225 2.30631952e-04
0.26315 2.30640733e-04
0.26406 2.30654448e-04
0.26498 2.30681384e-04
0.26590 2.30686169e-04
0.26682 2.30694655e-04
0.26774 2.30775413e-04
0.26867 2.30749612e-04
0.26960 2.30781925e-04
0.27053 2.30784688e-04
0.27147 2.30793075e-04
0.27241 2.30782863e-04
0.27335 2.30858343e-04
0.27430 2.30896872e-04
0.27525 2.30888041e-04
0.27620 2.30874623e-04
0.27715 2.30919023e-04
0.27811 2.30940187e-04
0.27908 2.30973980e-04
0.28004 2.30944331e-04
0.28101 2.30993220e-04
0.28198 2.30882368e-04
0.28296 2.31055232e-04
0.28394 2.31043293e-04
0.28492 2.31096623e-04
0.28591 2.31117145e-04
0.28690 2.31111719e-04
0.28789 2.31155625e-04
0.28889 2.31151629e-04
0.28989 2.31212901e-04
0.29089 2.31220696e-04
0.29190 2.31224889e-04
0.29291 2.31249852e-04
0.29392 2.31266971e-04
0.29494 2.31281623e-04
0.29596 2.31318031e-04
0.29699 2.31397408e-04
0.29801 2.31292575e-04
0.29905 2.31396520e-04
0.30008 2.31358287e-04
0.30112 2.31376343e-04
0.30216 2.31347729e-04
0.30321 2.31453747e-04
0.30426 2.31461443e-04
0.30531 2.31422519e-04
0.30637 2.31449307e-04
0.30743 2.31475207e-04
0.30849 2.31497801e-04
0.30956 2.31507619e-04
0.31063 2.31739436e-04
0.31171 2.31567756e-04
0.31279 2.31601944e-04
0.31387 2.31616251e-04
0.31496 2.31551673e-04
0.31605 2.31603769e-04
0.31714 2.31629521e-04
0.31824 2.31667113e-04
0.31934 2.31700315e-04
0.32044 2.31742248e-04
0.32155 2.31748612e-04
0.32267 2.31780284e-04
0.32378 2.31799721e-04
0.32490 2.31841901e-04
0.32603 2.31826016e-04
0.32716 2.31839484e-04
0.32829 2.31870564e-04
0.32943 2.31893109e-04
0.33057 2.31899917e-04
0.33171 2.31924041e-04
0.33286 2.31989408e-04
0.33401 2.31924683e-04
0.33517 2.32052061e-04
0.33633 2.32012348e-04
0.33749 2.31999817e-04
0.33866 2.32032575e-04
0.33983 2.32038297e-04
0.34101 2.32035189e-04
0.34219 2.31885167e-04
0.34337 2.32066812e-04
0.34456 2.32145745e-04
0.34576 2.32144808e-04
0.34695 2.32084227e-04
0.34815 2.32163111e-04
0.34936 2.32102924e-04
0.35057 2.32162913e-04
0.35178 2.32265872e-04
0.35300 2.32190293e-04
0.35422 2.32172632e-04
0.35545 2.32115652e-04
0.35668 2.32198631e-04
0.35791 2.32189307e-04
0.35915 2.32204551e-04
0.36039 2.32317524e-04
0.36164 2.32247421e-04
0.36289 2.32517423e-04
0.36415 2.32354524e-04
0.36541 2.32195523e-04
0.36668 2.32276380e-04
0.36795 2.32346285e-04
0.36922 2.32346335e-04
0.37050 2.32353883e-04
0.37178 2.32359161e-04
0.37307 2.32215157e-04
0.37436 2.32341648e-04
0.37565 2.32460443e-04
0.37695 2.32328920e-04
0.37826 2.32555311e-04
0.37957 2.32501587e-04
0.38088 2.32533851e-04
0.38220 2.32544901e-04
0.38352 2.32555607e-04
0.38485 2.32547812e-04
0.38618 2.32503905e-04
0.38752 2.32713868e-04
0.38886 2.32697243e-04
0.39021 2.32526352e-04
0.39156 2.32126999e-04
0.39291 1.69567004e-02
0.39427 1.67107343e-02
0.39564 1.88451409e-02
0.39701 1.73206324e-02
0.39838 2.01413052e-02
0.39976 1.72363267e-02
0.40115 1.55353676e-02
0.40253 1.60749805e-02
0.40393 1.48888049e-02
0.40533 1.78146416e-02
0.40673 1.74359737e-02
0.40814 1.43359164e-02
0.40955 1.52912367e-02
0.41097 1.65208059e-02
0.41239 1.48785929e-02
0.41382 1.45189677e-02
0.41525 1.48148049e-02
0.41669 1.44292501e-02
0.41813 1.85649917e-02
0.41958 1.32302824e-02
0.42103 1.28671249e-02
0.42249 1.38089821e-02
0.42395 1.42852067e-02
0.42542 1.29778931e-02
0.42689 1.32326800e-02
0.42837 1.36034003e-02
0.42985 1.34907476e-02
0.43134 1.55042383e-02
0.43283 1.63218396e-02
0.43433 1.38668205e-02
0.43583 1.52207097e-02
0.43734 1.41501123e-02
0.43886 1.17288076e-02
0.44037 1.17642684e-02
0.44190 1.28276287e-02
0.44343 1.13479493e-02
0.44496 1.22840493e-02
0.44650 1.56028852e-02
0.44805 1.15093680e-02
0.44960 1.18157625e-02
0.45116 2.39700751e-02
0.45272 1.28500852e-02
0.45429 1.17417379e-02
0.45586 1.25659499e-02
0.45744 1.35986988e-02
0.45902 1.19185041e-02
0.46061 1.27659176e-02
0.46220 1.10710857e-02
0.46380 1.00442173e-02
0.46541 1.30239013e-02
0.46702 1.13591628e-02
0.46864 1.01943535e-02
0.47026 1.14243469e-02
0.47189 1.29157084e-02
0.47352 1.49577483e-02
0.47516 1.81716423e-02
0.47680 1.10927184e-02
0.47845 1.04112919e-02
0.48011 1.69704989e-02
0.48177 1.00714345e-02
0.48344 1.19600083e-02
0.48511 1.18310608e-02
0.48679 9.07293773e-03
0.48848 1.06078753e-02
0.49017 1.19122536e-02
0.49186 1.22779863e-02
0.49357 1.47895759e-02
0.49528 1.30159587e-02
0.49699 1.08361703e-02
0.49871 1.34495444e-02
0.50044 9.88669107e-03
0.50217 1.36672080e-02
0.50391 1.01325043e-02
0.50565 9.48733280e-03
0.50740 1.64405899e-02
0.50916 9.43120133e-03
0.51092 9.71629373e-03
0.51269 1.07983957e-02
0.51446 8.97013693e-03
0.51625 9.94635973e-03
0.51803 1.18685640e-02
0.51983 1.20771404e-02
0.52163 1.00600583e-02
0.52343 1.13473524e-02
0.52524 9.67321093e-03
0.52706 1.05371856e-02
0.52889 1.02092373e-02
0.53072 9.56011427e-03
0.53255 1.07096500e-02
0.53440 1.00261811e-02
0.53625 7.95488653e-03
0.53810 1.01191201e-02
0.53997 9.56175213e-03
0.54183 7.72422853e-03
0.54371 9.73507987e-03
0.54559 1.03466553e-02
0.54748 8.87327093e-03
0.54938 8.70758987e-03
0.55128 9.33923907e-03
0.55319 8.68043187e-03
0.55510 8.51622093e-03
0.55702 1.15313411e-02
0.55895 8.74063333e-03
0.56089 8.68175893e-03
0.56283 1.19858392e-02
0.56478 8.36091960e-03
0.56673 8.07310400e-03
0.56869 9.71866667e-03
0.57066 7.14524760e-03
0.57264 8.13576227e-03
0.57462 9.36214453e-03
0.57661 7.15317053e-03
0.57860 8.11448973e-03
0.58061 8.64536573e-03
0.58262 8.83107120e-03
0.58463 9.41344627e-03
0.58666 8.05021333e-03
0.58869 8.91303853e-03
0.59073 8.23455227e-03
0.59277 7.88683120e-03
0.59482 9.20453933e-03
0.59688 9.08873920e-03
0.59895 7.66774187e-03
0.60102 8.85975853e-03
0.60310 7.74098707e-03
0.60519 7.26419520e-03
0.60728 9.03702307e-03
0.60939 7.65487573e-03
0.61150 7.27680973e-03
0.61361 7.91624867e-03
0.61574 8.20428627e-03
0.61787 8.35077667e-03
0.62001 8.17483920e-03
0.62215 7.72018320e-03
0.62431 7.15487253e-03
0.62647 6.89367227e-03
0.62864 6.94594587e-03
0.63081 7.56708707e-03
0.63300 7.45736973e-03
0.63519 7.01979293e-03
0.63739 7.56598200e-03
0.63959 7.03803640e-03
0.64181 6.55838813e-03
0.64403 7.54605133e-03
0.64626 6.69267840e-03
0.64849 6.61364147e-03
0.65074 7.42939773e-03
0.65299 6.91458467e-03
0.65525 6.68801640e-03
0.65752 6.76730987e-03
0.65980 6.93015427e-03
0.66208 7.47126693e-03
0.66437 7.01977320e-03
0.66667 6.98932960e-03
0.66898 7.02325613e-03
0.67130 6.88707147e-03
0.67362 6.72983133e-03
0.67595 6.89728840e-03
0.67829 6.94763800e-03
0.68064 6.38830160e-03
0.68299 5.95989093e-03
0.68536 6.06993880e-03
0.68773 5.76438293e-03
0.69011 6.15442213e-03
0.69250 5.97984627e-03
0.69490 5.80811200e-03
0.69730 6.10775773e-03
0.69972 6.06710213e-03
0.70214 5.92261960e-03
0.70457 5.93449413e-03
0.70701 5.94754280e-03
0.70946 5.75354933e-03
0.71191 5.55091760e-03
0.71438 5.86436680e-03
0.71685 5.99517413e-03
0.71933 6.02071400e-03
0.72182 6.01069440e-03
0.72432 6.00253960e-03
0.72683 5.92341387e-03
0.72934 5.71235107e-03
0.73187 5.57616147e-03
0.73440 5.47006027e-03
0.73694 5.33790120e-03
0.73949 5.51426293e-03
0.74205 5.56020707e-03
0.74462 5.53421333e-03
0.74720 5.66856773e-03
0.74979 5.62374840e-03
0.75238 5.58752787e-03
0.75499 5.62787267e-03
0.75760 5.62145933e-03
0.76022 5.56501213e-03
0.76285 5.40958253e-03
0.76549 5.04202453e-03
0.76814 4.87067803e-03
0.77080 4.99371733e-03
0.77347 5.29606653e-03
0.77615 5.52440093e-03
0.77884 5.60879547e-03
0.78153 5.61376827e-03
0.78424 5.56503680e-03
0.78695 5.46342493e-03
0.78968 5.32797040e-03
0.79241 5.18749373e-03
0.79515 5.05535440e-03
0.79790 5.00358400e-03
0.80067 5.00798453e-03
0.80344 5.01965680e-03
0.80622 5.09301547e-03
0.80901 5.14704040e-03
0.81181 5.17941293e-03
0.81462 5.21657080e-03
0.81744 5.22243653e-03
0.82027 5.20294987e-03
0.82311 5.15156427e-03
0.82596 5.02504893e-03
0.82882 4.76930789e-03
0.83169 4.51041248e-03
0.83457 4.41103048e-03
0.83745 4.42897203e-03
0.84035 4.53594791e-03
0.84326 4.72740860e-03
0.84618 4.94225773e-03
0.84911 5.08184640e-03
0.85205 5.12859467e-03
0.85500 5.10797333e-03
0.85796 5.04236493e-03
0.86093 4.95078747e-03
0.86391 4.85248587e-03
0.86690 4.76787476e-03
0.86990 4.70481837e-03
0.87291 4.66391660e-03
0.87593 4.64809737e-03
0.87897 4.64902336e-03
0.88201 4.66470791e-03
0.88506 4.69051319e-03
0.88813 4.71484192e-03
0.89120 4.73132221e-03
0.89428 4.72916141e-03
0.89738 4.69504051e-03
0.90049 4.61058085e-03
0.90360 4.45405951e-03
0.90673 4.24649839e-03
0.90987 4.07615976e-03
0.91302 3.98674951e-03
0.91618 3.96011543e-03
0.91935 3.97747435e-03
0.92253 4.03179577e-03
0.92573 4.12366579e-03
0.92893 4.25014215e-03
0.93215 4.38959712e-03
0.93537 4.50340024e-03
0.93861 4.56722869e-03
0.94186 4.58302177e-03
0.94512 4.56475216e-03
0.94839 4.52680496e-03
0.95168 4.48077400e-03
0.95497 4.43474403e-03
0.95828 4.39343525e-03
0.96159 4.35916339e-03
0.96492 4.33241929e-03
0.96826 4.31253253e-03
0.97161 4.29820169e-03
0.97498 4.28704003e-03
0.97835 4.27574911e-03
0.98174 4.25962056e-03
0.98514 4.23188289e-03
0.98855 4.18362947e-03
0.99197 4.10476767e-03
0.99540 3.98918312e-03
0.99885 3.84769512e-03
1.00231 3.71198307e-03
1.00578 3.61037811e-03
1.00926 3.54809033e-03
1.01275 3.51779769e-03
1.01626 3.51157972e-03
1.01978 3.52440836e-03
1.02330 3.55430781e-03
1.02685 3.93999581e-03
1.03040 4.03160633e-03
1.03397 4.12009701e-03
1.03755 4.21950467e-03
1.04114 4.31676731e-03
1.04474 4.39778053e-03
1.04836 4.45451781e-03
1.05199 4.48635656e-03
1.05563 4.49760111e-03
1.05928 4.49385769e-03
1.06295 4.48020617e-03
1.06663 4.46035000e-03
1.07032 4.43697685e-03
1.07403 4.41139604e-03
1.07775 4.38419463e-03
1.08148 4.35494489e-03
1.08522 4.32277167e-03
1.08898 4.28584813e-03
1.09275 4.24157048e-03
1.09653 4.18669307e-03
1.10032 4.11774381e-03
1.10413 4.03154121e-03
1.10796 3.92796736e-03
1.11179 3.81170596e-03
1.11564 3.80203268e-03
1.11950 3.91527981e-03
1.12338 3.82387008e-03
1.12726 3.75813983e-03
1.13117 3.71588139e-03
1.13508 3.69315204e-03
1.13901 3.68621873e-03
1.14295 3.69238096e-03
1.14691 3.71008472e-03
1.15088 3.73862356e-03
1.15487 3.77793828e-03
1.15886 3.82819513e-03
1.16287 3.88934084e-03
1.16690 3.96012677e-03
1.17094 4.03794024e-03
1.17499 4.11836295e-03
1.17906 4.19590755e-03
1.18314 4.26501417e-03
1.18724 4.32181509e-03
1.19135 4.36442972e-03
1.19547 4.39275495e-03
1.19961 4.40778336e-03
1.20376 4.41724253e-03
1.20793 4.76985303e-03
1.21211 4.75205356e-03
1.21630 4.72499620e-03
1.22052 4.68897448e-03
1.22474 4.64401109e-03
1.22898 4.58958311e-03
1.23323 4.52474036e-03
1.23750 4.44876604e-03
1.24179 4.36127485e-03
1.24609 4.26223375e-03
1.25040 4.15314985e-03
1.25473 4.03749920e-03
1.25907 4.04704273e-03
1.26343 4.09899024e-03
1.26780 3.98758077e-03
1.27219 3.89108675e-03
1.27659 3.81113863e-03
1.28101 3.74836837e-03
1.28545 3.70143955e-03
1.28990 3.66891161e-03
1.29436 3.64901203e-03
1.29884 3.64030815e-03
1.30334 3.64163127e-03
1.30785 3.88670447e-03
1.31238 3.93282719e-03
1.31692 3.96175773e-03
1.32148 3.99907791e-03
1.32605 4.04454449e-03
1.33064 4.09780723e-03
1.33525 4.15827115e-03
1.33987 4.22494219e-03
1.34451 4.29638277e-03
1.34916 4.37038623e-03
1.35383 4.72958075e-03
1.35852 4.81632996e-03
1.36322 4.88668225e-03
1.36794 4.94851813e-03
1.37268 4.99987907e-03
1.37743 5.03923227e-03
1.38220 5.06577360e-03
1.38698 5.07909360e-03
1.39178 5.07914293e-03
1.39660 5.06612880e-03
1.40144 5.04013013e-03
1.40629 5.31340227e-03
1.41115 5.25931813e-03
1.41604 5.19245667e-03
1.42094 5.11337533e-03
1.42586 5.02296707e-03
1.43080 4.92270348e-03
1.43575 4.81394420e-03
1.44072 4.84288412e-03
1.44571 4.85017460e-03
1.45071 4.72512841e-03
1.45573 4.60333724e-03
1.46077 4.48752872e-03
1.46583 4.38004224e-03
1.47090 4.28299963e-03
1.47599 4.33711089e-03
1.48110 4.35141213e-03
1.48623 4.28517671e-03
1.49137 4.23061108e-03
1.49654 4.18710105e-03
1.50172 4.15403391e-03
1.50692 4.19448576e-03
1.51213 4.33252339e-03
1.51737 4.32611893e-03
1.52262 4.32794328e-03
1.52789 4.33750951e-03
1.53318 4.35437707e-03
1.53849 4.37818879e-03
1.54381 4.40858601e-03
1.54916 4.47766008e-03
1.55452 4.71156273e-03
1.55990 4.76163163e-03
1.56530 4.81667283e-03
1.57072 4.87606424e-03
1.57615 4.93867613e-03
1.58161 5.24125227e-03
1.58709 5.31022027e-03
1.59258 5.37857160e-03
1.59809 5.44473253e-03
1.60362 5.50701093e-03
1.60918 5.81592640e-03
1.61475 5.86756853e-03
1.62034 5.91013827e-03
1.62594 5.94225920e-03
1.63157 5.96289040e-03
1.63722 5.97117347e-03
1.64289 6.19816107e-03
1.64857 6.20696213e-03
1.65428 6.17489547e-03
1.66001 6.12958280e-03
1.66575 6.10870000e-03
1.67152 6.23394747e-03
1.67731 6.16564547e-03
1.68311 6.07086627e-03
1.68894 5.99893827e-03
1.69478 6.08864107e-03
1.70065 5.97028547e-03
1.70654 5.84677947e-03
1.71245 5.72182800e-03
1.71837 5.81256680e-03
1.72432 5.68591827e-03
1.73029 5.56339893e-03
1.73628 5.44639507e-03
1.74229 5.35670707e-03
1.74832 5.40565067e-03
1.75437 5.32724027e-03
1.76045 5.23697013e-03
1.76654 5.20786347e-03
1.77266 5.26345720e-03
1.77879 5.19663027e-03
1.78495 5.13856493e-03
1.79113 5.24394093e-03
1.79733 5.22082827e-03
1.80355 5.18560920e-03
1.80979 5.24973267e-03
1.81606 5.30865147e-03
1.82234 5.29480360e-03
1.82865 5.28779333e-03
1.83498 5.29939160e-03
1.84133 5.46335587e-03
1.84771 5.47521560e-03
1.85410 5.51472173e-03
1.86052 5.65950520e-03
1.86696 5.71657400e-03
1.87342 5.75013053e-03
1.87991 5.93268853e-03
1.88642 6.00611627e-03
1.89295 6.07706747e-03
1.89950 6.28104107e-03
1.90607 6.33418787e-03
1.91267 6.38878507e-03
1.91929 6.46921813e-03
1.92594 6.66733093e-03
1.93260 6.74059093e-03
1.93929 6.85253320e-03
1.94601 7.03480013e-03
1.95274 7.08287053e-03
1.95950 7.24610467e-03
1.96629 7.35546680e-03
1.97309 7.38594493e-03
1.97992 7.45336880e-03
1.98678 7.61649440e-03
1.99365 7.65436760e-03
2.00055 7.80936307e-03
2.00748 7.79259467e-03
2.01443 7.85487800e-03
2.02140 7.91928267e-03
2.02840 7.93780240e-03
2.03542 7.99894120e-03
2.04247 7.92735853e-03
2.04954 7.92889773e-03
2.05663 7.94148760e-03
2.06375 7.92402853e-03
2.07090 7.91734387e-03
2.07806 7.84674787e-03
2.08526 7.85325000e-03
2.09247 7.75214133e-03
2.09972 7.78289080e-03
2.10699 7.65486093e-03
2.11428 7.56761000e-03
2.12160 7.53927787e-03
2.12894 7.54014613e-03
2.13631 7.46467600e-03
2.14371 7.40390227e-03
2.15113 7.37355733e-03
2.15857 7.28250280e-03
2.16605 7.29262107e-03
2.17354 7.20365827e-03
2.18107 7.18736347e-03
2.18862 7.19274573e-03
2.19619 7.17085653e-03
2.20380 7.09589947e-03
2.21143 7.15118240e-03
2.21908 7.13454227e-03
2.22676 7.14002813e-03
2.23447 7.11681187e-03
2.24220 7.14546467e-03
2.24997 7.18408280e-03
2.25775 7.21088067e-03
2.26557 7.26140293e-03
2.27341 7.31146147e-03
2.28128 7.34385867e-03
2.28918 7.34286213e-03
2.29710 7.42768587e-03
2.30505 7.47793187e-03
2.31303 7.55695893e-03
2.32104 7.66262107e-03
2.32908 7.77346813e-03
2.33714 7.80136613e-03
2.34523 7.90347133e-03
2.35335 7.97719507e-03
2.36149 8.13193400e-03
2.36967 8.25664373e-03
2.37787 8.35438293e-03
2.38610 8.46124880e-03
2.39436 8.57605240e-03
2.40265 8.68625813e-03
2.41097 8.86332040e-03
2.41931 8.98179440e-03
2.42769 9.10582333e-03
2.43609 9.21612280e-03
2.44452 9.38490200e-03
2.45298 9.52365200e-03
2.46148 9.64885507e-03
2.47000 9.83900547e-03
2.47855 9.92312373e-03
2.48713 1.00730773e-02
2.49574 1.01393912e-02
2.50438 1.03216532e-02
2.51304 1.04898601e-02
2.52174 1.06055912e-02
2.53047 1.07043121e-02
2.53923 1.08373395e-02
2.54802 1.09180044e-02
2.55684 1.10306028e-02
2.56569 1.11697228e-02
2.57457 1.12426868e-02
2.58349 1.12886211e-02
2.59243 1.14027735e-02
2.60140 1.14898320e-02
2.61041 1.15218493e-02
2.61944 1.15597423e-02
2.62851 1.16389716e-02
2.63761 1.17093505e-02
2.64674 1.17711208e-02
2.65590 1.18246721e-02
2.66510 1.18700983e-02
2.67432 1.19077100e-02
2.68358 1.19289579e-02
2.69287 1.19034525e-02
2.70219 1.18550713e-02
2.71154 1.18676119e-02
2.72093 1.18748047e-02
2.73035 1.18770987e-02
2.73980 1.18786576e-02
2.74928 1.18920269e-02
2.75880 1.18719828e-02
2.76835 1.18493487e-02
2.77793 1.18250471e-02
2.78755 1.18967481e-02
2.79720 1.18837291e-02
2.80688 1.18553131e-02
2.81660 1.18987067e-02
2.82635 1.19061165e-02
2.83613 1.18777104e-02
2.84595 1.18504340e-02
2.85580 1.18606065e-02
2.86569 1.19030924e-02
2.87561 1.18797972e-02
2.88556 1.18669261e-02
2.89555 1.19385088e-02
2.90557 1.19230576e-02
2.91563 1.19087904e-02
2.92572 1.19633235e-02
2.93585 1.20407817e-02
2.94601 1.20763017e-02
2.95621 1.21055663e-02
2.96644 1.21680963e-02
2.97671 1.21809081e-02
2.98702 1.22694763e-02
2.99736 1.22809167e-02
3.00773 1.23606739e-02
3.01814 1.24567259e-02
3.02859 1.25553827e-02
3.03907 1.26282085e-02
3.04960 1.26702455e-02
3.06015 1.27775208e-02
3.07074 1.28871000e-02
3.08137 1.29994320e-02
3.09204 1.30632249e-02
3.10274 1.31433373e-02
3.11348 1.32641744e-02
3.12426 1.33877347e-02
3.13508 1.35137369e-02
3.14593 1.36420036e-02
3.15682 1.37727912e-02
3.16775 1.39060060e-02
3.17871 1.40415493e-02
3.18972 1.41849465e-02
3.20076 1.43963843e-02
3.21184 1.45481188e-02
3.22295 1.46912052e-02
3.23411 1.48359591e-02
3.24531 1.49822127e-02
3.25654 1.51295911e-02
3.26781 1.53417047e-02
3.27912 1.55610259e-02
3.29047 1.57528191e-02
3.30187 1.59031673e-02
3.31330 1.60535156e-02
3.32476 1.62644205e-02
3.33627 1.64834803e-02
3.34782 1.66793879e-02
3.35941 1.68313839e-02
3.37104 1.70470347e-02
3.38271 1.72094301e-02
3.39442 1.74164772e-02
3.40617 1.76729217e-02
3.41796 1.78129199e-02
3.42979 1.80079148e-02
3.44166 1.82096832e-02
3.45358 1.84083535e-02
3.46553 1.86032349e-02
3.47753 1.87935037e-02
3.48957 1.90175708e-02
3.50164 1.92500936e-02
3.51377 1.94273236e-02
3.52593 1.95987668e-02
3.53814 1.98005007e-02
3.55038 2.00140301e-02
3.56267 2.01690651e-02
3.57500 2.03176867e-02
3.58738 2.04897071e-02
3.59980 2.06897636e-02
3.61226 2.08816259e-02
3.62476 2.10224331e-02
3.63731 2.11582724e-02
3.64990 2.13290644e-02
3.66254 2.15473200e-02
3.67521 2.16992963e-02
3.68794 2.17939571e-02
3.70070 2.19331511e-02
3.71351 2.20644616e-02
3.72637 2.22050172e-02
3.73927 2.23793711e-02
3.75221 2.24948604e-02
3.76520 2.25949725e-02
3.77823 2.26881829e-02
3.79131 2.28268984e-02
3.80443 2.29593831e-02
3.81760 2.30806493e-02
3.83082 2.31423653e-02
3.84408 2.32616533e-02
3.85739 2.34023372e-02
3.87074 2.34427757e-02
3.88414 2.35442248e-02
3.89758 2.36667244e-02
3.91107 2.37375769e-02
3.92461 2.38017448e-02
3.93820 2.38603331e-02
3.95183 2.39118272e-02
3.96551 2.40205135e-02
3.97924 2.41432351e-02
3.99301 2.41755583e-02
4.00683 2.42311175e-02
4.02070 2.43000707e-02
4.03462 2.43612736e-02
4.04859 2.44415981e-02
4.06260 2.45383655e-02
4.07667 2.45397912e-02
4.09078 2.45737523e-02
4.10494 2.46531888e-02
4.11915 2.46895129e-02
4.13341 2.47282939e-02
4.14771 2.47915787e-02
4.16207 2.48779811e-02
4.17648 2.49693267e-02
4.19094 2.50180236e-02
4.20545 2.50632919e-02
4.22000 2.51052992e-02
4.23461 2.51756880e-02
4.24927 2.52478972e-02
4.26398 2.53152076e-02
4.27874 2.53782013e-02
4.29355 2.54391625e-02
4.30841 2.54939275e-02
4.32332 2.55469460e-02
4.33829 2.55961215e-02
4.35331 2.56657703e-02
4.36838 2.57447776e-02
4.38350 2.58170855e-02
4.39867 2.58994721e-02
4.41390 2.59992143e-02
4.42918 2.60519763e-02
4.44451 2.60820745e-02
4.45990 2.61687581e-02
4.47533 2.62646819e-02
4.49083 2.63788343e-02
4.50637 2.64730955e-02
4.52197 2.65512543e-02
4.53762 2.66247708e-02
4.55333 2.67005567e-02
4.56909 2.67976940e-02
4.58491 2.69034400e-02
4.60078 2.70242031e-02
4.61670 2.71254449e-02
4.63269 2.72129721e-02
4.64872 2.73180127e-02
4.66481 2.74285687e-02
4.68096 2.75323956e-02
4.69717 2.76425471e-02
4.71343 2.77680856e-02
4.72974 2.78916656e-02
4.74611 2.80120241e-02
4.76254 2.81287517e-02
4.77903 2.82441769e-02
4.79557 2.83741111e-02
4.81217 2.85095015e-02
4.82883 2.86608611e-02
4.84555 2.88112932e-02
4.86232 2.89336349e-02
4.87915 2.90676539e-02
4.89604 2.92315145e-02
4.91299 2.93849412e-02
4.92999 2.95198136e-02
4.94706 2.96742072e-02
4.96418 2.98483933e-02
4.98137 3.00180852e-02
4.99861 3.01856656e-02
5.01591 3.03627624e-02
5.03328 3.05455917e-02
5.05070 3.07055649e-02
5.06818 3.08604272e-02
5.08573 3.10430740e-02
5.10333 3.12332787e-02
5.12100 3.14150671e-02
5.13873 3.15980543e-02
5.15651 3.17907108e-02
5.17436 3.19865493e-02
5.19228 3.21914504e-02
5.21025 3.23993904e-02
5.22828 3.25971381e-02
5.24638 3.27970664e-02
5.26454 3.30232104e-02
5.28277 3.32530741e-02
5.30105 3.34719661e-02
5.31940 3.36929104e-02
5.33782 3.39202828e-02
5.35629 3.41507681e-02
5.37484 3.43866900e-02
5.39344 3.46258383e-02
5.41211 3.48696880e-02
5.43084 3.51168431e-02
5.44965 3.53804607e-02
5.46851 3.56518236e-02
5.48744 3.59044892e-02
5.50643 3.61486497e-02
5.52550 3.64139989e-02
5.54462 3.66972068e-02
5.56381 3.69759895e-02
5.58308 3.72479691e-02
5.60240 3.75272155e-02
5.62179 3.78193823e-02
5.64125 3.81143808e-02
5.66078 3.84101588e-02
5.68038 3.87092027e-02
5.70004 3.90079703e-02
5.71977 3.93099347e-02
5.73957 3.96353028e-02
5.75944 3.99692155e-02
5.77938 4.02942580e-02
5.79938 4.06145596e-02
5.81946 4.09468245e-02
5.83960 4.12962032e-02
5.85982 4.16481275e-02
5.88010 4.19968993e-02
5.90045 4.23494156e-02
5.92088 4.27100423e-02
5.94137 4.30750103e-02
5.96194 4.34461104e-02
5.98258 4.38224645e-02
6.00329 4.42080292e-02
6.02407 4.46073825e-02
6.04492 4.50110821e-02
6.06585 4.54189109e-02
6.08684 4.58311797e-02
6.10791 4.62378344e-02
6.12906 4.66449676e-02
6.15027 4.70649817e-02
6.17156 4.75034071e-02
6.19293 4.79467855e-02
6.21436 4.84019644e-02
6.23588 4.88621605e-02
6.25746 4.93306052e-02
6.27912 4.98059960e-02
6.30086 5.02873907e-02
6.32267 5.07762840e-02
6.34455 5.12706040e-02
6.36652 5.17712387e-02
6.38856 5.22776453e-02
6.41067 5.28017627e-02
6.43286 5.33515333e-02
6.45513 5.39076680e-02
6.47747 5.44555640e-02
6.49990 5.50084920e-02
6.52240 5.55787853e-02
6.54497 5.61699467e-02
6.56763 5.67680640e-02
6.59037 5.73733840e-02
6.61318 5.79858573e-02
6.63607 5.86127853e-02
6.65904 5.92577693e-02
6.68209 5.99104987e-02
6.70522 6.05826653e-02
6.72843 6.12648960e-02
6.75172 6.19554147e-02
6.77510 6.26541720e-02
6.79855 6.33615133e-02
6.82208 6.40948533e-02
6.84570 6.48449173e-02
6.86939 6.56052920e-02
6.89317 6.63843147e-02
6.91704 6.71732533e-02
6.94098 6.79824680e-02
6.96500 6.88151160e-02
6.98911 6.96587160e-02
7.01331 7.05263907e-02
7.03759 7.14093093e-02
7.06195 7.23064853e-02
7.08639 7.32409573e-02
7.11092 7.41883053e-02
7.13554 7.51560280e-02
7.16024 7.61496013e-02
7.18502 7.71571853e-02
7.20990 7.81968853e-02
7.23485 7.92620413e-02
7.25990 8.03425893e-02
7.28503 8.14692147e-02
7.31025 8.26173493e-02
7.33555 8.37843293e-02
7.36094 8.49915160e-02
7.38642 8.62170053e-02
7.41199 8.74703187e-02
7.43765 8.87707453e-02
7.46340 9.00914973e-02
7.48923 9.14514693e-02
7.51516 9.28609720e-02
7.54117 9.42931680e-02
7.56727 9.57687280e-02
7.59347 9.72868627e-02
7.61975 9.88301080e-02
7.64613 1.00435020e-01
7.67260 1.02089512e-01
7.69916 1.03772321e-01
7.72581 1.05519807e-01
7.75255 1.07314553e-01
7.77939 1.09140972e-01
7.80632 1.11070349e-01
7.83334 1.13062923e-01
7.86046 1.15092348e-01
7.88767 1.17222660e-01
7.91497 1.19418141e-01
7.94237 1.21655852e-01
7.96986 1.23997409e-01
7.99745 1.26412128e-01
8.02513 1.28875045e-01
8.05291 1.31459323e-01
8.08079 1.34138369e-01
8.10876 1.36873212e-01
8.13683 1.39735187e-01
8.16500 1.42717732e-01
8.19326 1.45765151e-01
8.22162 1.48937432e-01
8.25008 1.52262548e-01
8.27864 1.55663045e-01
8.30730 1.59187123e-01
8.33605 1.62927033e-01
8.36491 1.66755892e-01
8.39386 1.70688844e-01
8.42292 1.74904673e-01
8.45208 1.79225533e-01
8.48133 1.83653989e-01
8.51069 1.88384957e-01
8.54016 1.93277097e-01
8.56972 1.98296863e-01
8.59938 2.03623876e-01
8.62915 2.09231152e-01
8.65902 2.14993039e-01
8.68899 2.21019303e-01
8.71907 2.27513691e-01
8.74925 2.34198604e-01
8.77954 2.41079568e-01
8.80993 2.48516223e-01
8.84043 2.56211285e-01
8.87103 2.64143592e-01
8.90174 2.72547032e-01
8.93255 2.81413120e-01
8.96347 2.90565785e-01
8.99450 3.00067681e-01
9.02563 3.10274896e-01
9.05688 3.20826655e-01
9.08823 3.31734649e-01
9.11969 3.43269868e-01
9.15126 3.55340995e-01
9.18294 3.67833428e-01
9.21472 3.80797389e-01
9.24662 3.94413241e-01
9.27863 4.08512412e-01
9.31075 4.23112464e-01
9.34298 4.38169491e-01
9.37532 4.53717680e-01
9.40777 4.69814111e-01
9.44034 4.86531944e-01
9.47302 5.06717467e-01
9.50581 5.27718173e-01
9.53871 5.49565933e-01
9.57173 5.69087627e-01
9.60487 5.83960147e-01
9.63811 5.99187373e-01
9.67148 6.14776213e-01
9.70495 6.27466227e-01
9.73855 6.38954973e-01
9.77226 6.50606027e-01
9.80609 6.62419880e-01
9.84003 6.70347747e-01
9.87409 6.78186320e-01
9.90827 6.86051533e-01
9.94257 6.93109653e-01
9.97699 6.96665600e-01
10.01153 7.00163827e-01
10.04618 7.03603840e-01
10.08096 7.06108000e-01
10.11585 7.07025107e-01
10.15087 7.07880547e-01
10.18601 7.08672347e-01
10.22127 7.08535200e-01
10.25665 7.07414347e-01
10.29215 7.06229360e-01
10.32778 7.04980240e-01
10.36353 7.02806613e-01
10.39941 6.99879173e-01
10.43540 6.96898453e-01
10.47153 6.93865440e-01
10.50777 6.89213307e-01
10.54415 6.83343133e-01
10.58065 6.77465560e-01
10.61727 6.71582067e-01
10.65403 6.64859413e-01
10.69091 6.57401200e-01
10.72791 6.49974067e-01
10.76505 6.42578507e-01
10.80231 6.34428147e-01
10.83971 6.25281747e-01
10.87723 6.16222667e-01
10.91488 6.07250907e-01
10.95266 5.98048760e-01
10.99058 5.88086387e-01
11.02862 5.78260173e-01
11.06680 5.68568147e-01
11.10511 5.59016720e-01
11.14355 5.49734653e-01
11.18212 5.40583813e-01
11.22083 5.31561733e-01
11.25967 5.22667920e-01
11.29865 5.13638933e-01
11.33776 5.04667667e-01
11.37701 4.95833547e-01
11.41639 4.87136179e-01
11.45591 4.77980307e-01
11.49556 4.68176244e-01
11.53536 4.58555405e-01
11.57529 4.49115077e-01
11.61536 4.39846972e-01
11.65556 4.30094611e-01
11.69591 4.20544121e-01
11.73640 4.11192001e-01
11.77702 4.02034649e-01
11.81779 3.91609579e-01
11.85870 3.80172237e-01
11.89975 3.69052997e-01
11.94094 3.58244015e-01
11.98227 3.47737495e-01
12.02375 3.34447095e-01
12.06537 3.21578988e-01
12.10714 3.09190895e-01
12.14905 2.97266239e-01
12.19110 2.85760669e-01
12.23330 2.74638667e-01
12.27565 2.63938217e-01
12.31814 2.53644324e-01
12.36078 2.43742631e-01
12.40357 2.36118805e-01
12.44651 2.29702709e-01
12.48959 2.23456567e-01
12.53283 2.17375937e-01
12.57621 2.11456727e-01
12.61974 2.07161816e-01
12.66343 2.03149536e-01
12.70726 1.99211996e-01
12.75125 1.95347815e-01
12.79539 1.91607805e-01
12.83968 1.90129532e-01
12.88413 1.88659744e-01
12.92873 1.87198343e-01
12.97348 1.85745180e-01
13.01839 1.84595763e-01
13.06345 1.86691393e-01
13.10867 1.88809520e-01
13.15405 1.90950291e-01
13.19959 1.93113853e-01
13.24528 1.95286296e-01
13.29113 1.97254005e-01
13.33713 1.99240807e-01
13.38330 2.01246799e-01
13.42963 2.03272080e-01
13.47612 2.05316848e-01
13.52277 2.08510885e-01
13.56958 2.11820905e-01
13.61655 2.15183317e-01
13.66368 2.18598911e-01
13.71098 2.22068573e-01
13.75844 2.25279532e-01
13.80607 2.28424877e-01
13.85386 2.31613883e-01
13.90182 2.34847091e-01
13.94994 2.38125143e-01
13.99823 2.42073783e-01
14.04668 2.46902973e-01
14.09531 2.51828561e-01
14.14410 2.56852471e-01
14.19306 2.61976872e-01
14.24219 2.67204380e-01
14.29149 2.72553100e-01
14.34096 2.78009860e-01
14.39060 2.83577028e-01
14.44042 2.89257021e-01
14.49041 2.95052208e-01
14.54057 3.00748432e-01
14.59090 3.06366216e-01
14.64141 3.12091645e-01
14.69209 3.17927039e-01
14.74295 3.23874665e-01
14.79398 3.29936992e-01
14.84519 3.36482391e-01
14.89658 3.43191527e-01
14.94814 3.50039240e-01
14.99989 3.57028688e-01
15.05181 3.64163127e-01
15.10392 3.71428595e-01
15.15620 3.78777535e-01
15.20866 3.86278273e-01
15.26131 3.93934511e-01
15.31414 4.01749749e-01
15.36715 4.09727788e-01
15.42034 4.17570061e-01
15.47372 4.25048107e-01
15.52729 4.32665815e-01
15.58103 4.40425948e-01
15.63497 4.48331368e-01
15.68909 4.56385035e-01
15.74340 4.64472347e-01
15.79790 4.72539629e-01
15.85258 4.80750916e-01
15.90746 4.89108673e-01
15.96252 4.97615467e-01
16.01778 5.06273960e-01
16.07323 5.13760787e-01
16.12886 5.18687707e-01
16.18470 5.23639293e-01
16.24072 5.28615053e-01
16.29694 5.33614493e-01
16.35335 5.38635640e-01
16.40996 5.43549240e-01
16.46677 5.47558067e-01
16.52377 5.51567387e-01
16.58097 5.55575720e-01
16.63836 5.59581587e-01
16.69596 5.63584000e-01
16.75375 5.67581480e-01
16.81175 5.69228720e-01
16.86994 5.70176413e-01
16.92834 5.71096480e-01
16.98694 5.71987933e-01
17.04574 5.72851267e-01
17.10474 5.73685987e-01
17.16395 5.74540933e-01
17.22337 5.75491093e-01
17.28299 5.76412147e-01
17.34281 5.77303107e-01
17.40285 5.78163973e-01
17.46309 5.78994747e-01
17.52354 5.79793947e-01
17.58420 5.79127453e-01
17.64507 5.77651400e-01
17.70615 5.76144267e-01
17.76744 5.74607040e-01
17.82894 5.73039720e-01
17.89066 5.71442800e-01
17.95259 5.69816280e-01
18.01473 5.68002293e-01
18.07709 5.66141440e-01
18.13967 5.64261840e-01
18.20246 5.62363493e-01
18.26547 5.60446893e-01
18.32870 5.58512040e-01
18.39214 5.56558933e-01
18.45581 5.53932427e-01
18.51969 5.51223533e-01
18.58380 5.48509213e-01
18.64813 5.45789467e-01
18.71268 5.43065280e-01
18.77746 5.40337147e-01
18.84246 5.37604080e-01
18.90768 5.35181320e-01
18.97313 5.32851800e-01
19.03881 5.30520307e-01
19.10472 5.28185853e-01
19.17085 5.25849427e-01
19.23721 5.23511520e-01
19.30380 5.21171147e-01
19.37062 5.19047840e-01
19.43768 5.17180080e-01
19.50496 5.15306893e-01
19.57248 5.13427293e-01
19.64023 5.11542267e-01
19.70822 5.09651813e-01
19.77644 5.07756427e-01
19.84490 5.05855120e-01
19.91359 5.03905960e-01
19.98252 5.01948907e-01
20.05169 4.99985933e-01
20.12110 4.98017533e-01
20.19076 4.96044200e-01
20.26065 4.94064947e-01
20.33078 4.92080809e-01
20.40116 4.90032884e-01
20.47178 4.87812489e-01
20.54264 4.85588493e-01
20.61375 4.83361044e-01
20.68511 4.81130388e-01
20.75671 4.78896624e-01
20.82856 4.76659949e-01
20.90066 4.74420512e-01
20.97301 4.72215213e-01
21.04561 4.70072519e-01
21.11846 4.67923016e-01
21.19157 4.65766903e-01
21.26492 4.63604376e-01
21.33853 4.61435683e-01
21.41240 4.59261020e-01
21.48652 4.57080684e-01
21.56090 4.54674796e-01
21.63553 4.51483965e-01
21.71043 4.48295651e-01
21.78558 4.45110197e-01
21.86099 4.41928000e-01
21.93666 4.38749404e-01
22.01260 4.35574755e-01
22.08880 4.32404397e-01
22.16526 4.29238727e-01
22.24199 4.24975340e-01
22.31898 4.20550683e-01
22.39624 4.16156859e-01
22.47377 4.11793917e-01
22.55156 4.07461957e-01
22.62962 4.03160979e-01
22.70796 3.98890981e-01
22.78656 3.94652064e-01
22.86544 3.90350937e-01
22.94459 3.85788541e-01
23.02402 3.81268276e-01
23.10372 3.76789845e-01
23.18369 3.72353052e-01
23.26394 3.67957649e-01
23.34447 3.63603489e-01
23.42528 3.59290227e-01
23.50637 3.55017763e-01
23.58774 3.50613480e-01
23.66939 3.45949605e-01
23.75133 3.41338764e-01
23.83354 3.36780512e-01
23.91604 3.32274455e-01
23.99883 3.27820049e-01
24.08191 3.23416803e-01
24.16527 3.19064320e-01
24.24892 3.14762108e-01
24.33286 3.10557675e-01
24.41709 3.06595073e-01
24.50161 3.02677316e-01
24.58642 2.98803909e-01
24.67153 2.94974508e-01
24.75693 2.91188717e-01
24.84263 2.87446044e-01
24.92863 2.83746192e-01
25.01492 2.80088717e-01
25.10151 2.76473176e-01
25.18840 2.72940416e-01
25.27559 2.69462712e-01
25.36309 2.66024919e-01
25.45088 2.62626641e-01
25.53898 2.59267584e-01
25.62739 2.55947303e-01
25.71610 2.52665452e-01
25.80512 2.49421736e-01
25.89444 2.46215760e-01
25.98408 2.43047129e-01
26.07403 2.40073957e-01
26.16428 2.37141140e-01
26.25485 2.34241129e-01
26.34574 2.31373679e-01
26.43694 2.28538443e-01
26.52845 2.25735175e-01
26.62028 2.22963529e-01
26.71243 2.20223260e-01
26.80489 2.17514021e-01
26.89768 2.14835567e-01
26.99079 2.12326177e-01
27.08422 2.09871203e-01
27.17798 2.07442720e-01
27.27205 2.05040433e-01
27.36646 2.02664096e-01
27.46119 2.00313511e-01
27.55625 1.97988480e-01
27.65164 1.95688659e-01
27.74736 1.93413948e-01
27.84341 1.91164052e-01
27.93979 1.88994668e-01
28.03650 1.86953255e-01
28.13355 1.84932808e-01
28.23094 1.82933032e-01
28.32867 1.80953828e-01
28.42673 1.78994999e-01
28.52513 1.77056297e-01
28.62387 1.75137625e-01
28.72295 1.73238785e-01
28.82238 1.71359531e-01
28.92215 1.69499763e-01
29.02227 1.67711429e-01
29.12273 1.66001191e-01
29.22354 1.64307775e-01
29.32470 1.62630984e-01
29.42621 1.60970720e-01
29.52807 1.59326785e-01
29.63029 1.57699032e-01
29.73286 1.56087361e-01
29.83578 1.54491625e-01
29.93906 1.52911627e-01
30.04269 1.51347267e-01
30.14669 1.49811865e-01
30.25104 1.48365363e-01
30.35576 1.46932476e-01
30.46084 1.45513057e-01
30.56628 1.44107057e-01
30.67209 1.42714279e-01
30.77826 1.41334672e-01
30.88481 1.39968089e-01
30.99172 1.38614432e-01
31.09900 1.37273552e-01
31.20665 1.35945351e-01
31.31467 1.34629729e-01
31.42307 1.33364477e-01
31.53184 1.32171104e-01
31.64099 1.30988288e-01
31.75052 1.29815931e-01
31.86043 1.28653933e-01
31.97072 1.27502247e-01
32.08139 1.26360723e-01
32.19244 1.25229312e-01
32.30388 1.24107965e-01
32.41570 1.22996485e-01
32.52791 1.21894872e-01
32.64051 1.20803076e-01
32.75349 1.19735404e-01
32.86687 1.18786132e-01
32.98064 1.17844408e-01
33.09481 1.16910183e-01
33.20937 1.15983407e-01
33.32433 1.15063981e-01
33.43968 1.14151907e-01
33.55544 1.13247084e-01
33.67159 1.12349513e-01
33.78815 1.11459047e-01
33.90511 1.10575684e-01
34.02247 1.09699376e-01
34.14024 1.08830024e-01
34.25842 1.07961905e-01
34.37701 1.07087916e-01
34.49601 1.06221031e-01
34.61542 1.05361151e-01
34.73525 1.04508276e-01
34.85549 1.03662308e-01
34.97614 1.02823197e-01
35.09721 1.01990895e-01
35.21871 1.01165400e-01
35.34062 1.00346565e-01
35.46295 9.95343413e-02
35.58571 9.87287773e-02
35.70889 9.79297253e-02
35.83250 9.71371360e-02
35.95654 9.63678813e-02
36.08101 9.56066680e-02
36.20590 9.48514240e-02
36.33123 9.41022480e-02
36.45700 9.33589427e-02
36.58320 9.26216067e-02
36.70983 9.18900920e-02
36.83691 9.11643987e-02
36.96442 9.04444773e-02
37.09238 8.97302787e-02
37.22077 8.90217533e-02
37.34962 8.83188027e-02
37.47890 8.76214760e-02
37.60864 8.69296747e-02
37.73883 8.62794120e-02
37.86946 8.56405947e-02
38.00055 8.50066120e-02
38.13209 8.43773160e-02
38.26409 8.37527560e-02
38.39654 8.31329320e-02
38.52946 8.25176960e-02
38.66283 8.19070480e-02
38.79667 8.13009880e-02
38.93096 8.06994667e-02
39.06573 8.01024840e-02
39.20096 7.95099413e-02
39.33665 7.89217893e-02
39.47282 7.83380773e-02
39.60946 7.77599893e-02
39.74657 7.72023747e-02
39.88416 7.66487560e-02
40.02222 7.60991827e-02
40.16076 7.55536053e-02
40.29978 7.50119747e-02
40.43928 7.44742907e-02
40.57926 7.39404547e-02
40.71973 7.34105653e-02
40.86069 7.28844747e-02
41.00213 7.23622320e-02
41.14406 7.18437880e-02
41.28648 7.13290440e-02
41.42940 7.08180987e-02
41.57281 7.03108040e-02
41.71672 6.98072093e-02
41.86113 6.93005067e-02
42.00603 6.87908933e-02
42.15144 6.82850787e-02
42.29735 6.77829640e-02
42.44377 6.72846480e-02
42.59069 6.67899827e-02
42.73812 6.62989680e-02
42.88606 6.58116533e-02
43.03451 6.53279400e-02
43.18348 6.48477787e-02
43.33297 6.43712187e-02
43.48297 6.38981613e-02
43.63349 6.34286560e-02
43.78453 6.29626040e-02
43.93609 6.25000053e-02
44.08818 6.20408600e-02
44.24079 6.15850693e-02
44.39394 6.11328307e-02
44.54761 6.06838973e-02
44.70182 6.02383187e-02
44.85655 5.97960453e-02
45.01183 5.93570280e-02
45.16764 5.89213160e-02
45.32399 5.84887613e-02
45.48089 5.80594627e-02
45.63832 5.76333213e-02
45.79630 5.72103373e-02
45.95483 5.67904613e-02
46.11391 5.63736933e-02
46.27353 5.59600333e-02
46.43371 5.55494320e-02
46.59445 5.51418893e-02
46.75574 5.47373067e-02
46.91759 5.43357333e-02
47.08000 5.39313480e-02
47.24297 5.35261733e-02
47.40650 5.31240573e-02
47.57060 5.27250000e-02
47.73527 5.23289520e-02
47.90051 5.19359133e-02
48.06633 5.15458347e-02
48.23271 5.11586667e-02
48.39967 5.07744587e-02
48.56721 5.03931613e-02
48.73533 5.00147253e-02
48.90403 4.96391507e-02
49.07332 4.92664472e-02
49.24319 4.88965409e-02
49.41365 4.85294269e-02
49.58470 4.81650855e-02
49.75634 4.78034968e-02
49.92858 4.74446412e-02
50.10141 4.70891156e-02
50.27484 4.67523761e-02
50.44887 4.64180639e-02
50.62350 4.60861689e-02
50.79874 4.57566667e-02
50.97458 4.54295373e-02
51.15104 4.51047760e-02
51.32810 4.47823481e-02
51.50578 4.44622537e-02
51.68407 4.41444632e-02
51.86298 4.38289667e-02
52.04250 4.35157395e-02
52.22265 4.32047767e-02
52.40343 4.28960536e-02
52.58482 4.25895505e-02
52.76685 4.22852625e-02
52.94951 4.19831649e-02
53.13280 4.16832429e-02
53.31672 4.13854817e-02
53.50128 4.10898616e-02
53.68648 4.07956968e-02
53.87232 4.05009301e-02
54.05880 4.02083095e-02
54.24593 3.99178151e-02
54.43371 3.96294371e-02
54.62214 3.93431607e-02
54.81122 3.90589661e-02
55.00095 3.87768387e-02
55.19134 3.84967635e-02
55.38239 3.82187257e-02
55.57410 3.79427107e-02
55.76647 3.76687035e-02
55.95951 3.73966893e-02
56.15322 3.71266535e-02
56.34760 3.68585811e-02
56.54265 3.65924573e-02
56.73838 3.63282675e-02
56.93479 3.60660016e-02
57.13187 3.58056400e-02
57.32964 3.55471679e-02
57.52809 3.52905753e-02
57.72723 3.50358525e-02
57.92705 3.47836112e-02
58.12757 3.45332692e-02
58.32879 3.42847377e-02
58.53070 3.40380119e-02
58.73331 3.37930719e-02
58.93662 3.35499079e-02
59.14063 3.33085051e-02
59.34535 3.30688487e-02
59.55078 3.28309288e-02
59.75692 3.25947356e-02
59.96377 3.23602493e-02
60.17134 3.21274601e-02
60.37963 3.18963581e-02
60.58864 3.16669236e-02
60.79837 3.14391565e-02
61.00883 3.12130372e-02
61.22002 3.09885508e-02
61.43194 3.07656924e-02
61.64459 3.05444423e-02
61.85797 3.03248004e-02
62.07210 3.01067421e-02
62.28697 2.98902625e-02
62.50258 2.96753468e-02
62.71894 2.94638992e-02
62.93605 2.92541684e-02
63.15390 2.90459373e-02
63.37252 2.88391961e-02
63.59189 2.86339399e-02
63.81201 2.84301488e-02
64.03290 2.82278229e-02
64.25456 2.80269425e-02
64.47698 2.78274977e-02
64.70017 2.76294836e-02
64.92414 2.74328903e-02
65.14888 2.72376980e-02
65.37440 2.70439068e-02
65.60070 2.68515019e-02
65.82778 2.66604733e-02
66.05565 2.64708163e-02
66.28430 2.62825109e-02
66.51375 2.60955524e-02
66.74400 2.59099357e-02
66.97504 2.57256412e-02
67.20688 2.55426688e-02
67.43952 2.53610037e-02
67.67297 2.51806411e-02
67.90722 2.50015660e-02
68.14229 2.48237687e-02
68.37817 2.46477473e-02
68.61486 2.44730235e-02
68.85238 2.42995428e-02
69.09072 2.41272955e-02
69.32988 2.39562815e-02
69.56987 2.37864811e-02
69.81069 2.36178943e-02
70.05235 2.34505112e-02
70.29484 2.32843171e-02
70.53817 2.31193069e-02
70.78235 2.29554709e-02
71.02737 2.27928041e-02
71.27323 2.26312967e-02
71.51995 2.24709387e-02
71.76752 2.23117252e-02
72.01595 2.21536415e-02
72.26524 2.19966875e-02
72.51539 2.18408484e-02
72.76641 2.16861193e-02
73.01830 2.15324904e-02
73.27106 2.13799567e-02
73.52469 2.12285083e-02
73.77920 2.10781403e-02
74.03460 2.09288428e-02
74.29087 2.07806060e-02
74.54804 2.06334249e-02
74.80609 2.04872897e-02
75.06504 2.03425112e-02
75.32488 2.01989857e-02
75.58563 2.00564765e-02
75.84727 1.99149787e-02
76.10982 1.97744872e-02
76.37328 1.96349873e-02
76.63766 1.94964791e-02
76.90295 1.93589476e-02
77.16915 1.92223929e-02
77.43628 1.90868101e-02
77.70433 1.89521844e-02
77.97331 1.88185108e-02
78.24322 1.86857893e-02
78.51407 1.85540052e-02
78.78585 1.84231535e-02
79.05857 1.82932292e-02
79.33224 1.81642275e-02
79.60686 1.80361384e-02
79.88242 1.79089521e-02
80.15894 1.77826736e-02
80.43642 1.76572831e-02
80.71486 1.75327855e-02
80.99426 1.74091660e-02
81.27463 1.72864247e-02
81.55596 1.71645516e-02
81.83828 1.70435419e-02
82.12157 1.69233856e-02
82.40584 1.68040828e-02
82.69109 1.66856236e-02
82.97733 1.65680031e-02
83.26457 1.64515665e-02
83.55279 1.63364916e-02
83.84202 1.62222307e-02
84.13225 1.61087689e-02
84.42348 1.59961064e-02
84.71572 1.58842381e-02
85.00897 1.57731493e-02
85.30323 1.56628449e-02
85.59852 1.55533101e-02
85.89482 1.54445499e-02
86.19215 1.53365493e-02
86.49052 1.52293085e-02
86.78991 1.51228176e-02
87.09034 1.50170765e-02
87.39181 1.49120804e-02
87.69432 1.48078193e-02
87.99789 1.47042884e-02
88.30250 1.46014876e-02
88.60816 1.44994021e-02
88.91489 1.43980369e-02
89.22267 1.42973821e-02
89.53153 1.41974377e-02
89.84145 1.40981889e-02
90.15244 1.39996407e-02
90.46451 1.39017781e-02
90.77766 1.38046063e-02
91.09190 1.37081152e-02
91.40722 1.36123000e-02
91.72363 1.35171607e-02
92.04114 1.34226824e-02
92.35975 1.33288701e-02
92.67946 1.32357189e-02
93.00028 1.31432189e-02
93.32221 1.30513652e-02
93.64525 1.29602959e-02
93.96941 1.28699320e-02
94.29469 1.27802045e-02
94.62110 1.26911036e-02
94.94864 1.26026243e-02
95.27731 1.25147616e-02
95.60712 1.24275156e-02
95.93807 1.23408813e-02
96.27017 1.22548489e-02
96.60342 1.21694233e-02
96.93782 1.20845897e-02
97.27338 1.20003531e-02
97.61010 1.19167035e-02
97.94798 1.18336409e-02
98.28704 1.17511605e-02
98.62727 1.16692524e-02
98.96867 1.15879215e-02
99.31126 1.15071579e-02
99.65504 1.14269567e-02
100.00000 1.13473179e-02
