        2000  0.100000 3.710000
0.10000 1.42091467e+00
0.10035 1.42081128e+00
0.10069 1.42069009e+00
0.10104 1.42055405e+00
0.10139 1.42040565e+00
0.10174 1.42024687e+00
0.10210 1.42007967e+00
0.10245 1.41990653e+00
0.10280 1.41972845e+00
0.10316 1.41943017e+00
0.10352 1.41861199e+00
0.10387 1.41778046e+00
0.10423 1.41693656e+00
0.10459 1.41607930e+00
0.10496 1.41520869e+00
0.10532 1.41432521e+00
0.10568 1.41342739e+00
0.10605 1.41251523e+00
0.10642 1.41158822e+00
0.10679 1.41064687e+00
0.10716 1.40969068e+00
0.10753 1.40871915e+00
0.10790 1.40773328e+00
0.10827 1.40673208e+00
0.10865 1.40571554e+00
0.10902 1.40468168e+00
0.10940 1.40363002e+00
0.10978 1.40255857e+00
0.11016 1.40146536e+00
0.11054 1.40034939e+00
0.11092 1.39920869e+00
0.11131 1.39804177e+00
0.11169 1.39684814e+00
0.11208 1.39562731e+00
0.11247 1.39437926e+00
0.11286 1.39240900e+00
0.11325 1.39036653e+00
0.11364 1.38828794e+00
0.11403 1.38617472e+00
0.11443 1.38402836e+00
0.11482 1.38184985e+00
0.11522 1.37964017e+00
0.11562 1.37739933e+00
0.11602 1.37512733e+00
0.11642 1.37282515e+00
0.11682 1.37049181e+00
0.11723 1.36812681e+00
0.11763 1.36573064e+00
0.11804 1.36330282e+00
0.11845 1.36084383e+00
0.11886 1.35835368e+00
0.11927 1.35583335e+00
0.11968 1.35328384e+00
0.12010 1.35070613e+00
0.12051 1.34810122e+00
0.12093 1.34546959e+00
0.12135 1.34281323e+00
0.12177 1.34013115e+00
0.12219 1.33742483e+00
0.12262 1.33469427e+00
0.12304 1.33193947e+00
0.12347 1.32915944e+00
0.12389 1.33307324e+00
0.12432 1.35204965e+00
0.12475 1.37065010e+00
0.12518 1.38381664e+00
0.12562 1.39005835e+00
0.12605 1.39627285e+00
0.12649 1.39927250e+00
0.12693 1.39928586e+00
0.12737 1.39929279e+00
0.12781 1.39996108e+00
0.12825 1.40111217e+00
0.12869 1.40225980e+00
0.12914 1.40317196e+00
0.12959 1.40392930e+00
0.13003 1.40467921e+00
0.13048 1.40495672e+00
0.13094 1.40492753e+00
0.13139 1.40488301e+00
0.13184 1.40504972e+00
0.13230 1.40536383e+00
0.13276 1.40566459e+00
0.13322 1.40582337e+00
0.13368 1.40584910e+00
0.13414 1.40586146e+00
0.13461 1.40584366e+00
0.13507 1.40532871e+00
0.13554 1.40479991e+00
0.13601 1.40425924e+00
0.13648 1.40301515e+00
0.13695 1.40168054e+00
0.13743 1.40033109e+00
0.13790 1.39868187e+00
0.13838 1.39691344e+00
0.13886 1.39512967e+00
0.13934 1.39247776e+00
0.13982 1.38905121e+00
0.14031 1.38559299e+00
0.14079 1.38173014e+00
0.14128 1.37693385e+00
0.14177 1.37209107e+00
0.14226 1.36720178e+00
0.14275 1.36220664e+00
0.14324 1.35716796e+00
0.14374 1.35208675e+00
0.14424 1.34532267e+00
0.14474 1.33781462e+00
0.14524 1.33023188e+00
0.14574 1.32028314e+00
0.14625 1.30607681e+00
0.14675 1.29168399e+00
0.14726 1.27711754e+00
0.14777 1.26777922e+00
0.14828 1.25854429e+00
0.14879 1.24924555e+00
0.14931 1.23502190e+00
0.14983 1.21649713e+00
0.15034 1.19781851e+00
0.15087 1.17909241e+00
0.15139 1.16139769e+00
0.15191 1.14362234e+00
0.15244 1.12578417e+00
0.15297 1.10727720e+00
0.15349 1.08824193e+00
0.15403 1.06919380e+00
0.15456 1.05015211e+00
0.15509 1.02890766e+00
0.15563 1.00591753e+00
0.15617 9.83023365e-01
0.15671 9.60252869e-01
0.15725 9.36591973e-01
0.15780 9.13061669e-01
0.15834 8.89747535e-01
0.15889 8.66761364e-01
0.15944 8.44243643e-01
0.15999 8.21998483e-01
0.16055 8.00041713e-01
0.16110 7.80527608e-01
0.16166 7.62702295e-01
0.16222 7.45102549e-01
0.16278 7.27735297e-01
0.16335 6.98702321e-01
0.16391 6.68348091e-01
0.16448 6.38845676e-01
0.16505 6.11275429e-01
0.16562 6.02720169e-01
0.16619 5.94246035e-01
0.16677 5.85853025e-01
0.16734 5.69738269e-01
0.16792 5.25573440e-01
0.16851 4.83936110e-01
0.16909 4.44797292e-01
0.16967 4.15128471e-01
0.17026 4.02051315e-01
0.17085 3.89297720e-01
0.17144 3.76864916e-01
0.17204 3.65760144e-01
0.17263 3.56676778e-01
0.17323 3.47779605e-01
0.17383 3.39067486e-01
0.17443 3.21683118e-01
0.17503 2.90106665e-01
0.17564 2.61145169e-01
0.17625 2.34659083e-01
0.17686 2.15110153e-01
0.17747 2.07608780e-01
0.17808 2.00346134e-01
0.17870 1.93317118e-01
0.17932 1.83513221e-01
0.17994 1.61082313e-01
0.18056 1.41119545e-01
0.18119 1.23404098e-01
0.18182 1.07725489e-01
0.18244 9.84009731e-02
0.18308 9.47674485e-02
0.18371 9.12695616e-02
0.18435 8.79020193e-02
0.18498 8.31467887e-02
0.18562 7.37466380e-02
0.18627 6.53436859e-02
0.18691 5.78377128e-02
0.18756 5.11348805e-02
0.18821 4.56023208e-02
0.18886 4.06563912e-02
0.18951 3.61979308e-02
0.19017 3.21861792e-02
0.19083 3.02445235e-02
0.19149 2.98499873e-02
0.19215 2.94566184e-02
0.19282 2.90652678e-02
0.19348 2.87131938e-02
0.19415 2.87357704e-02
0.19483 2.87572439e-02
0.19550 2.87778220e-02
0.19618 2.87976482e-02
0.19686 2.83525026e-02
0.19754 2.75812233e-02
0.19822 2.68292756e-02
0.19891 2.60963824e-02
0.19960 2.53822222e-02
0.20029 2.13947093e-02
0.20098 1.79972496e-02
0.20168 1.51287567e-02
0.20237 1.27101780e-02
0.20307 1.13642148e-02
0.20378 1.15152464e-02
0.20448 1.16682616e-02
0.20519 1.18232902e-02
0.20590 1.19803518e-02
0.20661 9.15976245e-03
0.20733 5.79154249e-03
0.20805 3.65691485e-03
0.20877 2.30710159e-03
0.20949 1.45474640e-03
0.21021 1.41106981e-03
0.21094 1.53897874e-03
0.21167 1.67846138e-03
0.21240 1.83056000e-03
0.21314 1.99641234e-03
0.21388 2.52184381e-04
0.21462 2.51933338e-04
0.21536 2.51681305e-04
0.21611 2.51427838e-04
0.21685 2.51172837e-04
0.21760 2.50916253e-04
0.21836 2.50657889e-04
0.21911 2.50397645e-04
0.21987 2.50135521e-04
0.22063 2.49871270e-04
0.22140 2.51596321e-04
0.22216 5.24452031e-04
0.22293 2.06670695e-03
0.22370 1.00229805e-02
0.22448 1.89319123e-02
0.22526 5.64467101e-02
0.22604 1.09011820e-02
0.22682 2.06802573e-03
0.22760 4.97452135e-04
0.22839 4.94689916e-04
0.22918 4.91702673e-04
0.22998 4.88518999e-04
0.23077 4.85143690e-04
0.23157 4.81587235e-04
0.23237 4.77865759e-04
0.23318 4.73997910e-04
0.23398 4.70012084e-04
0.23479 4.65933854e-04
0.23561 4.61775785e-04
0.23642 4.57561769e-04
0.23724 4.53315749e-04
0.23806 4.49061615e-04
0.23889 4.44840872e-04
0.23971 4.40657674e-04
0.24054 4.36531808e-04
0.24137 4.32482318e-04
0.24221 4.28526666e-04
0.24305 4.25195779e-04
0.24389 4.22746585e-04
0.24473 4.20375302e-04
0.24558 4.18088260e-04
0.24643 4.15891000e-04
0.24728 4.13788469e-04
0.24814 4.10984302e-04
0.24900 4.08021546e-04
0.24986 4.05224404e-04
0.25073 4.02593766e-04
0.25159 4.00128447e-04
0.25246 3.97825773e-04
0.25334 3.95693711e-04
0.25422 3.93713708e-04
0.25510 3.91877011e-04
0.25598 3.90174121e-04
0.25687 3.88593958e-04
0.25775 3.87124155e-04
0.25865 3.85762090e-04
0.25954 3.84480062e-04
0.26044 3.83261352e-04
0.26134 3.82087854e-04
0.26225 3.80940623e-04
0.26315 3.79799823e-04
0.26406 3.78657935e-04
0.26498 3.77482409e-04
0.26590 3.76252964e-04
0.26682 3.74949864e-04
0.26774 3.73551936e-04
0.26867 1.33940745e-03
0.26960 2.14025448e-03
0.27053 2.39390965e-03
0.27147 2.67727055e-03
0.27241 2.99363511e-03
0.27335 3.34663419e-03
0.27430 3.74026569e-03
0.27525 4.09120250e-03
0.27620 4.39478438e-03
0.27715 4.71783683e-03
0.27811 5.06121663e-03
0.27908 5.42583048e-03
0.28004 5.81264992e-03
0.28101 6.02212641e-03
0.28198 6.22063615e-03
0.28296 6.42301912e-03
0.28394 6.62924071e-03
0.28492 6.83930091e-03
0.28591 7.05320467e-03
0.28690 7.27097672e-03
0.28789 7.49266653e-03
0.28889 7.69627133e-03
0.28989 7.89247097e-03
0.29089 8.09022387e-03
0.29190 8.28973777e-03
0.29291 8.49127487e-03
0.29392 8.69510721e-03
0.29494 8.90154151e-03
0.29596 9.07372508e-03
0.29699 9.24598285e-03
0.29801 9.42014509e-03
0.29905 9.59639483e-03
0.30008 9.77492003e-03
0.30112 9.95591856e-03
0.30216 1.01362740e-02
0.30321 1.02486227e-02
0.30426 1.03625049e-02
0.30531 1.04782519e-02
0.30637 1.05961953e-02
0.30743 1.07166615e-02
0.30849 1.08399670e-02
0.30956 1.09664236e-02
0.31063 1.10448135e-02
0.31171 1.11232379e-02
0.31279 1.12037004e-02
0.31387 1.12863740e-02
0.31496 1.13714320e-02
0.31605 1.14590325e-02
0.31714 1.15493438e-02
0.31824 1.16425241e-02
0.31934 1.17387220e-02
0.32044 1.18380807e-02
0.32155 1.19407488e-02
0.32267 1.20468597e-02
0.32378 1.21565471e-02
0.32490 1.22699346e-02
0.32603 1.23871508e-02
0.32716 1.25082996e-02
0.32829 1.26334998e-02
0.32943 1.27628501e-02
0.33057 1.28964497e-02
0.33171 1.30343875e-02
0.33286 1.31767476e-02
0.33401 1.33236043e-02
0.33517 1.34750217e-02
0.33633 1.36310643e-02
0.33749 1.37917815e-02
0.33866 1.39572129e-02
0.33983 1.41273881e-02
0.34101 1.43023369e-02
0.34219 1.44820691e-02
0.34337 1.46665798e-02
0.34456 1.47879215e-02
0.34576 1.48927117e-02
0.34695 1.50004897e-02
0.34815 1.51111169e-02
0.34936 1.52244599e-02
0.35057 1.53403603e-02
0.35178 1.54586549e-02
0.35300 1.55791705e-02
0.35422 1.57017291e-02
0.35545 1.58261378e-02
0.35668 1.59521986e-02
0.35791 1.60797089e-02
0.35915 1.62084558e-02
0.36039 1.63382167e-02
0.36164 1.64687790e-02
0.36289 1.65999201e-02
0.36415 1.67314075e-02
0.36541 1.68630135e-02
0.36668 1.69945157e-02
0.36795 1.71256914e-02
0.36922 1.72563181e-02
0.37050 1.73861681e-02
0.37178 1.75150386e-02
0.37307 1.76427220e-02
0.37436 1.77690153e-02
0.37565 1.78937307e-02
0.37695 1.80166850e-02
0.37826 1.81377052e-02
0.37957 1.82566280e-02
0.38088 1.83733150e-02
0.38220 1.84876225e-02
0.38352 1.85994221e-02
0.38485 1.87086149e-02
0.38618 1.88116193e-02
0.38752 1.88593398e-02
0.38886 1.89040923e-02
0.39021 1.89458422e-02
0.39156 1.89845647e-02
0.39291 1.90202301e-02
0.39427 1.90528386e-02
0.39564 1.90823899e-02
0.39701 1.91088942e-02
0.39838 1.91323711e-02
0.39976 1.91528503e-02
0.40115 1.91703714e-02
0.40253 1.91849739e-02
0.40393 1.91967173e-02
0.40533 1.92056559e-02
0.40673 1.92118492e-02
0.40814 1.92153761e-02
0.40955 1.92163012e-02
0.41097 1.92147083e-02
0.41239 1.92106768e-02
0.41382 1.92042907e-02
0.41525 1.91956340e-02
0.41669 1.91848057e-02
0.41813 1.91718850e-02
0.41958 1.91569659e-02
0.42103 1.91401472e-02
0.42249 1.91215131e-02
0.42395 1.91011625e-02
0.42542 1.90791845e-02
0.42689 1.90556730e-02
0.42837 1.90307171e-02
0.42985 1.90044057e-02
0.43134 1.89768281e-02
0.43283 1.89480731e-02
0.43433 1.89182249e-02
0.43583 1.88873676e-02
0.43734 1.88555803e-02
0.43886 1.88229422e-02
0.44037 1.87895324e-02
0.44190 1.87554252e-02
0.44343 1.87028174e-02
0.44496 1.86388520e-02
0.44650 1.85745454e-02
0.44805 1.85099617e-02
0.44960 1.84451702e-02
0.45116 1.83802205e-02
0.45272 1.83151817e-02
0.45429 1.82501034e-02
0.45586 1.81850399e-02
0.45744 1.81200456e-02
0.45902 1.80551651e-02
0.46061 1.79904430e-02
0.46220 1.79259236e-02
0.46380 1.78616515e-02
0.46541 1.77976565e-02
0.46702 1.77339830e-02
0.46864 1.76706607e-02
0.47026 1.76077243e-02
0.47189 1.75452034e-02
0.47352 1.74831277e-02
0.47516 1.74215169e-02
0.47680 1.73604058e-02
0.47845 1.72998042e-02
0.48011 1.72397467e-02
0.48177 1.71802433e-02
0.48344 1.71213136e-02
0.48511 1.70629776e-02
0.48679 1.70052450e-02
0.48848 1.69481358e-02
0.49017 1.68916547e-02
0.49186 1.68358217e-02
0.49357 1.67806416e-02
0.49528 1.67261195e-02
0.49699 1.66722701e-02
0.49871 1.66190983e-02
0.50044 1.65666093e-02
0.50217 1.65148078e-02
0.50391 1.64636939e-02
0.50565 1.64132725e-02
0.50740 1.63635535e-02
0.50916 1.63145271e-02
0.51092 1.62662031e-02
0.51269 1.62185717e-02
0.51446 1.61716427e-02
0.51625 1.61175954e-02
0.51803 1.60542583e-02
0.51983 1.59916434e-02
0.52163 1.59297556e-02
0.52343 1.58685851e-02
0.52524 1.58081319e-02
0.52706 1.57483861e-02
0.52889 1.56893476e-02
0.53072 1.56310066e-02
0.53255 1.55733582e-02
0.53440 1.55164023e-02
0.53625 1.54601290e-02
0.53810 1.54045334e-02
0.53997 1.53496056e-02
0.54183 1.52953407e-02
0.54371 1.52417336e-02
0.54559 1.51887746e-02
0.54748 1.51364537e-02
0.54938 1.50847710e-02
0.55128 1.50337164e-02
0.55319 1.49832802e-02
0.55510 1.49334524e-02
0.55702 1.48842331e-02
0.55895 1.48356074e-02
0.56089 1.47875703e-02
0.56283 1.47401120e-02
0.56478 1.46932225e-02
0.56673 1.46469019e-02
0.56869 1.46011304e-02
0.57066 1.45559129e-02
0.57264 1.45112297e-02
0.57462 1.44670807e-02
0.57661 1.44234560e-02
0.57860 1.43803458e-02
0.58061 1.43377402e-02
0.58262 1.42956342e-02
0.58463 1.42540228e-02
0.58666 1.42128913e-02
0.58869 1.41722346e-02
0.59073 1.41320479e-02
0.59277 1.40923163e-02
0.59482 1.40530447e-02
0.59688 1.40142084e-02
0.59895 1.39758173e-02
0.60102 1.39378467e-02
0.60310 1.39003065e-02
0.60519 1.38631768e-02
0.60728 1.38264527e-02
0.60939 1.37901294e-02
0.61150 1.37542017e-02
0.61361 1.37186599e-02
0.61574 1.36834941e-02
0.61787 1.36449991e-02
0.62001 1.35970906e-02
0.62215 1.35496521e-02
0.62431 1.35026687e-02
0.62647 1.34561354e-02
0.62864 1.34100423e-02
0.63081 1.33643797e-02
0.63300 1.33191473e-02
0.63519 1.32743355e-02
0.63739 1.32299293e-02
0.63959 1.31859237e-02
0.64181 1.31423188e-02
0.64403 1.30990949e-02
0.64626 1.30562567e-02
0.64849 1.30137945e-02
0.65074 1.29716935e-02
0.65299 1.29299584e-02
0.65525 1.28885746e-02
0.65752 1.28475420e-02
0.65980 1.28068458e-02
0.66208 1.27664859e-02
0.66437 1.27264575e-02
0.66667 1.26867506e-02
0.66898 1.26473653e-02
0.67130 1.26082866e-02
0.67362 1.25695146e-02
0.67595 1.25310493e-02
0.67829 1.24928759e-02
0.68064 1.24549894e-02
0.68299 1.24173947e-02
0.68536 1.23800771e-02
0.68773 1.23430364e-02
0.69011 1.23062679e-02
0.69250 1.22697615e-02
0.69490 1.22335222e-02
0.69730 1.21975401e-02
0.69972 1.21618054e-02
0.70214 1.21263230e-02
0.70457 1.20910879e-02
0.70701 1.20560902e-02
0.70946 1.20213349e-02
0.71191 1.19868072e-02
0.71438 1.19525119e-02
0.71685 1.19184393e-02
0.71933 1.18845893e-02
0.72182 1.18509618e-02
0.72432 1.18175471e-02
0.72683 1.17843451e-02
0.72934 1.17513508e-02
0.73187 1.17185593e-02
0.73440 1.16859707e-02
0.73694 1.16535849e-02
0.73949 1.16213969e-02
0.74205 1.15893969e-02
0.74462 1.15575899e-02
0.74720 1.15259708e-02
0.74979 1.14945397e-02
0.75238 1.14632866e-02
0.75499 1.14322166e-02
0.75760 1.14013247e-02
0.76022 1.13706059e-02
0.76285 1.13400602e-02
0.76549 1.13096877e-02
0.76814 1.12794784e-02
0.77080 1.12494373e-02
0.77347 1.12195643e-02
0.77615 1.11873517e-02
0.77884 1.11508156e-02
0.78153 1.11144724e-02
0.78424 1.10783271e-02
0.78695 1.10423747e-02
0.78968 1.10066103e-02
0.79241 1.09710389e-02
0.79515 1.09356504e-02
0.79790 1.09004450e-02
0.80067 1.08654226e-02
0.80344 1.08305783e-02
0.80622 1.07959170e-02
0.80901 1.07614288e-02
0.81181 1.07271187e-02
0.81462 1.06929768e-02
0.81744 1.06590130e-02
0.82027 1.06252125e-02
0.82311 1.05915850e-02
0.82596 1.05581208e-02
0.82882 1.05248248e-02
0.83169 1.04916871e-02
0.83457 1.04587175e-02
0.83745 1.04259063e-02
0.84035 1.03932484e-02
0.84326 1.03607538e-02
0.84618 1.03284174e-02
0.84911 1.02962294e-02
0.85205 1.02641998e-02
0.85500 1.02323235e-02
0.85796 1.02005955e-02
0.86093 1.01690160e-02
0.86391 1.01375849e-02
0.86690 1.01063071e-02
0.86990 1.00751679e-02
0.87291 1.00441770e-02
0.87593 1.00133296e-02
0.87897 9.98262561e-03
0.88201 9.95206511e-03
0.88506 9.92164311e-03
0.88813 9.89135961e-03
0.89120 9.86121463e-03
0.89428 9.83120815e-03
0.89738 9.80134017e-03
0.90049 9.77160576e-03
0.90360 9.74200491e-03
0.90673 9.71253761e-03
0.90987 9.68320388e-03
0.91302 9.65400371e-03
0.91618 9.62493215e-03
0.91935 9.59599415e-03
0.92253 9.56717981e-03
0.92573 9.53849409e-03
0.92893 9.50994193e-03
0.93215 9.48150849e-03
0.93537 9.45320367e-03
0.93861 9.42502745e-03
0.94186 9.39696996e-03
0.94512 9.36904108e-03
0.94839 9.34123092e-03
0.95168 9.31354443e-03
0.95497 9.28597665e-03
0.95828 9.25853255e-03
0.96159 9.23120221e-03
0.96492 9.20399555e-03
0.96826 9.17690760e-03
0.97161 9.14993343e-03
0.97498 9.12307797e-03
0.97835 9.09634124e-03
0.98174 9.06971333e-03
0.98514 9.04320415e-03
0.98855 9.01680873e-03
0.99197 8.99052709e-03
0.99540 8.96435923e-03
0.99885 8.93830019e-03
1.00231 8.91235492e-03
1.00578 8.88651848e-03
1.00926 8.86079087e-03
1.01275 8.83517703e-03
1.01626 8.80967201e-03
1.01978 8.78427088e-03
1.02330 8.75897857e-03
1.02685 8.73379509e-03
1.03040 8.70872044e-03
1.03397 8.67941639e-03
1.03755 8.64949400e-03
1.04114 8.61970023e-03
1.04474 8.59004001e-03
1.04836 8.56050841e-03
1.05199 8.53110048e-03
1.05563 8.50182611e-03
1.05928 8.47268035e-03
1.06295 8.44365825e-03
1.06663 8.41476477e-03
1.07032 8.38599496e-03
1.07403 8.35735376e-03
1.07775 8.32883128e-03
1.08148 8.30043741e-03
1.08522 8.27216721e-03
1.08898 8.24401573e-03
1.09275 8.21598792e-03
1.09653 8.18808377e-03
1.10032 8.16029835e-03
1.10413 8.13263164e-03
1.10796 8.10508860e-03
1.11179 8.07765933e-03
1.11564 8.05034879e-03
1.11950 8.02316191e-03
1.12338 7.99608880e-03
1.12726 7.96912947e-03
1.13117 7.94228885e-03
1.13508 7.91556201e-03
1.13901 7.88895389e-03
1.14295 7.86245460e-03
1.14691 7.83607403e-03
1.15088 7.80980228e-03
1.15487 7.78364431e-03
1.15886 7.75760011e-03
1.16287 7.73166968e-03
1.16690 7.70584313e-03
1.17094 7.68013036e-03
1.17499 7.65453136e-03
1.17906 7.62903624e-03
1.18314 7.60364995e-03
1.18724 7.57837248e-03
1.19135 7.55320384e-03
1.19547 7.52814403e-03
1.19961 7.50318809e-03
1.20376 7.47834099e-03
1.20793 7.45359281e-03
1.21211 7.42895841e-03
1.21630 7.40442295e-03
1.22052 7.37999136e-03
1.22474 7.35566365e-03
1.22898 7.33143983e-03
1.23323 7.30731988e-03
1.23750 7.28329887e-03
1.24179 7.25937679e-03
1.24609 7.23555859e-03
1.25040 7.21184427e-03
1.25473 7.18822393e-03
1.25907 7.16470748e-03
1.26343 7.14128501e-03
1.26780 7.11796643e-03
1.27219 7.09474183e-03
1.27659 7.07161616e-03
1.28101 7.04858448e-03
1.28545 7.02565173e-03
1.28990 7.00281297e-03
1.29436 6.98007315e-03
1.29884 6.95742731e-03
1.30334 6.93487545e-03
1.30785 6.91241759e-03
1.31238 6.89004876e-03
1.31692 6.86777887e-03
1.32148 6.84559801e-03
1.32605 6.82351115e-03
1.33064 6.80151332e-03
1.33525 6.77960948e-03
1.33987 6.75779468e-03
1.34451 6.73607387e-03
1.34916 6.71443715e-03
1.35383 6.69289441e-03
1.35852 6.67144072e-03
1.36322 6.65007112e-03
1.36794 6.62879056e-03
1.37268 6.60759904e-03
1.37743 6.58649656e-03
1.38220 6.56547817e-03
1.38698 6.54454388e-03
1.39178 6.52369863e-03
1.39660 6.50293747e-03
1.40144 6.48226040e-03
1.40629 6.46166743e-03
1.41115 6.44116349e-03
1.41604 6.42073871e-03
1.42094 6.40039801e-03
1.42586 6.38014141e-03
1.43080 6.35996396e-03
1.43575 6.33987060e-03
1.44072 6.31985639e-03
1.44571 6.29992627e-03
1.45071 6.28007529e-03
1.45573 6.26030347e-03
1.46077 6.24061573e-03
1.46583 6.22100220e-03
1.47090 6.20147276e-03
1.47599 6.18201752e-03
1.48110 6.16264143e-03
1.48623 6.14334448e-03
1.49137 6.12412668e-03
1.49654 6.10498308e-03
1.50172 6.08591368e-03
1.50692 6.06692343e-03
1.51213 6.04801232e-03
1.51737 6.02917047e-03
1.52262 6.01040776e-03
1.52789 5.99171925e-03
1.53318 5.97310495e-03
1.53849 5.95456484e-03
1.54381 5.93609893e-03
1.54916 5.90978267e-03
1.55452 5.85545343e-03
1.55990 5.80163864e-03
1.56530 5.74833336e-03
1.57072 5.69553264e-03
1.57615 5.64323648e-03
1.58161 5.59143499e-03
1.58709 5.54012321e-03
1.59258 5.48929621e-03
1.59809 5.43895399e-03
1.60362 5.38908664e-03
1.60918 5.33969417e-03
1.61475 5.29076669e-03
1.62034 5.24230420e-03
1.62594 5.19429680e-03
1.63157 5.14674449e-03
1.63722 5.09964233e-03
1.64289 5.05298537e-03
1.64857 5.00676372e-03
1.65428 4.96098232e-03
1.66001 4.91563474e-03
1.66575 4.87071258e-03
1.67152 4.82621434e-03
1.67731 4.78213460e-03
1.68311 4.73847037e-03
1.68894 4.69521721e-03
1.69478 4.65237116e-03
1.70065 4.60992827e-03
1.70654 4.56788457e-03
1.71245 4.52623562e-03
1.71837 4.48497844e-03
1.72432 4.44410858e-03
1.73029 4.40362259e-03
1.73628 4.36351650e-03
1.74229 4.32378685e-03
1.74832 4.28442969e-03
1.75437 4.24544155e-03
1.76045 4.20681847e-03
1.76654 4.16855748e-03
1.77266 4.13065513e-03
1.77879 4.09310697e-03
1.78495 4.05591051e-03
1.79113 4.01906180e-03
1.79733 3.98255787e-03
1.80355 3.94639526e-03
1.80979 3.91057051e-03
1.81606 3.87508016e-03
1.82234 3.83992123e-03
1.82865 3.80509027e-03
1.83498 3.77058430e-03
1.84133 3.73640036e-03
1.84771 3.70253499e-03
1.85410 3.66898570e-03
1.86052 3.63574855e-03
1.86696 3.60282057e-03
1.87342 3.57019978e-03
1.87991 3.53788222e-03
1.88642 3.50586541e-03
1.89295 3.47414640e-03
1.89950 3.44272220e-03
1.90607 3.41158986e-03
1.91267 3.38074690e-03
1.91929 3.35018985e-03
1.92594 3.31991724e-03
1.93260 3.28992511e-03
1.93929 3.26021098e-03
1.94601 3.23077287e-03
1.95274 3.20160732e-03
1.95950 3.17271236e-03
1.96629 3.14408501e-03
1.97309 3.11572231e-03
1.97992 3.08762277e-03
1.98678 3.05978293e-03
1.99365 3.03220031e-03
2.00055 3.00487295e-03
2.00748 2.97779836e-03
2.01443 2.95097407e-03
2.02140 2.92439761e-03
2.02840 2.89806650e-03
2.03542 2.87197827e-03
2.04247 2.84613095e-03
2.04954 2.82052206e-03
2.05663 2.79514912e-03
2.06375 2.77001016e-03
2.07090 2.74510320e-03
2.07806 2.72042527e-03
2.08526 2.69597489e-03
2.09247 2.67174957e-03
2.09972 2.64774736e-03
2.10699 2.62396576e-03
2.11428 2.60040281e-03
2.12160 2.57705702e-03
2.12894 2.55392542e-03
2.13631 2.53100652e-03
2.14371 2.50829786e-03
2.15113 2.48579794e-03
2.15857 2.46350480e-03
2.16605 2.44141596e-03
2.17354 2.41952992e-03
2.18107 2.39784473e-03
2.18862 2.37635789e-03
2.19619 2.35506843e-03
2.20380 2.33397386e-03
2.21143 2.31307271e-03
2.21908 2.29236250e-03
2.22676 2.27184224e-03
2.23447 2.25150996e-03
2.24220 2.23136318e-03
2.24997 2.21140090e-03
2.25775 2.19162116e-03
2.26557 2.17202197e-03
2.27341 2.15260235e-03
2.28128 2.13335982e-03
2.28918 2.11429289e-03
2.29710 2.09540058e-03
2.30505 2.07667992e-03
2.31303 2.05813041e-03
2.32104 2.03975009e-03
2.32908 2.02153745e-03
2.33714 2.00349102e-03
2.34523 1.98560882e-03
2.35335 1.96788936e-03
2.36149 1.95033167e-03
2.36967 1.93293374e-03
2.37787 1.91569412e-03
2.38610 1.89861130e-03
2.39436 1.88168380e-03
2.40265 1.86491065e-03
2.41097 1.84828935e-03
2.41931 1.83181992e-03
2.42769 1.81549988e-03
2.43609 1.79932774e-03
2.44452 1.78330301e-03
2.45298 1.76742322e-03
2.46148 1.75168788e-03
2.47000 1.73609549e-03
2.47855 1.72064408e-03
2.48713 1.70533316e-03
2.49574 1.69016124e-03
2.50438 1.67512683e-03
2.51304 1.66022846e-03
2.52174 1.64546514e-03
2.53047 1.63083537e-03
2.53923 1.61633817e-03
2.54802 1.60197256e-03
2.55684 1.58773655e-03
2.56569 1.57362964e-03
2.57457 1.55964987e-03
2.58349 1.54579673e-03
2.59243 1.53206923e-03
2.60140 1.51846541e-03
2.61041 1.50498475e-03
2.61944 1.49162578e-03
2.62851 1.47838751e-03
2.63761 1.46526846e-03
2.64674 1.45226812e-03
2.65590 1.43938552e-03
2.66510 1.42661867e-03
2.67432 1.41396707e-03
2.68358 1.40142975e-03
2.69287 1.38900520e-03
2.70219 1.37669245e-03
2.71154 1.36449101e-03
2.72093 1.35239987e-03
2.73035 1.34041706e-03
2.73980 1.32854259e-03
2.74928 1.31677447e-03
2.75880 1.30511270e-03
2.76835 1.29355581e-03
2.77793 1.28210279e-03
2.78755 1.27075316e-03
2.79720 1.25950543e-03
2.80688 1.24835861e-03
2.81660 1.23731221e-03
2.82635 1.22636474e-03
2.83613 1.21551620e-03
2.84595 1.20476462e-03
2.85580 1.19411000e-03
2.86569 1.18355084e-03
2.87561 1.17308617e-03
2.88556 1.16271598e-03
2.89555 1.15243829e-03
2.90557 1.14225310e-03
2.91563 1.13215943e-03
2.92572 1.12215579e-03
2.93585 1.11224217e-03
2.94601 1.10241760e-03
2.95621 1.09268058e-03
2.96644 1.08303111e-03
2.97671 1.07346822e-03
2.98702 1.06399090e-03
2.99736 1.05459817e-03
3.00773 1.04529003e-03
3.01814 1.03606449e-03
3.02859 1.02692206e-03
3.03907 1.01786125e-03
3.04960 1.00888157e-03
3.06015 9.99982023e-04
3.07074 9.91162116e-04
3.08137 9.82420861e-04
3.09204 9.73758259e-04
3.10274 9.50105277e-04
3.11348 9.18572256e-04
3.12426 8.88085949e-04
3.13508 8.58612720e-04
3.14593 8.30118436e-04
3.15682 8.02570449e-04
3.16775 7.75937101e-04
3.17871 7.47877629e-04
3.18972 7.17124203e-04
3.20076 6.87636133e-04
3.21184 6.59361481e-04
3.22295 6.32249791e-04
3.23411 6.06253079e-04
3.24531 5.81326331e-04
3.25654 5.57425027e-04
3.26781 5.27062881e-04
3.27912 4.97828081e-04
3.29047 4.70215244e-04
3.30187 4.44134439e-04
3.31330 4.19500632e-04
3.32476 3.96233491e-04
3.33627 3.74257133e-04
3.34782 3.49958611e-04
3.35941 3.19227791e-04
3.37104 2.91195773e-04
3.38271 2.65625563e-04
3.39442 2.42300842e-04
3.40617 2.21024536e-04
3.41796 2.01616636e-04
3.42979 1.83913060e-04
3.44166 7.57025995e-05
3.45358 1.13503146e-05
3.46553 1.70178689e-06
3.47753 2.55154162e-07
3.48957 4.28110998e-08
3.50164 4.22233764e-08
3.51377 4.16463775e-08
3.52593 4.10776394e-08
3.53814 4.05167121e-08
3.55038 3.99634324e-08
3.56267 3.94176865e-08
3.57500 3.88793754e-08
3.58738 3.83483952e-08
3.59980 3.78246471e-08
3.61226 3.73080321e-08
3.62476 3.67984561e-08
3.63731 3.62868669e-08
3.64990 3.56741629e-08
3.66254 3.50716441e-08
3.67521 3.44791422e-08
3.68794 3.38964991e-08
3.70070 3.33235465e-08
3.71351 3.27601310e-08
3.72637 3.22060945e-08
3.73927 3.16612835e-08
3.75221 3.11804081e-08
3.76520 3.07543962e-08
3.77823 3.03341917e-08
3.79131 2.99197155e-08
3.80443 2.95108883e-08
3.81760 2.91076311e-08
3.83082 2.87098746e-08
3.84408 2.83175396e-08
3.85739 2.79305569e-08
3.87074 2.75488474e-08
3.88414 2.71723417e-08
3.89758 2.68009707e-08
3.91107 2.64346651e-08
3.92461 2.60733557e-08
3.93820 2.57169731e-08
3.95183 2.53654530e-08
3.96551 2.50187214e-08
3.97924 2.46767237e-08
3.99301 2.43393907e-08
4.00683 2.40066581e-08
4.02070 2.36784616e-08
4.03462 2.33547468e-08
4.04859 2.30354494e-08
4.06260 2.27205050e-08
4.07667 2.24098593e-08
4.09078 2.21034479e-08
4.10494 2.18012214e-08
4.11915 2.15031204e-08
4.13341 2.12039856e-08
4.14771 2.08529949e-08
4.16207 2.05077373e-08
4.17648 2.01681239e-08
4.19094 1.98340607e-08
4.20545 1.95054586e-08
4.22000 1.91822335e-08
4.23461 1.88642914e-08
4.24927 1.85515533e-08
4.26398 1.82439349e-08
4.27874 1.79601298e-08
4.29355 1.77144882e-08
4.30841 1.74721955e-08
4.32332 1.72332122e-08
4.33829 1.69974887e-08
4.35331 1.67649854e-08
4.36838 1.65356580e-08
4.38350 1.63094617e-08
4.39867 1.60863572e-08
4.41390 1.58662948e-08
4.42918 1.56492400e-08
4.44451 1.54351483e-08
4.45990 1.52239801e-08
4.47533 1.50156957e-08
4.49083 1.48102557e-08
4.50637 1.46076204e-08
4.52197 1.44077553e-08
4.53762 1.42106208e-08
4.55333 1.40161772e-08
4.56909 1.38243949e-08
4.58491 1.36352245e-08
4.60078 1.34178432e-08
4.61670 1.31988840e-08
4.63269 1.29834566e-08
4.64872 1.27715068e-08
4.66481 1.25629801e-08
4.68096 1.23578171e-08
4.69717 1.21559733e-08
4.71343 1.19573844e-08
4.72974 1.17620059e-08
4.74611 1.15697834e-08
4.76254 1.13818595e-08
4.77903 1.12260791e-08
4.79557 1.10724307e-08
4.81217 1.09208846e-08
4.82883 1.07714062e-08
4.84555 1.06239708e-08
4.86232 1.04785537e-08
4.87915 1.03351201e-08
4.89604 1.01936504e-08
4.91299 1.00541148e-08
4.92999 9.91648373e-09
4.94706 9.78073236e-09
4.96418 9.60800960e-09
4.98137 9.42869788e-09
4.99861 9.25270043e-09
5.01591 9.08015080e-09
5.03328 1.76664313e-08
5.05070 6.76576376e-08
5.06818 2.59110308e-07
5.08573 9.92321120e-07
5.10333 3.80031673e-06
5.12100 1.45541569e-05
5.13873 5.57383475e-05
5.15651 1.86395446e-04
5.17436 1.96769793e-04
5.19228 2.07721515e-04
5.21025 2.19282666e-04
5.22828 2.31487181e-04
5.24638 2.44370874e-04
5.26454 2.57971486e-04
5.28277 2.72328939e-04
5.30105 2.87485377e-04
5.31940 3.03485173e-04
5.33782 3.20375319e-04
5.35629 3.38205331e-04
5.37484 3.57027447e-04
5.39344 3.68184159e-04
5.41211 3.78905268e-04
5.43084 3.89938363e-04
5.44965 4.01292595e-04
5.46851 4.12977265e-04
5.48744 4.25002018e-04
5.50643 4.37376748e-04
5.52550 4.50111545e-04
5.54462 4.63216947e-04
5.56381 4.76703787e-04
5.58308 4.90583045e-04
5.60240 5.04866199e-04
5.62179 5.18527903e-04
5.64125 5.28225348e-04
5.66078 5.38103841e-04
5.68038 5.48166845e-04
5.70004 5.58417823e-04
5.71977 5.68860731e-04
5.73957 5.79498537e-04
5.75944 5.90334705e-04
5.77938 6.01373192e-04
5.79938 6.12618449e-04
5.81946 6.24073445e-04
5.83960 6.35742137e-04
5.85982 6.47628977e-04
5.88010 6.59737923e-04
5.90045 6.69003029e-04
5.92088 6.78009920e-04
5.94137 6.87137509e-04
5.96194 6.96387281e-04
5.98258 7.05760225e-04
6.00329 7.15258320e-04
6.02407 7.24883544e-04
6.04492 7.34637381e-04
6.06585 7.44521811e-04
6.08684 7.54537821e-04
6.10791 7.64687887e-04
6.12906 7.74972996e-04
6.15027 7.85395623e-04
6.17156 7.95957745e-04
6.19293 8.03613701e-04
6.21436 8.11146980e-04
6.23588 8.18751491e-04
6.25746 8.26426244e-04
6.27912 8.34173219e-04
6.30086 8.41991920e-04
6.32267 8.49883832e-04
6.34455 8.57849944e-04
6.36652 8.65889761e-04
6.38856 8.74004768e-04
6.41067 8.82195459e-04
6.43286 8.90462823e-04
6.45513 8.98807355e-04
6.47747 9.07229549e-04
6.49990 9.14784099e-04
6.52240 9.20007284e-04
6.54497 9.25260149e-04
6.56763 9.30543189e-04
6.59037 9.35855909e-04
6.61318 9.41198804e-04
6.63607 9.46571873e-04
6.65904 9.51975612e-04
6.68209 9.57410020e-04
6.70522 9.62875097e-04
6.72843 9.68371339e-04
6.75172 9.73898744e-04
6.77510 9.79457313e-04
6.79855 9.85047541e-04
6.82208 9.90669428e-04
6.84570 9.96322973e-04
6.86939 1.00200867e-03
6.89317 1.00772702e-03
6.91704 1.01298335e-03
6.94098 1.01818477e-03
6.96500 1.02341240e-03
6.98911 1.02866675e-03
7.01331 1.03394781e-03
7.03759 1.03925559e-03
7.06195 1.04459007e-03
7.08639 1.04995226e-03
7.11092 1.05534116e-03
7.13554 1.06075726e-03
7.16024 1.06620107e-03
7.18502 1.07167258e-03
7.20990 1.07717179e-03
7.23485 1.08269870e-03
7.25990 1.08825381e-03
7.28503 1.09383711e-03
7.31025 1.09873282e-03
7.33555 1.10271687e-03
7.36094 1.10671526e-03
7.38642 1.11072750e-03
7.41199 1.11475359e-03
7.43765 1.11879453e-03
7.46340 1.12284980e-03
7.48923 1.12691943e-03
7.51516 1.13100339e-03
7.54117 1.13510171e-03
7.56727 1.13921486e-03
7.59347 1.14334236e-03
7.61975 1.14748470e-03
7.64613 1.15164138e-03
7.67260 1.15581291e-03
7.69916 1.15999927e-03
7.72581 1.16420047e-03
7.75255 1.16838783e-03
7.77939 1.17134593e-03
7.80632 1.17431146e-03
7.83334 1.17728441e-03
7.86046 1.18026477e-03
7.88767 1.18325207e-03
7.91497 1.18624628e-03
7.94237 1.18924841e-03
7.96986 1.19225747e-03
7.99745 1.19527395e-03
8.02513 1.19829785e-03
8.05291 1.20132867e-03
8.08079 1.20436741e-03
8.10876 1.20741307e-03
8.13683 1.21046665e-03
8.16500 1.21352715e-03
8.19326 1.21659557e-03
8.22162 1.21967091e-03
8.25008 1.22275417e-03
8.27864 1.30725016e-03
8.30730 1.49192456e-03
8.33605 1.70265454e-03
8.36491 1.94311102e-03
8.39386 2.21748332e-03
8.42292 2.53054945e-03
8.45208 2.88776061e-03
8.48133 3.29533577e-03
8.51069 3.76036745e-03
8.54016 4.29094791e-03
8.56972 4.89630812e-03
8.59938 5.58697804e-03
8.62915 6.37496225e-03
8.65902 7.27396945e-03
8.68899 8.29961627e-03
8.71907 9.46973048e-03
8.74925 1.08046429e-02
8.77954 1.23275336e-02
8.80993 1.40648375e-02
8.84043 1.60467047e-02
8.87103 1.74202061e-02
8.90174 1.85151408e-02
8.93255 1.96787997e-02
8.96347 2.09154911e-02
8.99450 2.22297858e-02
9.02563 2.36265463e-02
9.05688 2.51109272e-02
9.08823 2.66884093e-02
9.11969 2.83648198e-02
9.15126 3.01463322e-02
9.18294 3.20395254e-02
9.21472 3.40513743e-02
9.24662 3.61892989e-02
9.27863 3.84611990e-02
9.31075 4.08754543e-02
9.34298 4.34410182e-02
9.37532 4.61674032e-02
9.40777 4.90647995e-02
9.44034 5.21440995e-02
9.47302 5.54169131e-02
9.50581 5.88959037e-02
9.53871 6.16776123e-02
9.57173 6.34483705e-02
9.60487 6.52705741e-02
9.63811 6.71458555e-02
9.67148 6.90758469e-02
9.70495 7.10622304e-02
9.73855 7.31067372e-02
9.77226 7.52111481e-02
9.80609 7.73774419e-02
9.84003 7.96074487e-02
9.87409 8.19032461e-02
9.90827 8.38972475e-02
9.94257 8.45495149e-02
9.97699 8.51984187e-02
10.01153 8.58433651e-02
10.04618 8.64837605e-02
10.08096 8.71191104e-02
10.11585 8.77487221e-02
10.15087 8.83721011e-02
10.18601 8.89886536e-02
10.22127 8.95976872e-02
10.25665 9.01986577e-02
10.29215 9.07910211e-02
10.32778 9.07935933e-02
10.36353 9.02500041e-02
10.39941 8.96989949e-02
10.43540 8.91405163e-02
10.47153 8.85747165e-02
10.50777 8.80016452e-02
10.54415 8.74213517e-02
10.58065 8.68340340e-02
10.61727 8.52539203e-02
10.65403 8.36601043e-02
10.69091 8.20909721e-02
10.72791 8.05462271e-02
10.76505 7.90254733e-02
10.80231 7.75284141e-02
10.83971 7.60547032e-02
10.87723 7.46039943e-02
10.91488 7.31760400e-02
10.95266 7.17704941e-02
10.99058 7.03870104e-02
11.02862 6.90253415e-02
11.06680 6.76851905e-02
11.10511 6.63662608e-02
11.14355 6.50683049e-02
11.18212 6.37909767e-02
11.22083 6.25340781e-02
11.25967 6.07461055e-02
11.29865 5.76847619e-02
11.33776 5.47776059e-02
11.37701 5.20169207e-02
11.41639 4.93953803e-02
11.45591 4.69059356e-02
11.49556 4.45419385e-02
11.53536 4.22970719e-02
11.57529 4.01653207e-02
11.61536 3.81409914e-02
11.65556 3.62186672e-02
11.69591 3.43931988e-02
11.73640 3.26597088e-02
11.77702 3.10135570e-02
11.81779 2.94503461e-02
11.85870 2.79658959e-02
11.89975 2.65562344e-02
11.94094 2.52175972e-02
11.98227 2.39464028e-02
12.02375 2.27392529e-02
12.06537 2.15929222e-02
12.10714 2.05043489e-02
12.14905 1.94706241e-02
12.19110 1.84889829e-02
12.23330 1.75568033e-02
12.27565 1.66715924e-02
12.31814 1.58309905e-02
12.36078 1.50327419e-02
12.40357 1.46536986e-02
12.44651 1.44973048e-02
12.48959 1.43420487e-02
12.53283 1.41879255e-02
12.57621 1.40349448e-02
12.61974 1.38831069e-02
12.66343 1.37324067e-02
12.70726 1.35828492e-02
12.75125 1.34344442e-02
12.79539 1.32871770e-02
12.83968 1.31410624e-02
12.88413 1.29960954e-02
12.92873 1.28522710e-02
12.97348 1.27095993e-02
13.01839 1.25680801e-02
13.06345 1.24277036e-02
13.10867 1.22884747e-02
13.15405 1.21503984e-02
13.19959 1.20134648e-02
13.24528 1.18776788e-02
13.29113 1.17430404e-02
13.33713 1.16095447e-02
13.38330 1.14771917e-02
13.42963 1.13459814e-02
13.47612 1.12159088e-02
13.52277 1.10869788e-02
13.56958 1.09591817e-02
13.61655 1.08325174e-02
13.66368 1.07069858e-02
13.71098 1.05825870e-02
13.75844 1.04848359e-02
13.80607 1.07344992e-02
13.85386 1.09898659e-02
13.90182 1.12510598e-02
13.94994 1.15182095e-02
13.99823 1.17914534e-02
14.04668 1.20709154e-02
14.09531 1.23567437e-02
14.14410 1.26490719e-02
14.19306 1.29480533e-02
14.24219 1.32538217e-02
14.29149 1.35665400e-02
14.34096 1.38863569e-02
14.39060 1.42134305e-02
14.44042 1.45479191e-02
14.49041 1.48899910e-02
14.54057 1.52398143e-02
14.59090 1.55975523e-02
14.64141 1.59633880e-02
14.69209 1.63375044e-02
14.74295 1.67200697e-02
14.79398 1.71112867e-02
14.84519 1.75113385e-02
14.89658 1.79204229e-02
14.94814 1.83387328e-02
14.99989 1.87664859e-02
15.05181 1.92038751e-02
15.10392 1.96511231e-02
15.15620 2.01084473e-02
15.20866 2.05760607e-02
15.26131 2.10542005e-02
15.31414 2.15430944e-02
15.36715 2.20429749e-02
15.42034 2.25540892e-02
15.47372 2.30766848e-02
15.52729 2.34992290e-02
15.58103 2.39146996e-02
15.63497 2.43374862e-02
15.68909 2.47677176e-02
15.74340 2.52055223e-02
15.79790 2.56510389e-02
15.85258 2.61044059e-02
15.90746 2.65657617e-02
15.96252 2.70352548e-02
16.01778 2.75130187e-02
16.07323 2.79992167e-02
16.12886 2.84939872e-02
16.18470 2.89974985e-02
16.24072 2.95098940e-02
16.29694 3.00313469e-02
16.35335 3.05620154e-02
16.40996 3.11020628e-02
16.46677 3.16516671e-02
16.52377 3.22110016e-02
16.58097 3.27802392e-02
16.63836 3.33595681e-02
16.69596 3.39491663e-02
16.75375 3.45492266e-02
16.81175 3.51599371e-02
16.86994 3.57815056e-02
16.92834 3.64141199e-02
16.98694 3.70579880e-02
17.04574 3.77133224e-02
17.10474 3.83803358e-02
17.16395 3.90592461e-02
17.22337 3.97502707e-02
17.28299 4.04536372e-02
17.34281 4.11695781e-02
17.40285 4.18983260e-02
17.46309 4.26401232e-02
17.52354 4.33952071e-02
17.58420 4.41638351e-02
17.64507 4.49462543e-02
17.70615 4.52753857e-02
17.76744 4.53285821e-02
17.82894 4.53815510e-02
17.89066 4.54342776e-02
17.95259 4.54867716e-02
18.01473 4.55390183e-02
18.07709 4.55910176e-02
18.13967 4.56427647e-02
18.20246 4.56942595e-02
18.26547 4.57454971e-02
18.32870 4.57964675e-02
18.39214 4.58471709e-02
18.45581 4.58976071e-02
18.51969 4.59477613e-02
18.58380 4.59976435e-02
18.64813 4.60472388e-02
18.71268 4.60965472e-02
18.77746 4.61455637e-02
18.84246 4.61942834e-02
18.90768 4.62427014e-02
18.97313 4.62908176e-02
19.03881 4.63386222e-02
19.10472 4.63861152e-02
19.17085 4.64332915e-02
19.23721 4.64801463e-02
19.30380 4.65266747e-02
19.37062 4.65728716e-02
19.43768 4.66187322e-02
19.50496 4.66642563e-02
19.57248 4.67094342e-02
19.64023 4.67542659e-02
19.70822 4.67987414e-02
19.77644 4.68428557e-02
19.84490 4.68866139e-02
19.91359 4.69300012e-02
19.98252 4.69730124e-02
20.05169 4.70156527e-02
20.12110 4.70579121e-02
20.19076 4.70997807e-02
20.26065 4.71412585e-02
20.33078 4.71823455e-02
20.40116 4.72230269e-02
20.47178 4.72633026e-02
20.54264 4.73031678e-02
20.61375 4.73426175e-02
20.68511 4.71628457e-02
20.75671 4.69676997e-02
20.82856 4.67730385e-02
20.90066 4.65788620e-02
20.97301 4.63851605e-02
21.04561 4.61919437e-02
21.11846 4.59992116e-02
21.19157 4.58069594e-02
21.26492 4.56151871e-02
21.33853 4.54238995e-02
21.41240 4.52330966e-02
21.48652 4.50427736e-02
21.56090 4.48529354e-02
21.63553 4.46635819e-02
21.71043 4.44747083e-02
21.78558 4.42863195e-02
21.86099 4.40984154e-02
21.93666 4.39109961e-02
22.01260 4.37240615e-02
22.08880 4.35376068e-02
22.16526 4.33516369e-02
22.24199 4.31661567e-02
22.31898 4.29811563e-02
22.39624 4.27966407e-02
22.47377 4.26126099e-02
22.55156 4.24290687e-02
22.62962 4.22460074e-02
22.70796 4.20634359e-02
22.78656 4.18813441e-02
22.86544 4.16997421e-02
22.94459 4.15186248e-02
23.02402 4.13379973e-02
23.10372 4.11578496e-02
23.18369 4.09781916e-02
23.26394 4.07990184e-02
23.34447 4.06203300e-02
23.42528 4.04421312e-02
23.50637 4.02644173e-02
23.58774 4.00871881e-02
23.66939 3.99104487e-02
23.75133 3.97341940e-02
23.83354 3.95584290e-02
23.91604 3.93831488e-02
23.99883 3.92083534e-02
24.08191 3.90340477e-02
24.16527 3.88602268e-02
24.24892 3.86868956e-02
24.33286 3.85140492e-02
24.41709 3.83416925e-02
24.50161 3.81698255e-02
24.58642 3.79984433e-02
24.67153 3.78275458e-02
24.75693 3.76562873e-02
24.84263 3.74701492e-02
24.92863 3.72848124e-02
25.01492 3.71002721e-02
25.10151 3.69165182e-02
25.18840 3.67335559e-02
25.27559 3.65513751e-02
25.36309 3.63699808e-02
25.45088 3.61893632e-02
25.53898 3.60095271e-02
25.62739 3.58304627e-02
25.71610 3.56521700e-02
25.80512 3.54746441e-02
25.89444 3.52978848e-02
25.98408 3.51218874e-02
26.07403 3.49466566e-02
26.16428 3.47721778e-02
26.25485 3.45984558e-02
26.34574 3.44254857e-02
26.43694 3.42532675e-02
26.52845 3.40817963e-02
26.62028 3.39110670e-02
26.71243 3.37410798e-02
26.80489 3.35718296e-02
26.89768 3.34033164e-02
26.99079 3.32355403e-02
27.08422 3.30684914e-02
27.17798 3.29021746e-02
27.27205 3.27365800e-02
27.36646 3.25717076e-02
27.46119 3.24075574e-02
27.55625 3.22441245e-02
27.65164 3.20814088e-02
27.74736 3.19194055e-02
27.84341 3.17581095e-02
27.93979 3.15975209e-02
28.03650 3.14376397e-02
28.13355 3.12784609e-02
28.23094 3.11199796e-02
28.32867 3.09621958e-02
28.42673 3.08051094e-02
28.52513 3.06487107e-02
28.62387 3.04930045e-02
28.72295 3.03379858e-02
28.82238 3.01836498e-02
28.92215 3.00299965e-02
29.02227 2.98770208e-02
29.12273 2.97247228e-02
29.22354 2.95731025e-02
29.32470 2.94221501e-02
29.42621 2.92718703e-02
29.52807 2.91222584e-02
29.63029 2.89733044e-02
29.73286 2.88250181e-02
29.83578 2.86773898e-02
29.93906 2.85304194e-02
30.04269 2.83841069e-02
30.14669 2.82384424e-02
30.25104 2.80934309e-02
30.35576 2.79490624e-02
30.46084 2.78053419e-02
30.56628 2.76622646e-02
30.67209 2.75198302e-02
30.77826 2.73780291e-02
30.88481 2.72368661e-02
30.99172 2.70934869e-02
31.09900 2.69441421e-02
31.20665 2.67955789e-02
31.31467 2.66477873e-02
31.42307 2.65007625e-02
31.53184 2.63545044e-02
31.64099 2.62090081e-02
31.75052 2.60642736e-02
31.86043 2.59202909e-02
31.97072 2.57770602e-02
32.08139 2.56345764e-02
32.19244 2.54928346e-02
32.30388 2.53518299e-02
32.41570 2.52115672e-02
32.52791 2.50720316e-02
32.64051 2.49332281e-02
32.75349 2.47951518e-02
32.86687 2.46577928e-02
32.98064 2.45211560e-02
33.09481 2.43852315e-02
33.20937 2.42500193e-02
33.32433 2.41155095e-02
33.43968 2.39817121e-02
33.55544 2.38486072e-02
33.67159 2.37162047e-02
33.78815 2.35844947e-02
33.90511 2.34534724e-02
34.02247 2.33231376e-02
34.14024 2.31934855e-02
34.25842 2.30645160e-02
34.37701 2.29362242e-02
34.49601 2.28086002e-02
34.61542 2.26816489e-02
34.73525 2.25553655e-02
34.85549 2.24297449e-02
34.97614 2.23047822e-02
35.09721 2.21804774e-02
35.21871 2.20568256e-02
35.34062 2.19338217e-02
35.46295 2.18114659e-02
35.58571 2.16897582e-02
35.70889 2.15686885e-02
35.83250 2.14482520e-02
35.95654 2.13284536e-02
36.08101 2.12092884e-02
36.20590 2.10907465e-02
36.33123 2.09728328e-02
36.45700 2.08555375e-02
36.58320 2.07388604e-02
36.70983 2.06228017e-02
36.83691 2.05073564e-02
36.96442 2.03925196e-02
37.09238 2.02782862e-02
37.22077 2.01646563e-02
37.34962 2.00516299e-02
37.47890 1.99391971e-02
37.60864 1.98273629e-02
37.73883 1.97161173e-02
37.86946 1.96054604e-02
38.00055 1.94953871e-02
38.13209 1.93858976e-02
38.26409 1.92769869e-02
38.39654 1.91686549e-02
38.52946 1.90608967e-02
38.66283 1.89537074e-02
38.79667 1.88470919e-02
38.93096 1.87410353e-02
39.06573 1.86355427e-02
39.20096 1.85306091e-02
39.33665 1.84262344e-02
39.47282 1.83224138e-02
39.60946 1.82191422e-02
39.74657 1.81164247e-02
39.88416 1.80142463e-02
40.02222 1.79126171e-02
40.16076 1.78115220e-02
40.29978 1.77109662e-02
40.43928 1.76109495e-02
40.57926 1.75114622e-02
40.71973 1.74125041e-02
40.86069 1.73140704e-02
41.00213 1.72161660e-02
41.14406 1.71187809e-02
41.28648 1.70219153e-02
41.42940 1.69156757e-02
41.57281 1.68067848e-02
41.71672 1.66985814e-02
41.86113 1.65910606e-02
42.00603 1.64842176e-02
42.15144 1.63780522e-02
42.29735 1.62725497e-02
42.44377 1.61677150e-02
42.59069 1.60635382e-02
42.73812 1.59600193e-02
42.88606 1.58571534e-02
43.03451 1.57549355e-02
43.18348 1.56533656e-02
43.33297 1.55524338e-02
43.48297 1.54521352e-02
43.63349 1.53524747e-02
43.78453 1.52534424e-02
43.93609 1.51550334e-02
44.08818 1.50572428e-02
44.24079 1.49600704e-02
44.39394 1.48635165e-02
44.54761 1.47675660e-02
44.70182 1.46722239e-02
44.85655 1.45774853e-02
45.01183 1.44833453e-02
45.16764 1.43897989e-02
45.32399 1.42968412e-02
45.48089 1.42044721e-02
45.63832 1.41126867e-02
45.79630 1.40214800e-02
45.95483 1.39308521e-02
46.11391 1.38407981e-02
46.27353 1.37513129e-02
46.43371 1.36623916e-02
46.59445 1.35740342e-02
46.75574 1.34862309e-02
46.91759 1.33989865e-02
47.08000 1.33122962e-02
47.24297 1.32261500e-02
47.40650 1.31405529e-02
47.57060 1.30554949e-02
47.73527 1.29709762e-02
47.90051 1.28869917e-02
48.06633 1.28035414e-02
48.23271 1.27206155e-02
48.39967 1.26382189e-02
48.56721 1.25563417e-02
48.73533 1.24749838e-02
48.90403 1.23941405e-02
49.07332 1.23138066e-02
49.24319 1.22339872e-02
49.41365 1.21546674e-02
49.58470 1.20758571e-02
49.75634 1.19975415e-02
49.92858 1.19197254e-02
50.10141 1.18424041e-02
50.27484 1.17655675e-02
50.44887 1.16892207e-02
50.62350 1.16133586e-02
50.79874 1.15379813e-02
50.97458 1.14630789e-02
51.15104 1.13886513e-02
51.32810 1.13146937e-02
51.50578 1.12412110e-02
51.68407 1.11681932e-02
51.86298 1.10956355e-02
52.04250 1.10235428e-02
52.22265 1.09519052e-02
52.40343 1.08807226e-02
52.58482 1.08099952e-02
52.76685 1.07397129e-02
52.94951 1.06698809e-02
53.13280 1.06004890e-02
53.31672 1.05315424e-02
53.50128 1.04630310e-02
53.68648 1.03949550e-02
53.87232 1.03273143e-02
54.05880 1.02601039e-02
54.24593 1.01933190e-02
54.43371 1.01269595e-02
54.62214 1.00610204e-02
54.81122 9.99550179e-03
55.00095 9.93040365e-03
55.19134 9.86571609e-03
55.38239 9.80143911e-03
55.57410 9.73757269e-03
55.76647 9.67411685e-03
55.95951 9.61106169e-03
56.15322 9.54840721e-03
56.34760 9.48615341e-03
56.54265 9.42429535e-03
56.73838 9.36283301e-03
56.93479 9.30176147e-03
57.13187 9.24108071e-03
57.32964 9.18078084e-03
57.52809 9.12087176e-03
57.72723 9.06134357e-03
57.92705 9.00219133e-03
58.12757 8.94341999e-03
58.32879 8.88502459e-03
58.53070 8.82700019e-03
58.73331 8.76934184e-03
58.93662 8.71205449e-03
59.14063 8.65513320e-03
59.34535 8.59857796e-03
59.55078 8.54237888e-03
59.75692 8.48654091e-03
59.96377 8.43106404e-03
60.17134 8.37593344e-03
60.37963 8.32115900e-03
60.58864 8.26673577e-03
60.79837 8.21265881e-03
61.00883 8.15892812e-03
61.22002 8.10553875e-03
61.43194 8.05249069e-03
61.64459 7.99978396e-03
61.85797 7.94741360e-03
62.07210 7.89537961e-03
62.28697 7.84367705e-03
62.50258 7.79230592e-03
62.71894 7.74126127e-03
62.93605 7.69054309e-03
63.15390 7.64015140e-03
63.37252 7.59008124e-03
63.59189 7.54033261e-03
63.81201 7.49090552e-03
64.03290 7.44179007e-03
64.25456 7.39299120e-03
64.47698 7.34450397e-03
64.70017 7.29632839e-03
64.92414 7.24845949e-03
65.14888 7.20090224e-03
65.37440 7.15364673e-03
65.60070 7.10669297e-03
65.82778 7.06004096e-03
66.05565 7.01368575e-03
66.28430 6.96763228e-03
66.51375 6.92187067e-03
66.74400 6.87640585e-03
66.97504 6.83123289e-03
67.20688 6.78634684e-03
67.43952 6.74174769e-03
67.67297 6.69744040e-03
67.90722 6.65341507e-03
68.14229 6.60967169e-03
68.37817 6.56620533e-03
68.61486 6.52302588e-03
68.85238 6.48011849e-03
69.09072 6.43748812e-03
69.32988 6.39512981e-03
69.56987 6.35304852e-03
69.81069 6.31123435e-03
70.05235 6.26969224e-03
70.29484 6.22841231e-03
70.53817 6.18739949e-03
70.78235 6.14665380e-03
71.02737 6.10616533e-03
71.27323 6.06593904e-03
71.51995 6.02597492e-03
71.76752 5.98626308e-03
72.01595 5.94680847e-03
72.26524 5.90761108e-03
72.51539 5.86866103e-03
72.76641 5.82996325e-03
73.01830 5.79151776e-03
73.27106 5.75331465e-03
73.52469 5.71536383e-03
73.77920 5.67765539e-03
74.03460 5.64018439e-03
74.29087 5.60296072e-03
74.54804 5.56597449e-03
74.80609 5.52923065e-03
75.06504 5.49271931e-03
75.32488 5.45644540e-03
75.58563 5.42040893e-03
75.84727 5.38460001e-03
76.10982 5.34902359e-03
76.37328 5.31367471e-03
76.63766 5.27855832e-03
76.90295 5.24366453e-03
77.16915 5.20899829e-03
77.43628 5.17455465e-03
77.70433 5.14033361e-03
77.97331 5.10633517e-03
78.24322 5.07255439e-03
78.51407 5.03899125e-03
78.78585 5.00564577e-03
79.05857 4.97251795e-03
79.33224 4.93960382e-03
79.60686 4.90690140e-03
79.88242 4.87441071e-03
80.15894 4.84212975e-03
80.43642 4.81005804e-03
80.71486 4.77819359e-03
80.99426 4.74653542e-03
81.27463 4.71508204e-03
81.55596 4.68383196e-03
81.83828 4.65278471e-03
82.12157 4.62193828e-03
82.40584 4.59129121e-03
82.69109 4.56084299e-03
82.97733 4.53059215e-03
83.26457 4.50053669e-03
83.55279 4.47067663e-03
83.84202 4.44100950e-03
84.13225 4.41153528e-03
84.42348 4.38225151e-03
84.71572 4.35315818e-03
85.00897 4.32425283e-03
85.30323 4.29553545e-03
85.59852 4.26700407e-03
85.89482 4.23865818e-03
86.19215 4.21049582e-03
86.49052 4.18251648e-03
86.78991 4.15471869e-03
87.09034 4.12710145e-03
87.39181 4.09966328e-03
87.69432 4.07240319e-03
87.99789 4.04532019e-03
88.30250 4.01841329e-03
88.60816 3.99168150e-03
88.91489 3.96512285e-03
89.22267 3.93873683e-03
89.53153 3.91252247e-03
89.84145 3.88647876e-03
90.15244 3.86060423e-03
90.46451 3.83489789e-03
90.77766 3.80935875e-03
91.09190 3.78398581e-03
91.40722 3.75877760e-03
91.72363 3.73373361e-03
92.04114 3.70885287e-03
92.35975 3.68413388e-03
92.67946 3.65957566e-03
93.00028 3.63517771e-03
93.32221 3.61093855e-03
93.64525 3.58685719e-03
93.96941 3.56293263e-03
94.29469 3.53916390e-03
94.62110 3.51555000e-03
94.94864 3.49209043e-03
95.27731 3.46878322e-03
95.60712 3.44562837e-03
95.93807 3.42262439e-03
96.27017 3.39977029e-03
96.60342 3.37706559e-03
96.93782 3.35450879e-03
97.27338 3.33209940e-03
97.61010 3.30983594e-03
97.94798 3.28771791e-03
98.28704 3.26574432e-03
98.62727 3.24391369e-03
98.96867 3.22222602e-03
99.31126 3.20068032e-03
99.65504 3.17927510e-03
100.00000 3.15800938e-03
