        2000  3.000000 3.700000
0.10000 5.25980160e-03
0.10035 5.47667932e-03
0.10069 6.17865664e-03
0.10104 6.88326096e-03
0.10139 7.35345844e-03
0.10174 2.18333744e-02
0.10210 4.64511320e-03
0.10245 1.02999949e-02
0.10280 7.96127520e-03
0.10316 7.25944884e-04
0.10352 2.30586812e-02
0.10387 6.95156000e-03
0.10423 1.21341012e-03
0.10459 8.12547528e-04
0.10496 8.53359268e-04
0.10532 6.97151040e-04
0.10568 6.49131996e-04
0.10605 7.14857464e-04
0.10642 6.90768244e-04
0.10679 6.06572820e-04
0.10716 5.74147352e-04
0.10753 6.16628384e-04
0.10790 7.02978244e-04
0.10827 3.78513848e-04
0.10865 1.89048836e-04
0.10902 4.83599620e-03
0.10940 3.90091740e-04
0.10978 1.95971684e-04
0.11016 5.38193712e-03
0.11054 6.27029380e-04
0.11092 1.68116456e-03
0.11131 1.78218344e-03
0.11169 1.54543672e-03
0.11208 3.68742148e-03
0.11247 7.65763840e-04
0.11286 7.78419024e-04
0.11325 1.14208921e-03
0.11364 2.20542348e-03
0.11403 3.95992500e-03
0.11443 2.79844024e-03
0.11482 2.05021144e-03
0.11522 1.73475980e-03
0.11562 2.44182388e-03
0.11602 5.90178416e-04
0.11642 1.03318874e-03
0.11682 5.91310468e-03
0.11723 3.49416308e-03
0.11763 4.40391612e-04
0.11804 1.17502765e-03
0.11845 1.97181880e-04
0.11886 1.98130116e-04
0.11927 1.99475880e-04
0.11968 2.00552580e-04
0.12010 1.89951636e-04
0.12051 6.96972848e-04
0.12093 7.65749188e-04
0.12135 5.11784148e-04
0.12177 1.44705357e-02
0.12219 8.22451688e-03
0.12262 5.70550212e-03
0.12304 7.50144808e-03
0.12347 7.06678540e-03
0.12389 7.01482112e-04
0.12432 8.67640972e-03
0.12475 6.88196744e-03
0.12518 6.92694612e-03
0.12562 5.53625376e-03
0.12605 2.06479388e-04
0.12649 2.13855116e-03
0.12693 9.09801732e-03
0.12737 9.13658020e-03
0.12781 8.14860324e-03
0.12825 7.25025804e-03
0.12869 9.25091168e-03
0.12914 8.59365404e-03
0.12959 6.60040632e-03
0.13003 7.14047312e-03
0.13048 7.43398672e-03
0.13094 6.76563500e-03
0.13139 8.44341480e-03
0.13184 8.29662544e-03
0.13230 8.11614980e-03
0.13276 7.73737488e-03
0.13322 1.35859723e-03
0.13368 8.07480304e-03
0.13414 7.88866344e-03
0.13461 7.93949848e-03
0.13507 8.51727864e-03
0.13554 9.85765396e-03
0.13601 4.27955320e-03
0.13648 5.01721628e-03
0.13695 9.28705032e-03
0.13743 8.59400184e-03
0.13790 8.29761408e-03
0.13838 8.34840916e-03
0.13886 7.21617808e-03
0.13934 8.44878720e-03
0.13982 8.49807564e-03
0.14031 8.54651308e-03
0.14079 8.04199884e-03
0.14128 8.63987148e-03
0.14177 8.68419304e-03
0.14226 1.07618318e-02
0.14275 1.09096261e-02
0.14324 1.00436382e-02
0.14374 1.00340122e-02
0.14424 1.00185226e-02
0.14474 9.44459188e-03
0.14524 9.59772600e-03
0.14574 8.92191064e-03
0.14625 8.93136192e-03
0.14675 9.50358764e-03
0.14726 8.65268532e-03
0.14777 1.15706074e-02
0.14828 1.23554337e-02
0.14879 8.32528564e-03
0.14931 8.96967912e-03
0.14983 8.99232016e-03
0.15034 1.02372621e-02
0.15087 9.06006864e-03
0.15139 5.07999788e-04
0.15191 5.09163660e-04
0.15244 1.49339844e-03
0.15297 5.12869432e-04
0.15349 5.14018208e-04
0.15403 5.15159584e-04
0.15456 5.18418544e-04
0.15509 5.21679132e-04
0.15563 5.22807780e-04
0.15617 5.23928584e-04
0.15671 5.24916780e-04
0.15725 5.21853624e-04
0.15780 5.22941128e-04
0.15834 5.24020048e-04
0.15889 5.25090088e-04
0.15944 5.06898964e-04
0.15999 5.27203232e-04
0.16055 5.28025964e-04
0.16110 5.24975832e-04
0.16166 2.63526136e-04
0.16222 2.62556292e-04
0.16278 2.61563064e-04
0.16335 2.60679800e-04
0.16391 2.60275760e-04
0.16448 5.31222024e-04
0.16505 5.32159012e-04
0.16562 5.24041656e-04
0.16619 5.24927880e-04
0.16677 5.13601144e-04
0.16734 5.10716920e-04
0.16792 5.10199956e-04
0.16851 4.96814540e-04
0.16909 4.97553060e-04
0.16967 4.98321476e-04
0.17026 4.82800124e-04
0.17085 4.83438596e-04
0.17144 4.84072628e-04
0.17204 4.84696300e-04
0.17263 4.67578472e-04
0.17323 4.68439240e-04
0.17383 4.69733056e-04
0.17443 4.70257864e-04
0.17503 4.71008076e-04
0.17564 4.52584740e-04
0.17625 4.52894652e-04
0.17686 4.55233792e-04
0.17747 4.56676644e-04
0.17808 4.57106584e-04
0.17870 4.37964856e-04
0.17932 4.36746076e-04
0.17994 4.36005336e-04
0.18056 4.36320724e-04
0.18119 4.36642920e-04
0.18182 4.36914796e-04
0.18244 4.18294028e-04
0.18308 3.98925268e-04
0.18371 4.19511328e-04
0.18435 3.15608816e-04
0.18498 4.19007980e-04
0.18562 4.18537488e-04
0.18627 4.00792584e-04
0.18691 4.01069936e-04
0.18756 4.01047588e-04
0.18821 4.01134464e-04
0.18886 4.01272696e-04
0.18951 4.03308732e-04
0.19017 4.03956676e-04
0.19083 3.87145060e-04
0.19149 3.87248956e-04
0.19215 3.85123824e-04
0.19282 3.85100144e-04
0.19348 3.85081496e-04
0.19415 3.87855608e-04
0.19483 3.85686964e-04
0.19550 3.71270136e-04
0.19618 3.60807720e-04
0.19686 3.15930420e-04
0.19754 3.02782988e-04
0.19822 2.92477304e-04
0.19891 2.83839284e-04
0.19960 3.68975544e-04
0.20029 3.95589348e-04
0.20098 3.74700776e-04
0.20168 2.43536960e-04
0.20237 2.43318956e-04
0.20307 2.42990988e-04
0.20378 2.42594644e-04
0.20448 2.49542060e-04
0.20519 2.62362856e-04
0.20590 2.49003488e-04
0.20661 2.49058840e-04
0.20733 2.48706304e-04
0.20805 2.48474536e-04
0.20877 2.48388696e-04
0.20949 2.55957120e-04
0.21021 2.56096832e-04
0.21094 2.56334520e-04
0.21167 2.56611280e-04
0.21240 8.44051548e-04
0.21314 1.21961354e-03
0.21388 8.14343656e-04
0.21462 7.93189424e-04
0.21536 7.70587604e-04
0.21611 7.46166568e-04
0.21685 4.88497828e-04
0.21760 4.75378368e-04
0.21836 4.61400804e-04
0.21911 4.47292852e-04
0.21987 3.21762656e-04
0.22063 3.17378748e-04
0.22140 2.73634980e-04
0.22216 2.73650816e-04
0.22293 2.73663100e-04
0.22370 2.73687520e-04
0.22448 2.73703060e-04
0.22526 2.73722744e-04
0.22604 2.73737840e-04
0.22682 2.73758264e-04
0.22760 2.73775432e-04
0.22839 2.73795264e-04
0.22918 2.73813320e-04
0.22998 2.73831228e-04
0.23077 2.73851948e-04
0.23157 2.73866008e-04
0.23237 2.73881992e-04
0.23318 2.73916328e-04
0.23398 2.73922396e-04
0.23479 2.73940008e-04
0.23561 2.73956732e-04
0.23642 2.73958804e-04
0.23724 2.73992844e-04
0.23806 2.74012528e-04
0.23889 2.74032212e-04
0.23971 2.74049084e-04
0.24054 2.74071432e-04
0.24137 2.74084752e-04
0.24221 2.74098368e-04
0.24305 2.74118348e-04
0.24389 2.74148244e-04
0.24473 2.74159936e-04
0.24558 2.74178140e-04
0.24643 2.74196936e-04
0.24728 2.74218692e-04
0.24814 2.74234084e-04
0.24900 2.74254360e-04
0.24986 2.74271676e-04
0.25073 2.74290324e-04
0.25159 2.74318148e-04
0.25246 2.74328508e-04
0.25334 2.74345676e-04
0.25422 2.74338424e-04
0.25510 2.74384304e-04
0.25598 2.74397920e-04
0.25687 2.74420712e-04
0.25775 2.74441284e-04
0.25865 2.74464668e-04
0.25954 2.74481392e-04
0.26044 2.74485388e-04
0.26134 2.74517208e-04
0.26225 2.74536448e-04
0.26315 2.74554208e-04
0.26406 2.74572412e-04
0.26498 2.74598016e-04
0.26590 2.74613260e-04
0.26682 2.74633536e-04
0.26774 2.74650556e-04
0.26867 2.74666688e-04
0.26960 2.74684152e-04
0.27053 2.74710200e-04
0.27147 2.74731364e-04
0.27241 2.74754156e-04
0.27335 2.74771768e-04
0.27430 2.74786124e-04
0.27525 2.74807288e-04
0.27620 2.74845324e-04
0.27715 2.74857016e-04
0.27811 2.74867820e-04
0.27908 2.74880992e-04
0.28004 2.74899344e-04
0.28101 2.74913552e-04
0.28198 2.74939008e-04
0.28296 2.74954104e-04
0.28394 2.74981632e-04
0.28492 2.74999984e-04
0.28591 2.75019520e-04
0.28690 2.75056964e-04
0.28789 2.75056224e-04
0.28889 2.75086268e-04
0.28989 2.75092336e-04
0.29089 2.75115572e-04
0.29190 2.75138364e-04
0.29291 2.75146060e-04
0.29392 2.75181580e-04
0.29494 2.75198452e-04
0.29596 2.75200968e-04
0.29699 2.75237524e-04
0.29801 2.75257652e-04
0.29905 2.75273932e-04
0.30008 2.75295836e-04
0.30112 2.75313744e-04
0.30216 2.75336980e-04
0.30321 2.75345268e-04
0.30426 2.75374128e-04
0.30531 2.75407872e-04
0.30637 2.75393220e-04
0.30743 2.75439100e-04
0.30849 2.75458044e-04
0.30956 2.75477136e-04
0.31063 2.75503776e-04
0.31171 2.75518280e-04
0.31279 2.75553060e-04
0.31387 2.75554836e-04
0.31496 2.75588728e-04
0.31605 2.75603084e-04
0.31714 2.75610040e-04
0.31824 2.75629724e-04
0.31934 2.75661248e-04
0.32044 2.75684336e-04
0.32155 2.75694992e-04
0.32267 2.75727996e-04
0.32378 2.75741316e-04
0.32490 2.75762036e-04
0.32603 2.75786160e-04
0.32716 2.75804808e-04
0.32829 2.75840624e-04
0.32943 2.75849356e-04
0.33057 2.75863564e-04
0.33171 2.75891240e-04
0.33286 2.75914920e-04
0.33401 2.75935492e-04
0.33517 2.75950588e-04
0.33633 2.75976192e-04
0.33749 2.75986700e-04
0.33866 2.76016892e-04
0.33983 2.76032284e-04
0.34101 2.76050340e-04
0.34219 2.76102436e-04
0.34337 2.76138252e-04
0.34456 2.76108060e-04
0.34576 2.76134552e-04
0.34695 2.76126560e-04
0.34815 2.76185612e-04
0.34936 2.76221872e-04
0.35057 2.76219948e-04
0.35178 2.76245848e-04
0.35300 2.76266124e-04
0.35422 2.76259760e-04
0.35545 2.76314076e-04
0.35668 2.76332280e-04
0.35791 2.76358180e-04
0.35915 2.76377864e-04
0.36039 2.76390888e-04
0.36164 2.76421376e-04
0.36289 2.76439284e-04
0.36415 2.76454380e-04
0.36541 2.76475840e-04
0.36668 2.76497004e-04
0.36795 2.76525124e-04
0.36922 2.76507512e-04
0.37050 2.76558276e-04
0.37178 2.76584324e-04
0.37307 2.76599568e-04
0.37436 2.76651368e-04
0.37565 2.76547176e-04
0.37695 2.76650036e-04
0.37826 2.76693252e-04
0.37957 2.76713232e-04
0.38088 2.76735876e-04
0.38220 2.76737504e-04
0.38352 2.76814020e-04
0.38485 2.76802180e-04
0.38618 2.76807360e-04
0.38752 2.76848948e-04
0.38886 2.76873960e-04
0.39021 2.76892608e-04
0.39156 2.76911552e-04
0.39291 3.17439576e-02
0.39427 3.00101080e-02
0.39564 3.23714184e-02
0.39701 2.86702344e-02
0.39838 3.02875340e-02
0.39976 2.97055684e-02
0.40115 3.00551000e-02
0.40253 2.80242884e-02
0.40393 2.94190404e-02
0.40533 2.84734832e-02
0.40673 2.77496448e-02
0.40814 3.00466936e-02
0.40955 2.90219268e-02
0.41097 2.62842080e-02
0.41239 2.69937052e-02
0.41382 2.91699268e-02
0.41525 2.71511624e-02
0.41669 2.88915832e-02
0.41813 2.67528796e-02
0.41958 2.52988388e-02
0.42103 2.66546224e-02
0.42249 2.80680668e-02
0.42395 2.67599244e-02
0.42542 2.52201324e-02
0.42689 2.42129036e-02
0.42837 2.63037144e-02
0.42985 2.47541840e-02
0.43134 2.39353444e-02
0.43283 2.56446852e-02
0.43433 2.74170444e-02
0.43583 2.62304396e-02
0.43734 2.31515364e-02
0.43886 2.30515920e-02
0.44037 2.53982208e-02
0.44190 2.41428404e-02
0.44343 2.33010608e-02
0.44496 2.50359316e-02
0.44650 2.59667628e-02
0.44805 2.29518844e-02
0.44960 2.32294732e-02
0.45116 2.39207072e-02
0.45272 2.36773064e-02
0.45429 2.21364784e-02
0.45586 2.24247824e-02
0.45744 2.16747480e-02
0.45902 2.17200656e-02
0.46061 2.17525072e-02
0.46220 2.34081240e-02
0.46380 2.02796704e-02
0.46541 2.39280776e-02
0.46702 1.95644012e-02
0.46864 2.13841500e-02
0.47026 2.21320236e-02
0.47189 1.97139700e-02
0.47352 2.05257500e-02
0.47516 1.87714172e-02
0.47680 2.59720908e-02
0.47845 1.84176824e-02
0.48011 2.22220372e-02
0.48177 2.07328020e-02
0.48344 1.99752196e-02
0.48511 1.85193732e-02
0.48679 1.90213596e-02
0.48848 2.46252020e-02
0.49017 2.09618912e-02
0.49186 1.77823628e-02
0.49357 2.24296812e-02
0.49528 1.98490348e-02
0.49699 2.33404584e-02
0.49871 2.00124712e-02
0.50044 1.82828100e-02
0.50217 1.65738540e-02
0.50391 1.67416860e-02
0.50565 2.14038784e-02
0.50740 1.74820116e-02
0.50916 1.57661588e-02
0.51092 1.74833288e-02
0.51269 2.05315516e-02
0.51446 1.95287332e-02
0.51625 1.56006800e-02
0.51803 1.57931836e-02
0.51983 1.86811224e-02
0.52163 1.70160780e-02
0.52343 2.06143576e-02
0.52524 1.53110588e-02
0.52706 1.67700872e-02
0.52889 1.85451104e-02
0.53072 1.60556912e-02
0.53255 1.88123836e-02
0.53440 1.52408476e-02
0.53625 1.64965684e-02
0.53810 1.87958964e-02
0.53997 1.54988708e-02
0.54183 1.57649008e-02
0.54371 1.53187104e-02
0.54559 1.44830106e-02
0.54748 1.89498460e-02
0.54938 1.47597618e-02
0.55128 1.54803708e-02
0.55319 1.55834084e-02
0.55510 1.43713890e-02
0.55702 1.61926356e-02
0.55895 1.27367409e-02
0.56089 1.45744894e-02
0.56283 1.47365184e-02
0.56478 1.51457428e-02
0.56673 1.36730126e-02
0.56869 1.34985753e-02
0.57066 1.36999190e-02
0.57264 1.42123616e-02
0.57462 1.39348808e-02
0.57661 1.66009380e-02
0.57860 1.54161388e-02
0.58061 1.59117760e-02
0.58262 1.36736238e-02
0.58463 1.22301635e-02
0.58666 1.49169200e-02
0.58869 1.36798398e-02
0.59073 1.38678694e-02
0.59277 1.43542077e-02
0.59482 1.35291344e-02
0.59688 1.31144472e-02
0.59895 1.56745024e-02
0.60102 1.48824508e-02
0.60310 1.31111424e-02
0.60519 1.26143212e-02
0.60728 1.44476860e-02
0.60939 1.42319124e-02
0.61150 1.98572192e-02
0.61361 1.24754513e-02
0.61574 1.40800229e-02
0.61787 1.18878188e-02
0.62001 1.43986077e-02
0.62215 1.09698118e-02
0.62431 1.31707938e-02
0.62647 1.34894556e-02
0.62864 1.41434039e-02
0.63081 1.35836383e-02
0.63300 1.14198724e-02
0.63519 1.51563100e-02
0.63739 1.16919808e-02
0.63959 1.16121540e-02
0.64181 1.33373456e-02
0.64403 1.14089278e-02
0.64626 1.16985594e-02
0.64849 1.28691565e-02
0.65074 1.02865224e-02
0.65299 1.08611117e-02
0.65525 1.12641942e-02
0.65752 1.17476258e-02
0.65980 1.12831026e-02
0.66208 1.16253526e-02
0.66437 1.11682117e-02
0.66667 1.23628677e-02
0.66898 1.28435584e-02
0.67130 1.15233259e-02
0.67362 1.18260702e-02
0.67595 1.18430725e-02
0.67829 1.25794287e-02
0.68064 1.08082476e-02
0.68299 1.01144118e-02
0.68536 1.03616783e-02
0.68773 9.98761868e-03
0.69011 1.14913046e-02
0.69250 1.03598328e-02
0.69490 1.06864614e-02
0.69730 9.47205328e-03
0.69972 1.04405830e-02
0.70214 1.11360691e-02
0.70457 1.03328746e-02
0.70701 9.59095352e-03
0.70946 1.00366644e-02
0.71191 9.26687496e-03
0.71438 1.08613204e-02
0.71685 9.96776152e-03
0.71933 1.01945212e-02
0.72182 9.49208656e-03
0.72432 1.12053064e-02
0.72683 9.91320724e-03
0.72934 9.90853044e-03
0.73187 9.91380516e-03
0.73440 8.68690292e-03
0.73694 1.07011992e-02
0.73949 1.15493976e-02
0.74205 1.04401894e-02
0.74462 1.09192698e-02
0.74720 1.00656058e-02
0.74979 8.80998268e-03
0.75238 1.00998796e-02
0.75499 1.00554056e-02
0.75760 1.04664786e-02
0.76022 9.85947436e-03
0.76285 8.96093232e-03
0.76549 1.12343130e-02
0.76814 8.62318892e-03
0.77080 9.73317116e-03
0.77347 9.11276700e-03
0.77615 8.45599184e-03
0.77884 9.47823524e-03
0.78153 1.25400326e-02
0.78424 9.45431104e-03
0.78695 1.09443617e-02
0.78968 8.63353560e-03
0.79241 1.18428623e-02
0.79515 9.88122000e-03
0.79790 8.34541660e-03
0.80067 1.08637979e-02
0.80344 8.97731000e-03
0.80622 1.01326868e-02
0.80901 8.55879264e-03
0.81181 8.21362556e-03
0.81462 1.20459509e-02
0.81744 1.16796435e-02
0.82027 9.85047448e-03
0.82311 8.21197832e-03
0.82596 1.15903521e-02
0.82882 1.22657930e-02
0.83169 9.62250564e-03
0.83457 9.37346604e-03
0.83745 8.36883168e-03
0.84035 9.99936840e-03
0.84326 8.36007452e-03
0.84618 1.20945156e-02
0.84911 8.97283892e-03
0.85205 8.18867572e-03
0.85500 9.40819720e-03
0.85796 1.75806388e-02
0.86093 8.11321348e-03
0.86391 1.02148475e-02
0.86690 7.85215628e-03
0.86990 8.17487916e-03
0.87291 8.34661096e-03
0.87593 1.03396456e-02
0.87897 1.11663810e-02
0.88201 7.88167932e-03
0.88506 7.25495408e-03
0.88813 9.83792852e-03
0.89120 9.30771556e-03
0.89428 7.77686720e-03
0.89738 8.08332340e-03
0.90049 7.69258712e-03
0.90360 1.11264106e-02
0.90673 9.84665164e-03
0.90987 9.75664396e-03
0.91302 8.29083420e-03
0.91618 9.79481316e-03
0.91935 1.04954777e-02
0.92253 1.05395610e-02
0.92573 8.44731016e-03
0.92893 8.39551460e-03
0.93215 1.03633315e-02
0.93537 8.54912824e-03
0.93861 9.07248436e-03
0.94186 7.89298208e-03
0.94512 1.04542716e-02
0.94839 8.74900372e-03
0.95168 1.30237662e-02
0.95497 1.03607888e-02
0.95828 7.18682080e-03
0.96159 8.72555608e-03
0.96492 9.97013396e-03
0.96826 9.84173212e-03
0.97161 7.66692096e-03
0.97498 7.27469580e-03
0.97835 8.88395308e-03
0.98174 1.06635658e-02
0.98514 7.99685884e-03
0.98855 7.64908844e-03
0.99197 7.31158332e-03
0.99540 1.01291126e-02
0.99885 8.10260484e-03
1.00231 8.21074400e-03
1.00578 7.24988508e-03
1.00926 9.71020156e-03
1.01275 8.80931372e-03
1.01626 8.21629844e-03
1.01978 6.94891524e-03
1.02330 8.09183044e-03
1.02685 8.59972352e-03
1.03040 9.86438648e-03
1.03397 8.65630984e-03
1.03755 8.72215504e-03
1.04114 1.03578096e-02
1.04474 7.92645820e-03
1.04836 8.28944448e-03
1.05199 1.02611686e-02
1.05563 9.44064916e-03
1.05928 8.59023376e-03
1.06295 8.21440552e-03
1.06663 8.27448908e-03
1.07032 9.73269608e-03
1.07403 8.99186284e-03
1.07775 7.64983584e-03
1.08148 7.77404780e-03
1.08522 8.00344928e-03
1.08898 9.56886748e-03
1.09275 8.98810512e-03
1.09653 7.70905508e-03
1.10032 7.59143948e-03
1.10413 8.17215448e-03
1.10796 8.94345500e-03
1.11179 8.17765416e-03
1.11564 7.75065048e-03
1.11950 8.68460448e-03
1.12338 8.36579620e-03
1.12726 1.06508585e-02
1.13117 9.27280236e-03
1.13508 8.28665764e-03
1.13901 8.55329888e-03
1.14295 7.65736904e-03
1.14691 8.76312144e-03
1.15088 9.76822052e-03
1.15487 8.53855364e-03
1.15886 7.65726988e-03
1.16287 8.75292128e-03
1.16690 8.03465360e-03
1.17094 8.58378984e-03
1.17499 8.59195204e-03
1.17906 8.39699164e-03
1.18314 8.01175948e-03
1.18724 7.97346004e-03
1.19135 8.27876036e-03
1.19547 9.07269156e-03
1.19961 1.17975773e-02
1.20376 7.68208652e-03
1.20793 7.86293660e-03
1.21211 9.65792500e-03
1.21630 9.43753968e-03
1.22052 8.69788156e-03
1.22474 8.80933148e-03
1.22898 8.35922796e-03
1.23323 8.66701468e-03
1.23750 8.25232460e-03
1.24179 1.04890782e-02
1.24609 9.09354180e-03
1.25040 9.50869068e-03
1.25473 8.07301816e-03
1.25907 8.07261264e-03
1.26343 1.32759759e-02
1.26780 8.61067108e-03
1.27219 1.05925080e-02
1.27659 8.38595528e-03
1.28101 8.33676156e-03
1.28545 8.28039724e-03
1.28990 8.54432860e-03
1.29436 1.02587621e-02
1.29884 8.60549700e-03
1.30334 8.23856356e-03
1.30785 1.03697695e-02
1.31238 9.69744396e-03
1.31692 1.43422996e-02
1.32148 8.59563132e-03
1.32605 8.40095804e-03
1.33064 9.14778972e-03
1.33525 9.62177304e-03
1.33987 9.21348100e-03
1.34451 9.74808364e-03
1.34916 8.92009172e-03
1.35383 1.03844526e-02
1.35852 1.06226216e-02
1.36322 1.31473491e-02
1.36794 1.05326272e-02
1.37268 8.78671412e-03
1.37743 1.63138920e-02
1.38220 1.12511095e-02
1.38698 8.65162416e-03
1.39178 1.54799120e-02
1.39660 1.84439968e-02
1.40144 9.28251116e-03
1.40629 8.81720360e-03
1.41115 1.22385714e-02
1.41604 9.45724292e-03
1.42094 1.12691818e-02
1.42586 1.15662977e-02
1.43080 1.23001335e-02
1.43575 9.00560020e-03
1.44072 1.71275220e-02
1.44571 1.81076964e-02
1.45071 1.01901138e-02
1.45573 9.82482904e-03
1.46077 9.88138132e-03
1.46583 1.61493900e-02
1.47090 9.99157028e-03
1.47599 1.78481488e-02
1.48110 1.53509596e-02
1.48623 1.29472339e-02
1.49137 1.18140911e-02
1.49654 1.10821897e-02
1.50172 1.25005447e-02
1.50692 2.41186276e-02
1.51213 1.09426849e-02
1.51737 1.82481484e-02
1.52262 1.11699655e-02
1.52789 1.82405116e-02
1.53318 9.57675884e-03
1.53849 1.17062628e-02
1.54381 1.73643516e-02
1.54916 1.07042243e-02
1.55452 1.20752800e-02
1.55990 1.16187385e-02
1.56530 1.81682136e-02
1.57072 1.37202571e-02
1.57615 1.48132312e-02
1.58161 1.87428384e-02
1.58709 1.95404548e-02
1.59258 1.22767288e-02
1.59809 1.27560519e-02
1.60362 1.55179776e-02
1.60918 1.20226098e-02
1.61475 1.86617196e-02
1.62034 1.17928946e-02
1.62594 2.02010084e-02
1.63157 1.36221953e-02
1.63722 1.35692024e-02
1.64289 1.52017904e-02
1.64857 1.74164180e-02
1.65428 1.90242604e-02
1.66001 1.64539740e-02
1.66575 1.17081157e-02
1.67152 1.51185996e-02
1.67731 1.25261354e-02
1.68311 1.77835912e-02
1.68894 1.76368344e-02
1.69478 1.54747912e-02
1.70065 1.55160092e-02
1.70654 1.22408003e-02
1.71245 2.00490124e-02
1.71837 1.89211784e-02
1.72432 1.27084492e-02
1.73029 1.54662516e-02
1.73628 1.71816604e-02
1.74229 1.54795124e-02
1.74832 1.92923624e-02
1.75437 1.58072880e-02
1.76045 1.41613134e-02
1.76654 1.30150075e-02
1.77266 2.20580680e-02
1.77879 2.39361288e-02
1.78495 1.62969016e-02
1.79113 1.57884624e-02
1.79733 1.83524292e-02
1.80355 1.59131228e-02
1.80979 2.00347452e-02
1.81606 2.02575444e-02
1.82234 1.96830972e-02
1.82865 1.91777512e-02
1.83498 1.55898168e-02
1.84133 1.90672396e-02
1.84771 2.02522460e-02
1.85410 1.92333992e-02
1.86052 1.71218092e-02
1.86696 2.70442472e-02
1.87342 1.69476724e-02
1.87991 1.75589420e-02
1.88642 2.37354852e-02
1.89295 2.17627784e-02
1.89950 1.94017936e-02
1.90607 2.02547620e-02
1.91267 2.04078976e-02
1.91929 1.90841856e-02
1.92594 2.09777864e-02
1.93260 2.42017888e-02
1.93929 2.02470216e-02
1.94601 1.92061968e-02
1.95274 1.64683152e-02
1.95950 1.95482544e-02
1.96629 2.56345324e-02
1.97309 2.49777824e-02
1.97992 1.83306584e-02
1.98678 2.10188564e-02
1.99365 2.05866076e-02
2.00055 2.30578820e-02
2.00748 3.21889492e-02
2.01443 2.11236552e-02
2.02140 1.94894836e-02
2.02840 2.19333484e-02
2.03542 2.04404132e-02
2.04247 2.63098268e-02
2.04954 3.07524316e-02
2.05663 2.21712584e-02
2.06375 2.11563336e-02
2.07090 2.32206376e-02
2.07806 2.29182884e-02
2.08526 2.53728240e-02
2.09247 2.91879384e-02
2.09972 2.32222212e-02
2.10699 2.16779744e-02
2.11428 2.54620976e-02
2.12160 2.37379420e-02
2.12894 2.82033092e-02
2.13631 2.80279440e-02
2.14371 2.41376308e-02
2.15113 2.63255000e-02
2.15857 2.56277836e-02
2.16605 2.55817408e-02
2.17354 2.47612732e-02
2.18107 2.86872396e-02
2.18862 2.71972940e-02
2.19619 2.85252980e-02
2.20380 2.49223416e-02
2.21143 2.60678172e-02
2.21908 2.95594184e-02
2.22676 2.73459600e-02
2.23447 2.96816220e-02
2.24220 2.92507644e-02
2.24997 2.56759724e-02
2.25775 2.62520180e-02
2.26557 2.75779648e-02
2.27341 2.79121192e-02
2.28128 2.98940908e-02
2.28918 2.78450456e-02
2.29710 2.82114788e-02
2.30505 2.78550652e-02
2.31303 2.96412624e-02
2.32104 3.10690036e-02
2.32908 3.39279640e-02
2.33714 3.02099820e-02
2.34523 2.86426324e-02
2.35335 3.07488796e-02
2.36149 3.33647500e-02
2.36967 3.26474680e-02
2.37787 3.19168512e-02
2.38610 2.97993560e-02
2.39436 2.98338844e-02
2.40265 3.12963760e-02
2.41097 3.32122212e-02
2.41931 3.27085476e-02
2.42769 3.07573896e-02
2.43609 2.95924372e-02
2.44452 3.11048196e-02
2.45298 3.52274780e-02
2.46148 3.48689036e-02
2.47000 3.23624348e-02
2.47855 3.12429036e-02
2.48713 3.25577060e-02
2.49574 3.42822908e-02
2.50438 3.70494764e-02
2.51304 3.63642808e-02
2.52174 3.44827716e-02
2.53047 3.41840928e-02
2.53923 3.56246064e-02
2.54802 3.78709208e-02
2.55684 3.76533904e-02
2.56569 3.51802364e-02
2.57457 3.40877892e-02
2.58349 3.47475436e-02
2.59243 3.66489736e-02
2.60140 3.77720568e-02
2.61041 3.70163984e-02
2.61944 3.57503028e-02
2.62851 3.60556860e-02
2.63761 3.71880784e-02
2.64674 3.83712940e-02
2.65590 3.91541400e-02
2.66510 3.86459968e-02
2.67432 3.81494124e-02
2.68358 3.85360920e-02
2.69287 3.93849756e-02
2.70219 3.98276880e-02
2.71154 3.94920832e-02
2.72093 3.88621952e-02
2.73035 3.89834220e-02
2.73980 3.94136876e-02
2.74928 3.98098392e-02
2.75880 3.99292604e-02
2.76835 4.00552972e-02
2.77793 4.09205348e-02
2.78755 4.23695880e-02
2.79720 4.28661724e-02
2.80688 4.26702648e-02
2.81660 4.28192120e-02
2.82635 4.35907360e-02
2.83613 4.45674768e-02
2.84595 4.47058272e-02
2.85580 4.42314132e-02
2.86569 4.42605988e-02
2.87561 4.47035036e-02
2.88556 4.53001212e-02
2.89555 4.57729516e-02
2.90557 4.54439772e-02
2.91563 4.50498976e-02
2.92572 4.51065668e-02
2.93585 4.55208632e-02
2.94601 4.57816984e-02
2.95621 4.56511476e-02
2.96644 4.54068144e-02
2.97671 4.51888696e-02
2.98702 4.56961988e-02
2.99736 4.61424188e-02
3.00773 4.66441388e-02
3.01814 4.69472428e-02
3.02859 4.73078448e-02
3.03907 4.78690164e-02
3.04960 4.85270244e-02
3.06015 4.94068104e-02
3.07074 5.01398544e-02
3.08137 5.07853268e-02
3.09204 5.12919308e-02
3.10274 5.19462684e-02
3.11348 5.27268944e-02
3.12426 5.32762556e-02
3.13508 5.35219060e-02
3.14593 5.36387372e-02
3.15682 5.38064360e-02
3.16775 5.39979628e-02
3.17871 5.40567632e-02
3.18972 5.39413380e-02
3.20076 5.39976816e-02
3.21184 5.39188568e-02
3.22295 5.39447716e-02
3.23411 5.40295904e-02
3.24531 5.40885388e-02
3.25654 5.41551980e-02
3.26781 5.45441124e-02
3.27912 5.50707704e-02
3.29047 5.55310948e-02
3.30187 5.58093496e-02
3.31330 5.60792720e-02
3.32476 5.66117464e-02
3.33627 5.72265236e-02
3.34782 5.77561120e-02
3.35941 5.80967636e-02
3.37104 5.86436828e-02
3.38271 5.90481520e-02
3.39442 5.96377100e-02
3.40617 6.03882920e-02
3.41796 6.07247848e-02
3.42979 6.12416600e-02
3.44166 6.18120372e-02
3.45358 6.24038448e-02
3.46553 6.29803492e-02
3.47753 6.35076584e-02
3.48957 6.41125196e-02
3.50164 6.47278444e-02
3.51377 6.51487268e-02
3.52593 6.55251352e-02
3.53814 6.59671520e-02
3.55038 6.64258780e-02
3.56267 6.66947496e-02
3.57500 6.69535424e-02
3.58738 6.72951116e-02
3.59980 6.77291068e-02
3.61226 6.81422488e-02
3.62476 6.84057332e-02
3.63731 6.86699724e-02
3.64990 6.90588128e-02
3.66254 6.96081148e-02
3.67521 6.99597776e-02
3.68794 7.01453696e-02
3.70070 7.04848964e-02
3.71351 7.08108664e-02
3.72637 7.11751536e-02
3.73927 7.16550732e-02
3.75221 7.19619956e-02
3.76520 7.22311040e-02
3.77823 7.24875140e-02
3.79131 7.28957720e-02
3.80443 7.32986724e-02
3.81760 7.36857072e-02
3.83082 7.39106820e-02
3.84408 7.43444700e-02
3.85739 7.48827756e-02
3.87074 7.51552880e-02
3.88414 7.56758336e-02
3.89758 7.63274480e-02
3.91107 7.68866956e-02
3.92461 7.74965740e-02
3.93820 7.81602504e-02
3.95183 7.88682824e-02
3.96551 7.98200408e-02
3.97924 8.08666524e-02
3.99301 8.16520884e-02
4.00683 8.25303056e-02
4.02070 8.34547876e-02
4.03462 8.43414704e-02
4.04859 8.52682760e-02
4.06260 8.62185396e-02
4.07667 8.68042200e-02
4.09078 8.74568704e-02
4.10494 8.82220008e-02
4.11915 8.87932068e-02
4.13341 8.93294256e-02
4.14771 8.99104440e-02
4.16207 9.05342492e-02
4.17648 9.11401020e-02
4.19094 9.15624496e-02
4.20545 9.19427208e-02
4.22000 9.22848968e-02
4.23461 9.27054092e-02
4.24927 9.31139632e-02
4.26398 9.34908452e-02
4.27874 9.38427004e-02
4.29355 9.41825380e-02
4.30841 9.45005456e-02
4.32332 9.48176800e-02
4.33829 9.51314844e-02
4.35331 9.55343700e-02
4.36838 9.59909648e-02
4.38350 9.64474264e-02
4.39867 9.69678684e-02
4.41390 9.75818760e-02
4.42918 9.80576812e-02
4.44451 9.84843060e-02
4.45990 9.91528812e-02
4.47533 9.98918156e-02
4.49083 1.00735120e-01
4.50637 1.01542356e-01
4.52197 1.02326253e-01
4.53762 1.03127984e-01
4.55333 1.03971658e-01
4.56909 1.04927545e-01
4.58491 1.05945593e-01
4.60078 1.07047320e-01
4.61670 1.08096462e-01
4.63269 1.09108797e-01
4.64872 1.10198373e-01
4.66481 1.11312561e-01
4.68096 1.12396691e-01
4.69717 1.13494096e-01
4.71343 1.14633948e-01
4.72974 1.15741313e-01
4.74611 1.16805048e-01
4.76254 1.17818256e-01
4.77903 1.18786250e-01
4.79557 1.19770154e-01
4.81217 1.20732228e-01
4.82883 1.21714860e-01
4.84555 1.22650175e-01
4.86232 1.23428019e-01
4.87915 1.24212700e-01
4.89604 1.25081149e-01
4.91299 1.25871425e-01
4.92999 1.26552906e-01
4.94706 1.27284973e-01
4.96418 1.28071978e-01
4.98137 1.28817232e-01
4.99861 1.29533655e-01
5.01591 1.30272175e-01
5.03328 1.31020152e-01
5.05070 1.31662295e-01
5.06818 1.32274512e-01
5.08573 1.32993614e-01
5.10333 1.33739519e-01
5.12100 1.34448202e-01
5.13873 1.35162228e-01
5.15651 1.35917428e-01
5.17436 1.36690565e-01
5.19228 1.37507318e-01
5.21025 1.38345975e-01
5.22828 1.39153448e-01
5.24638 1.39984009e-01
5.26454 1.40937884e-01
5.28277 1.41925769e-01
5.30105 1.42888391e-01
5.31940 1.43882684e-01
5.33782 1.44928216e-01
5.35629 1.46013766e-01
5.37484 1.47149488e-01
5.39344 1.48328708e-01
5.41211 1.49558144e-01
5.43084 1.50833164e-01
5.44965 1.52207344e-01
5.46851 1.53645460e-01
5.48744 1.55037844e-01
5.50643 1.56425196e-01
5.52550 1.57927544e-01
5.54462 1.59529348e-01
5.56381 1.61135444e-01
5.58308 1.62732364e-01
5.60240 1.64374424e-01
5.62179 1.66080420e-01
5.64125 1.67804768e-01
5.66078 1.69533556e-01
5.68038 1.71272408e-01
5.70004 1.73000456e-01
5.71977 1.74728356e-01
5.73957 1.76534696e-01
5.75944 1.78353616e-01
5.77938 1.80107416e-01
5.79938 1.81809268e-01
5.81946 1.83525920e-01
5.83960 1.85275280e-01
5.85982 1.86994744e-01
5.88010 1.88656488e-01
5.90045 1.90289668e-01
5.92088 1.91907160e-01
5.94137 1.93496236e-01
5.96194 1.95063704e-01
5.98258 1.96606604e-01
6.00329 1.98140180e-01
6.02407 1.99682340e-01
6.04492 2.01199192e-01
6.06585 2.02687332e-01
6.08684 2.04154160e-01
6.10791 2.05556608e-01
6.12906 2.06925016e-01
6.15027 2.08312664e-01
6.17156 2.09744268e-01
6.19293 2.11170100e-01
6.21436 2.12615468e-01
6.23588 2.14062316e-01
6.25746 2.15522928e-01
6.27912 2.16997600e-01
6.30086 2.18486332e-01
6.32267 2.19995192e-01
6.34455 2.21524772e-01
6.36652 2.23077144e-01
6.38856 2.24657488e-01
6.41067 2.26314644e-01
6.43286 2.28080876e-01
6.45513 2.29887660e-01
6.47747 2.31673724e-01
6.49990 2.33499896e-01
6.52240 2.35414128e-01
6.54497 2.37430924e-01
6.56763 2.39501740e-01
6.59037 2.41622432e-01
6.61318 2.43800252e-01
6.63607 2.46061248e-01
6.65904 2.48418000e-01
6.68209 2.50835432e-01
6.70522 2.53352024e-01
6.72843 2.55935956e-01
6.75172 2.58577756e-01
6.77510 2.61272540e-01
6.79855 2.64025192e-01
6.82208 2.66893580e-01
6.84570 2.69842924e-01
6.86939 2.72847324e-01
6.89317 2.75926760e-01
6.91704 2.79054000e-01
6.94098 2.82260568e-01
6.96500 2.85553420e-01
6.98911 2.88885936e-01
7.01331 2.92293784e-01
7.03759 2.95746328e-01
7.06195 2.99237204e-01
7.08639 3.02835824e-01
7.11092 3.06460344e-01
7.13554 3.10129560e-01
7.16024 3.13855756e-01
7.18502 3.17600896e-01
7.20990 3.21417668e-01
7.23485 3.25282392e-01
7.25990 3.29162212e-01
7.28503 3.33149628e-01
7.31025 3.37166348e-01
7.33555 3.41202456e-01
7.36094 3.45312416e-01
7.38642 3.49438212e-01
7.41199 3.53607076e-01
7.43765 3.57872436e-01
7.46340 3.62158664e-01
7.48923 3.66519928e-01
7.51516 3.70985236e-01
7.54117 3.75479404e-01
7.56727 3.80056008e-01
7.59347 3.84713864e-01
7.61975 3.89409904e-01
7.64613 3.94245360e-01
7.67260 3.99187524e-01
7.69916 4.04180008e-01
7.72581 4.09315460e-01
7.75255 4.14550812e-01
7.77939 4.19848620e-01
7.80632 4.25407204e-01
7.83334 4.31116008e-01
7.86046 4.36902512e-01
7.88767 4.42934252e-01
7.91497 4.49116952e-01
7.94237 4.55391560e-01
7.96986 4.61911996e-01
7.99745 4.68599968e-01
8.02513 4.75392280e-01
8.05291 4.82473340e-01
8.08079 4.89772552e-01
8.10876 4.97188980e-01
8.13683 5.04897264e-01
8.16500 5.12876536e-01
8.19326 5.20985160e-01
8.22162 5.29364180e-01
8.25008 5.38074424e-01
8.27864 5.46924676e-01
8.30730 5.56027416e-01
8.33605 5.65596800e-01
8.36491 5.75318032e-01
8.39386 5.85221156e-01
8.42292 5.95713764e-01
8.45208 6.06369616e-01
8.48133 6.17188268e-01
8.51069 6.28605876e-01
8.54016 6.40283816e-01
8.56972 6.52136544e-01
8.59938 6.64560404e-01
8.62915 6.77472516e-01
8.65902 6.90576880e-01
8.68899 7.04108520e-01
8.71907 7.18498116e-01
8.74925 7.33102312e-01
8.77954 7.47920812e-01
8.80993 7.63715520e-01
8.84043 7.79807560e-01
8.87103 7.96134180e-01
8.90174 8.13184964e-01
8.93255 8.30899380e-01
8.96347 8.48868356e-01
8.99450 8.67209996e-01
9.02563 8.86676584e-01
9.05688 9.06414012e-01
9.08823 9.26418432e-01
9.11969 9.47325060e-01
9.15126 9.68833160e-01
9.18294 9.90609584e-01
9.21472 1.01277895e+00
9.24662 1.03591949e+00
9.27863 1.05930896e+00
9.31075 1.08293494e+00
9.34298 1.10715130e+00
9.37532 1.13180691e+00
9.40777 1.15664812e+00
9.44034 1.18178192e+00
9.47302 1.21359364e+00
9.50581 1.24553115e+00
9.53871 1.27754636e+00
9.57173 1.30620523e+00
9.60487 1.32940186e+00
9.63811 1.35256919e+00
9.67148 1.37568679e+00
9.70495 1.39554794e+00
9.73855 1.41399200e+00
9.77226 1.43237256e+00
9.80609 1.45067780e+00
9.84003 1.46534489e+00
9.87409 1.47985052e+00
9.90827 1.49429384e+00
9.94257 1.50791576e+00
9.97699 1.51834680e+00
10.01153 1.52874380e+00
10.04618 1.53909936e+00
10.08096 1.54830644e+00
10.11585 1.55556140e+00
10.15087 1.56279564e+00
10.18601 1.57000768e+00
10.22127 1.57641312e+00
10.25665 1.58196904e+00
10.29215 1.58751164e+00
10.32778 1.59303944e+00
10.36353 1.59773992e+00
10.39941 1.60177588e+00
10.43540 1.60580148e+00
10.47153 1.60981672e+00
10.50777 1.61206040e+00
10.54415 1.61295284e+00
10.58065 1.61384380e+00
10.61727 1.61473180e+00
10.65403 1.61467556e+00
10.69091 1.61375796e+00
10.72791 1.61283888e+00
10.76505 1.61191536e+00
10.80231 1.60990700e+00
10.83971 1.60642160e+00
10.87723 1.60292288e+00
10.91488 1.59941528e+00
10.95266 1.59513956e+00
10.99058 1.58874448e+00
11.02862 1.58231684e+00
11.06680 1.57585812e+00
11.10511 1.56935352e+00
11.14355 1.56241380e+00
11.18212 1.55544744e+00
11.22083 1.54845444e+00
11.25967 1.54143924e+00
11.29865 1.53370476e+00
11.33776 1.52573348e+00
11.37701 1.51774000e+00
11.41639 1.50973024e+00
11.45591 1.50071556e+00
11.49556 1.49030968e+00
11.53536 1.47988397e+00
11.57529 1.46944227e+00
11.61536 1.45897527e+00
11.65556 1.44669734e+00
11.69591 1.43440238e+00
11.73640 1.42209604e+00
11.77702 1.40978347e+00
11.81779 1.39473972e+00
11.85870 1.37724508e+00
11.89975 1.35974689e+00
11.94094 1.34225418e+00
11.98227 1.32477553e+00
12.02375 1.29899985e+00
12.06537 1.27302052e+00
12.10714 1.24704933e+00
12.14905 1.22110212e+00
12.19110 1.19330002e+00
12.23330 1.16197553e+00
12.27565 1.13055513e+00
12.31814 1.09906576e+00
12.36078 1.06753880e+00
12.40357 1.04051859e+00
12.44651 1.01579741e+00
12.48959 9.91012884e-01
12.53283 9.66201868e-01
12.57621 9.41403728e-01
12.61974 9.20607064e-01
12.66343 9.00375612e-01
12.70726 8.80198624e-01
12.75125 8.60112064e-01
12.79539 8.40297676e-01
12.83968 8.26839296e-01
12.88413 8.13481556e-01
12.92873 8.00246804e-01
12.97348 7.87155020e-01
13.01839 7.75260408e-01
13.06345 7.74821292e-01
13.10867 7.74489920e-01
13.15405 7.74271324e-01
13.19959 7.74170092e-01
13.24528 7.74185040e-01
13.29113 7.74242020e-01
13.33713 7.74402156e-01
13.38330 7.74667076e-01
13.42963 7.75037964e-01
13.47612 7.75515412e-01
13.52277 7.80026748e-01
13.56958 7.84891212e-01
13.61655 7.89883104e-01
13.66368 7.95002868e-01
13.71098 8.00250800e-01
13.75844 8.04715812e-01
13.80607 8.08976436e-01
13.85386 8.13351612e-01
13.90182 8.17840896e-01
13.94994 8.22443844e-01
13.99823 8.28884804e-01
14.04668 8.37683848e-01
14.09531 8.46650428e-01
14.14410 8.55784544e-01
14.19306 8.65086196e-01
14.24219 8.74569000e-01
14.29149 8.84560480e-01
14.34096 8.94716980e-01
14.39060 9.05038500e-01
14.44042 9.15525188e-01
14.49041 9.26176748e-01
14.54057 9.36830972e-01
14.59090 9.47493928e-01
14.64141 9.58301332e-01
14.69209 9.69253332e-01
14.74295 9.80350224e-01
14.79398 9.91591860e-01
14.84519 1.00425074e+00
14.89658 1.01716818e+00
14.94814 1.03024487e+00
14.99989 1.04348081e+00
15.05181 1.05687614e+00
15.10392 1.07048045e+00
15.15620 1.08443211e+00
15.20866 1.09854051e+00
15.26131 1.11280564e+00
15.31414 1.12722764e+00
15.36715 1.14180638e+00
15.42034 1.15645024e+00
15.47372 1.17108123e+00
15.52729 1.18584689e+00
15.58103 1.20074738e+00
15.63497 1.21578241e+00
15.68909 1.23095182e+00
15.74340 1.24630223e+00
15.79790 1.26184859e+00
15.85258 1.27752312e+00
15.90746 1.29332538e+00
15.96252 1.30925477e+00
16.01778 1.32531084e+00
16.07323 1.34026047e+00
16.12886 1.35284846e+00
16.18470 1.36549876e+00
16.24072 1.37821004e+00
16.29694 1.39098140e+00
16.35335 1.40381197e+00
16.40996 1.41651821e+00
16.46677 1.42798777e+00
16.52377 1.43950084e+00
16.58097 1.45105608e+00
16.63836 1.46265292e+00
16.69596 1.47429016e+00
16.75375 1.48596736e+00
16.81175 1.49387648e+00
16.86994 1.50070520e+00
16.92834 1.50754428e+00
16.98694 1.51439372e+00
17.04574 1.52125500e+00
17.10474 1.52812516e+00
17.16395 1.53506192e+00
17.22337 1.54215260e+00
17.28299 1.54925364e+00
17.34281 1.55636504e+00
17.40285 1.56348384e+00
17.46309 1.57061300e+00
17.52354 1.57774956e+00
17.58420 1.58306868e+00
17.64507 1.58739176e+00
17.70615 1.59170744e+00
17.76744 1.59601424e+00
17.82894 1.60031364e+00
17.89066 1.60460268e+00
17.95259 1.60888284e+00
18.01473 1.61209000e+00
18.07709 1.61510180e+00
18.13967 1.61810028e+00
18.20246 1.62108692e+00
18.26547 1.62406024e+00
18.32870 1.62701876e+00
18.39214 1.62996248e+00
18.45581 1.63126488e+00
18.51969 1.63235416e+00
18.58380 1.63342420e+00
18.64813 1.63447056e+00
18.71268 1.63549472e+00
18.77746 1.63649668e+00
18.84246 1.63747496e+00
18.90768 1.63823568e+00
18.97313 1.63891500e+00
19.03881 1.63957212e+00
19.10472 1.64020852e+00
19.17085 1.64082124e+00
19.23721 1.64141028e+00
19.30380 1.64197564e+00
19.37062 1.64289768e+00
19.43768 1.64425336e+00
19.50496 1.64558684e+00
19.57248 1.64690108e+00
19.64023 1.64819312e+00
19.70822 1.64946296e+00
19.77644 1.65071060e+00
19.84490 1.65193456e+00
19.91359 1.65330800e+00
19.98252 1.65466368e+00
20.05169 1.65599420e+00
20.12110 1.65729808e+00
20.19076 1.65857680e+00
20.26065 1.65982740e+00
20.33078 1.66105136e+00
20.40116 1.66220280e+00
20.47178 1.66319588e+00
20.54264 1.66415640e+00
20.61375 1.66508584e+00
20.68511 1.66598124e+00
20.75671 1.66684260e+00
20.82856 1.66767140e+00
20.90066 1.66846468e+00
20.97301 1.66953916e+00
21.04561 1.67116420e+00
21.11846 1.67275224e+00
21.19157 1.67430328e+00
21.26492 1.67581584e+00
21.33853 1.67728992e+00
21.41240 1.67872256e+00
21.48652 1.68011524e+00
21.56090 1.68127852e+00
21.63553 1.68171660e+00
21.71043 1.68209992e+00
21.78558 1.68242700e+00
21.86099 1.68269784e+00
21.93666 1.68291244e+00
22.01260 1.68306932e+00
22.08880 1.68316700e+00
22.16526 1.68320548e+00
22.24199 1.68036092e+00
22.31898 1.67696136e+00
22.39624 1.67349816e+00
22.47377 1.66996836e+00
22.55156 1.66637196e+00
22.62962 1.66271044e+00
22.70796 1.65898380e+00
22.78656 1.65519056e+00
22.86544 1.65085564e+00
22.94459 1.64493564e+00
23.02402 1.63895200e+00
23.10372 1.63290472e+00
23.18369 1.62679528e+00
23.26394 1.62062516e+00
23.34447 1.61439288e+00
23.42528 1.60809992e+00
23.50637 1.60174776e+00
23.58774 1.59430040e+00
23.66939 1.58494088e+00
23.75133 1.57553104e+00
23.83354 1.56607236e+00
23.91604 1.55656632e+00
23.99883 1.54701588e+00
24.08191 1.53742252e+00
24.16527 1.52778476e+00
24.24892 1.51810852e+00
24.33286 1.50814516e+00
24.41709 1.49713988e+00
24.50161 1.48610944e+00
24.58642 1.47505280e+00
24.67153 1.46397500e+00
24.75693 1.45287767e+00
24.84263 1.44176287e+00
24.92863 1.43063297e+00
25.01492 1.41949020e+00
25.10151 1.40833692e+00
25.18840 1.39635588e+00
25.27559 1.38408668e+00
25.36309 1.37182576e+00
25.45088 1.35957551e+00
25.53898 1.34733887e+00
25.62739 1.33511821e+00
25.71610 1.32291606e+00
25.80512 1.31073477e+00
25.89444 1.29857701e+00
25.98408 1.28644486e+00
26.07403 1.27411883e+00
26.16428 1.26182018e+00
26.25485 1.24956134e+00
26.34574 1.23734453e+00
26.43694 1.22517197e+00
26.52845 1.21304559e+00
26.62028 1.20096746e+00
26.71243 1.18893965e+00
26.80489 1.17696408e+00
26.89768 1.16504238e+00
26.99079 1.15305853e+00
27.08422 1.14111626e+00
27.17798 1.12924133e+00
27.27205 1.11743522e+00
27.36646 1.10569912e+00
27.46119 1.09403465e+00
27.55625 1.08244314e+00
27.65164 1.07092578e+00
27.74736 1.05948360e+00
27.84341 1.04811794e+00
27.93979 1.03694039e+00
28.03650 1.02604996e+00
28.13355 1.01523812e+00
28.23094 1.00450560e+00
28.32867 9.93853004e-01
28.42673 9.83281068e-01
28.52513 9.72790236e-01
28.62387 9.62381100e-01
28.72295 9.52053956e-01
28.82238 9.41809544e-01
28.92215 9.31647864e-01
29.02227 9.21706704e-01
29.12273 9.12006636e-01
29.22354 9.02387968e-01
29.32470 8.92850996e-01
29.42621 8.83395572e-01
29.52807 8.74021844e-01
29.63029 8.64729664e-01
29.73286 8.55519328e-01
29.83578 8.46390540e-01
29.93906 8.37343300e-01
30.04269 8.28377460e-01
30.14669 8.19532536e-01
30.25104 8.10985980e-01
30.35576 8.02517864e-01
30.46084 7.94127744e-01
30.56628 7.85815620e-01
30.67209 7.77580900e-01
30.77826 7.69423584e-01
30.88481 7.61343228e-01
30.99172 7.53339388e-01
31.09900 7.45411768e-01
31.20665 7.37560072e-01
31.31467 7.29784004e-01
31.42307 7.22223572e-01
31.53184 7.14959288e-01
31.64099 7.07764416e-01
31.75052 7.00638364e-01
31.86043 6.93580688e-01
31.97072 6.86591092e-01
32.08139 6.79668836e-01
32.19244 6.72813624e-01
32.30388 6.66025160e-01
32.41570 6.59302704e-01
32.52791 6.52645812e-01
32.64051 6.46054188e-01
32.75349 6.39602572e-01
32.86687 6.33779660e-01
32.98064 6.28009584e-01
33.09481 6.22292048e-01
33.20937 6.16626460e-01
33.32433 6.11012672e-01
33.43968 6.05450092e-01
33.55544 5.99938424e-01
33.67159 5.94477224e-01
33.78815 5.89066048e-01
33.90511 5.83704600e-01
34.02247 5.78392584e-01
34.14024 5.73129260e-01
34.25842 5.67898792e-01
34.37701 5.62680608e-01
34.49601 5.57510672e-01
34.61542 5.52388540e-01
34.73525 5.47313916e-01
34.85549 5.42286208e-01
34.97614 5.37305120e-01
35.09721 5.32370356e-01
35.21871 5.27481472e-01
35.34062 5.22638024e-01
35.46295 5.17839716e-01
35.58571 5.13086104e-01
35.70889 5.08376892e-01
35.83250 5.03711488e-01
35.95654 4.99149240e-01
36.08101 4.94635832e-01
36.20590 4.90164456e-01
36.33123 4.85734816e-01
36.45700 4.81346320e-01
36.58320 4.76998820e-01
36.70983 4.72691724e-01
36.83691 4.68424884e-01
36.96442 4.64197856e-01
37.09238 4.60010344e-01
37.22077 4.55861904e-01
37.34962 4.51752240e-01
37.47890 4.47680908e-01
37.60864 4.43647760e-01
37.73883 4.39809232e-01
37.86946 4.36034344e-01
38.00055 4.32293644e-01
38.13209 4.28586836e-01
38.26409 4.24913624e-01
38.39654 4.21273860e-01
38.52946 4.17666952e-01
38.66283 4.14092752e-01
38.79667 4.10551112e-01
38.93096 4.07041440e-01
39.06573 4.03563588e-01
39.20096 4.00117260e-01
39.33665 3.96702012e-01
39.47282 3.93317844e-01
39.60946 3.89973636e-01
39.74657 3.86778168e-01
39.88416 3.83610376e-01
40.02222 3.80470112e-01
40.16076 3.77357080e-01
40.29978 3.74271132e-01
40.43928 3.71211824e-01
40.57926 3.68179156e-01
40.71973 3.65172684e-01
40.86069 3.62192408e-01
41.00213 3.59237884e-01
41.14406 3.56308964e-01
41.28648 3.53405500e-01
41.42940 3.50527048e-01
41.57281 3.47673608e-01
41.71672 3.44844884e-01
41.86113 3.42005652e-01
42.00603 3.39156800e-01
42.15144 3.36333256e-01
42.29735 3.33534576e-01
42.44377 3.30760612e-01
42.59069 3.28011068e-01
42.73812 3.25285796e-01
42.88606 3.22584648e-01
43.03451 3.19907328e-01
43.18348 3.17253540e-01
43.33297 3.14623136e-01
43.48297 3.12015820e-01
43.63349 3.09431592e-01
43.78453 3.06870008e-01
43.93609 3.04331068e-01
44.08818 3.01814476e-01
44.24079 2.99319640e-01
44.39394 2.96840788e-01
44.54761 2.94383840e-01
44.70182 2.91948648e-01
44.85655 2.89534768e-01
45.01183 2.87142348e-01
45.16764 2.84770796e-01
45.32399 2.82420260e-01
45.48089 2.80090444e-01
45.63832 2.77781052e-01
45.79630 2.75491936e-01
45.95483 2.73222948e-01
46.11391 2.70973940e-01
46.27353 2.68744616e-01
46.43371 2.66534828e-01
46.59445 2.64344576e-01
46.75574 2.62173416e-01
46.91759 2.60021348e-01
47.08000 2.57859216e-01
47.24297 2.55697528e-01
47.40650 2.53555080e-01
47.57060 2.51431576e-01
47.73527 2.49327164e-01
47.90051 2.47241400e-01
48.06633 2.45174284e-01
48.23271 2.43125520e-01
48.39967 2.41094960e-01
48.56721 2.39082456e-01
48.73533 2.37087712e-01
48.90403 2.35110728e-01
49.07332 2.33151356e-01
49.24319 2.31209300e-01
49.41365 2.29284412e-01
49.58470 2.27376692e-01
49.75634 2.25485844e-01
49.92858 2.23611572e-01
50.10141 2.21756540e-01
50.27484 2.19984832e-01
50.44887 2.18228368e-01
50.62350 2.16486852e-01
50.79874 2.14760284e-01
50.97458 2.13048516e-01
51.15104 2.11351548e-01
51.32810 2.09668936e-01
51.50578 2.08000680e-01
51.68407 2.06346780e-01
51.86298 2.04706940e-01
52.04250 2.03081160e-01
52.22265 2.01469292e-01
52.40343 1.99871040e-01
52.58482 1.98286404e-01
52.76685 1.96715236e-01
52.94951 1.95157536e-01
53.13280 1.93613008e-01
53.31672 1.92081504e-01
53.50128 1.90563172e-01
53.68648 1.89054312e-01
53.87232 1.87545008e-01
54.05880 1.86048580e-01
54.24593 1.84564880e-01
54.43371 1.83093908e-01
54.62214 1.81635516e-01
54.81122 1.80189556e-01
55.00095 1.78755880e-01
55.19134 1.77334340e-01
55.38239 1.75925084e-01
55.57410 1.74527668e-01
55.76647 1.73142092e-01
55.95951 1.71768356e-01
56.15322 1.70406312e-01
56.34760 1.69055664e-01
56.54265 1.67716560e-01
56.73838 1.66388852e-01
56.93479 1.65072244e-01
57.13187 1.63766884e-01
57.32964 1.62472476e-01
57.52809 1.61189020e-01
57.72723 1.59916368e-01
57.92705 1.58655112e-01
58.12757 1.57404512e-01
58.32879 1.56164420e-01
58.53070 1.54934688e-01
58.73331 1.53715464e-01
58.93662 1.52506452e-01
59.14063 1.51307504e-01
59.34535 1.50118768e-01
59.55078 1.48939800e-01
59.75692 1.47770881e-01
59.96377 1.46611701e-01
60.17134 1.45462229e-01
60.37963 1.44322378e-01
60.58864 1.43192057e-01
60.79837 1.42071164e-01
61.00883 1.40959640e-01
61.22002 1.39857380e-01
61.43194 1.38764312e-01
61.64459 1.37680345e-01
61.85797 1.36605391e-01
62.07210 1.35539392e-01
62.28697 1.34482242e-01
62.50258 1.33433884e-01
62.71894 1.32401510e-01
62.93605 1.31378416e-01
63.15390 1.30363743e-01
63.37252 1.29357432e-01
63.59189 1.28359408e-01
63.81201 1.27369584e-01
64.03290 1.26387886e-01
64.25456 1.25414253e-01
64.47698 1.24448597e-01
64.70017 1.23490874e-01
64.92414 1.22540981e-01
65.14888 1.21598872e-01
65.37440 1.20664474e-01
65.60070 1.19737713e-01
65.82778 1.18818514e-01
66.05565 1.17906834e-01
66.28430 1.17002584e-01
66.51375 1.16105704e-01
66.74400 1.15216120e-01
66.97504 1.14333789e-01
67.20688 1.13458635e-01
67.43952 1.12590600e-01
67.67297 1.11729610e-01
67.90722 1.10875606e-01
68.14229 1.10028528e-01
68.37817 1.09189472e-01
68.61486 1.08357282e-01
68.85238 1.07531842e-01
69.09072 1.06713062e-01
69.32988 1.05900912e-01
69.56987 1.05095303e-01
69.81069 1.04296192e-01
70.05235 1.03503534e-01
70.29484 1.02717269e-01
70.53817 1.01937324e-01
70.78235 1.01163654e-01
71.02737 1.00396214e-01
71.27323 9.96349320e-02
71.51995 9.88797620e-02
71.76752 9.81306452e-02
72.01595 9.73875520e-02
72.26524 9.66503936e-02
72.51539 9.59191552e-02
72.76641 9.51937628e-02
73.01830 9.44741720e-02
73.27106 9.37603236e-02
73.52469 9.30521880e-02
73.77920 9.23497060e-02
74.03460 9.16528184e-02
74.29087 9.09614808e-02
74.54804 9.02756636e-02
74.80609 8.95952928e-02
75.06504 8.89212564e-02
75.32488 8.82531992e-02
75.58563 8.75904552e-02
75.84727 8.69329504e-02
76.10982 8.62806700e-02
76.37328 8.56335400e-02
76.63766 8.49915308e-02
76.90295 8.43546128e-02
77.16915 8.37227120e-02
77.43628 8.30958136e-02
77.70433 8.24738436e-02
77.97331 8.18568020e-02
78.24322 8.12446148e-02
78.51407 8.06372376e-02
78.78585 8.00346556e-02
79.05857 7.94368096e-02
79.33224 7.88436700e-02
79.60686 7.82551776e-02
79.88242 7.76713176e-02
80.15894 7.70920308e-02
80.43642 7.65172876e-02
80.71486 7.59470584e-02
80.99426 7.53812840e-02
81.27463 7.48199496e-02
81.55596 7.42629960e-02
81.83828 7.37104084e-02
82.12157 7.31621276e-02
82.40584 7.26181388e-02
82.69109 7.20783828e-02
82.97733 7.15428448e-02
83.26457 7.10127976e-02
83.55279 7.04889072e-02
83.84202 6.99690868e-02
84.13225 6.94532920e-02
84.42348 6.89414784e-02
84.71572 6.84336164e-02
85.00897 6.79296764e-02
85.30323 6.74296436e-02
85.59852 6.69334588e-02
85.89482 6.64411072e-02
86.19215 6.59525444e-02
86.49052 6.54677408e-02
86.78991 6.49866816e-02
87.09034 6.45093076e-02
87.39181 6.40356188e-02
87.69432 6.35655708e-02
87.99789 6.30991192e-02
88.30250 6.26362640e-02
88.60816 6.21769608e-02
88.91489 6.17211652e-02
89.22267 6.12688772e-02
89.53153 6.08200376e-02
89.84145 6.03746464e-02
90.15244 5.99326592e-02
90.46451 5.94940464e-02
90.77766 5.90587932e-02
91.09190 5.86268700e-02
91.40722 5.81982324e-02
91.72363 5.77728656e-02
92.04114 5.73507548e-02
92.35975 5.69318556e-02
92.67946 5.65161384e-02
93.00028 5.61036032e-02
93.32221 5.56941908e-02
93.64525 5.52882712e-02
93.96941 5.48856076e-02
94.29469 5.44860076e-02
94.62110 5.40894416e-02
94.94864 5.36958800e-02
95.27731 5.33052932e-02
95.60712 5.29176664e-02
95.93807 5.25329848e-02
96.27017 5.21512040e-02
96.60342 5.17723092e-02
96.93782 5.13962856e-02
97.27338 5.10231036e-02
97.61010 5.06527336e-02
97.94798 5.02851608e-02
98.28704 4.99203704e-02
98.62727 4.95583180e-02
98.96867 4.91990036e-02
99.31126 4.88423976e-02
99.65504 4.84884704e-02
100.00000 4.81372072e-02
