        2000  2.000000 3.710000
0.10000 9.53234835e-01
0.10035 9.53070507e-01
0.10069 9.52901529e-01
0.10104 9.07984114e-01
0.10139 8.62091117e-01
0.10174 8.18453701e-01
0.10210 7.81127144e-01
0.10245 7.80970038e-01
0.10280 7.42151962e-01
0.10316 7.41974277e-01
0.10352 7.41696571e-01
0.10387 7.41410456e-01
0.10423 7.41115833e-01
0.10459 7.40812899e-01
0.10496 7.40501358e-01
0.10532 7.40181506e-01
0.10568 7.39853048e-01
0.10605 7.39515982e-01
0.10642 7.39170408e-01
0.10679 7.38816226e-01
0.10716 7.38453537e-01
0.10753 7.38082141e-01
0.10790 7.37702138e-01
0.10827 7.37313528e-01
0.10865 7.36916212e-01
0.10902 7.36510288e-01
0.10940 7.36150270e-01
0.10978 7.35726934e-01
0.11016 7.35537180e-01
0.11054 7.35096135e-01
0.11092 7.35347624e-01
0.11131 7.34888573e-01
0.11169 7.34420915e-01
0.11208 7.35514920e-01
0.11247 7.35028564e-01
0.11286 7.34366403e-01
0.11325 7.36651763e-01
0.11364 7.35948545e-01
0.11403 7.35230289e-01
0.11443 7.34496896e-01
0.11482 7.33748465e-01
0.11522 7.37970643e-01
0.11562 7.37186893e-01
0.11602 7.36387908e-01
0.11642 7.35573785e-01
0.11682 7.34744328e-01
0.11723 7.33899734e-01
0.11763 7.40703578e-01
0.11804 7.39819608e-01
0.11845 7.38920304e-01
0.11886 7.38005567e-01
0.11927 7.37075494e-01
0.11968 7.36130087e-01
0.12010 7.35169346e-01
0.12051 7.45194063e-01
0.12093 7.44188306e-01
0.12135 7.43166820e-01
0.12177 7.42129998e-01
0.12219 7.41077645e-01
0.12262 7.40009857e-01
0.12304 7.38926537e-01
0.12347 7.37827882e-01
0.12389 7.53742595e-01
0.12432 7.59265450e-01
0.12475 7.64457075e-01
0.12518 7.67929042e-01
0.12562 7.69413141e-01
0.12605 7.70868153e-01
0.12649 7.71443648e-01
0.12693 7.71217091e-01
0.12737 7.91041649e-01
0.12781 7.90989907e-01
0.12825 7.91071824e-01
0.12869 7.91154136e-01
0.12914 7.91172835e-01
0.12959 7.91150970e-01
0.13003 7.91129106e-01
0.13048 7.90979717e-01
0.13094 7.90748312e-01
0.13139 7.90515324e-01
0.13184 8.15590274e-01
0.13230 8.15457505e-01
0.13276 8.15324143e-01
0.13322 8.15153186e-01
0.13368 8.14947009e-01
0.13414 8.14739546e-01
0.13461 8.14525652e-01
0.13507 8.14170086e-01
0.13554 8.13811551e-01
0.13601 8.13450148e-01
0.13648 8.12883755e-01
0.13695 8.42828401e-01
0.13743 8.42204923e-01
0.13790 8.41487162e-01
0.13838 8.40729036e-01
0.13886 8.39961709e-01
0.13934 8.38918556e-01
0.13982 8.37623123e-01
0.14031 8.36305430e-01
0.14079 8.34845273e-01
0.14128 8.33067441e-01
0.14177 8.31253597e-01
0.14226 8.29403445e-01
0.14275 8.62634657e-01
0.14324 8.60611668e-01
0.14374 8.58550887e-01
0.14424 8.55861483e-01
0.14474 8.52864100e-01
0.14524 8.49796870e-01
0.14574 8.45797490e-01
0.14625 8.40095863e-01
0.14675 8.34192709e-01
0.14726 8.28091589e-01
0.14777 8.24000597e-01
0.14828 8.19897139e-01
0.14879 8.53234506e-01
0.14931 8.46625562e-01
0.14983 8.37944063e-01
0.15034 8.28995345e-01
0.15087 8.19829073e-01
0.15139 8.10971373e-01
0.15191 8.01905321e-01
0.15244 7.92640313e-01
0.15297 7.82867381e-01
0.15349 7.72643907e-01
0.15403 7.62232163e-01
0.15456 7.51644615e-01
0.15509 7.39669427e-01
0.15563 7.61092056e-01
0.15617 7.47104960e-01
0.15671 7.32939883e-01
0.15725 7.17976019e-01
0.15780 7.02833481e-01
0.15834 6.87575982e-01
0.15889 6.72287814e-01
0.15944 6.57076814e-01
0.15999 6.41829110e-01
0.16055 6.26568346e-01
0.16110 6.12792077e-01
0.16166 6.00038680e-01
0.16222 5.87318426e-01
0.16278 6.01439873e-01
0.16335 5.79285336e-01
0.16391 5.55792231e-01
0.16448 5.32619967e-01
0.16505 5.10664286e-01
0.16562 5.03535347e-01
0.16619 4.96449050e-01
0.16677 4.89407964e-01
0.16734 4.76184139e-01
0.16792 4.40210693e-01
0.16851 4.05787532e-01
0.16909 3.73040797e-01
0.16967 3.62742925e-01
0.17026 3.50992712e-01
0.17085 3.39496362e-01
0.17144 3.28276135e-01
0.17204 3.18213032e-01
0.17263 3.09920539e-01
0.17323 3.01776940e-01
0.17383 2.93794999e-01
0.17443 2.78174217e-01
0.17503 2.50001170e-01
0.17564 2.24120506e-01
0.17625 2.00456346e-01
0.17686 1.89292708e-01
0.17747 1.82217491e-01
0.17808 1.75377735e-01
0.17870 1.68698845e-01
0.17932 1.59581149e-01
0.17994 1.39152998e-01
0.18056 1.21054431e-01
0.18119 1.05099353e-01
0.18182 9.32926493e-02
0.18244 8.47602231e-02
0.18308 8.13084688e-02
0.18371 7.80123169e-02
0.18435 7.47826877e-02
0.18498 7.04700353e-02
0.18562 6.27708058e-02
0.18627 5.51547002e-02
0.18691 4.86174724e-02
0.18756 4.26954022e-02
0.18821 3.79534682e-02
0.18886 3.36964064e-02
0.18951 3.00523752e-02
0.19017 2.64924471e-02
0.19083 2.50780369e-02
0.19149 2.45435693e-02
0.19215 2.42642508e-02
0.19282 2.39286887e-02
0.19348 2.37216114e-02
0.19415 2.36856293e-02
0.19483 2.34959148e-02
0.19550 2.35562938e-02
0.19618 2.36662780e-02
0.19686 2.31368956e-02
0.19754 2.26364611e-02
0.19822 2.19032662e-02
0.19891 2.14402483e-02
0.19960 2.09333831e-02
0.20029 1.77294271e-02
0.20098 1.48616268e-02
0.20168 1.27339171e-02
0.20237 1.05206201e-02
0.20307 9.60166501e-03
0.20378 9.73645870e-03
0.20448 9.72818788e-03
0.20519 9.99668899e-03
0.20590 1.00379343e-02
0.20661 7.69874961e-03
0.20733 5.09944150e-03
0.20805 3.21226640e-03
0.20877 2.08802658e-03
0.20949 1.25938770e-03
0.21021 1.22861053e-03
0.21094 1.39828416e-03
0.21167 1.70273467e-03
0.21240 1.57245135e-03
0.21314 1.71980958e-03
0.21388 3.25701296e-04
0.21462 3.25694964e-04
0.21536 3.25685961e-04
0.21611 3.25749674e-04
0.21685 3.25766790e-04
0.21760 3.25773319e-04
0.21836 3.25797360e-04
0.21911 3.25789841e-04
0.21987 3.25963172e-04
0.22063 3.25848410e-04
0.22140 3.25911034e-04
0.22216 5.98889669e-04
0.22293 2.47436323e-03
0.22370 1.39582765e-02
0.22448 1.33290802e-01
0.22526 3.64321110e-01
0.22604 8.59239759e-02
0.22682 1.72307438e-02
0.22760 3.05712409e-03
0.22839 7.80754264e-04
0.22918 3.30833363e-04
0.22998 3.33282458e-04
0.23077 3.34661886e-04
0.23157 1.46688651e-03
0.23237 3.93759317e-04
0.23318 3.38486055e-04
0.23398 3.54742582e-04
0.23479 3.35781316e-04
0.23561 3.62995403e-04
0.23642 3.47565463e-04
0.23724 9.77841732e-04
0.23806 3.99794646e-04
0.23889 3.27090419e-04
0.23971 3.25262329e-04
0.24054 3.21673522e-04
0.24137 3.26506811e-04
0.24221 3.20329513e-04
0.24305 3.19038334e-04
0.24389 3.20419047e-04
0.24473 4.33779433e-04
0.24558 7.95415195e-04
0.24643 3.27470026e-04
0.24728 3.22578564e-04
0.24814 1.71566229e-03
0.24900 3.98112482e-04
0.24986 3.38817778e-04
0.25073 3.32051332e-04
0.25159 3.30688525e-04
0.25246 6.42005112e-04
0.25334 3.38486253e-04
0.25422 4.54881121e-04
0.25510 3.47561704e-04
0.25598 3.33054120e-04
0.25687 4.80817583e-04
0.25775 3.47766397e-04
0.25865 3.60313716e-04
0.25954 3.32675898e-04
0.26044 3.21972993e-04
0.26134 3.22005047e-04
0.26225 3.40860554e-04
0.26315 3.65125240e-04
0.26406 3.22546806e-04
0.26498 3.23361028e-04
0.26590 3.23170581e-04
0.26682 3.32843293e-04
0.26774 1.83116993e-03
0.26867 1.46248101e-02
0.26960 2.46268514e-02
0.27053 2.50528979e-02
0.27147 2.95137425e-02
0.27241 3.39201442e-02
0.27335 3.20349794e-02
0.27430 4.00642010e-02
0.27525 4.33671595e-02
0.27620 4.58463497e-02
0.27715 5.00228798e-02
0.27811 5.20673767e-02
0.27908 5.64662099e-02
0.28004 5.88338626e-02
0.28101 5.85944835e-02
0.28198 6.53905011e-02
0.28296 6.29066314e-02
0.28394 6.85114817e-02
0.28492 6.78412678e-02
0.28591 6.86796189e-02
0.28690 7.37583022e-02
0.28789 7.54678505e-02
0.28889 7.35451899e-02
0.28989 8.05758972e-02
0.29089 8.03609447e-02
0.29190 8.13777123e-02
0.29291 8.47294747e-02
0.29392 8.95627538e-02
0.29494 9.24235893e-02
0.29596 9.14641635e-02
0.29699 9.53204661e-02
0.29801 9.71263655e-02
0.29905 1.02881169e-01
0.30008 9.71466171e-02
0.30112 1.01321386e-01
0.30216 1.07108096e-01
0.30321 1.08952510e-01
0.30426 1.09494170e-01
0.30531 1.09163238e-01
0.30637 1.12837424e-01
0.30743 1.20113080e-01
0.30849 1.13800837e-01
0.30956 1.17120446e-01
0.31063 1.23879769e-01
0.31171 1.19652447e-01
0.31279 1.20659390e-01
0.31387 1.25150667e-01
0.31496 1.22842750e-01
0.31605 1.27225892e-01
0.31714 1.31462910e-01
0.31824 1.26776537e-01
0.31934 1.30624549e-01
0.32044 1.29709713e-01
0.32155 1.34445849e-01
0.32267 1.37535240e-01
0.32378 1.35068634e-01
0.32490 1.34705747e-01
0.32603 1.42063815e-01
0.32716 1.47827967e-01
0.32829 1.41266709e-01
0.32943 1.42243675e-01
0.33057 1.44295157e-01
0.33171 1.52730510e-01
0.33286 1.51098703e-01
0.33401 1.51252644e-01
0.33517 1.50345227e-01
0.33633 1.55561190e-01
0.33749 1.58719736e-01
0.33866 1.55003602e-01
0.33983 1.58929376e-01
0.34101 1.62071202e-01
0.34219 1.62635814e-01
0.34337 1.67679238e-01
0.34456 1.65242213e-01
0.34576 1.67085044e-01
0.34695 1.66590278e-01
0.34815 1.69249804e-01
0.34936 1.69410967e-01
0.35057 1.74179652e-01
0.35178 1.69949560e-01
0.35300 1.69676998e-01
0.35422 1.75271579e-01
0.35545 1.76098860e-01
0.35668 1.74810253e-01
0.35791 1.73420834e-01
0.35915 1.80513562e-01
0.36039 1.78406975e-01
0.36164 1.77275078e-01
0.36289 1.85346653e-01
0.36415 1.80588257e-01
0.36541 1.81316901e-01
0.36668 1.82121229e-01
0.36795 1.87552669e-01
0.36922 1.86901589e-01
0.37050 1.85389788e-01
0.37178 1.86865577e-01
0.37307 1.88468791e-01
0.37436 1.91383763e-01
0.37565 1.94270539e-01
0.37695 1.89989990e-01
0.37826 1.91046895e-01
0.37957 1.90443501e-01
0.38088 2.01346845e-01
0.38220 1.99526570e-01
0.38352 1.92347275e-01
0.38485 2.00169835e-01
0.38618 1.98038811e-01
0.38752 2.02290570e-01
0.38886 2.05169431e-01
0.39021 2.00047652e-01
0.39156 1.97975988e-01
0.39291 2.02878333e-01
0.39427 2.05857809e-01
0.39564 2.07225364e-01
0.39701 2.03950869e-01
0.39838 2.03472526e-01
0.39976 2.06347727e-01
0.40115 2.06692213e-01
0.40253 2.07542841e-01
0.40393 2.08839561e-01
0.40533 2.07087055e-01
0.40673 2.08232703e-01
0.40814 2.11955169e-01
0.40955 2.06234349e-01
0.41097 2.12051629e-01
0.41239 2.11675386e-01
0.41382 2.10461177e-01
0.41525 2.13015339e-01
0.41669 2.12667786e-01
0.41813 2.13921865e-01
0.41958 2.12419562e-01
0.42103 2.13608345e-01
0.42249 2.17261162e-01
0.42395 2.17800744e-01
0.42542 2.15298522e-01
0.42689 2.17256413e-01
0.42837 2.14674945e-01
0.42985 2.17747320e-01
0.43134 2.20189687e-01
0.43283 2.23335371e-01
0.43433 2.18156904e-01
0.43583 2.17940735e-01
0.43734 2.20089863e-01
0.43886 2.22358207e-01
0.44037 2.24872598e-01
0.44190 2.22932911e-01
0.44343 2.21265488e-01
0.44496 2.20640526e-01
0.44650 2.26540614e-01
0.44805 2.23974085e-01
0.44960 2.23755640e-01
0.45116 2.24206183e-01
0.45272 2.23481397e-01
0.45429 2.28814299e-01
0.45586 2.27736619e-01
0.45744 2.19386843e-01
0.45902 2.22013424e-01
0.46061 2.28781849e-01
0.46220 2.34246729e-01
0.46380 2.27222066e-01
0.46541 2.21390738e-01
0.46702 2.25401693e-01
0.46864 2.27613842e-01
0.47026 2.32324850e-01
0.47189 2.30841542e-01
0.47352 2.27425473e-01
0.47516 2.25702055e-01
0.47680 2.29077066e-01
0.47845 2.33935880e-01
0.48011 2.33597330e-01
0.48177 2.30878741e-01
0.48344 2.28215654e-01
0.48511 2.30351031e-01
0.48679 2.34105056e-01
0.48848 2.37412398e-01
0.49017 2.31820587e-01
0.49186 2.29343890e-01
0.49357 2.33329518e-01
0.49528 2.37098185e-01
0.49699 2.37442869e-01
0.49871 2.32305756e-01
0.50044 2.34775231e-01
0.50217 2.34598140e-01
0.50391 2.40183520e-01
0.50565 2.38040822e-01
0.50740 2.37646078e-01
0.50916 2.33808850e-01
0.51092 2.35898025e-01
0.51269 2.43122533e-01
0.51446 2.43227798e-01
0.51625 2.38397873e-01
0.51803 2.35352507e-01
0.51983 2.39148381e-01
0.52163 2.41962045e-01
0.52343 2.43346122e-01
0.52524 2.39806782e-01
0.52706 2.35122586e-01
0.52889 2.41554538e-01
0.53072 2.46360819e-01
0.53255 2.37664084e-01
0.53440 2.38388078e-01
0.53625 2.42395769e-01
0.53810 2.45284127e-01
0.53997 2.42495889e-01
0.54183 2.36104697e-01
0.54371 2.39214468e-01
0.54559 2.41329960e-01
0.54748 2.44643930e-01
0.54938 2.46017421e-01
0.55128 2.40549673e-01
0.55319 2.39187064e-01
0.55510 2.41104392e-01
0.55702 2.45245049e-01
0.55895 2.42924567e-01
0.56089 2.42167233e-01
0.56283 2.39506915e-01
0.56478 2.39710322e-01
0.56673 2.43573075e-01
0.56869 2.46421959e-01
0.57066 2.46775745e-01
0.57264 2.42209081e-01
0.57462 2.37916166e-01
0.57661 2.42192164e-01
0.57860 2.42884796e-01
0.58061 2.42804066e-01
0.58262 2.44996231e-01
0.58463 2.46502293e-01
0.58666 2.43814275e-01
0.58869 2.42259735e-01
0.59073 2.38789253e-01
0.59277 2.41969267e-01
0.59482 2.47049494e-01
0.59688 2.47812171e-01
0.59895 2.44500971e-01
0.60102 2.40485168e-01
0.60310 2.39945190e-01
0.60519 2.42045248e-01
0.60728 2.48510046e-01
0.60939 2.48965338e-01
0.61150 2.42885686e-01
0.61361 2.41747755e-01
0.61574 2.41886954e-01
0.61787 2.43195051e-01
0.62001 2.45899493e-01
0.62215 2.45731702e-01
0.62431 2.44294596e-01
0.62647 2.43659246e-01
0.62864 2.41774170e-01
0.63081 2.45250886e-01
0.63300 2.47176227e-01
0.63519 2.46685419e-01
0.63739 2.39786995e-01
0.63959 2.37105210e-01
0.64181 2.39086251e-01
0.64403 2.46241703e-01
0.64626 2.52574327e-01
0.64849 2.48879562e-01
0.65074 2.39504541e-01
0.65299 2.38605534e-01
0.65525 2.39236431e-01
0.65752 2.44104149e-01
0.65980 2.44272831e-01
0.66208 2.44268181e-01
0.66437 2.45424711e-01
0.66667 2.46000602e-01
0.66898 2.39985456e-01
0.67130 2.36682369e-01
0.67362 2.44934002e-01
0.67595 2.48586720e-01
0.67829 2.45202111e-01
0.68064 2.44141744e-01
0.68299 2.38138865e-01
0.68536 2.41251605e-01
0.68773 2.42205124e-01
0.69011 2.43890354e-01
0.69250 2.43396479e-01
0.69490 2.45125834e-01
0.69730 2.39978530e-01
0.69972 2.43102548e-01
0.70214 2.48060691e-01
0.70457 2.45091801e-01
0.70701 2.42600462e-01
0.70946 2.36835023e-01
0.71191 2.43002329e-01
0.71438 2.44080999e-01
0.71685 2.42556733e-01
0.71933 2.43218399e-01
0.72182 2.42958897e-01
0.72432 2.42793975e-01
0.72683 2.47276743e-01
0.72934 2.44201104e-01
0.73187 2.38337325e-01
0.73440 2.38550823e-01
0.73694 2.41567499e-01
0.73949 2.49013914e-01
0.74205 2.49234337e-01
0.74462 2.41875082e-01
0.74720 2.34165307e-01
0.74979 2.35603896e-01
0.75238 2.47061168e-01
0.75499 2.48839890e-01
0.75760 2.40980725e-01
0.76022 2.42350853e-01
0.76285 2.41888142e-01
0.76549 2.43335239e-01
0.76814 2.45770385e-01
0.77080 2.39162429e-01
0.77347 2.35318375e-01
0.77615 2.41194124e-01
0.77884 2.43742548e-01
0.78153 2.43807349e-01
0.78424 2.43883231e-01
0.78695 2.39602386e-01
0.78968 2.37004891e-01
0.79241 2.37325138e-01
0.79515 2.37873328e-01
0.79790 2.42291889e-01
0.80067 2.45750202e-01
0.80344 2.42843640e-01
0.80622 2.39023626e-01
0.80901 2.33591592e-01
0.81181 2.33713181e-01
0.81462 2.37013004e-01
0.81744 2.40402658e-01
0.82027 2.36920996e-01
0.82311 2.33590900e-01
0.82596 2.36266057e-01
0.82882 2.38966245e-01
0.83169 2.44520263e-01
0.83457 2.41483900e-01
0.83745 2.32359081e-01
0.84035 2.26356004e-01
0.84326 2.28421831e-01
0.84618 2.35801961e-01
0.84911 2.38401632e-01
0.85205 2.37602844e-01
0.85500 2.34646518e-01
0.85796 2.32689122e-01
0.86093 2.28854961e-01
0.86391 2.31072057e-01
0.86690 2.36336300e-01
0.86990 2.34335472e-01
0.87291 2.29273350e-01
0.87593 2.30504971e-01
0.87897 2.30936123e-01
0.88201 2.34447761e-01
0.88506 2.32705743e-01
0.88813 2.29878031e-01
0.89120 2.27759274e-01
0.89428 2.26171098e-01
0.89738 2.25934647e-01
0.90049 2.28288963e-01
0.90360 2.28701515e-01
0.90673 2.32917362e-01
0.90987 2.28952410e-01
0.91302 2.27388472e-01
0.91618 2.27527770e-01
0.91935 2.27768673e-01
0.92253 2.26451475e-01
0.92573 2.25152183e-01
0.92893 2.24953129e-01
0.93215 2.25416929e-01
0.93537 2.25938307e-01
0.93861 2.23628313e-01
0.94186 2.24519307e-01
0.94512 2.25387743e-01
0.94839 2.26376780e-01
0.95168 2.23332008e-01
0.95497 2.21319209e-01
0.95828 2.21853449e-01
0.96159 2.25378048e-01
0.96492 2.25327493e-01
0.96826 2.20535558e-01
0.97161 2.21376590e-01
0.97498 2.25525953e-01
0.97835 2.25357767e-01
0.98174 2.23840327e-01
0.98514 2.18896233e-01
0.98855 2.18769103e-01
0.99197 2.17989014e-01
0.99540 2.19374477e-01
0.99885 2.20747572e-01
1.00231 2.16932802e-01
1.00578 2.19282271e-01
1.00926 2.20498062e-01
1.01275 2.24073414e-01
1.01626 2.24010295e-01
1.01978 2.19910695e-01
1.02330 2.21298334e-01
1.02685 2.20311177e-01
1.03040 2.19417710e-01
1.03397 2.20594819e-01
1.03755 2.17271649e-01
1.04114 2.13500706e-01
1.04474 2.13045513e-01
1.04836 2.17548959e-01
1.05199 2.19133376e-01
1.05563 2.22121855e-01
1.05928 2.18825891e-01
1.06295 2.14950574e-01
1.06663 2.13160375e-01
1.07032 2.16209896e-01
1.07403 2.23252960e-01
1.07775 2.24351120e-01
1.08148 2.16668353e-01
1.08522 2.12482286e-01
1.08898 2.10652910e-01
1.09275 2.11147873e-01
1.09653 2.16870078e-01
1.10032 2.22491074e-01
1.10413 2.20269230e-01
1.10796 2.10830594e-01
1.11179 2.12142351e-01
1.11564 2.16639168e-01
1.11950 2.14113795e-01
1.12338 2.15329093e-01
1.12726 2.18508612e-01
1.13117 2.16132431e-01
1.13508 2.11659952e-01
1.13901 2.14640912e-01
1.14295 2.17534514e-01
1.14691 2.17132944e-01
1.15088 2.13150778e-01
1.15487 2.15712558e-01
1.15886 2.17847342e-01
1.16287 2.18781272e-01
1.16690 2.18087750e-01
1.17094 2.10799628e-01
1.17499 2.12153431e-01
1.17906 2.13449854e-01
1.18314 2.19464110e-01
1.18724 2.20852046e-01
1.19135 2.10808829e-01
1.19547 2.12622178e-01
1.19961 2.09528829e-01
1.20376 2.11168055e-01
1.20793 2.18924231e-01
1.21211 2.27790735e-01
1.21630 2.14842934e-01
1.22052 2.14009322e-01
1.22474 2.16054769e-01
1.22898 2.13456977e-01
1.23323 2.21846128e-01
1.23750 2.20488169e-01
1.24179 2.16455350e-01
1.24609 2.15449000e-01
1.25040 2.17212091e-01
1.25473 2.16355526e-01
1.25907 2.18966673e-01
1.26343 2.20199877e-01
1.26780 2.10446337e-01
1.27219 2.08889819e-01
1.27659 2.14856389e-01
1.28101 2.18461322e-01
1.28545 2.24130103e-01
1.28990 2.30757548e-01
1.29436 2.25637550e-01
1.29884 2.15772611e-01
1.30334 2.09673470e-01
1.30785 2.09220256e-01
1.31238 2.21653208e-01
1.31692 2.32900741e-01
1.32148 2.29120201e-01
1.32605 2.16471674e-01
1.33064 2.10720085e-01
1.33525 2.09899137e-01
1.33987 2.22178148e-01
1.34451 2.30358946e-01
1.34916 2.24584009e-01
1.35383 2.14284653e-01
1.35852 2.12621584e-01
1.36322 2.17679847e-01
1.36794 2.23423224e-01
1.37268 2.34123359e-01
1.37743 2.32777470e-01
1.38220 2.18185397e-01
1.38698 2.10294771e-01
1.39178 2.09240142e-01
1.39660 2.17950331e-01
1.40144 2.34028680e-01
1.40629 2.43075441e-01
1.41115 2.41375568e-01
1.41604 2.20030306e-01
1.42094 2.06594862e-01
1.42586 2.05602462e-01
1.43080 2.10531321e-01
1.43575 2.20238362e-01
1.44072 2.32498973e-01
1.44571 2.43203559e-01
1.45071 2.38017969e-01
1.45573 2.22111665e-01
1.46077 2.15212945e-01
1.46583 2.15381033e-01
1.47090 2.19245764e-01
1.47599 2.22655798e-01
1.48110 2.27316943e-01
1.48623 2.37921014e-01
1.49137 2.38686461e-01
1.49654 2.26720178e-01
1.50172 2.15851461e-01
1.50692 2.17182806e-01
1.51213 2.24037007e-01
1.51737 2.24497442e-01
1.52262 2.24191837e-01
1.52789 2.26845625e-01
1.53318 2.29437876e-01
1.53849 2.28186370e-01
1.54381 2.23412539e-01
1.54916 2.23221895e-01
1.55452 2.22914608e-01
1.55990 2.16545082e-01
1.56530 2.16303091e-01
1.57072 2.20288126e-01
1.57615 2.23952913e-01
1.58161 2.26275967e-01
1.58709 2.24967574e-01
1.59258 2.20401899e-01
1.59809 2.19650896e-01
1.60362 2.11908868e-01
1.60918 2.05859590e-01
1.61475 2.07991306e-01
1.62034 2.14270110e-01
1.62594 2.20070769e-01
1.63157 2.14338374e-01
1.63722 2.06545890e-01
1.64289 2.06733171e-01
1.64857 2.03728763e-01
1.65428 1.97915540e-01
1.66001 1.95649076e-01
1.66575 1.99896185e-01
1.67152 2.05619676e-01
1.67731 2.03223214e-01
1.68311 2.00219796e-01
1.68894 1.97466679e-01
1.69478 1.90849721e-01
1.70065 1.86327874e-01
1.70654 1.89817253e-01
1.71245 1.99657459e-01
1.71837 2.05422007e-01
1.72432 1.98216099e-01
1.73029 1.90550349e-01
1.73628 1.86860927e-01
1.74229 1.83175363e-01
1.74832 1.81677414e-01
1.75437 1.84595255e-01
1.76045 1.90464870e-01
1.76654 1.90291045e-01
1.77266 1.82554161e-01
1.77879 1.76098761e-01
1.78495 1.72628773e-01
1.79113 1.71703252e-01
1.79733 1.74409870e-01
1.80355 1.79257603e-01
1.80979 1.81234291e-01
1.81606 1.76479259e-01
1.82234 1.69848153e-01
1.82865 1.66167437e-01
1.83498 1.64392079e-01
1.84133 1.62785105e-01
1.84771 1.63234163e-01
1.85410 1.66312276e-01
1.86052 1.67255011e-01
1.86696 1.64542556e-01
1.87342 1.61501840e-01
1.87991 1.58511778e-01
1.88642 1.55942282e-01
1.89295 1.56087813e-01
1.89950 1.59232211e-01
1.90607 1.62646499e-01
1.91267 1.62954973e-01
1.91929 1.60484509e-01
1.92594 1.56020934e-01
1.93260 1.50971178e-01
1.93929 1.48168397e-01
1.94601 1.48422953e-01
1.95274 1.50162992e-01
1.95950 1.50974542e-01
1.96629 1.49879152e-01
1.97309 1.47000291e-01
1.97992 1.42977068e-01
1.98678 1.39419920e-01
1.99365 1.37331537e-01
2.00055 1.37078564e-01
2.00748 1.38236381e-01
2.01443 1.39533100e-01
2.02140 1.39156955e-01
2.02840 1.36048767e-01
2.03542 1.31870021e-01
2.04247 1.29063282e-01
2.04954 1.28468396e-01
2.05663 1.29556663e-01
2.06375 1.30957064e-01
2.07090 1.30999704e-01
2.07806 1.29084256e-01
2.08526 1.26393764e-01
2.09247 1.24590803e-01
2.09972 1.24386308e-01
2.10699 1.25350611e-01
2.11428 1.26284542e-01
2.12160 1.26033053e-01
2.12894 1.24460013e-01
2.13631 1.22315633e-01
2.14371 1.20466866e-01
2.15113 1.19384436e-01
2.15857 1.18943589e-01
2.16605 1.18495520e-01
2.17354 1.17360359e-01
2.18107 1.15508426e-01
2.18862 1.13502553e-01
2.19619 1.11919323e-01
2.20380 1.10961252e-01
2.21143 1.10359738e-01
2.21908 1.09599732e-01
2.22676 1.08388392e-01
2.23447 1.06916660e-01
2.24220 1.05567011e-01
2.24997 1.04493189e-01
2.25775 1.03596457e-01
2.26557 1.02755919e-01
2.27341 1.01926265e-01
2.28128 1.01085826e-01
2.28918 1.00223721e-01
2.29710 9.93276816e-02
2.30505 9.83762002e-02
2.31303 9.74191389e-02
2.32104 9.65940745e-02
2.32908 9.59943109e-02
2.33714 9.55767529e-02
2.34523 9.51985307e-02
2.35335 9.47153502e-02
2.36149 9.40886471e-02
2.36967 9.34230138e-02
2.37787 9.28651584e-02
2.38610 9.24659723e-02
2.39436 9.21397990e-02
2.40265 9.17235568e-02
2.41097 9.10821621e-02
2.41931 9.02002110e-02
2.42769 8.91861047e-02
2.43609 8.81810410e-02
2.44452 8.72617129e-02
2.45298 8.64082645e-02
2.46148 8.55405895e-02
2.47000 8.45911560e-02
2.47855 8.35599837e-02
2.48713 8.25061657e-02
2.49574 8.14931774e-02
2.50438 8.05484036e-02
2.51304 7.96638605e-02
2.52174 7.88157149e-02
2.53047 7.79789565e-02
2.53923 7.71359456e-02
2.54802 7.62841395e-02
2.55684 7.54399513e-02
2.56569 7.46306469e-02
2.57457 7.38746379e-02
2.58349 7.31653849e-02
2.59243 7.24750578e-02
2.60140 7.17767566e-02
2.61041 7.10662867e-02
2.61944 7.03642557e-02
2.62851 6.96972472e-02
2.63761 6.90762229e-02
2.64674 6.84908245e-02
2.65590 6.79219083e-02
2.66510 6.73597493e-02
2.67432 6.68120445e-02
2.68358 6.62963347e-02
2.69287 6.58252241e-02
2.70219 6.53974462e-02
2.71154 6.50000706e-02
2.72093 6.46177329e-02
2.73035 6.42403121e-02
2.73980 6.38637026e-02
2.74928 6.34850451e-02
2.75880 6.30981169e-02
2.76835 6.26929552e-02
2.77793 6.22595777e-02
2.78755 6.17922562e-02
2.79720 6.12913370e-02
2.80688 6.07616677e-02
2.81660 6.02093130e-02
2.82635 5.96391107e-02
2.83613 5.90540091e-02
2.84595 5.84561055e-02
2.85580 5.78477941e-02
2.86569 5.72320726e-02
2.87561 5.66122454e-02
2.88556 5.59913893e-02
2.89555 5.53720072e-02
2.90557 5.47558504e-02
2.91563 5.41439280e-02
2.92572 5.35367246e-02
2.93585 5.29347648e-02
2.94601 5.23390278e-02
2.95621 5.17507900e-02
2.96644 5.11711792e-02
2.97671 5.06006900e-02
2.98702 5.00393522e-02
2.99736 4.94872052e-02
3.00773 4.89446845e-02
3.01814 4.84126210e-02
3.02859 4.78917865e-02
3.03907 4.73826954e-02
3.04960 4.68855850e-02
3.06015 4.64007523e-02
3.07074 4.59287612e-02
3.08137 4.54704327e-02
3.09204 4.50266079e-02
3.10274 4.38654274e-02
3.11348 4.23387970e-02
3.12426 4.08815090e-02
3.13508 3.94909515e-02
3.14593 3.81642259e-02
3.15682 3.68978693e-02
3.16775 3.56877366e-02
3.17871 3.44410875e-02
3.18972 3.31037760e-02
3.20076 3.18229455e-02
3.21184 3.05942825e-02
3.22295 2.94137308e-02
3.23411 2.82775211e-02
3.24531 2.71822994e-02
3.25654 2.61252066e-02
3.26781 2.47576511e-02
3.27912 2.34308859e-02
3.29047 2.21686944e-02
3.30187 2.09679801e-02
3.31330 1.98259927e-02
3.32476 1.87402389e-02
3.33627 1.77084335e-02
3.34782 1.65619248e-02
3.35941 1.51083072e-02
3.37104 1.37781090e-02
3.38271 1.25614664e-02
3.39442 1.14492381e-02
3.40617 1.04329355e-02
3.41796 9.50467967e-03
3.42979 8.65719200e-03
3.44166 3.56348963e-03
3.45358 5.39174003e-04
3.46553 4.81960659e-04
3.47753 4.80224280e-04
3.48957 4.78479590e-04
3.50164 4.76728965e-04
3.51377 4.74973888e-04
3.52593 4.73215546e-04
3.53814 4.71455126e-04
3.55038 4.69694211e-04
3.56267 4.67934385e-04
3.57500 4.66177428e-04
3.58738 4.64425418e-04
3.59980 4.62680432e-04
3.61226 4.60944943e-04
3.62476 4.59221426e-04
3.63731 4.57443693e-04
3.64990 4.54842339e-04
3.66254 4.52266412e-04
3.67521 4.49720561e-04
3.68794 4.47209039e-04
3.70070 4.44735409e-04
3.71351 4.42302243e-04
3.72637 4.39911420e-04
3.73927 4.37563336e-04
3.75221 4.35725155e-04
3.76520 4.34332767e-04
3.77823 4.32971049e-04
3.79131 4.31638021e-04
3.80443 4.30330617e-04
3.81760 4.29045374e-04
3.83082 4.27778038e-04
3.84408 4.26523662e-04
3.85739 4.25276607e-04
3.87074 4.24030938e-04
3.88414 4.22780322e-04
3.89758 4.21518229e-04
3.91107 4.20237834e-04
3.92461 4.18932606e-04
3.93820 4.17596413e-04
3.95183 4.16223317e-04
3.96551 4.14807878e-04
3.97924 4.13345544e-04
3.99301 4.11832260e-04
4.00683 4.10264859e-04
4.02070 4.08641066e-04
4.03462 4.06959101e-04
4.04859 4.05218369e-04
4.06260 4.03418673e-04
4.07667 4.01560606e-04
4.09078 3.99645553e-04
4.10494 3.97675197e-04
4.11915 3.95652010e-04
4.13341 3.93501298e-04
4.14771 3.90432287e-04
4.16207 3.87307973e-04
4.17648 3.84135577e-04
4.19094 3.80922717e-04
4.20545 3.77677209e-04
4.22000 3.74406868e-04
4.23461 3.71119808e-04
4.24927 3.67823745e-04
4.26398 3.64526693e-04
4.27874 3.61575710e-04
4.29355 3.59251568e-04
4.30841 3.56936726e-04
4.32332 3.54635437e-04
4.33829 3.52351660e-04
4.35331 3.50089451e-04
4.36838 3.47852469e-04
4.38350 3.45644079e-04
4.39867 3.43467744e-04
4.41390 3.41326332e-04
4.42918 3.39222712e-04
4.44451 3.37159260e-04
4.45990 3.35138447e-04
4.47533 3.33161957e-04
4.49083 3.31231570e-04
4.50637 3.29348671e-04
4.52197 3.27514348e-04
4.53762 3.25729294e-04
4.55333 3.23993904e-04
4.56909 3.22308575e-04
4.58491 3.20673009e-04
4.60078 3.18478272e-04
4.61670 3.16246336e-04
4.63269 3.14076431e-04
4.64872 3.11965787e-04
4.66481 3.09911041e-04
4.68096 3.07908433e-04
4.69717 3.05953906e-04
4.71343 3.04042810e-04
4.72974 3.02170398e-04
4.74611 3.00331524e-04
4.76254 2.98546371e-04
4.77903 2.97414376e-04
4.79557 2.96298705e-04
4.81217 2.95195697e-04
4.82883 2.94101791e-04
4.84555 2.93013030e-04
4.86232 2.91925654e-04
4.87915 2.90835903e-04
4.89604 2.89740018e-04
4.91299 2.88634241e-04
4.92999 2.87514909e-04
4.94706 2.86378758e-04
4.96418 2.84206182e-04
4.98137 2.81735916e-04
4.99861 2.79217667e-04
5.01591 2.76648467e-04
5.03328 2.74026734e-04
5.05070 2.71351577e-04
5.06818 2.68623292e-04
5.08573 2.65843265e-04
5.10333 2.63014069e-04
5.12100 5.96960567e-04
5.13873 2.28198143e-03
5.15651 7.60522002e-03
5.17436 8.01354163e-03
5.19228 8.44145600e-03
5.21025 8.88980307e-03
5.22828 9.35948214e-03
5.24638 9.85145683e-03
5.26454 1.03667590e-02
5.28277 1.09064997e-02
5.30105 1.14718542e-02
5.31940 1.20640989e-02
5.33782 1.26845790e-02
5.35629 1.33347689e-02
5.37484 1.40162019e-02
5.39344 1.43926433e-02
5.41211 1.47473588e-02
5.43084 1.51094944e-02
5.44965 1.54794457e-02
5.46851 1.58576184e-02
5.48744 1.62444477e-02
5.50643 1.66403690e-02
5.52550 1.70458473e-02
5.54462 1.74613772e-02
5.56381 1.78874534e-02
5.58308 1.83245903e-02
5.60240 1.87733024e-02
5.62179 1.91962424e-02
5.64125 1.94724049e-02
5.66078 1.97540780e-02
5.68038 2.00415684e-02
5.70004 2.03351630e-02
5.71977 2.06351387e-02
5.73957 2.09417727e-02
5.75944 2.12553419e-02
5.77938 2.15760937e-02
5.79938 2.19042951e-02
5.81946 2.22401837e-02
5.83960 2.25839968e-02
5.85982 2.29359620e-02
5.88010 2.32963069e-02
5.90045 2.35408899e-02
5.92088 2.37759357e-02
5.94137 2.40168581e-02
5.96194 2.42636473e-02
5.98258 2.45163330e-02
6.00329 2.47748655e-02
6.02407 2.50392253e-02
6.04492 2.53093529e-02
6.06585 2.55851691e-02
6.08684 2.58665850e-02
6.10791 2.61535015e-02
6.12906 2.64457902e-02
6.15027 2.67433223e-02
6.17156 2.70459495e-02
6.19293 2.72710030e-02
6.21436 2.74938503e-02
6.23588 2.77195470e-02
6.25746 2.79479543e-02
6.27912 2.81789142e-02
6.30086 2.84122881e-02
6.32267 2.86479176e-02
6.34455 2.88856346e-02
6.36652 2.91252907e-02
6.38856 2.93667375e-02
6.41067 2.96097969e-02
6.43286 2.98543304e-02
6.45513 3.01001699e-02
6.47747 3.03471668e-02
6.49990 3.05657699e-02
6.52240 3.07105490e-02
6.54497 3.08548630e-02
6.56763 3.09985835e-02
6.59037 3.11416015e-02
6.61318 3.12837984e-02
6.63607 3.14250752e-02
6.65904 3.15653330e-02
6.68209 3.17044926e-02
6.70522 3.18424551e-02
6.72843 3.19791711e-02
6.75172 3.21145614e-02
6.77510 3.22485765e-02
6.79855 3.23811669e-02
6.82208 3.25122931e-02
6.84570 3.26419255e-02
6.86939 3.27700343e-02
6.89317 3.28965997e-02
6.91704 3.30025870e-02
6.94098 3.31036968e-02
6.96500 3.32030655e-02
6.98911 3.33007127e-02
7.01331 3.33966582e-02
7.03759 3.34909318e-02
7.06195 3.35835532e-02
7.08639 3.36745817e-02
7.11092 3.37640373e-02
7.13554 3.38519791e-02
7.16024 3.39384468e-02
7.18502 3.40235097e-02
7.20990 3.41071974e-02
7.23485 3.41895891e-02
7.25990 3.42707342e-02
7.28503 3.43507020e-02
7.31025 3.44084197e-02
7.33555 3.44375160e-02
7.36094 3.44654647e-02
7.38642 3.44923350e-02
7.41199 3.45182061e-02
7.43765 3.45431274e-02
7.46340 3.45671781e-02
7.48923 3.45904175e-02
7.51516 3.46129149e-02
7.54117 3.46347396e-02
7.56727 3.46559509e-02
7.59347 3.46766082e-02
7.61975 3.46967906e-02
7.64613 3.47165377e-02
7.67260 3.47359286e-02
7.69916 3.47550030e-02
7.72581 3.47738300e-02
7.75255 3.47916479e-02
7.77939 3.47751161e-02
7.80632 3.47584558e-02
7.83334 3.47417360e-02
7.86046 3.47249866e-02
7.88767 3.47082570e-02
7.91497 3.46915966e-02
7.94237 3.46750451e-02
7.96986 3.46586518e-02
7.99745 3.46424366e-02
8.02513 3.46264490e-02
8.05291 3.46107285e-02
8.08079 3.45953048e-02
8.10876 3.45802076e-02
8.13683 3.45654764e-02
8.16500 3.45511311e-02
8.19326 3.45372013e-02
8.22162 3.45237067e-02
8.25008 3.45106970e-02
8.27864 3.66340636e-02
8.30730 4.13397583e-02
8.33605 4.66547538e-02
8.36491 5.26576030e-02
8.39386 5.94366338e-02
8.42292 6.70910860e-02
8.45208 7.57322894e-02
8.48133 8.54849494e-02
8.51069 9.64885225e-02
8.54016 1.08898591e-01
8.56972 1.22888259e-01
8.59938 1.38649625e-01
8.62915 1.56395297e-01
8.65902 1.76359450e-01
8.68899 1.98798520e-01
8.71907 2.23992586e-01
8.74925 2.52244681e-01
8.77954 2.83880494e-01
8.80993 3.19246687e-01
8.84043 3.58707533e-01
8.87103 3.85399747e-01
8.90174 4.06296544e-01
8.93255 4.28234813e-01
8.96347 4.51253632e-01
8.99450 4.75391980e-01
9.02563 5.00688046e-01
9.05688 5.27179623e-01
9.08823 5.54903018e-01
9.11969 5.83893156e-01
9.15126 6.14182981e-01
9.18294 6.45802866e-01
9.21472 6.78780413e-01
9.24662 7.13139564e-01
9.27863 7.48900105e-01
9.31075 7.86077273e-01
9.34298 8.24680565e-01
9.37532 8.64713642e-01
9.40777 9.06173040e-01
9.44034 9.49048076e-01
9.47302 9.93320347e-01
9.50581 1.03896126e+00
9.53871 1.07678446e+00
9.57173 1.10423747e+00
9.60487 1.13215547e+00
9.63811 1.16053153e+00
9.67148 1.18935675e+00
9.70495 1.21861925e+00
9.73855 1.24830815e+00
9.77226 1.27841060e+00
9.80609 1.30891174e+00
9.84003 1.33979477e+00
9.87409 1.37104386e+00
9.90827 1.39949906e+00
9.94257 1.41657199e+00
9.97699 1.43381805e+00
10.01153 1.45123031e+00
10.04618 1.46880384e+00
10.08096 1.48653368e+00
10.11585 1.50441291e+00
10.15087 1.52243560e+00
10.18601 1.54059481e+00
10.22127 1.55888264e+00
10.25665 1.57729215e+00
10.29215 1.59581445e+00
10.32778 1.60801293e+00
10.36353 1.61433477e+00
10.39941 1.62073873e+00
10.43540 1.62722678e+00
10.47153 1.63379892e+00
10.50777 1.64046010e+00
10.54415 1.64721032e+00
10.58065 1.65405354e+00
10.61727 1.64757044e+00
10.65403 1.64062927e+00
10.69091 1.63375242e+00
10.72791 1.62694383e+00
10.76505 1.62020647e+00
10.80231 1.61354529e+00
10.83971 1.60696127e+00
10.87723 1.60046135e+00
10.91488 1.59404750e+00
10.95266 1.58772369e+00
10.99058 1.58149484e+00
11.02862 1.57536493e+00
11.06680 1.56933791e+00
11.10511 1.56341774e+00
11.14355 1.55760937e+00
11.18212 1.55191674e+00
11.22083 1.54634482e+00
11.25967 1.52893057e+00
11.29865 1.48149402e+00
11.33776 1.43411386e+00
11.37701 1.38690782e+00
11.41639 1.33998670e+00
11.45591 1.29345836e+00
11.49556 1.24742567e+00
11.53536 1.20198460e+00
11.57529 1.15722419e+00
11.61536 1.11322656e+00
11.65556 1.07006491e+00
11.69591 1.02780554e+00
11.73640 9.86506115e-01
11.77702 9.46216307e-01
11.81779 9.06977665e-01
11.85870 8.68824124e-01
11.89975 8.31782198e-01
11.94094 7.95871475e-01
11.98227 7.61105115e-01
12.02375 7.27489943e-01
12.06537 6.95027641e-01
12.10714 6.63714548e-01
12.14905 6.33542750e-01
12.19110 6.04499980e-01
12.23330 5.76570902e-01
12.27565 5.49736719e-01
12.31814 5.23976260e-01
12.36078 4.99265978e-01
12.40357 4.83597313e-01
12.44651 4.72950206e-01
12.48959 4.62653225e-01
12.53283 4.52690638e-01
12.57621 4.43047705e-01
12.61974 4.33710179e-01
12.66343 4.24664606e-01
12.70726 4.15897826e-01
12.75125 4.07397870e-01
12.79539 3.99152865e-01
12.83968 3.91151830e-01
12.88413 3.83384178e-01
12.92873 3.75839918e-01
12.97348 3.68509650e-01
13.01839 3.61384274e-01
13.06345 3.54455181e-01
13.10867 3.47714358e-01
13.15405 3.41154089e-01
13.19959 3.34767052e-01
13.24528 3.28546322e-01
13.29113 3.22485270e-01
13.33713 3.16577763e-01
13.38330 3.10817864e-01
13.42963 3.05199935e-01
13.47612 2.99718731e-01
13.52277 2.94369010e-01
13.56958 2.89146023e-01
13.61655 2.84045317e-01
13.66368 2.79062539e-01
13.71098 2.74193437e-01
13.75844 2.70079591e-01
13.80607 2.74766063e-01
13.85386 2.79554634e-01
13.90182 2.84446689e-01
13.94994 2.89443812e-01
13.99823 2.94547783e-01
14.04668 2.99760184e-01
14.09531 3.05082798e-01
14.14410 3.10517206e-01
14.19306 3.16065387e-01
14.24219 3.21729122e-01
14.29149 3.27510193e-01
14.34096 3.33410676e-01
14.39060 3.39432451e-01
14.44042 3.45577497e-01
14.49041 3.51847793e-01
14.54057 3.58245614e-01
14.59090 3.64772938e-01
14.64141 3.71431943e-01
14.69209 3.78224903e-01
14.74295 3.85153996e-01
14.79398 3.92221596e-01
14.84519 3.99429977e-01
14.89658 4.06781515e-01
14.94814 4.14278585e-01
14.99989 4.21923757e-01
15.05181 4.29719407e-01
15.10392 4.37668106e-01
15.15620 4.45772428e-01
15.20866 4.54034945e-01
15.26131 4.62458425e-01
15.31414 4.71045542e-01
15.36715 4.79798866e-01
15.42034 4.88721268e-01
15.47372 4.97815616e-01
15.52729 5.06574777e-01
15.58103 5.15412294e-01
15.63497 5.24394649e-01
15.68909 5.33524019e-01
15.74340 5.42802581e-01
15.79790 5.52232511e-01
15.85258 5.61816183e-01
15.90746 5.71555873e-01
15.96252 5.81453955e-01
16.01778 5.91512705e-01
16.07323 6.01734497e-01
16.12886 6.12121903e-01
16.18470 6.22677298e-01
16.24072 6.33403155e-01
16.29694 6.44302146e-01
16.35335 6.55376842e-01
16.40996 6.66629817e-01
16.46677 6.78063740e-01
16.52377 6.89681382e-01
16.58097 7.01485514e-01
16.63836 7.13478905e-01
16.69596 7.25664326e-01
16.75375 7.38044843e-01
16.81175 7.50623326e-01
16.86994 7.63402842e-01
16.92834 7.76386358e-01
16.98694 7.89577040e-01
17.04574 8.02977956e-01
17.10474 8.16592567e-01
17.16395 8.30423942e-01
17.22337 8.44475443e-01
17.28299 8.58750534e-01
17.34281 8.73252776e-01
17.40285 8.87985532e-01
17.46309 9.02952463e-01
17.52354 9.18157330e-01
17.58420 9.33603791e-01
17.64507 9.49295706e-01
17.70615 9.56544155e-01
17.76744 9.58658460e-01
17.82894 9.60769202e-01
17.89066 9.62876383e-01
17.95259 9.64979904e-01
18.01473 9.67079566e-01
18.07709 9.69175370e-01
18.13967 9.71267117e-01
18.20246 9.73354710e-01
18.26547 9.75438048e-01
18.32870 9.77517033e-01
18.39214 9.79591566e-01
18.45581 9.81661548e-01
18.51969 9.83726781e-01
18.58380 9.85787266e-01
18.64813 9.87842903e-01
18.71268 9.89893296e-01
18.77746 9.91939237e-01
18.84246 9.93979243e-01
18.90768 9.96014301e-01
18.97313 9.98043424e-01
19.03881 1.00006760e+00
19.10472 1.00208485e+00
19.17085 1.00409715e+00
19.23721 1.00610352e+00
19.30380 1.00810395e+00
19.37062 1.01009845e+00
19.43768 1.01208602e+00
19.50496 1.01406766e+00
19.57248 1.01604335e+00
19.64023 1.01801114e+00
19.70822 1.01997299e+00
19.77644 1.02192791e+00
19.84490 1.02387591e+00
19.91359 1.02581698e+00
19.98252 1.02775014e+00
20.05169 1.02967637e+00
20.12110 1.03159567e+00
20.19076 1.03350707e+00
20.26065 1.03541054e+00
20.33078 1.03730710e+00
20.40116 1.03919474e+00
20.47178 1.04107448e+00
20.54264 1.04294630e+00
20.61375 1.04481020e+00
20.68511 1.04222408e+00
20.75671 1.03930852e+00
20.82856 1.03638405e+00
20.90066 1.03344969e+00
20.97301 1.03050741e+00
21.04561 1.02755722e+00
21.11846 1.02459812e+00
21.19157 1.02163012e+00
21.26492 1.01865519e+00
21.33853 1.01567235e+00
21.41240 1.01268061e+00
21.48652 1.00968293e+00
21.56090 1.00667635e+00
21.63553 1.00366284e+00
21.71043 1.00064240e+00
21.78558 9.97615043e-01
21.86099 9.94580757e-01
21.93666 9.91540536e-01
22.01260 9.88492895e-01
22.08880 9.85439119e-01
22.16526 9.82379210e-01
22.24199 9.79313167e-01
22.31898 9.76241287e-01
22.39624 9.73163669e-01
22.47377 9.70080511e-01
22.55156 9.66991911e-01
22.62962 9.63897969e-01
22.70796 9.60798981e-01
22.78656 9.57694948e-01
22.86544 9.54586166e-01
22.94459 9.51472734e-01
23.02402 9.48354751e-01
23.10372 9.45232415e-01
23.18369 9.42105924e-01
23.26394 9.38975277e-01
23.34447 9.35840871e-01
23.42528 9.32702607e-01
23.50637 9.29560781e-01
23.58774 9.26415493e-01
23.66939 9.23266939e-01
23.75133 9.20115220e-01
23.83354 9.16960533e-01
23.91604 9.13802977e-01
23.99883 9.10642650e-01
24.08191 9.07479851e-01
24.16527 9.04314578e-01
24.24892 9.01147128e-01
24.33286 8.97977403e-01
24.41709 8.94805798e-01
24.50161 8.91632314e-01
24.58642 8.88457246e-01
24.67153 8.85280497e-01
24.75693 8.82065955e-01
24.84263 8.78193407e-01
24.92863 8.74328874e-01
25.01492 8.70472353e-01
25.10151 8.66624045e-01
25.18840 8.62784046e-01
25.27559 8.58952457e-01
25.36309 8.55129376e-01
25.45088 8.51314903e-01
25.53898 8.47509036e-01
25.62739 8.43711975e-01
25.71610 8.39923818e-01
25.80512 8.36144465e-01
25.89444 8.32374314e-01
25.98408 8.28613165e-01
26.07403 8.24861218e-01
26.16428 8.21118570e-01
26.25485 8.17385320e-01
26.34574 8.13661470e-01
26.43694 8.09947215e-01
26.52845 8.06242459e-01
26.62028 8.02547398e-01
26.71243 7.98862032e-01
26.80489 7.95186560e-01
26.89768 7.91520882e-01
26.99079 7.87865098e-01
27.08422 7.84219404e-01
27.17798 7.80583802e-01
27.27205 7.76958291e-01
27.36646 7.73342970e-01
27.46119 7.69737840e-01
27.55625 7.66143097e-01
27.65164 7.62558742e-01
27.74736 7.58984776e-01
27.84341 7.55421197e-01
27.93979 7.51868303e-01
28.03650 7.48325896e-01
28.13355 7.44794075e-01
28.23094 7.41273038e-01
28.32867 7.37762685e-01
28.42673 7.34263117e-01
28.52513 7.30774331e-01
28.62387 7.27296429e-01
28.72295 7.23829409e-01
28.82238 7.20373272e-01
28.92215 7.16928216e-01
29.02227 7.13494141e-01
29.12273 7.10071047e-01
29.22354 7.06659134e-01
29.32470 7.03258300e-01
29.42621 6.99868646e-01
29.52807 6.96490172e-01
29.63029 6.93122877e-01
29.73286 6.89766861e-01
29.83578 6.86422122e-01
29.93906 6.83088663e-01
30.04269 6.79766580e-01
30.14669 6.76455776e-01
30.25104 6.73156350e-01
30.35576 6.69868399e-01
30.46084 6.66591826e-01
30.56628 6.63326729e-01
30.67209 6.60073010e-01
30.77826 6.56830866e-01
30.88481 6.53600198e-01
30.99172 6.50272872e-01
31.09900 6.46706523e-01
31.20665 6.43156894e-01
31.31467 6.39623985e-01
31.42307 6.36107696e-01
31.53184 6.32608028e-01
31.64099 6.29124981e-01
31.75052 6.25658456e-01
31.86043 6.22208453e-01
31.97072 6.18774972e-01
32.08139 6.15357913e-01
32.19244 6.11957278e-01
32.30388 6.08572966e-01
32.41570 6.05205078e-01
32.52791 6.01853414e-01
32.64051 5.98518075e-01
32.75349 5.95198862e-01
32.86687 5.91895972e-01
32.98064 5.88609110e-01
33.09481 5.85338374e-01
33.20937 5.82083665e-01
33.32433 5.78844984e-01
33.43968 5.75622230e-01
33.55544 5.72415504e-01
33.67159 5.69224509e-01
33.78815 5.66049441e-01
33.90511 5.62890203e-01
34.02247 5.59746596e-01
34.14024 5.56618720e-01
34.25842 5.53506475e-01
34.37701 5.50409862e-01
34.49601 5.47328781e-01
34.61542 5.44263134e-01
34.73525 5.41213019e-01
34.85549 5.38178338e-01
34.97614 5.35158893e-01
35.09721 5.32154881e-01
35.21871 5.29166006e-01
35.34062 5.26192367e-01
35.46295 5.23233865e-01
35.58571 5.20290499e-01
35.70889 5.17362171e-01
35.83250 5.14448782e-01
35.95654 5.11550431e-01
36.08101 5.08666921e-01
36.20590 5.05798250e-01
36.33123 5.02944320e-01
36.45700 5.00105131e-01
36.58320 4.97280683e-01
36.70983 4.94470779e-01
36.83691 4.91675516e-01
36.96442 4.88894698e-01
37.09238 4.86128324e-01
37.22077 4.83376395e-01
37.34962 4.80638810e-01
37.47890 4.77915571e-01
37.60864 4.75206579e-01
37.73883 4.72511635e-01
37.86946 4.69830937e-01
38.00055 4.67164288e-01
38.13209 4.64511589e-01
38.26409 4.61872938e-01
38.39654 4.59248138e-01
38.52946 4.56637287e-01
38.66283 4.54040089e-01
38.79667 4.51456742e-01
38.93096 4.48886949e-01
39.06573 4.46330907e-01
39.20096 4.43788320e-01
39.33665 4.41259386e-01
39.47282 4.38743809e-01
39.60946 4.36241587e-01
39.74657 4.33752820e-01
39.88416 4.31277211e-01
40.02222 4.28814958e-01
40.16076 4.26365765e-01
40.29978 4.23929729e-01
40.43928 4.21506753e-01
40.57926 4.19096737e-01
40.71973 4.16699681e-01
40.86069 4.14315586e-01
41.00213 4.11944253e-01
41.14406 4.09585682e-01
41.28648 4.07239874e-01
41.42940 4.04621999e-01
41.57281 4.01926065e-01
41.71672 3.99247841e-01
41.86113 3.96587326e-01
42.00603 3.93944322e-01
42.15144 3.91318928e-01
42.29735 3.88710749e-01
42.44377 3.86119882e-01
42.59069 3.83546132e-01
42.73812 3.80989497e-01
42.88606 3.78449680e-01
43.03451 3.75926781e-01
43.18348 3.73420503e-01
43.33297 3.70930945e-01
43.48297 3.68457809e-01
43.63349 3.66001097e-01
43.78453 3.63560708e-01
43.93609 3.61136545e-01
44.08818 3.58728408e-01
44.24079 3.56336299e-01
44.39394 3.53960019e-01
44.54761 3.51599668e-01
44.70182 3.49254849e-01
44.85655 3.46925662e-01
45.01183 3.44612007e-01
45.16764 3.42313785e-01
45.32399 3.40030800e-01
45.48089 3.37762951e-01
45.63832 3.35510239e-01
45.79630 3.33272565e-01
45.95483 3.31049731e-01
46.11391 3.28841737e-01
46.27353 3.26648483e-01
46.43371 3.24469774e-01
46.59445 3.22305706e-01
46.75574 3.20155885e-01
46.91759 3.18020507e-01
47.08000 3.15899377e-01
47.24297 3.13792394e-01
47.40650 3.11699459e-01
47.57060 3.09620474e-01
47.73527 3.07555339e-01
47.90051 3.05504056e-01
48.06633 3.03466425e-01
48.23271 3.01442348e-01
48.39967 2.99431825e-01
48.56721 2.97434756e-01
48.73533 2.95451044e-01
48.90403 2.93480490e-01
49.07332 2.91523193e-01
49.24319 2.89578856e-01
49.41365 2.87647677e-01
49.58470 2.85729261e-01
49.75634 2.83823706e-01
49.92858 2.81930914e-01
50.10141 2.80050785e-01
50.27484 2.78183121e-01
50.44887 2.76328022e-01
50.62350 2.74485389e-01
50.79874 2.72655023e-01
50.97458 2.70836826e-01
51.15104 2.69030897e-01
51.32810 2.67236939e-01
51.50578 2.65455051e-01
51.68407 2.63685134e-01
51.86298 2.61926989e-01
52.04250 2.60180519e-01
52.22265 2.58445822e-01
52.40343 2.56722799e-01
52.58482 2.55011154e-01
52.76685 2.53311083e-01
52.94951 2.51622291e-01
53.13280 2.49944877e-01
53.31672 2.48278641e-01
53.50128 2.46623586e-01
53.68648 2.44979610e-01
53.87232 2.43346617e-01
54.05880 2.41724605e-01
54.24593 2.40113377e-01
54.43371 2.38512932e-01
54.62214 2.36923172e-01
54.81122 2.35344097e-01
55.00095 2.33775608e-01
55.19134 2.32217606e-01
55.38239 2.30669992e-01
55.57410 2.29132766e-01
55.76647 2.27605829e-01
55.95951 2.26089082e-01
56.15322 2.24582525e-01
56.34760 2.23086059e-01
56.54265 2.21599586e-01
56.73838 2.20123006e-01
56.93479 2.18656418e-01
57.13187 2.17199526e-01
57.32964 2.15752428e-01
57.52809 2.14315026e-01
57.72723 2.12887220e-01
57.92705 2.11469011e-01
58.12757 2.10060299e-01
58.32879 2.08660986e-01
58.53070 2.07270973e-01
58.73331 2.05890358e-01
58.93662 2.04518845e-01
59.14063 2.03156632e-01
59.34535 2.01803521e-01
59.55078 2.00459413e-01
59.75692 1.99124307e-01
59.96377 1.97798106e-01
60.17134 1.96480809e-01
60.37963 1.95172316e-01
60.58864 1.93872629e-01
60.79837 1.92581549e-01
61.00883 1.91299175e-01
61.22002 1.90025310e-01
61.43194 1.88759952e-01
61.64459 1.87503103e-01
61.85797 1.86254663e-01
62.07210 1.85014534e-01
62.28697 1.83782715e-01
62.50258 1.82559108e-01
62.71894 1.81343712e-01
62.93605 1.80136428e-01
63.15390 1.78937257e-01
63.37252 1.77746001e-01
63.59189 1.76562758e-01
63.81201 1.75387430e-01
64.03290 1.74219918e-01
64.25456 1.73060222e-01
64.47698 1.71908341e-01
64.70017 1.70764078e-01
64.92414 1.69627433e-01
65.14888 1.68498406e-01
65.37440 1.67376996e-01
65.60070 1.66263007e-01
65.82778 1.65156438e-01
66.05565 1.64057288e-01
66.28430 1.62965460e-01
66.51375 1.61880953e-01
66.74400 1.60803668e-01
66.97504 1.59733605e-01
67.20688 1.58670665e-01
67.43952 1.57614849e-01
67.67297 1.56565957e-01
67.90722 1.55524189e-01
68.14229 1.54489347e-01
68.37817 1.53461429e-01
68.61486 1.52440338e-01
68.85238 1.51425975e-01
69.09072 1.50418537e-01
69.32988 1.49417727e-01
69.56987 1.48423546e-01
69.81069 1.47436093e-01
70.05235 1.46455169e-01
70.29484 1.45480873e-01
70.53817 1.44513008e-01
70.78235 1.43551574e-01
71.02737 1.42596571e-01
71.27323 1.41647998e-01
71.51995 1.40705658e-01
71.76752 1.39769650e-01
72.01595 1.38839874e-01
72.26524 1.37916233e-01
72.51539 1.36998824e-01
72.76641 1.36087450e-01
73.01830 1.35182210e-01
73.27106 1.34283005e-01
73.52469 1.33389736e-01
73.77920 1.32502502e-01
74.03460 1.31621105e-01
74.29087 1.30745643e-01
74.54804 1.29875921e-01
74.80609 1.29012134e-01
75.06504 1.28153986e-01
75.32488 1.27301576e-01
75.58563 1.26454806e-01
75.84727 1.25613774e-01
76.10982 1.24778183e-01
76.37328 1.23948330e-01
76.63766 1.23123918e-01
76.90295 1.22304948e-01
77.16915 1.21491518e-01
77.43628 1.20683431e-01
77.70433 1.19880686e-01
77.97331 1.19083382e-01
78.24322 1.18291322e-01
78.51407 1.17504604e-01
78.78585 1.16723031e-01
79.05857 1.15946701e-01
79.33224 1.15175515e-01
79.60686 1.14409475e-01
79.88242 1.13648479e-01
80.15894 1.12892629e-01
80.43642 1.12141725e-01
80.71486 1.11395866e-01
80.99426 1.10654955e-01
81.27463 1.09918990e-01
81.55596 1.09187872e-01
81.83828 1.08461603e-01
82.12157 1.07740181e-01
82.40584 1.07023607e-01
82.69109 1.06311781e-01
82.97733 1.05604606e-01
83.26457 1.04902179e-01
83.55279 1.04204402e-01
83.84202 1.03511275e-01
84.13225 1.02822798e-01
84.42348 1.02138872e-01
84.71572 1.01459398e-01
85.00897 1.00784574e-01
85.30323 1.00114103e-01
85.59852 9.94481824e-02
85.89482 9.87866251e-02
86.19215 9.81294802e-02
86.49052 9.74766983e-02
86.78991 9.68282497e-02
87.09034 9.61841145e-02
87.39181 9.55442434e-02
87.69432 9.49086264e-02
87.99789 9.42772240e-02
88.30250 9.36500163e-02
88.60816 9.30269738e-02
88.91489 9.24080567e-02
89.22267 9.17932553e-02
89.53153 9.11825299e-02
89.84145 9.05758609e-02
90.15244 8.99732085e-02
90.46451 8.93745629e-02
90.77766 8.87798845e-02
91.09190 8.81891535e-02
91.40722 8.76023305e-02
91.72363 8.70194153e-02
92.04114 8.64403585e-02
92.35975 8.58651403e-02
92.67946 8.52937409e-02
93.00028 8.47261307e-02
93.32221 8.41622800e-02
93.64525 8.36021689e-02
93.96941 8.30457777e-02
94.29469 8.24930669e-02
94.62110 8.19440265e-02
94.94864 8.13986268e-02
95.27731 8.08568382e-02
95.60712 8.03186408e-02
95.93807 7.97840150e-02
96.27017 7.92529310e-02
96.60342 7.87253690e-02
96.93782 7.82012993e-02
97.27338 7.76807022e-02
97.61010 7.71635579e-02
97.94798 7.66498466e-02
98.28704 7.61395286e-02
98.62727 7.56325942e-02
98.96867 7.51290236e-02
99.31126 7.46287870e-02
99.65504 7.41318646e-02
100.00000 7.36382367e-02
