        2000  5.000000 3.700000
0.10000 4.71256913e-03
0.10035 6.16754727e-03
0.10069 5.09301547e-03
0.10104 3.69471393e-02
0.10139 8.33292540e-03
0.10174 1.37581737e-02
0.10210 8.40595847e-03
0.10245 2.27365592e-02
0.10280 1.17596286e-02
0.10316 1.02818782e-02
0.10352 3.68840173e-03
0.10387 1.23854663e-02
0.10423 2.64519660e-02
0.10459 1.02398561e-02
0.10496 1.17563035e-02
0.10532 9.23113493e-03
0.10568 9.27264153e-03
0.10605 1.50781487e-02
0.10642 3.99372573e-02
0.10679 4.87366960e-02
0.10716 4.24925020e-02
0.10753 4.43298480e-02
0.10790 2.83123753e-02
0.10827 2.04786465e-03
0.10865 2.23580196e-02
0.10902 3.40576120e-02
0.10940 7.36726240e-03
0.10978 1.65589134e-02
0.11016 1.70798364e-02
0.11054 1.98869376e-02
0.11092 3.04431067e-02
0.11131 1.83157721e-03
0.11169 1.69754520e-02
0.11208 9.94724773e-03
0.11247 1.13253473e-02
0.11286 7.00780740e-02
0.11325 3.12668007e-03
0.11364 5.12014880e-03
0.11403 4.17541793e-03
0.11443 4.20275107e-03
0.11482 2.35159987e-02
0.11522 3.67910980e-03
0.11562 3.55109227e-03
0.11602 7.83376333e-03
0.11642 3.33077207e-03
0.11682 3.24114820e-03
0.11723 5.84190533e-03
0.11763 5.31279053e-03
0.11804 5.10268480e-03
0.11845 5.66501327e-03
0.11886 1.55769877e-02
0.11927 5.12370080e-03
0.11968 4.32021127e-03
0.12010 2.87268987e-02
0.12051 1.12958953e-02
0.12093 3.06976173e-02
0.12135 1.28255345e-02
0.12177 1.29037870e-02
0.12219 1.29834406e-02
0.12262 1.30653389e-02
0.12304 6.99659640e-03
0.12347 3.87513087e-02
0.12389 3.42915013e-02
0.12432 2.03275632e-03
0.12475 2.34605801e-02
0.12518 5.42470073e-03
0.12562 5.47036860e-03
0.12605 5.35001993e-03
0.12649 6.00832887e-03
0.12693 4.17164147e-03
0.12737 3.05819553e-03
0.12781 3.87528627e-03
0.12825 3.39906667e-03
0.12869 6.04460860e-03
0.12914 6.03158213e-03
0.12959 5.41619320e-03
0.13003 4.35988513e-03
0.13048 4.38770667e-03
0.13094 4.41573540e-03
0.13139 4.44397133e-03
0.13184 4.47241940e-03
0.13230 3.40971773e-03
0.13276 6.89151393e-04
0.13322 6.91405187e-04
0.13368 6.94602233e-04
0.13414 7.02891220e-04
0.13461 7.11625193e-04
0.13507 7.16355273e-04
0.13554 7.20517033e-04
0.13601 7.28339327e-04
0.13648 7.37100680e-04
0.13695 7.42724187e-04
0.13743 7.47482140e-04
0.13790 1.17475740e-03
0.13838 4.89489773e-03
0.13886 4.92698167e-03
0.13934 4.97576247e-03
0.13982 4.93940133e-03
0.14031 4.56342460e-03
0.14079 3.52771073e-03
0.14128 4.59644340e-03
0.14177 4.87439480e-03
0.14226 5.15984487e-03
0.14275 5.19438313e-03
0.14324 5.28337060e-03
0.14374 5.48536100e-03
0.14424 5.48779560e-03
0.14474 5.46781313e-03
0.14524 7.20409733e-03
0.14574 5.04296187e-03
0.14625 3.50531833e-03
0.14675 4.83586300e-03
0.14726 5.00406500e-03
0.14777 4.83422513e-03
0.14828 4.63846553e-03
0.14879 4.41614733e-03
0.14931 4.16792913e-03
0.14983 5.72970653e-03
0.15034 6.27223260e-03
0.15087 6.30682513e-03
0.15139 6.04836040e-03
0.15191 5.32173960e-03
0.15244 5.35683040e-03
0.15297 5.39219500e-03
0.15349 6.47220773e-03
0.15403 6.51674833e-03
0.15456 6.40415240e-03
0.15509 4.35304260e-03
0.15563 5.57323353e-03
0.15617 9.53832127e-04
0.15671 7.26541867e-04
0.15725 5.40459740e-04
0.15780 3.62797333e-04
0.15834 2.08286838e-04
0.15889 5.46179940e-03
0.15944 5.83933753e-03
0.15999 5.87864880e-03
0.16055 6.27749153e-03
0.16110 6.98381660e-03
0.16166 7.01878407e-03
0.16222 6.55842267e-03
0.16278 7.09195280e-03
0.16335 5.36200053e-03
0.16391 2.95404053e-03
0.16448 2.94898387e-03
0.16505 5.41038913e-03
0.16562 6.29025653e-03
0.16619 6.33375620e-03
0.16677 6.37769247e-03
0.16734 6.42207767e-03
0.16792 6.46692413e-03
0.16851 6.51224173e-03
0.16909 6.80296060e-03
0.16967 6.71661247e-03
0.17026 6.69298920e-03
0.17085 6.64796760e-03
0.17144 4.06516040e-03
0.17204 6.48218047e-04
0.17263 6.59961600e-04
0.17323 6.75526267e-04
0.17383 6.92209567e-04
0.17443 7.07211093e-04
0.17503 7.21963980e-04
0.17564 1.03148008e-03
0.17625 5.32228473e-03
0.17686 5.05937753e-03
0.17747 4.77543707e-03
0.17808 4.47031287e-03
0.17870 5.26184893e-03
0.17932 5.02790533e-03
0.17994 4.76092567e-03
0.18056 4.47327533e-03
0.18119 4.16899227e-03
0.18182 3.85362893e-03
0.18244 3.53398100e-03
0.18308 3.21755453e-03
0.18371 2.91175940e-03
0.18435 2.62300400e-03
0.18498 2.35582700e-03
0.18562 2.11233271e-03
0.18627 1.89200018e-03
0.18691 1.69193057e-03
0.18756 1.50744685e-03
0.18821 1.33292525e-03
0.18886 1.16274621e-03
0.18951 9.92278333e-04
0.19017 8.18855880e-04
0.19083 6.42695673e-04
0.19149 4.67654347e-04
0.19215 3.01587000e-04
0.19282 2.71875013e-04
0.19348 5.09723840e-04
0.19415 6.21973700e-04
0.19483 7.16234160e-04
0.19550 7.38024200e-04
0.19618 7.24234547e-04
0.19686 6.57901687e-04
0.19754 3.50463753e-04
0.19822 5.60789267e-04
0.19891 5.23949600e-04
0.19960 4.91878740e-04
0.20029 4.57550633e-04
0.20098 4.42115467e-04
0.20168 4.21239080e-04
0.20237 4.01089127e-04
0.20307 3.32235580e-04
0.20378 1.99370627e-04
0.20448 1.99672301e-04
0.20519 1.99490606e-04
0.20590 2.26862910e-03
0.20661 9.47436060e-04
0.20733 1.98957461e-04
0.20805 2.00576803e-04
0.20877 2.01531131e-04
0.20949 1.59315439e-03
0.21021 5.23416307e-03
0.21094 5.26424407e-03
0.21167 4.90395780e-03
0.21240 7.19187500e-04
0.21314 1.55337149e-03
0.21388 1.99857449e-04
0.21462 1.98915626e-04
0.21536 9.15263327e-04
0.21611 1.96581345e-04
0.21685 1.95286740e-04
0.21760 1.95796945e-04
0.21836 1.95429881e-04
0.21911 1.95891567e-04
0.21987 1.97819785e-04
0.22063 3.77665660e-03
0.22140 5.75027113e-03
0.22216 5.79982400e-03
0.22293 3.02179000e-03
0.22370 2.01721928e-04
0.22448 2.01440876e-04
0.22526 2.02243159e-04
0.22604 2.03658138e-04
0.22682 2.04802227e-04
0.22760 2.04820530e-04
0.22839 2.03537493e-04
0.22918 2.01545142e-04
0.22998 1.99848569e-04
0.23077 1.86373391e-03
0.23157 6.22694460e-03
0.23237 6.26728693e-03
0.23318 6.30878860e-03
0.23398 6.36101533e-03
0.23479 6.50709133e-03
0.23561 6.55117807e-03
0.23642 6.59870333e-03
0.23724 2.03394846e-04
0.23806 2.80153393e-04
0.23889 4.46843820e-04
0.23971 2.88907593e-04
0.24054 2.84570700e-04
0.24137 3.33884547e-03
0.24221 4.23268653e-03
0.24305 2.01634238e-03
0.24389 7.89014147e-04
0.24473 4.33535660e-03
0.24558 3.62112833e-03
0.24643 3.99573853e-03
0.24728 2.51060047e-02
0.24814 3.49430220e-02
0.24900 3.31222767e-02
0.24986 6.25914200e-03
0.25073 2.54567153e-04
0.25159 3.57910373e-02
0.25246 2.02348634e-04
0.25334 2.57546147e-03
0.25422 3.80330400e-02
0.25510 2.17269624e-02
0.25598 4.46185960e-03
0.25687 4.58454667e-03
0.25775 1.58861572e-03
0.25865 2.10809942e-04
0.25954 2.13003376e-04
0.26044 9.30019913e-04
0.26134 1.66501702e-02
0.26225 1.72443581e-02
0.26315 1.51328446e-02
0.26406 6.35642733e-03
0.26498 1.60595096e-03
0.26590 1.03564406e-02
0.26682 2.13010949e-03
0.26774 5.32788653e-03
0.26867 4.85600333e-03
0.26960 4.13068493e-03
0.27053 8.19272993e-03
0.27147 2.71734660e-04
0.27241 1.53886281e-03
0.27335 7.31207567e-03
0.27430 2.90654487e-03
0.27525 3.83755367e-03
0.27620 5.32953427e-04
0.27715 7.70614293e-03
0.27811 2.08220189e-03
0.27908 2.17634987e-03
0.28004 1.95713153e-03
0.28101 1.43397718e-03
0.28198 1.11414745e-03
0.28296 8.04345713e-03
0.28394 8.09954667e-03
0.28492 6.39264540e-03
0.28591 5.12724293e-03
0.28690 6.98692953e-03
0.28789 7.65831920e-03
0.28889 7.51551647e-03
0.28989 6.62893233e-03
0.29089 7.12063273e-03
0.29190 7.16643133e-03
0.29291 7.21369267e-03
0.29392 7.25908427e-03
0.29494 7.30414040e-03
0.29596 2.12786038e-03
0.29699 2.05560900e-04
0.29801 2.07113765e-04
0.29905 2.08916800e-04
0.30008 2.09654876e-04
0.30112 2.09139466e-04
0.30216 2.07514007e-04
0.30321 2.09906476e-04
0.30426 2.07784255e-04
0.30531 2.06114889e-04
0.30637 2.12998492e-04
0.30743 2.13732350e-04
0.30849 2.14602269e-04
0.30956 2.15389309e-04
0.31063 2.20964592e-04
0.31171 2.21106820e-04
0.31279 2.20877124e-04
0.31387 2.20332879e-04
0.31496 3.12547880e-04
0.31605 2.21702594e-04
0.31714 2.21973335e-04
0.31824 2.21697661e-04
0.31934 2.27667759e-04
0.32044 2.27813983e-04
0.32155 2.28210968e-04
0.32267 2.26705142e-04
0.32378 2.29718915e-04
0.32490 2.30561159e-04
0.32603 2.31263986e-04
0.32716 2.31683443e-04
0.32829 2.31791458e-04
0.32943 2.38102721e-04
0.33057 2.37643033e-04
0.33171 2.37038354e-04
0.33286 2.34722425e-04
0.33401 5.01656853e-04
0.33517 8.11061953e-04
0.33633 2.33196373e-04
0.33749 1.28966139e-03
0.33866 7.97661540e-03
0.33983 2.42657791e-04
0.34101 2.43036917e-04
0.34219 2.43298902e-04
0.34337 2.43397840e-04
0.34456 2.43367155e-04
0.34576 2.43099497e-04
0.34695 6.09058727e-03
0.34815 2.42480684e-04
0.34936 2.42003088e-04
0.35057 4.71403680e-03
0.35178 2.50882940e-04
0.35300 1.33383298e-03
0.35422 2.50862960e-04
0.35545 2.51031187e-04
0.35668 2.51294133e-04
0.35791 2.51618253e-04
0.35915 2.51963587e-04
0.36039 2.52284253e-04
0.36164 2.62066313e-04
0.36289 2.62185947e-04
0.36415 2.62243173e-04
0.36541 2.62227140e-04
0.36668 2.62131187e-04
0.36795 2.61975540e-04
0.36922 2.61792267e-04
0.37050 2.61548067e-04
0.37178 2.61109247e-04
0.37307 2.70650313e-04
0.37436 2.70584947e-04
0.37565 2.62806067e-03
0.37695 2.70500833e-04
0.37826 2.70528460e-04
0.37957 2.70626633e-04
0.38088 2.70757120e-04
0.38220 2.70919427e-04
0.38352 2.71100233e-04
0.38485 2.80078407e-04
0.38618 2.80192613e-04
0.38752 2.80287827e-04
0.38886 9.39702567e-04
0.39021 3.21803060e-03
0.39156 2.80565327e-04
0.39291 4.59768413e-02
0.39427 4.68881020e-02
0.39564 4.57791380e-02
0.39701 4.39424333e-02
0.39838 4.50788020e-02
0.39976 4.35715207e-02
0.40115 4.36672767e-02
0.40253 4.22804180e-02
0.40393 4.48017953e-02
0.40533 4.34265793e-02
0.40673 4.47266360e-02
0.40814 3.99593587e-02
0.40955 4.10428667e-02
0.41097 3.89745420e-02
0.41239 4.15885920e-02
0.41382 4.11897813e-02
0.41525 3.92180513e-02
0.41669 4.06378153e-02
0.41813 3.82278080e-02
0.41958 3.75754487e-02
0.42103 4.03332313e-02
0.42249 3.64164853e-02
0.42395 3.62097047e-02
0.42542 3.83366620e-02
0.42689 3.62668820e-02
0.42837 3.75946393e-02
0.42985 3.73651900e-02
0.43134 3.82759327e-02
0.43283 3.67049373e-02
0.43433 3.99148600e-02
0.43583 3.53506880e-02
0.43734 3.42414033e-02
0.43886 3.56946153e-02
0.44037 3.44686080e-02
0.44190 3.45903627e-02
0.44343 3.29547653e-02
0.44496 3.31022720e-02
0.44650 3.39319600e-02
0.44805 3.43172040e-02
0.44960 3.20538647e-02
0.45116 3.45072607e-02
0.45272 3.09211713e-02
0.45429 3.13847320e-02
0.45586 3.26039313e-02
0.45744 3.12742747e-02
0.45902 3.24292173e-02
0.46061 2.95452893e-02
0.46220 3.13166273e-02
0.46380 3.10167300e-02
0.46541 3.06471740e-02
0.46702 3.10703800e-02
0.46864 3.09082460e-02
0.47026 2.95517767e-02
0.47189 2.93372753e-02
0.47352 2.91082947e-02
0.47516 2.74011393e-02
0.47680 2.84206620e-02
0.47845 2.88102720e-02
0.48011 2.74182087e-02
0.48177 2.65553933e-02
0.48344 2.93003493e-02
0.48511 2.59477547e-02
0.48679 2.80878347e-02
0.48848 2.73104893e-02
0.49017 2.76159613e-02
0.49186 2.78431660e-02
0.49357 2.89195947e-02
0.49528 2.76635680e-02
0.49699 2.78727413e-02
0.49871 2.58487673e-02
0.50044 2.51796100e-02
0.50217 2.39032827e-02
0.50391 2.58909967e-02
0.50565 2.39800157e-02
0.50740 2.71857007e-02
0.50916 2.80390193e-02
0.51092 2.48293927e-02
0.51269 2.48972753e-02
0.51446 2.56926027e-02
0.51625 2.49616307e-02
0.51803 2.43745147e-02
0.51983 2.41851610e-02
0.52163 2.54844653e-02
0.52343 2.46431593e-02
0.52524 2.23076848e-02
0.52706 2.30408003e-02
0.52889 2.33448096e-02
0.53072 2.23424377e-02
0.53255 2.46106585e-02
0.53440 2.25288461e-02
0.53625 2.32619074e-02
0.53810 2.32895489e-02
0.53997 2.24582033e-02
0.54183 2.15541847e-02
0.54371 2.29345388e-02
0.54559 2.22787582e-02
0.54748 2.10487129e-02
0.54938 2.25882089e-02
0.55128 2.08515350e-02
0.55319 2.48272960e-02
0.55510 2.22772955e-02
0.55702 2.01081458e-02
0.55895 1.98283321e-02
0.56089 2.06116517e-02
0.56283 1.96588030e-02
0.56478 2.34478645e-02
0.56673 2.01749037e-02
0.56869 1.96252317e-02
0.57066 2.18395485e-02
0.57264 2.06393967e-02
0.57462 1.86565470e-02
0.57661 2.11681588e-02
0.57860 1.93184227e-02
0.58061 2.08265131e-02
0.58262 2.00403051e-02
0.58463 1.86971483e-02
0.58666 2.02430404e-02
0.58869 2.04575047e-02
0.59073 1.94420545e-02
0.59277 1.85415387e-02
0.59482 2.17219329e-02
0.59688 1.88584215e-02
0.59895 1.78617426e-02
0.60102 2.05763019e-02
0.60310 1.80019183e-02
0.60519 2.10175614e-02
0.60728 1.89663998e-02
0.60939 1.95993662e-02
0.61150 1.84691149e-02
0.61361 2.02092668e-02
0.61574 1.84329116e-02
0.61787 1.75263795e-02
0.62001 1.60560760e-02
0.62215 1.68227357e-02
0.62431 1.65525198e-02
0.62647 1.68142800e-02
0.62864 1.68853619e-02
0.63081 1.63196566e-02
0.63300 1.80883528e-02
0.63519 1.77181234e-02
0.63739 1.79415220e-02
0.63959 1.71522405e-02
0.64181 1.74967894e-02
0.64403 1.70867233e-02
0.64626 1.73641863e-02
0.64849 1.66801821e-02
0.65074 1.55045145e-02
0.65299 1.81229897e-02
0.65525 1.52637087e-02
0.65752 1.66552367e-02
0.65980 1.58772476e-02
0.66208 1.56594804e-02
0.66437 1.73640482e-02
0.66667 1.57750487e-02
0.66898 1.46981538e-02
0.67130 1.67937302e-02
0.67362 1.80956714e-02
0.67595 1.50745647e-02
0.67829 1.50283862e-02
0.68064 1.65107443e-02
0.68299 1.37775025e-02
0.68536 1.42474099e-02
0.68773 1.37344987e-02
0.69011 1.35426931e-02
0.69250 1.39894657e-02
0.69490 1.62118164e-02
0.69730 1.50996803e-02
0.69972 1.46384013e-02
0.70214 1.37130189e-02
0.70457 1.46966171e-02
0.70701 1.40719411e-02
0.70946 1.38237254e-02
0.71191 1.35868243e-02
0.71438 1.68098277e-02
0.71685 1.39842462e-02
0.71933 1.36067007e-02
0.72182 1.34047621e-02
0.72432 1.43503612e-02
0.72683 1.52070765e-02
0.72934 1.34332101e-02
0.73187 1.45416783e-02
0.73440 1.41857630e-02
0.73694 1.28848331e-02
0.73949 1.51330296e-02
0.74205 1.29872911e-02
0.74462 1.36640063e-02
0.74720 1.27943558e-02
0.74979 1.34587574e-02
0.75238 1.24774779e-02
0.75499 1.41032703e-02
0.75760 1.23887643e-02
0.76022 1.26295504e-02
0.76285 1.39271281e-02
0.76549 1.27825873e-02
0.76814 1.43500356e-02
0.77080 1.26299475e-02
0.77347 1.32398185e-02
0.77615 1.27839440e-02
0.77884 1.33296101e-02
0.78153 1.30739105e-02
0.78424 1.83707516e-02
0.78695 1.22298197e-02
0.78968 1.21788139e-02
0.79241 1.31864571e-02
0.79515 1.26555466e-02
0.79790 1.19706371e-02
0.80067 1.31370375e-02
0.80344 1.18471953e-02
0.80622 1.24496811e-02
0.80901 1.33757294e-02
0.81181 1.31271831e-02
0.81462 1.28896382e-02
0.81744 1.39866389e-02
0.82027 1.27441542e-02
0.82311 1.49681946e-02
0.82596 1.08529362e-02
0.82882 1.43410101e-02
0.83169 1.26430381e-02
0.83457 1.22135717e-02
0.83745 1.16384363e-02
0.84035 1.34556765e-02
0.84326 1.32401639e-02
0.84618 1.12040218e-02
0.84911 1.21304599e-02
0.85205 1.23692258e-02
0.85500 1.24343655e-02
0.85796 1.17800526e-02
0.86093 1.32772724e-02
0.86391 1.31358584e-02
0.86690 1.42973057e-02
0.86990 1.22309223e-02
0.87291 1.20118502e-02
0.87593 1.17740783e-02
0.87897 1.18633988e-02
0.88201 1.34742505e-02
0.88506 1.08900225e-02
0.88813 1.17817447e-02
0.89120 1.13946581e-02
0.89428 1.28434943e-02
0.89738 1.35764273e-02
0.90049 1.17207367e-02
0.90360 1.21067897e-02
0.90673 1.15793103e-02
0.90987 1.16875896e-02
0.91302 1.32643298e-02
0.91618 1.17677464e-02
0.91935 1.21263307e-02
0.92253 1.30422706e-02
0.92573 1.46982303e-02
0.92893 1.10011237e-02
0.93215 1.12637003e-02
0.93537 1.10352919e-02
0.93861 1.35307150e-02
0.94186 1.35018969e-02
0.94512 9.96336740e-03
0.94839 1.12045127e-02
0.95168 1.10266389e-02
0.95497 1.15247082e-02
0.95828 1.26757190e-02
0.96159 1.07736575e-02
0.96492 9.99352980e-03
0.96826 1.30916311e-02
0.97161 1.07391538e-02
0.97498 1.21892035e-02
0.97835 1.26688543e-02
0.98174 1.05052595e-02
0.98514 1.05993826e-02
0.98855 1.22819527e-02
0.99197 1.02389483e-02
0.99540 1.10683798e-02
0.99885 1.42416108e-02
1.00231 1.13173972e-02
1.00578 9.67007333e-03
1.00926 1.03159453e-02
1.01275 9.93018087e-03
1.01626 1.07464502e-02
1.01978 1.11221827e-02
1.02330 1.29768768e-02
1.02685 1.05061870e-02
1.03040 1.09839261e-02
1.03397 1.12447637e-02
1.03755 1.35224813e-02
1.04114 1.63532181e-02
1.04474 1.28805757e-02
1.04836 1.06039484e-02
1.05199 1.04457635e-02
1.05563 1.21203564e-02
1.05928 1.12415472e-02
1.06295 1.46157548e-02
1.06663 1.02303002e-02
1.07032 1.23269200e-02
1.07403 1.01386635e-02
1.07775 1.26105151e-02
1.08148 1.04181689e-02
1.08522 1.22017564e-02
1.08898 1.14337893e-02
1.09275 1.16980779e-02
1.09653 1.09645973e-02
1.10032 1.11552139e-02
1.10413 9.88699693e-03
1.10796 1.10409529e-02
1.11179 1.06646259e-02
1.11564 1.07288160e-02
1.11950 1.16854041e-02
1.12338 1.47030970e-02
1.12726 1.32977235e-02
1.13117 1.28091287e-02
1.13508 1.20729002e-02
1.13901 1.06864609e-02
1.14295 1.06132280e-02
1.14691 1.26812443e-02
1.15088 1.18981221e-02
1.15487 1.12160665e-02
1.15886 1.11917082e-02
1.16287 1.24825987e-02
1.16690 1.11370222e-02
1.17094 1.13739603e-02
1.17499 1.45380819e-02
1.17906 1.14028499e-02
1.18314 1.09679445e-02
1.18724 1.03880238e-02
1.19135 1.30173548e-02
1.19547 1.05988399e-02
1.19961 1.26975885e-02
1.20376 1.09513143e-02
1.20793 1.33378932e-02
1.21211 1.22936003e-02
1.21630 1.21801953e-02
1.22052 1.25939860e-02
1.22474 1.08204749e-02
1.22898 1.13772336e-02
1.23323 1.18703721e-02
1.23750 1.50160677e-02
1.24179 1.17486421e-02
1.24609 1.15791105e-02
1.25040 1.03811911e-02
1.25473 1.24572167e-02
1.25907 1.63497351e-02
1.26343 1.16350373e-02
1.26780 1.22015443e-02
1.27219 1.27964204e-02
1.27659 1.21318733e-02
1.28101 1.25114119e-02
1.28545 1.28200363e-02
1.28990 1.31130097e-02
1.29436 1.51619784e-02
1.29884 1.24703345e-02
1.30334 1.22601671e-02
1.30785 1.25376251e-02
1.31238 1.27621831e-02
1.31692 1.28421919e-02
1.32148 1.20845231e-02
1.32605 1.31598443e-02
1.33064 1.42414184e-02
1.33525 1.68051139e-02
1.33987 1.23229684e-02
1.34451 1.28635976e-02
1.34916 1.71561748e-02
1.35383 1.23011187e-02
1.35852 1.35836299e-02
1.36322 2.03163325e-02
1.36794 1.39903265e-02
1.37268 1.40831176e-02
1.37743 1.60219768e-02
1.38220 1.25382048e-02
1.38698 1.35882475e-02
1.39178 1.54201718e-02
1.39660 1.79018950e-02
1.40144 1.42531351e-02
1.40629 1.34858414e-02
1.41115 1.35944265e-02
1.41604 1.37198664e-02
1.42094 1.43469350e-02
1.42586 1.57763683e-02
1.43080 1.56174657e-02
1.43575 1.35093043e-02
1.44072 1.66252569e-02
1.44571 1.52066473e-02
1.45071 1.82882169e-02
1.45573 1.67806149e-02
1.46077 1.80016544e-02
1.46583 1.51153510e-02
1.47090 1.71404350e-02
1.47599 1.39528283e-02
1.48110 1.95052209e-02
1.48623 1.52768437e-02
1.49137 2.08663819e-02
1.49654 1.82191133e-02
1.50172 1.42360879e-02
1.50692 1.48958004e-02
1.51213 1.54858073e-02
1.51737 1.89759655e-02
1.52262 1.52097651e-02
1.52789 1.83254093e-02
1.53318 1.61020769e-02
1.53849 1.55883195e-02
1.54381 2.07020353e-02
1.54916 1.88517146e-02
1.55452 1.56343599e-02
1.55990 1.57215393e-02
1.56530 1.87524239e-02
1.57072 1.71555655e-02
1.57615 1.51593391e-02
1.58161 1.62741984e-02
1.58709 1.75232148e-02
1.59258 1.98039565e-02
1.59809 1.82849955e-02
1.60362 1.52199697e-02
1.60918 2.21403659e-02
1.61475 1.73437475e-02
1.62034 1.86379138e-02
1.62594 1.87413757e-02
1.63157 1.75813023e-02
1.63722 1.67225767e-02
1.64289 1.69181612e-02
1.64857 2.02911379e-02
1.65428 1.70094254e-02
1.66001 2.08149815e-02
1.66575 1.66446498e-02
1.67152 1.93579289e-02
1.67731 1.93110671e-02
1.68311 2.05814029e-02
1.68894 1.76626579e-02
1.69478 1.91280873e-02
1.70065 1.89026907e-02
1.70654 1.97341005e-02
1.71245 1.99171839e-02
1.71837 2.12083704e-02
1.72432 1.74754182e-02
1.73029 1.89420785e-02
1.73628 2.65438247e-02
1.74229 2.01951525e-02
1.74832 1.75721140e-02
1.75437 2.12713197e-02
1.76045 1.88645363e-02
1.76654 2.34908338e-02
1.77266 2.12060172e-02
1.77879 1.93153616e-02
1.78495 1.78116717e-02
1.79113 2.24671326e-02
1.79733 2.24583513e-02
1.80355 2.07618421e-02
1.80979 2.02519821e-02
1.81606 2.14791882e-02
1.82234 2.17555757e-02
1.82865 2.16646396e-02
1.83498 2.15935478e-02
1.84133 2.10407135e-02
1.84771 2.32933204e-02
1.85410 2.06305759e-02
1.86052 2.07265342e-02
1.86696 2.40258168e-02
1.87342 2.29482806e-02
1.87991 2.39132110e-02
1.88642 2.09659538e-02
1.89295 2.04591648e-02
1.89950 2.24340151e-02
1.90607 2.58975580e-02
1.91267 2.32519223e-02
1.91929 2.36372403e-02
1.92594 2.15305911e-02
1.93260 2.17361359e-02
1.93929 2.40747037e-02
1.94601 2.69852840e-02
1.95274 2.31303231e-02
1.95950 2.19080700e-02
1.96629 2.49137527e-02
1.97309 2.53743287e-02
1.97992 2.86883200e-02
1.98678 2.47929353e-02
1.99365 2.20887385e-02
2.00055 2.27360387e-02
2.00748 2.44889359e-02
2.01443 2.45459505e-02
2.02140 2.93550600e-02
2.02840 2.48671080e-02
2.03542 2.51041793e-02
2.04247 2.47978440e-02
2.04954 2.56691200e-02
2.05663 2.68190800e-02
2.06375 2.77311547e-02
2.07090 2.63887207e-02
2.07806 2.59621107e-02
2.08526 2.95162320e-02
2.09247 2.71366387e-02
2.09972 2.97365547e-02
2.10699 2.86530713e-02
2.11428 2.68008020e-02
2.12160 2.64962920e-02
2.12894 2.68010487e-02
2.13631 2.93582913e-02
2.14371 3.01540627e-02
2.15113 2.75586360e-02
2.15857 2.96663040e-02
2.16605 2.87894040e-02
2.17354 3.42538353e-02
2.18107 2.81197533e-02
2.18862 2.86397267e-02
2.19619 2.96211147e-02
2.20380 2.91080480e-02
2.21143 2.80952347e-02
2.21908 3.32099913e-02
2.22676 3.62654020e-02
2.23447 3.56121547e-02
2.24220 3.04575120e-02
2.24997 3.18650413e-02
2.25775 3.12619660e-02
2.26557 3.66805913e-02
2.27341 3.19275220e-02
2.28128 3.69985447e-02
2.28918 2.95072533e-02
2.29710 3.51214360e-02
2.30505 3.50623840e-02
2.31303 3.12337473e-02
2.32104 3.59047260e-02
2.32908 3.15115433e-02
2.33714 4.18821500e-02
2.34523 3.76731533e-02
2.35335 3.47549633e-02
2.36149 3.15085340e-02
2.36967 3.52681533e-02
2.37787 4.54016147e-02
2.38610 3.70327820e-02
2.39436 3.78458693e-02
2.40265 3.22596833e-02
2.41097 3.63838513e-02
2.41931 4.25808333e-02
2.42769 4.18944340e-02
2.43609 3.80629853e-02
2.44452 3.34336193e-02
2.45298 4.75285720e-02
2.46148 3.38412607e-02
2.47000 3.75825033e-02
2.47855 5.40268820e-02
2.48713 4.71150847e-02
2.49574 4.74932493e-02
2.50438 3.84609573e-02
2.51304 4.05178120e-02
2.52174 4.30747587e-02
2.53047 4.09139093e-02
2.53923 4.65138840e-02
2.54802 4.27837907e-02
2.55684 4.58368087e-02
2.56569 4.60093767e-02
2.57457 4.66420027e-02
2.58349 4.79981267e-02
2.59243 5.47729500e-02
2.60140 4.51055160e-02
2.61041 4.41936880e-02
2.61944 4.96654207e-02
2.62851 5.44334873e-02
2.63761 5.77878827e-02
2.64674 4.38877967e-02
2.65590 5.03023387e-02
2.66510 4.66225900e-02
2.67432 5.10704587e-02
2.68358 5.48246020e-02
2.69287 4.48621300e-02
2.70219 5.04245620e-02
2.71154 5.42170867e-02
2.72093 5.10673260e-02
2.73035 5.65286987e-02
2.73980 4.78896673e-02
2.74928 5.66755147e-02
2.75880 5.03402020e-02
2.76835 5.94438300e-02
2.77793 5.78102553e-02
2.78755 5.55652680e-02
2.79720 5.51081207e-02
2.80688 4.68062580e-02
2.81660 5.56405753e-02
2.82635 7.38571553e-02
2.83613 6.21336067e-02
2.84595 5.58717513e-02
2.85580 5.89569347e-02
2.86569 5.48067927e-02
2.87561 6.10494327e-02
2.88556 6.27349307e-02
2.89555 6.91944400e-02
2.90557 5.92082140e-02
2.91563 7.05797693e-02
2.92572 6.49826313e-02
2.93585 5.98405440e-02
2.94601 6.51077653e-02
2.95621 6.10902313e-02
2.96644 6.59114053e-02
2.97671 7.53810373e-02
2.98702 7.19438607e-02
2.99736 6.96424853e-02
3.00773 6.65089553e-02
3.01814 6.51731567e-02
3.02859 6.01283300e-02
3.03907 6.59089140e-02
3.04960 9.59742013e-02
3.06015 8.37636587e-02
3.07074 7.00947980e-02
3.08137 6.27487933e-02
3.09204 6.12709887e-02
3.10274 7.84942667e-02
3.11348 7.92581440e-02
3.12426 8.38284580e-02
3.13508 7.84654313e-02
3.14593 7.35465280e-02
3.15682 7.25135373e-02
3.16775 8.10494127e-02
3.17871 8.35109240e-02
3.18972 8.58666400e-02
3.20076 7.53909533e-02
3.21184 8.09435433e-02
3.22295 8.22225100e-02
3.23411 8.44914980e-02
3.24531 9.37762287e-02
3.25654 7.90186060e-02
3.26781 7.37511133e-02
3.27912 8.22448333e-02
3.29047 8.82667560e-02
3.30187 1.04512913e-01
3.31330 8.73885240e-02
3.32476 9.17960380e-02
3.33627 8.51824853e-02
3.34782 8.51901073e-02
3.35941 9.18321500e-02
3.37104 9.48415820e-02
3.38271 9.75502533e-02
3.39442 8.98256400e-02
3.40617 9.85411627e-02
3.41796 9.66855387e-02
3.42979 8.65959100e-02
3.44166 8.92528060e-02
3.45358 1.04599987e-01
3.46553 1.08350849e-01
3.47753 9.42978793e-02
3.48957 9.47124520e-02
3.50164 9.78338953e-02
3.51377 9.88313907e-02
3.52593 1.10383999e-01
3.53814 1.16134441e-01
3.55038 9.90190053e-02
3.56267 9.64721227e-02
3.57500 1.05242923e-01
3.58738 1.06496829e-01
3.59980 1.09347161e-01
3.61226 1.11233347e-01
3.62476 1.11280213e-01
3.63731 1.06254873e-01
3.64990 1.10186074e-01
3.66254 1.14107729e-01
3.67521 1.10113899e-01
3.68794 1.14153239e-01
3.70070 1.15488495e-01
3.71351 1.19473863e-01
3.72637 1.17038671e-01
3.73927 1.11904773e-01
3.75221 1.07746195e-01
3.76520 1.12036345e-01
3.77823 1.22073385e-01
3.79131 1.29107800e-01
3.80443 1.28764391e-01
3.81760 1.19267033e-01
3.83082 1.16276397e-01
3.84408 1.20225062e-01
3.85739 1.30267627e-01
3.87074 1.39251720e-01
3.88414 1.35713854e-01
3.89758 1.27307898e-01
3.91107 1.22785289e-01
3.92461 1.22207991e-01
3.93820 1.27166015e-01
3.95183 1.38269173e-01
3.96551 1.42564552e-01
3.97924 1.33192748e-01
3.99301 1.26892018e-01
4.00683 1.27790353e-01
4.02070 1.33671997e-01
4.03462 1.40513321e-01
4.04859 1.45142539e-01
4.06260 1.42951671e-01
4.07667 1.38582982e-01
4.09078 1.38816501e-01
4.10494 1.41356675e-01
4.11915 1.44432781e-01
4.13341 1.49239179e-01
4.14771 1.52169086e-01
4.16207 1.50939477e-01
4.17648 1.50079869e-01
4.19094 1.50297577e-01
4.20545 1.50620340e-01
4.22000 1.51896791e-01
4.23461 1.54211955e-01
4.24927 1.56131786e-01
4.26398 1.57005134e-01
4.27874 1.57563735e-01
4.29355 1.57284459e-01
4.30841 1.57376367e-01
4.32332 1.58919563e-01
4.33829 1.61209444e-01
4.35331 1.63461190e-01
4.36838 1.65444612e-01
4.38350 1.65863748e-01
4.39867 1.64956508e-01
4.41390 1.64897111e-01
4.42918 1.66061846e-01
4.44451 1.68068849e-01
4.45990 1.70625130e-01
4.47533 1.72079871e-01
4.49083 1.72297629e-01
4.50637 1.72834499e-01
4.52197 1.74864368e-01
4.53762 1.78232453e-01
4.55333 1.81831912e-01
4.56909 1.84333235e-01
4.58491 1.85273504e-01
4.60078 1.85779516e-01
4.61670 1.86941883e-01
4.63269 1.89031199e-01
4.64872 1.91288397e-01
4.66481 1.92476121e-01
4.68096 1.92416354e-01
4.69717 1.92193959e-01
4.71343 1.92866077e-01
4.72974 1.94387467e-01
4.74611 1.95944131e-01
4.76254 1.96784253e-01
4.77903 1.97057905e-01
4.79557 1.97580321e-01
4.81217 1.98770660e-01
4.82883 2.00660965e-01
4.84555 2.02757879e-01
4.86232 2.04443919e-01
4.87915 2.05841853e-01
4.89604 2.07309594e-01
4.91299 2.08922769e-01
4.92999 2.10821560e-01
4.94706 2.13171751e-01
4.96418 2.15680301e-01
4.98137 2.17937005e-01
4.99861 2.19948473e-01
5.01591 2.21995560e-01
5.03328 2.24248293e-01
5.05070 2.26490591e-01
5.06818 2.28591797e-01
5.08573 2.30512245e-01
5.10333 2.32064296e-01
5.12100 2.33320915e-01
5.13873 2.34591396e-01
5.15651 2.36042166e-01
5.17436 2.37563877e-01
5.19228 2.39058924e-01
5.21025 2.40429009e-01
5.22828 2.41653142e-01
5.24638 2.42940594e-01
5.26454 2.44524268e-01
5.28277 2.46232607e-01
5.30105 2.47879773e-01
5.31940 2.49484093e-01
5.33782 2.51082740e-01
5.35629 2.52725293e-01
5.37484 2.54484767e-01
5.39344 2.56340687e-01
5.41211 2.58247667e-01
5.43084 2.60161553e-01
5.44965 2.62189893e-01
5.46851 2.64331947e-01
5.48744 2.66449827e-01
5.50643 2.68609640e-01
5.52550 2.70989233e-01
5.54462 2.73566160e-01
5.56381 2.76210180e-01
5.58308 2.78914140e-01
5.60240 2.81750807e-01
5.62179 2.84708833e-01
5.64125 2.87669573e-01
5.66078 2.90579500e-01
5.68038 2.93428747e-01
5.70004 2.96166993e-01
5.71977 2.98793007e-01
5.73957 3.01418280e-01
5.75944 3.03938227e-01
5.77938 3.06245053e-01
5.79938 3.08383653e-01
5.81946 3.10481060e-01
5.83960 3.12583400e-01
5.85982 3.14608287e-01
5.88010 3.16530807e-01
5.90045 3.18420027e-01
5.92088 3.20316893e-01
5.94137 3.22221900e-01
5.96194 3.24162427e-01
5.98258 3.26148587e-01
6.00329 3.28218613e-01
6.02407 3.30413700e-01
6.04492 3.32691913e-01
6.06585 3.35058187e-01
6.08684 3.37528800e-01
6.10791 3.40041840e-01
6.12906 3.42644173e-01
6.15027 3.45417447e-01
6.17156 3.48396193e-01
6.19293 3.51496300e-01
6.21436 3.54752547e-01
6.23588 3.58121767e-01
6.25746 3.61612593e-01
6.27912 3.65207020e-01
6.30086 3.68885067e-01
6.32267 3.72637113e-01
6.34455 3.76435287e-01
6.36652 3.80260347e-01
6.38856 3.84090833e-01
6.41067 3.87979287e-01
6.43286 3.91953333e-01
6.45513 3.95880760e-01
6.47747 3.99651060e-01
6.49990 4.03344400e-01
6.52240 4.07028860e-01
6.54497 4.10723187e-01
6.56763 4.14350173e-01
6.59037 4.17905627e-01
6.61318 4.21407307e-01
6.63607 4.24903313e-01
6.65904 4.28421520e-01
6.68209 4.31918760e-01
6.70522 4.35462867e-01
6.72843 4.39017333e-01
6.75172 4.42578213e-01
6.77510 4.46146493e-01
6.79855 4.49745113e-01
6.82208 4.53470520e-01
6.84570 4.57281520e-01
6.86939 4.61150980e-01
6.89317 4.65113927e-01
6.91704 4.69145940e-01
6.94098 4.73303507e-01
6.96500 4.77606360e-01
6.98911 4.81995300e-01
7.01331 4.86528540e-01
7.03759 4.91171300e-01
7.06195 4.95921113e-01
7.08639 5.00885527e-01
7.11092 5.05948607e-01
7.13554 5.11139953e-01
7.16024 5.16479793e-01
7.18502 5.21910407e-01
7.20990 5.27508260e-01
7.23485 5.33233640e-01
7.25990 5.39031540e-01
7.28503 5.45033927e-01
7.31025 5.51114507e-01
7.33555 5.57249600e-01
7.36094 5.63512960e-01
7.38642 5.69806167e-01
7.41199 5.76160547e-01
7.43765 5.82647140e-01
7.46340 5.89143353e-01
7.48923 5.95722693e-01
7.51516 6.02419940e-01
7.54117 6.09117927e-01
7.56727 6.15891147e-01
7.59347 6.22733433e-01
7.61975 6.29578927e-01
7.64613 6.36571927e-01
7.67260 6.43663100e-01
7.69916 6.50771540e-01
7.72581 6.58029213e-01
7.75255 6.65375440e-01
7.77939 6.72759160e-01
7.80632 6.80459600e-01
7.83334 6.88322100e-01
7.86046 6.96248240e-01
7.88767 7.04470133e-01
7.91497 7.12858773e-01
7.94237 7.21334733e-01
7.96986 7.30107927e-01
7.99745 7.39071300e-01
8.02513 7.48139753e-01
8.05291 7.57559213e-01
8.08079 7.67232247e-01
8.10876 7.77021460e-01
8.13683 7.87154527e-01
8.16500 7.97597653e-01
8.19326 8.08159427e-01
8.22162 8.19018187e-01
8.25008 8.30244480e-01
8.27864 8.41584240e-01
8.30730 8.53174613e-01
8.33605 8.65278547e-01
8.36491 8.77486327e-01
8.39386 8.89830513e-01
8.42292 9.02806907e-01
8.45208 9.15876787e-01
8.48133 9.29034233e-01
8.51069 9.42800453e-01
8.54016 9.56753400e-01
8.56972 9.70784787e-01
8.59938 9.85358100e-01
8.62915 1.00036037e+00
8.65902 1.01543565e+00
8.68899 1.03085157e+00
8.71907 1.04708742e+00
8.74925 1.06339110e+00
8.77954 1.07975669e+00
8.80993 1.09702558e+00
8.84043 1.11441953e+00
8.87103 1.13186182e+00
8.90174 1.14987638e+00
8.93255 1.16837194e+00
8.96347 1.18689143e+00
8.99450 1.20555102e+00
9.02563 1.22512451e+00
9.05688 1.24468222e+00
9.08823 1.26420959e+00
9.11969 1.28435337e+00
9.15126 1.30476652e+00
9.18294 1.32508618e+00
9.21472 1.34543347e+00
9.24662 1.36639347e+00
9.27863 1.38717933e+00
9.31075 1.40776811e+00
9.34298 1.42856778e+00
9.37532 1.44938053e+00
9.40777 1.46989949e+00
9.44034 1.49021175e+00
9.47302 1.51590653e+00
9.50581 1.54094048e+00
9.53871 1.56526329e+00
9.57173 1.58659231e+00
9.60487 1.60378227e+00
9.63811 1.62052896e+00
9.67148 1.63681661e+00
9.70495 1.65071134e+00
9.73855 1.66344181e+00
9.77226 1.67584371e+00
9.80609 1.68790966e+00
9.84003 1.69769616e+00
9.87409 1.70718839e+00
9.90827 1.71644159e+00
9.94257 1.72505273e+00
9.97699 1.73180893e+00
10.01153 1.73841392e+00
10.04618 1.74486524e+00
10.08096 1.75055633e+00
10.11585 1.75508489e+00
10.15087 1.75952489e+00
10.18601 1.76387535e+00
10.22127 1.76775245e+00
10.25665 1.77114782e+00
10.29215 1.77447190e+00
10.32778 1.77772371e+00
10.36353 1.78051770e+00
10.39941 1.78293849e+00
10.43540 1.78529983e+00
10.47153 1.78760098e+00
10.50777 1.78901660e+00
10.54415 1.78975635e+00
10.58065 1.79045590e+00
10.61727 1.79111475e+00
10.65403 1.79129407e+00
10.69091 1.79103335e+00
10.72791 1.79073069e+00
10.76505 1.79038560e+00
10.80231 1.78949316e+00
10.83971 1.78786467e+00
10.87723 1.78618092e+00
10.91488 1.78444143e+00
10.95266 1.78229444e+00
10.99058 1.77910257e+00
11.02862 1.77582240e+00
11.06680 1.77245367e+00
11.10511 1.76898751e+00
11.14355 1.76525421e+00
11.18212 1.76142471e+00
11.22083 1.75749852e+00
11.25967 1.75347588e+00
11.29865 1.74899222e+00
11.33776 1.74428459e+00
11.37701 1.73946275e+00
11.41639 1.73452719e+00
11.45591 1.72890467e+00
11.49556 1.72234013e+00
11.53536 1.71561255e+00
11.57529 1.70872413e+00
11.61536 1.70166774e+00
11.65556 1.69335261e+00
11.69591 1.68483570e+00
11.73640 1.67612097e+00
11.77702 1.66721186e+00
11.81779 1.65624210e+00
11.85870 1.64329851e+00
11.89975 1.63002883e+00
11.94094 1.61644317e+00
11.98227 1.60255214e+00
12.02375 1.58212395e+00
12.06537 1.56094761e+00
12.10714 1.53919605e+00
12.14905 1.51690133e+00
12.19110 1.49266658e+00
12.23330 1.46517385e+00
12.27565 1.43703289e+00
12.31814 1.40833371e+00
12.36078 1.37917081e+00
12.40357 1.35415856e+00
12.44651 1.33137001e+00
12.48959 1.30850796e+00
12.53283 1.28561631e+00
12.57621 1.26273131e+00
12.61974 1.24408331e+00
12.66343 1.22607393e+00
12.70726 1.20811882e+00
12.75125 1.19020441e+00
12.79539 1.17247499e+00
12.83968 1.16157134e+00
12.88413 1.15061613e+00
12.92873 1.13958643e+00
12.97348 1.12846374e+00
13.01839 1.11834671e+00
13.06345 1.12027712e+00
13.10867 1.12213674e+00
13.15405 1.12393272e+00
13.19959 1.12567517e+00
13.24528 1.12736731e+00
13.29113 1.12890922e+00
13.33713 1.13043140e+00
13.38330 1.13194248e+00
13.42963 1.13345159e+00
13.47612 1.13496711e+00
13.52277 1.14074601e+00
13.56958 1.14681229e+00
13.61655 1.15292617e+00
13.66368 1.15909160e+00
13.71098 1.16531229e+00
13.75844 1.17062401e+00
13.80607 1.17565009e+00
13.85386 1.18073216e+00
13.90182 1.18587171e+00
13.94994 1.19107021e+00
13.99823 1.19813079e+00
14.04668 1.20757097e+00
14.09531 1.21709033e+00
14.14410 1.22668715e+00
14.19306 1.23636067e+00
14.24219 1.24612547e+00
14.29149 1.25635868e+00
14.34096 1.26665997e+00
14.39060 1.27702811e+00
14.44042 1.28746088e+00
14.49041 1.29795704e+00
14.54057 1.30843100e+00
14.59090 1.31888449e+00
14.64141 1.32938558e+00
14.69209 1.33993280e+00
14.74295 1.35052516e+00
14.79398 1.36116069e+00
14.84519 1.37311021e+00
14.89658 1.38519317e+00
14.94814 1.39730623e+00
14.99989 1.40944741e+00
15.05181 1.42161449e+00
15.10392 1.43386815e+00
15.15620 1.44638180e+00
15.20866 1.45890729e+00
15.26131 1.47144215e+00
15.31414 1.48398367e+00
15.36715 1.49652913e+00
15.42034 1.50911678e+00
15.47372 1.52176264e+00
15.52729 1.53438926e+00
15.58103 1.54699417e+00
15.63497 1.55957417e+00
15.68909 1.57212679e+00
15.74340 1.58474330e+00
15.79790 1.59745329e+00
15.85258 1.61011987e+00
15.90746 1.62274057e+00
15.96252 1.63531268e+00
16.01778 1.64783323e+00
16.07323 1.65964166e+00
16.12886 1.67009663e+00
16.18470 1.68050473e+00
16.24072 1.69086423e+00
16.29694 1.70117317e+00
16.35335 1.71142982e+00
16.40996 1.72151873e+00
16.46677 1.73075541e+00
16.52377 1.73994794e+00
16.58097 1.74909483e+00
16.63836 1.75819437e+00
16.69596 1.76724555e+00
16.75375 1.77624617e+00
16.81175 1.78288175e+00
16.86994 1.78883357e+00
16.92834 1.79477109e+00
16.98694 1.80069380e+00
17.04574 1.80660097e+00
17.10474 1.81249162e+00
17.16395 1.81839534e+00
17.22337 1.82435579e+00
17.28299 1.83029676e+00
17.34281 1.83621701e+00
17.40285 1.84211579e+00
17.46309 1.84799213e+00
17.52354 1.85384504e+00
17.58420 1.85873471e+00
17.64507 1.86309701e+00
17.70615 1.86744279e+00
17.76744 1.87177129e+00
17.82894 1.87608155e+00
17.89066 1.88037281e+00
17.95259 1.88464384e+00
18.01473 1.88824221e+00
18.07709 1.89171454e+00
18.13967 1.89517305e+00
18.20246 1.89861677e+00
18.26547 1.90204519e+00
18.32870 1.90545782e+00
18.39214 1.90885368e+00
18.45581 1.91134822e+00
18.51969 1.91372584e+00
18.58380 1.91609039e+00
18.64813 1.91844087e+00
18.71268 1.92077730e+00
18.77746 1.92309917e+00
18.84246 1.92540625e+00
18.90768 1.92752906e+00
18.97313 1.92958749e+00
19.03881 1.93163335e+00
19.10472 1.93366662e+00
19.17085 1.93568731e+00
19.23721 1.93769518e+00
19.30380 1.93968997e+00
19.37062 1.94185743e+00
19.43768 1.94423259e+00
19.50496 1.94659491e+00
19.57248 1.94894417e+00
19.64023 1.95128010e+00
19.70822 1.95360271e+00
19.77644 1.95591225e+00
19.84490 1.95820847e+00
19.91359 1.96059645e+00
19.98252 1.96297457e+00
20.05169 1.96533813e+00
20.12110 1.96768763e+00
20.19076 1.97002257e+00
20.26065 1.97234346e+00
20.33078 1.97465029e+00
20.40116 1.97692850e+00
20.47178 1.97915047e+00
20.54264 1.98135814e+00
20.61375 1.98355125e+00
20.68511 1.98573055e+00
20.75671 1.98789579e+00
20.82856 1.99004722e+00
20.90066 1.99218557e+00
20.97301 1.99447020e+00
21.04561 1.99703455e+00
21.11846 1.99958039e+00
21.19157 2.00210799e+00
21.26492 2.00461733e+00
21.33853 2.00710891e+00
21.41240 2.00958273e+00
21.48652 2.01203953e+00
21.56090 2.01442011e+00
21.63553 2.01657129e+00
21.71043 2.01870249e+00
21.78558 2.02081420e+00
21.86099 2.02290692e+00
21.93666 2.02498114e+00
22.01260 2.02703711e+00
22.08880 2.02907556e+00
22.16526 2.03109699e+00
22.24199 2.03199042e+00
22.31898 2.03269219e+00
22.39624 2.03339617e+00
22.47377 2.03410337e+00
22.55156 2.03481451e+00
22.62962 2.03553083e+00
22.70796 2.03625307e+00
22.78656 2.03698221e+00
22.86544 2.03753179e+00
22.94459 2.03749454e+00
23.02402 2.03747530e+00
23.10372 2.03747481e+00
23.18369 2.03749479e+00
23.26394 2.03753549e+00
23.34447 2.03759863e+00
23.42528 2.03768472e+00
23.50637 2.03779473e+00
23.58774 2.03752932e+00
23.66939 2.03657299e+00
23.75133 2.03564577e+00
23.83354 2.03474815e+00
23.91604 2.03388137e+00
23.99883 2.03304665e+00
24.08191 2.03224498e+00
24.16527 2.03147711e+00
24.24892 2.03074401e+00
24.33286 2.02992557e+00
24.41709 2.02864019e+00
24.50161 2.02737627e+00
24.58642 2.02613431e+00
24.67153 2.02491479e+00
24.75693 2.02371870e+00
24.84263 2.02254580e+00
24.92863 2.02139707e+00
25.01492 2.02027252e+00
25.10151 2.01917288e+00
25.18840 2.01765465e+00
25.27559 2.01598595e+00
25.36309 2.01432243e+00
25.45088 2.01266359e+00
25.53898 2.01100871e+00
25.62739 2.00935777e+00
25.71610 2.00770954e+00
25.80512 2.00606378e+00
25.89444 2.00441925e+00
25.98408 2.00277522e+00
26.07403 2.00082285e+00
26.16428 1.99883398e+00
26.25485 1.99682044e+00
26.34574 1.99477952e+00
26.43694 1.99270900e+00
26.52845 1.99060666e+00
26.62028 1.98847028e+00
26.71243 1.98629665e+00
26.80489 1.98408307e+00
26.89768 1.98182730e+00
26.99079 1.97915960e+00
27.08422 1.97634217e+00
27.17798 1.97344088e+00
27.27205 1.97045153e+00
27.36646 1.96736943e+00
27.46119 1.96419014e+00
27.55625 1.96090898e+00
27.65164 1.95752175e+00
27.74736 1.95402328e+00
27.84341 1.95040937e+00
27.93979 1.94662624e+00
28.03650 1.94261322e+00
28.13355 1.93845245e+00
28.23094 1.93413899e+00
28.32867 1.92966815e+00
28.42673 1.92503526e+00
28.52513 1.92023587e+00
28.62387 1.91526553e+00
28.72295 1.91012007e+00
28.82238 1.90479552e+00
28.92215 1.89928795e+00
29.02227 1.89355073e+00
29.12273 1.88756610e+00
29.22354 1.88137921e+00
29.32470 1.87498733e+00
29.42621 1.86838801e+00
29.52807 1.86157927e+00
29.63029 1.85455988e+00
29.73286 1.84732811e+00
29.83578 1.83988297e+00
29.93906 1.83222421e+00
30.04269 1.82435111e+00
30.14669 1.81625107e+00
30.25104 1.80786391e+00
30.35576 1.79926067e+00
30.46084 1.79044332e+00
30.56628 1.78141384e+00
30.67209 1.77217445e+00
30.77826 1.76272810e+00
30.88481 1.75307801e+00
30.99172 1.74322737e+00
31.09900 1.73318064e+00
31.20665 1.72294151e+00
31.31467 1.71251441e+00
31.42307 1.70194129e+00
31.53184 1.69125347e+00
31.64099 1.68039792e+00
31.75052 1.66938129e+00
31.86043 1.65820902e+00
31.97072 1.64688776e+00
32.08139 1.63542368e+00
32.19244 1.62382344e+00
32.30388 1.61209395e+00
32.41570 1.60024161e+00
32.52791 1.58827359e+00
32.64051 1.57619655e+00
32.75349 1.56412493e+00
32.86687 1.55277678e+00
32.98064 1.54135093e+00
33.09481 1.52985380e+00
33.20937 1.51829105e+00
33.32433 1.50666886e+00
33.43968 1.49499363e+00
33.55544 1.48327055e+00
33.67159 1.47150603e+00
33.78815 1.45970525e+00
33.90511 1.44787438e+00
34.02247 1.43601884e+00
34.14024 1.42414357e+00
34.25842 1.41226903e+00
34.37701 1.40041719e+00
34.49601 1.38855845e+00
34.61542 1.37669797e+00
34.73525 1.36484046e+00
34.85549 1.35299035e+00
34.97614 1.34115257e+00
35.09721 1.32933082e+00
35.21871 1.31752955e+00
35.34062 1.30575294e+00
35.46295 1.29400470e+00
35.58571 1.28228877e+00
35.70889 1.27060837e+00
35.83250 1.25896743e+00
35.95654 1.24739358e+00
36.08101 1.23587005e+00
36.20590 1.22439759e+00
36.33123 1.21297865e+00
36.45700 1.20161595e+00
36.58320 1.19031195e+00
36.70983 1.17906938e+00
36.83691 1.16789045e+00
36.96442 1.15677713e+00
37.09238 1.14573139e+00
37.22077 1.13475522e+00
37.34962 1.12385033e+00
37.47890 1.11301846e+00
37.60864 1.10226108e+00
37.73883 1.09181697e+00
37.86946 1.08149347e+00
38.00055 1.07124817e+00
38.13209 1.06108156e+00
38.26409 1.05099511e+00
38.39654 1.04098908e+00
38.52946 1.03106420e+00
38.66283 1.02122121e+00
38.79667 1.01146061e+00
38.93096 1.00178265e+00
39.06573 9.92188053e-01
39.20096 9.82676587e-01
39.33665 9.73248987e-01
39.47282 9.63905007e-01
39.60946 9.54673507e-01
39.74657 9.45892420e-01
39.88416 9.37187553e-01
40.02222 9.28558907e-01
40.16076 9.20006480e-01
40.29978 9.11530027e-01
40.43928 9.03129547e-01
40.57926 8.94804793e-01
40.71973 8.86555767e-01
40.86069 8.78381727e-01
41.00213 8.70283167e-01
41.14406 8.62259100e-01
41.28648 8.54309527e-01
41.42940 8.46434200e-01
41.57281 8.38632627e-01
41.71672 8.30904560e-01
41.86113 8.23168600e-01
42.00603 8.15427707e-01
42.15144 8.07761060e-01
42.29735 8.00168907e-01
42.44377 7.92650013e-01
42.59069 7.85204380e-01
42.73812 7.77831513e-01
42.88606 7.70530673e-01
43.03451 7.63301367e-01
43.18348 7.56143100e-01
43.33297 7.49055380e-01
43.48297 7.42037467e-01
43.63349 7.35089113e-01
43.78453 7.28209333e-01
43.93609 7.21397880e-01
44.08818 7.14654013e-01
44.24079 7.07975760e-01
44.39394 7.01334013e-01
44.54761 6.94759113e-01
44.70182 6.88250073e-01
44.85655 6.81806893e-01
45.01183 6.75428340e-01
45.16764 6.69114167e-01
45.32399 6.62863633e-01
45.48089 6.56676247e-01
45.63832 6.50551267e-01
45.79630 6.44487953e-01
45.95483 6.38486060e-01
46.11391 6.32544600e-01
46.27353 6.26663080e-01
46.43371 6.20841007e-01
46.59445 6.15077640e-01
46.75574 6.09372487e-01
46.91759 6.03724807e-01
47.08000 5.98068740e-01
47.24297 5.92427473e-01
47.40650 5.86843680e-01
47.57060 5.81316867e-01
47.73527 5.75846540e-01
47.90051 5.70432207e-01
48.06633 5.65072880e-01
48.23271 5.59768313e-01
48.39967 5.54517767e-01
48.56721 5.49320747e-01
48.73533 5.44176513e-01
48.90403 5.39084820e-01
49.07332 5.34044680e-01
49.24319 5.29056093e-01
49.41365 5.24117827e-01
49.58470 5.19229880e-01
49.75634 5.14391513e-01
49.92858 5.09601987e-01
50.10141 5.04865987e-01
50.27484 5.00304133e-01
50.44887 4.95787913e-01
50.62350 4.91316833e-01
50.79874 4.86890647e-01
50.97458 4.82508367e-01
51.15104 4.78169993e-01
51.32810 4.73874787e-01
51.50578 4.69622253e-01
51.68407 4.65412147e-01
51.86298 4.61243480e-01
52.04250 4.57116500e-01
52.22265 4.53030220e-01
52.40343 4.48984393e-01
52.58482 4.44978527e-01
52.76685 4.41012127e-01
52.94951 4.37084947e-01
53.13280 4.33196493e-01
53.31672 4.29346027e-01
53.50128 4.25533547e-01
53.68648 4.21751160e-01
53.87232 4.17975680e-01
54.05880 4.14237693e-01
54.24593 4.10536213e-01
54.43371 4.06871487e-01
54.62214 4.03242527e-01
54.81122 3.99649580e-01
55.00095 3.96091660e-01
55.19134 3.92568520e-01
55.38239 3.89079913e-01
55.57410 3.85625347e-01
55.76647 3.82204820e-01
55.95951 3.78817347e-01
56.15322 3.75463173e-01
56.34760 3.72141313e-01
56.54265 3.68852013e-01
56.73838 3.65594533e-01
56.93479 3.62368873e-01
57.13187 3.59174293e-01
57.32964 3.56010793e-01
57.52809 3.52877880e-01
57.72723 3.49775060e-01
57.92705 3.46699373e-01
58.12757 3.43653040e-01
58.32879 3.40636060e-01
58.53070 3.37648433e-01
58.73331 3.34689420e-01
58.93662 3.31759020e-01
59.14063 3.28856987e-01
59.34535 3.25982580e-01
59.55078 3.23135800e-01
59.75692 3.20316647e-01
59.96377 3.17524133e-01
60.17134 3.14758507e-01
60.37963 3.12019520e-01
60.58864 3.09306433e-01
60.79837 3.06619247e-01
61.00883 3.03957960e-01
61.22002 3.01321833e-01
61.43194 2.98710620e-01
61.64459 2.96124567e-01
61.85797 2.93562933e-01
62.07210 2.91025473e-01
62.28697 2.88512187e-01
62.50258 2.86022580e-01
62.71894 2.83569727e-01
62.93605 2.81141540e-01
63.15390 2.78736047e-01
63.37252 2.76353247e-01
63.59189 2.73992647e-01
63.81201 2.71654247e-01
64.03290 2.69337800e-01
64.25456 2.67043307e-01
64.47698 2.64770027e-01
64.70017 2.62517960e-01
64.92414 2.60286860e-01
65.14888 2.58076727e-01
65.37440 2.55887067e-01
65.60070 2.53717880e-01
65.82778 2.51568920e-01
66.05565 2.49439693e-01
66.28430 2.47330447e-01
66.51375 2.45240687e-01
66.74400 2.43170265e-01
66.97504 2.41118985e-01
67.20688 2.39086674e-01
67.43952 2.37073134e-01
67.67297 2.35078143e-01
67.90722 2.33101554e-01
68.14229 2.31143169e-01
68.37817 2.29203505e-01
68.61486 2.27281725e-01
68.85238 2.25377631e-01
69.09072 2.23491001e-01
69.32988 2.21621687e-01
69.56987 2.19769517e-01
69.81069 2.17934267e-01
70.05235 2.16115841e-01
70.29484 2.14313990e-01
70.53817 2.12528617e-01
70.78235 2.10759523e-01
71.02737 2.09006537e-01
71.27323 2.07269486e-01
71.51995 2.05548246e-01
71.76752 2.03842669e-01
72.01595 2.02152534e-01
72.26524 2.00477741e-01
72.51539 1.98818119e-01
72.76641 1.97173493e-01
73.01830 1.95543767e-01
73.27106 1.93928741e-01
73.52469 1.92328294e-01
73.77920 1.90742277e-01
74.03460 1.89170541e-01
74.29087 1.87612940e-01
74.54804 1.86069349e-01
74.80609 1.84539621e-01
75.06504 1.83024817e-01
75.32488 1.81524417e-01
75.58563 1.80037461e-01
75.84727 1.78563825e-01
76.10982 1.77103337e-01
76.37328 1.75655921e-01
76.63766 1.74221382e-01
76.90295 1.72799669e-01
77.16915 1.71390611e-01
77.43628 1.69994058e-01
77.70433 1.68609962e-01
77.97331 1.67238125e-01
78.24322 1.65878474e-01
78.51407 1.64530885e-01
78.78585 1.63195209e-01
79.05857 1.61871374e-01
79.33224 1.60559231e-01
79.60686 1.59258681e-01
79.88242 1.57969601e-01
80.15894 1.56691867e-01
80.43642 1.55425407e-01
80.71486 1.54170095e-01
80.99426 1.52925810e-01
81.27463 1.51692452e-01
81.55596 1.50469923e-01
81.83828 1.49258099e-01
82.12157 1.48056881e-01
82.40584 1.46866197e-01
82.69109 1.45685921e-01
82.97733 1.44515932e-01
83.26457 1.43358572e-01
83.55279 1.42215001e-01
83.84202 1.41081345e-01
84.13225 1.39957532e-01
84.42348 1.38843437e-01
84.71572 1.37739012e-01
85.00897 1.36644108e-01
85.30323 1.35558701e-01
85.59852 1.34482642e-01
85.89482 1.33415858e-01
86.19215 1.32358275e-01
86.49052 1.31309793e-01
86.78991 1.30270340e-01
87.09034 1.29239816e-01
87.39181 1.28218123e-01
87.69432 1.27205211e-01
87.99789 1.26200981e-01
88.30250 1.25205336e-01
88.60816 1.24218225e-01
88.91489 1.23239526e-01
89.22267 1.22269189e-01
89.53153 1.21307139e-01
89.84145 1.20353304e-01
90.15244 1.19407584e-01
90.46451 1.18469905e-01
90.77766 1.17540194e-01
91.09190 1.16618376e-01
91.40722 1.15704402e-01
91.72363 1.14798149e-01
92.04114 1.13899591e-01
92.35975 1.13008631e-01
92.67946 1.12125219e-01
93.00028 1.11249257e-01
93.32221 1.10380694e-01
93.64525 1.09519926e-01
93.96941 1.08666632e-01
94.29469 1.07820516e-01
94.62110 1.06981529e-01
94.94864 1.06149596e-01
95.27731 1.05324644e-01
95.60712 1.04506599e-01
95.93807 1.03695435e-01
96.27017 1.02891055e-01
96.60342 1.02093409e-01
96.93782 1.01302423e-01
97.27338 1.00518048e-01
97.61010 9.97402093e-02
97.94798 9.89688827e-02
98.28704 9.82039693e-02
98.62727 9.74454200e-02
98.96867 9.66931853e-02
99.31126 9.59471913e-02
99.65504 9.52074133e-02
100.00000 9.44737527e-02
