        2000  3.000000 3.700000
0.10000 6.15354696e-03
0.10035 5.63533976e-03
0.10069 4.97686112e-03
0.10104 6.41545220e-03
0.10139 7.55917696e-03
0.10174 1.10967129e-02
0.10210 1.73833400e-02
0.10245 1.90808112e-02
0.10280 1.45448450e-02
0.10316 1.80550232e-02
0.10352 2.51292900e-02
0.10387 3.29995156e-03
0.10423 6.80798520e-04
0.10459 8.49382952e-04
0.10496 1.49193620e-03
0.10532 1.38365274e-03
0.10568 8.27313340e-04
0.10605 3.55522936e-03
0.10642 2.23805008e-03
0.10679 1.71465252e-03
0.10716 1.27273340e-03
0.10753 6.07885876e-04
0.10790 6.64382952e-04
0.10827 1.23065966e-02
0.10865 5.50422656e-04
0.10902 1.01136037e-02
0.10940 2.04028656e-03
0.10978 6.26203096e-04
0.11016 1.38785920e-03
0.11054 7.47833048e-04
0.11092 5.55673696e-03
0.11131 5.33950256e-03
0.11169 2.59878232e-03
0.11208 7.11800228e-03
0.11247 1.54308056e-03
0.11286 8.54417764e-04
0.11325 6.75921328e-04
0.11364 3.88990472e-03
0.11403 4.34054252e-03
0.11443 9.10961312e-04
0.11482 4.22043312e-03
0.11522 1.85703740e-03
0.11562 4.52826572e-03
0.11602 4.12984676e-03
0.11642 4.77289048e-03
0.11682 1.25583713e-03
0.11723 6.94521524e-04
0.11763 7.75631000e-04
0.11804 2.48957016e-03
0.11845 8.15846152e-04
0.11886 7.93605896e-04
0.11927 7.79745400e-04
0.11968 3.70759832e-03
0.12010 9.85782712e-04
0.12051 7.75150592e-04
0.12093 4.89324112e-03
0.12135 6.51053184e-03
0.12177 2.91811600e-02
0.12219 2.79122524e-03
0.12262 1.67900524e-02
0.12304 4.41670480e-03
0.12347 4.72358428e-03
0.12389 4.59625692e-03
0.12432 4.59555688e-03
0.12475 3.37244492e-03
0.12518 1.97039060e-04
0.12562 1.95993144e-04
0.12605 1.95267056e-04
0.12649 2.05423260e-03
0.12693 4.58058816e-03
0.12737 4.57552064e-03
0.12781 4.56956808e-03
0.12825 3.80869712e-03
0.12869 2.89137684e-03
0.12914 2.72676828e-03
0.12959 2.55559296e-03
0.13003 1.75115228e-03
0.13048 2.00280408e-04
0.13094 1.97873632e-04
0.13139 1.96813656e-04
0.13184 1.97640680e-04
0.13230 1.99683524e-04
0.13276 2.01430664e-04
0.13322 2.01424152e-04
0.13368 1.99270900e-04
0.13414 1.25000978e-03
0.13461 5.36644004e-04
0.13507 5.38860748e-04
0.13554 1.58174852e-03
0.13601 7.67235848e-04
0.13648 5.44790960e-04
0.13695 5.46626900e-04
0.13743 5.48377296e-04
0.13790 5.50084476e-04
0.13838 5.51741484e-04
0.13886 5.53358088e-04
0.13934 5.54937988e-04
0.13982 5.56484440e-04
0.14031 3.54664536e-03
0.14079 3.83686004e-03
0.14128 3.78588292e-03
0.14177 3.73337548e-03
0.14226 3.67717100e-03
0.14275 3.62115004e-03
0.14324 3.56328056e-03
0.14374 1.81047660e-03
0.14424 5.67417644e-04
0.14474 5.68787236e-04
0.14524 5.70148244e-04
0.14574 2.44859932e-04
0.14625 4.67130772e-04
0.14675 2.95150480e-03
0.14726 6.58007852e-03
0.14777 1.47912236e-03
0.14828 2.38305752e-03
0.14879 3.88282736e-03
0.14931 2.11448784e-03
0.14983 2.86131064e-03
0.15034 3.02239384e-03
0.15087 2.42102840e-03
0.15139 5.07994016e-04
0.15191 5.09244172e-04
0.15244 1.33404225e-03
0.15297 5.13924080e-04
0.15349 5.14017616e-04
0.15403 5.15159584e-04
0.15456 5.16294448e-04
0.15509 5.16610132e-04
0.15563 1.88598916e-02
0.15617 1.64805992e-02
0.15671 1.48633736e-02
0.15725 5.21767784e-04
0.15780 5.23789612e-04
0.15834 3.06213924e-03
0.15889 4.98013932e-04
0.15944 2.38500224e-03
0.15999 1.77130396e-03
0.16055 5.28204008e-04
0.16110 1.89138968e-02
0.16166 1.64889020e-02
0.16222 1.89470192e-02
0.16278 1.67101324e-02
0.16335 2.73288808e-03
0.16391 5.25273608e-04
0.16448 5.04852272e-04
0.16505 4.91335580e-04
0.16562 4.75551972e-04
0.16619 4.76280576e-04
0.16677 4.58482244e-04
0.16734 4.39286940e-04
0.16792 4.19186616e-04
0.16851 4.19693368e-04
0.16909 3.99103608e-04
0.16967 4.00209020e-04
0.17026 3.79489168e-04
0.17085 3.59360280e-04
0.17144 3.59627124e-04
0.17204 3.40478884e-04
0.17263 3.23125292e-04
0.17323 3.07093932e-04
0.17383 3.07182732e-04
0.17443 2.94590004e-04
0.17503 2.82791296e-04
0.17564 2.66586184e-04
0.17625 2.66534532e-04
0.17686 2.66632360e-04
0.17747 2.66507448e-04
0.17808 2.66455056e-04
0.17870 2.66629696e-04
0.17932 2.66451800e-04
0.17994 2.66442180e-04
0.18056 2.66471484e-04
0.18119 2.67297028e-04
0.18182 2.66896392e-04
0.18244 2.66482584e-04
0.18308 2.66422200e-04
0.18371 2.66260140e-04
0.18435 2.66246820e-04
0.18498 2.66322596e-04
0.18562 2.66685492e-04
0.18627 2.66158316e-04
0.18691 2.66102816e-04
0.18756 2.66794568e-04
0.18821 2.69868972e-04
0.18886 2.79320400e-04
0.18951 2.66037104e-04
0.19017 2.65981160e-04
0.19083 2.65973908e-04
0.19149 2.66016828e-04
0.19215 2.65897244e-04
0.19282 2.65911748e-04
0.19348 2.65851512e-04
0.19415 2.66109476e-04
0.19483 2.65867200e-04
0.19550 2.65810516e-04
0.19618 2.56997708e-04
0.19686 2.24724976e-04
0.19754 2.23433824e-04
0.19822 2.23448328e-04
0.19891 2.23462536e-04
0.19960 2.23477188e-04
0.20029 2.23491988e-04
0.20098 2.23506344e-04
0.20168 2.23520848e-04
0.20237 2.23535500e-04
0.20307 2.23550152e-04
0.20378 2.23564804e-04
0.20448 2.23579456e-04
0.20519 2.23594108e-04
0.20590 2.24857436e-04
0.20661 2.23623560e-04
0.20733 2.23638508e-04
0.20805 2.23653160e-04
0.20877 2.23667960e-04
0.20949 2.23682760e-04
0.21021 2.23697708e-04
0.21094 2.23712508e-04
0.21167 2.23725088e-04
0.21240 2.23742256e-04
0.21314 2.23757352e-04
0.21388 2.23772152e-04
0.21462 2.23787100e-04
0.21536 2.23801900e-04
0.21611 2.23817144e-04
0.21685 2.23832240e-04
0.21760 2.23847188e-04
0.21836 2.23862284e-04
0.21911 2.23877528e-04
0.21987 2.23892772e-04
0.22063 2.23907720e-04
0.22140 2.23922816e-04
0.22216 2.23938060e-04
0.22293 2.23953600e-04
0.22370 2.23968104e-04
0.22448 2.23983792e-04
0.22526 2.23999036e-04
0.22604 2.24014428e-04
0.22682 2.24029672e-04
0.22760 2.24045360e-04
0.22839 2.24060308e-04
0.22918 2.24075700e-04
0.22998 2.24091092e-04
0.23077 2.24106484e-04
0.23157 2.24121876e-04
0.23237 2.24138600e-04
0.23318 2.24152216e-04
0.23398 2.24168348e-04
0.23479 2.24187144e-04
0.23561 2.24199576e-04
0.23642 2.24215116e-04
0.23724 2.26821248e-04
0.23806 2.24246344e-04
0.23889 2.24261736e-04
0.23971 2.24277572e-04
0.24054 2.24293260e-04
0.24137 2.24309540e-04
0.24221 2.24324636e-04
0.24305 2.24340620e-04
0.24389 2.24356012e-04
0.24473 2.24372144e-04
0.24558 2.24387684e-04
0.24643 2.24403668e-04
0.24728 2.24419948e-04
0.24814 2.24435192e-04
0.24900 2.24451176e-04
0.24986 2.24466568e-04
0.25073 2.24483292e-04
0.25159 2.24499276e-04
0.25246 2.24515556e-04
0.25334 2.24531244e-04
0.25422 2.24547228e-04
0.25510 2.24563212e-04
0.25598 2.24579196e-04
0.25687 2.24595624e-04
0.25775 2.24611312e-04
0.25865 2.24627444e-04
0.25954 2.24643724e-04
0.26044 2.24659708e-04
0.26134 2.24676136e-04
0.26225 2.24692120e-04
0.26315 2.24708252e-04
0.26406 2.24724828e-04
0.26498 2.24740960e-04
0.26590 2.24757240e-04
0.26682 2.24773520e-04
0.26774 2.24789800e-04
0.26867 2.24806080e-04
0.26960 2.24823544e-04
0.27053 2.24839084e-04
0.27147 2.24855512e-04
0.27241 2.24872236e-04
0.27335 2.24888220e-04
0.27430 2.24903760e-04
0.27525 2.24922112e-04
0.27620 2.24938540e-04
0.27715 2.24954672e-04
0.27811 2.24971544e-04
0.27908 2.24987676e-04
0.28004 2.25003068e-04
0.28101 2.25020088e-04
0.28198 2.25037848e-04
0.28296 2.25053536e-04
0.28394 2.25071000e-04
0.28492 2.25087576e-04
0.28591 2.25099712e-04
0.28690 2.25122356e-04
0.28789 2.25138044e-04
0.28889 2.25154916e-04
0.28989 2.25171788e-04
0.29089 2.25188216e-04
0.29190 2.25205088e-04
0.29291 2.25221812e-04
0.29392 2.25238832e-04
0.29494 2.25255852e-04
0.29596 2.25270800e-04
0.29699 2.25290188e-04
0.29801 2.25307652e-04
0.29905 2.25323340e-04
0.30008 2.25341100e-04
0.30112 2.25359452e-04
0.30216 2.25375880e-04
0.30321 2.25392752e-04
0.30426 2.25409328e-04
0.30531 2.25426496e-04
0.30637 2.25443220e-04
0.30743 2.25460240e-04
0.30849 2.25480072e-04
0.30956 2.25495168e-04
0.31063 2.25512188e-04
0.31171 2.25530096e-04
0.31279 2.25547708e-04
0.31387 2.25564284e-04
0.31496 2.25572276e-04
0.31605 2.25598916e-04
0.31714 2.25616824e-04
0.31824 2.25636656e-04
0.31934 2.25650716e-04
0.32044 2.25668180e-04
0.32155 2.25685496e-04
0.32267 2.25702812e-04
0.32378 2.25719240e-04
0.32490 2.25737444e-04
0.32603 2.25755500e-04
0.32716 2.25773112e-04
0.32829 2.25790280e-04
0.32943 2.25807892e-04
0.33057 2.25825800e-04
0.33171 2.25843560e-04
0.33286 2.25860728e-04
0.33401 2.25879228e-04
0.33517 2.25892548e-04
0.33633 2.25914156e-04
0.33749 2.25935616e-04
0.33866 2.25948788e-04
0.33983 2.25966992e-04
0.34101 2.25985344e-04
0.34219 2.26002068e-04
0.34337 2.26024564e-04
0.34456 2.26037884e-04
0.34576 2.26057420e-04
0.34695 2.26073996e-04
0.34815 2.26092200e-04
0.34936 2.26110552e-04
0.35057 2.26128460e-04
0.35178 2.26146072e-04
0.35300 2.26163832e-04
0.35422 2.26182036e-04
0.35545 2.26199056e-04
0.35668 2.26217556e-04
0.35791 2.26232356e-04
0.35915 2.26253668e-04
0.36039 2.26273796e-04
0.36164 2.26288892e-04
0.36289 2.26307096e-04
0.36415 2.26326336e-04
0.36541 2.26342468e-04
0.36668 2.26360968e-04
0.36795 2.26379468e-04
0.36922 2.26395896e-04
0.37050 2.26416320e-04
0.37178 2.26434672e-04
0.37307 2.26452728e-04
0.37436 2.26470784e-04
0.37565 2.26488544e-04
0.37695 2.26506156e-04
0.37826 2.26527320e-04
0.37957 2.26544192e-04
0.38088 2.26561952e-04
0.38220 2.26577492e-04
0.38352 2.26599100e-04
0.38485 2.26617748e-04
0.38618 2.26634620e-04
0.38752 2.26655488e-04
0.38886 2.26672360e-04
0.39021 2.26688344e-04
0.39156 2.26710248e-04
0.39291 4.00718584e-02
0.39427 3.96442420e-02
0.39564 4.12773776e-02
0.39701 3.88356440e-02
0.39838 3.87819792e-02
0.39976 3.72105744e-02
0.40115 4.01268256e-02
0.40253 3.80667544e-02
0.40393 3.88449680e-02
0.40533 3.66598220e-02
0.40673 3.99741192e-02
0.40814 3.53568152e-02
0.40955 3.49424004e-02
0.41097 3.40422792e-02
0.41239 3.51026992e-02
0.41382 3.46936864e-02
0.41525 3.34947680e-02
0.41669 3.67061608e-02
0.41813 3.49695140e-02
0.41958 3.25167692e-02
0.42103 3.42958772e-02
0.42249 3.24914316e-02
0.42395 3.10427336e-02
0.42542 3.18304044e-02
0.42689 3.19567964e-02
0.42837 3.10698324e-02
0.42985 3.12789564e-02
0.43134 3.23710632e-02
0.43283 3.08789420e-02
0.43433 3.16948660e-02
0.43583 3.16346744e-02
0.43734 2.86749556e-02
0.43886 3.00030484e-02
0.44037 3.05706284e-02
0.44190 2.89539208e-02
0.44343 2.89937328e-02
0.44496 2.97810336e-02
0.44650 2.79702684e-02
0.44805 2.93506200e-02
0.44960 2.86238660e-02
0.45116 2.72977120e-02
0.45272 2.81305820e-02
0.45429 2.66926140e-02
0.45586 2.75438360e-02
0.45744 2.76187980e-02
0.45902 2.55042924e-02
0.46061 2.55097536e-02
0.46220 2.68572492e-02
0.46380 2.58710808e-02
0.46541 2.67654744e-02
0.46702 2.60421688e-02
0.46864 2.51744892e-02
0.47026 2.76615256e-02
0.47189 2.58106524e-02
0.47352 2.48639408e-02
0.47516 2.42884872e-02
0.47680 2.58681652e-02
0.47845 2.55306216e-02
0.48011 2.43751856e-02
0.48177 2.35967944e-02
0.48344 2.57119956e-02
0.48511 2.53283204e-02
0.48679 2.42658432e-02
0.48848 2.51380960e-02
0.49017 2.46867108e-02
0.49186 2.42730360e-02
0.49357 2.33592544e-02
0.49528 2.35945892e-02
0.49699 2.58006180e-02
0.49871 2.51092508e-02
0.50044 2.31461640e-02
0.50217 2.20460208e-02
0.50391 2.18912424e-02
0.50565 2.49934408e-02
0.50740 2.22976652e-02
0.50916 2.13040524e-02
0.51092 2.14019840e-02
0.51269 2.19367080e-02
0.51446 2.18308288e-02
0.51625 2.06811648e-02
0.51803 2.09909732e-02
0.51983 2.11487412e-02
0.52163 2.27182368e-02
0.52343 2.25209084e-02
0.52524 1.95730592e-02
0.52706 2.04772208e-02
0.52889 2.06590240e-02
0.53072 2.09433172e-02
0.53255 1.97138664e-02
0.53440 1.93779360e-02
0.53625 1.87337364e-02
0.53810 1.89262400e-02
0.53997 1.95044316e-02
0.54183 1.90890252e-02
0.54371 1.88559252e-02
0.54559 1.87007620e-02
0.54748 1.89356528e-02
0.54938 1.84034892e-02
0.55128 2.03247512e-02
0.55319 1.88946272e-02
0.55510 2.01488532e-02
0.55702 1.78676996e-02
0.55895 1.70953764e-02
0.56089 1.64170628e-02
0.56283 1.77334044e-02
0.56478 1.83135644e-02
0.56673 1.68582212e-02
0.56869 1.89888144e-02
0.57066 1.86831500e-02
0.57264 1.63937972e-02
0.57462 1.63314448e-02
0.57661 1.80743520e-02
0.57860 1.65856496e-02
0.58061 1.83609688e-02
0.58262 1.63365212e-02
0.58463 1.62110024e-02
0.58666 1.61661288e-02
0.58869 1.88592996e-02
0.59073 1.60844328e-02
0.59277 1.68622616e-02
0.59482 1.83339884e-02
0.59688 1.58006872e-02
0.59895 1.73819932e-02
0.60102 1.92220624e-02
0.60310 1.61011272e-02
0.60519 1.67012672e-02
0.60728 1.95102776e-02
0.60939 1.72256016e-02
0.61150 1.68258832e-02
0.61361 1.67789228e-02
0.61574 1.41559247e-02
0.61787 1.60608564e-02
0.62001 1.65093704e-02
0.62215 1.56347496e-02
0.62431 1.61774360e-02
0.62647 1.34873347e-02
0.62864 1.36134500e-02
0.63081 1.58409284e-02
0.63300 1.42230590e-02
0.63519 1.42010736e-02
0.63739 1.48898508e-02
0.63959 1.46413100e-02
0.64181 1.55676612e-02
0.64403 1.38241679e-02
0.64626 1.36554020e-02
0.64849 1.38215409e-02
0.65074 1.36492793e-02
0.65299 1.45066655e-02
0.65525 1.38492273e-02
0.65752 1.48500240e-02
0.65980 1.52559288e-02
0.66208 1.36576694e-02
0.66437 1.44035716e-02
0.66667 1.31797123e-02
0.66898 1.49942352e-02
0.67130 1.48541088e-02
0.67362 1.40898945e-02
0.67595 1.49564508e-02
0.67829 1.36542935e-02
0.68064 1.35090300e-02
0.68299 1.22318892e-02
0.68536 1.27341361e-02
0.68773 1.26700595e-02
0.69011 1.41079283e-02
0.69250 1.32057410e-02
0.69490 1.20712012e-02
0.69730 1.21883091e-02
0.69972 1.23806218e-02
0.70214 1.26190972e-02
0.70457 1.18651482e-02
0.70701 1.23113030e-02
0.70946 1.23433228e-02
0.71191 1.14733581e-02
0.71438 1.19546911e-02
0.71685 1.26736618e-02
0.71933 1.14671643e-02
0.72182 1.16462103e-02
0.72432 1.32655952e-02
0.72683 1.15565075e-02
0.72934 1.32417036e-02
0.73187 1.27022717e-02
0.73440 1.13002810e-02
0.73694 1.10773442e-02
0.73949 1.23361892e-02
0.74205 1.23754684e-02
0.74462 1.25247664e-02
0.74720 1.62214216e-02
0.74979 1.14140886e-02
0.75238 1.22769123e-02
0.75499 1.26710111e-02
0.75760 1.09343480e-02
0.76022 1.10102439e-02
0.76285 1.18393207e-02
0.76549 1.16937390e-02
0.76814 1.10987420e-02
0.77080 1.34890574e-02
0.77347 1.06735114e-02
0.77615 1.09200601e-02
0.77884 1.18947186e-02
0.78153 1.25190506e-02
0.78424 1.14471651e-02
0.78695 1.17603420e-02
0.78968 1.07408765e-02
0.79241 1.06508022e-02
0.79515 1.40098887e-02
0.79790 1.05939184e-02
0.80067 1.15879930e-02
0.80344 1.29118885e-02
0.80622 1.02885530e-02
0.80901 1.23625451e-02
0.81181 1.03843460e-02
0.81462 1.08607536e-02
0.81744 1.38253401e-02
0.82027 1.04119258e-02
0.82311 1.07267203e-02
0.82596 1.20738681e-02
0.82882 9.98037704e-03
0.83169 1.46766908e-02
0.83457 1.12550566e-02
0.83745 1.05575682e-02
0.84035 1.35274102e-02
0.84326 9.65392012e-03
0.84618 1.05313130e-02
0.84911 9.95088064e-03
0.85205 1.01479530e-02
0.85500 1.01981043e-02
0.85796 1.07399382e-02
0.86093 1.18316069e-02
0.86391 1.15936466e-02
0.86690 1.11475213e-02
0.86990 9.67361300e-03
0.87291 1.15155440e-02
0.87593 1.20856400e-02
0.87897 1.11856284e-02
0.88201 1.26568446e-02
0.88506 9.70831752e-03
0.88813 1.06247084e-02
0.89120 1.34003892e-02
0.89428 9.96729976e-03
0.89738 9.52528000e-03
0.90049 9.48526524e-03
0.90360 1.01902958e-02
0.90673 1.14944600e-02
0.90987 1.04544329e-02
0.91302 9.55073748e-03
0.91618 1.03249077e-02
0.91935 1.25929130e-02
0.92253 1.00569197e-02
0.92573 9.32341244e-03
0.92893 1.16492384e-02
0.93215 1.03518393e-02
0.93537 1.01972577e-02
0.93861 1.09857766e-02
0.94186 1.02366938e-02
0.94512 9.47757960e-03
0.94839 1.05966461e-02
0.95168 9.31894136e-03
0.95497 1.03314345e-02
0.95828 9.67341024e-03
0.96159 9.44434620e-03
0.96492 1.06002084e-02
0.96826 9.64883780e-03
0.97161 1.02811634e-02
0.97498 1.07663192e-02
0.97835 9.42830448e-03
0.98174 9.37582960e-03
0.98514 1.02998424e-02
0.98855 1.03735494e-02
0.99197 1.04458874e-02
0.99540 9.51057620e-03
0.99885 1.04281718e-02
1.00231 9.04083308e-03
1.00578 1.01621462e-02
1.00926 9.90861184e-03
1.01275 8.80467392e-03
1.01626 9.28478888e-03
1.01978 1.15711832e-02
1.02330 9.30883296e-03
1.02685 1.00236093e-02
1.03040 1.07260425e-02
1.03397 9.90575544e-03
1.03755 1.11273889e-02
1.04114 1.20097812e-02
1.04474 1.00595511e-02
1.04836 1.02464292e-02
1.05199 1.20188314e-02
1.05563 9.37635648e-03
1.05928 9.45499480e-03
1.06295 1.01402096e-02
1.06663 9.65008988e-03
1.07032 9.70779064e-03
1.07403 1.01054859e-02
1.07775 9.54057876e-03
1.08148 1.01284481e-02
1.08522 1.08204532e-02
1.08898 9.43348892e-03
1.09275 9.26257408e-03
1.09653 1.14654401e-02
1.10032 9.52016216e-03
1.10413 9.79732028e-03
1.10796 9.45863412e-03
1.11179 9.39467444e-03
1.11564 9.28934284e-03
1.11950 1.01742792e-02
1.12338 1.19292736e-02
1.12726 1.02284857e-02
1.13117 1.48348984e-02
1.13508 1.15045269e-02
1.13901 9.84317512e-03
1.14295 1.12174380e-02
1.14691 1.00125197e-02
1.15088 9.84433840e-03
1.15487 1.02817050e-02
1.15886 9.39537152e-03
1.16287 1.04563510e-02
1.16690 1.17892286e-02
1.17094 9.86713040e-03
1.17499 1.19479867e-02
1.17906 1.18902149e-02
1.18314 9.68818508e-03
1.18724 9.45804064e-03
1.19135 9.24827728e-03
1.19547 1.43599176e-02
1.19961 1.09076814e-02
1.20376 9.08760996e-03
1.20793 1.01646178e-02
1.21211 9.81335904e-03
1.21630 1.00684474e-02
1.22052 1.22732167e-02
1.22474 1.04224175e-02
1.22898 1.11010153e-02
1.23323 1.38465603e-02
1.23750 1.26223236e-02
1.24179 9.98600400e-03
1.24609 1.14367696e-02
1.25040 1.15300451e-02
1.25473 1.03031147e-02
1.25907 1.76081224e-02
1.26343 1.05989371e-02
1.26780 1.01995665e-02
1.27219 1.05452960e-02
1.27659 1.28678615e-02
1.28101 1.00721370e-02
1.28545 1.10660725e-02
1.28990 1.62207112e-02
1.29436 1.26858274e-02
1.29884 1.27664090e-02
1.30334 1.07611910e-02
1.30785 1.35736039e-02
1.31238 1.17393541e-02
1.31692 1.11647515e-02
1.32148 1.53091644e-02
1.32605 1.16197153e-02
1.33064 1.03918481e-02
1.33525 1.47509469e-02
1.33987 1.05031338e-02
1.34451 1.01611324e-02
1.34916 1.19233358e-02
1.35383 1.99826788e-02
1.35852 1.54471744e-02
1.36322 1.51896396e-02
1.36794 1.75498104e-02
1.37268 1.12980817e-02
1.37743 1.06573438e-02
1.38220 1.76319356e-02
1.38698 1.01224304e-02
1.39178 1.08763394e-02
1.39660 1.62609376e-02
1.40144 1.10169217e-02
1.40629 1.16641730e-02
1.41115 1.25327954e-02
1.41604 1.25607378e-02
1.42094 1.33416716e-02
1.42586 1.94086164e-02
1.43080 1.41096022e-02
1.43575 1.24329546e-02
1.44072 1.40985140e-02
1.44571 1.23054304e-02
1.45071 1.52633732e-02
1.45573 1.11518548e-02
1.46077 1.12372833e-02
1.46583 1.58064444e-02
1.47090 1.22911824e-02
1.47599 1.24176810e-02
1.48110 1.28999701e-02
1.48623 1.39806883e-02
1.49137 1.55640056e-02
1.49654 1.68217540e-02
1.50172 1.52311388e-02
1.50692 1.76538100e-02
1.51213 1.54022416e-02
1.51737 1.40436134e-02
1.52262 1.31319053e-02
1.52789 1.52967768e-02
1.53318 1.33668006e-02
1.53849 1.26624360e-02
1.54381 1.63521944e-02
1.54916 1.52870680e-02
1.55452 1.68254540e-02
1.55990 2.00484648e-02
1.56530 1.55266060e-02
1.57072 1.34762998e-02
1.57615 1.69743716e-02
1.58161 2.09093216e-02
1.58709 1.63504480e-02
1.59258 1.68518276e-02
1.59809 2.21719540e-02
1.60362 1.41026640e-02
1.60918 1.39687580e-02
1.61475 1.94180588e-02
1.62034 1.45859032e-02
1.62594 1.36258035e-02
1.63157 2.03057924e-02
1.63722 1.83592964e-02
1.64289 1.88289152e-02
1.64857 2.15787108e-02
1.65428 1.60091452e-02
1.66001 1.43665672e-02
1.66575 1.67725144e-02
1.67152 2.17644952e-02
1.67731 1.80627636e-02
1.68311 1.79526664e-02
1.68894 1.86740036e-02
1.69478 1.64185280e-02
1.70065 1.82404080e-02
1.70654 1.69371792e-02
1.71245 1.56441624e-02
1.71837 1.86262588e-02
1.72432 1.92576268e-02
1.73029 1.85556628e-02
1.73628 1.96083572e-02
1.74229 1.91889844e-02
1.74832 1.96138036e-02
1.75437 1.78684544e-02
1.76045 1.72987432e-02
1.76654 2.01806140e-02
1.77266 1.96477844e-02
1.77879 1.95421420e-02
1.78495 2.22760424e-02
1.79113 1.91871936e-02
1.79733 1.82271620e-02
1.80355 2.18047512e-02
1.80979 1.87810520e-02
1.81606 1.87440816e-02
1.82234 2.16980432e-02
1.82865 1.97751088e-02
1.83498 1.86608908e-02
1.84133 2.02790636e-02
1.84771 2.26007396e-02
1.85410 2.27346500e-02
1.86052 2.13347772e-02
1.86696 2.15013808e-02
1.87342 2.16797060e-02
1.87991 2.12950096e-02
1.88642 2.07906700e-02
1.89295 2.26696484e-02
1.89950 2.31363960e-02
1.90607 2.10173024e-02
1.91267 2.27050204e-02
1.91929 2.13755364e-02
1.92594 2.11748188e-02
1.93260 2.32201788e-02
1.93929 2.18410852e-02
1.94601 2.18688056e-02
1.95274 2.28235240e-02
1.95950 2.35634648e-02
1.96629 2.38621140e-02
1.97309 2.41983108e-02
1.97992 2.40884948e-02
1.98678 2.40484608e-02
1.99365 2.38840032e-02
2.00055 2.42827596e-02
2.00748 2.45438020e-02
2.01443 2.48744636e-02
2.02140 2.42740720e-02
2.02840 2.42635344e-02
2.03542 2.47766060e-02
2.04247 2.36606268e-02
2.04954 2.45541768e-02
2.05663 2.53435348e-02
2.06375 2.46379744e-02
2.07090 2.56810488e-02
2.07806 2.59495652e-02
2.08526 2.57323308e-02
2.09247 2.59622044e-02
2.09972 2.67016272e-02
2.10699 2.66022304e-02
2.11428 2.62462164e-02
2.12160 2.54054432e-02
2.12894 2.67492092e-02
2.13631 2.77706756e-02
2.14371 2.82358544e-02
2.15113 2.85913356e-02
2.15857 2.85607736e-02
2.16605 2.86212168e-02
2.17354 2.81453228e-02
2.18107 2.79268748e-02
2.18862 2.73356148e-02
2.19619 2.71694552e-02
2.20380 2.76836960e-02
2.21143 2.82155044e-02
2.21908 2.87841648e-02
2.22676 2.94486404e-02
2.23447 2.94241464e-02
2.24220 2.98464496e-02
2.24997 3.03111844e-02
2.25775 3.04885772e-02
2.26557 3.05952408e-02
2.27341 3.02415504e-02
2.28128 2.88722100e-02
2.28918 2.79460852e-02
2.29710 2.87796064e-02
2.30505 3.04201124e-02
2.31303 3.20030612e-02
2.32104 3.29863436e-02
2.32908 3.35135788e-02
2.33714 3.33663040e-02
2.34523 3.32383284e-02
2.35335 3.27624196e-02
2.36149 3.24819300e-02
2.36967 3.21037308e-02
2.37787 3.19545172e-02
2.38610 3.21332124e-02
2.39436 3.24932816e-02
2.40265 3.30929480e-02
2.41097 3.39291332e-02
2.41931 3.44661512e-02
2.42769 3.49785716e-02
2.43609 3.52820012e-02
2.44452 3.56261900e-02
2.45298 3.55953764e-02
2.46148 3.50077720e-02
2.47000 3.39587776e-02
2.47855 3.26803092e-02
2.48713 3.25143272e-02
2.49574 3.28190148e-02
2.50438 3.41021600e-02
2.51304 3.58549832e-02
2.52174 3.75065596e-02
2.53047 3.86427408e-02
2.53923 3.93588388e-02
2.54802 3.94794144e-02
2.55684 3.94311516e-02
2.56569 3.93127516e-02
2.57457 3.89309708e-02
2.58349 3.85458452e-02
2.59243 3.85547252e-02
2.60140 3.86554540e-02
2.61041 3.87634052e-02
2.61944 3.90576292e-02
2.62851 3.96136356e-02
2.63761 4.02304700e-02
2.64674 4.08372404e-02
2.65590 4.13544856e-02
2.66510 4.16870712e-02
2.67432 4.17051568e-02
2.68358 4.12229728e-02
2.69287 4.00996972e-02
2.70219 3.88090336e-02
2.71154 3.81682972e-02
2.72093 3.80872820e-02
2.73035 3.84541888e-02
2.73980 3.91917320e-02
2.74928 4.03160140e-02
2.75880 4.16550736e-02
2.76835 4.31993352e-02
2.77793 4.46902724e-02
2.78755 4.62343712e-02
2.79720 4.70587312e-02
2.80688 4.74620460e-02
2.81660 4.78886264e-02
2.82635 4.80210864e-02
2.83613 4.79441856e-02
2.84595 4.78646060e-02
2.85580 4.79634552e-02
2.86569 4.82387944e-02
2.87561 4.83059420e-02
2.88556 4.84553924e-02
2.89555 4.89624108e-02
2.90557 4.91112988e-02
2.91563 4.92054120e-02
2.92572 4.94519060e-02
2.93585 4.95813616e-02
2.94601 4.92418052e-02
2.95621 4.85302508e-02
2.96644 4.76881160e-02
2.97671 4.66512576e-02
2.98702 4.61593648e-02
2.99736 4.57447576e-02
3.00773 4.59202264e-02
3.01814 4.64334016e-02
3.02859 4.71895336e-02
3.03907 4.80610760e-02
3.04960 4.90184584e-02
3.06015 5.04186716e-02
3.07074 5.19981572e-02
3.08137 5.36751896e-02
3.09204 5.51129356e-02
3.10274 5.64423752e-02
3.11348 5.76869516e-02
3.12426 5.86711516e-02
3.13508 5.94224884e-02
3.14593 5.99873452e-02
3.15682 6.04149172e-02
3.16775 6.07446612e-02
3.17871 6.10042976e-02
3.18972 6.12333572e-02
3.20076 6.16887088e-02
3.21184 6.18290572e-02
3.22295 6.18565112e-02
3.23411 6.17895856e-02
3.24531 6.15945956e-02
3.25654 6.12349704e-02
3.26781 6.09201596e-02
3.27912 6.04109508e-02
3.29047 5.96120024e-02
3.30187 5.85776008e-02
3.31330 5.76073868e-02
3.32476 5.70407392e-02
3.33627 5.67689076e-02
3.34782 5.67071324e-02
3.35941 5.67719120e-02
3.37104 5.72907260e-02
3.38271 5.78459332e-02
3.39442 5.87417476e-02
3.40617 5.99837932e-02
3.41796 6.10109576e-02
3.42979 6.23936624e-02
3.44166 6.39630840e-02
3.45358 6.56666380e-02
3.46553 6.74657112e-02
3.47753 6.93015920e-02
3.48957 7.12445064e-02
3.50164 7.31363460e-02
3.51377 7.46831384e-02
3.52593 7.60323212e-02
3.53814 7.73048252e-02
3.55038 7.84332512e-02
3.56267 7.91599608e-02
3.57500 7.96954248e-02
3.58738 8.01643480e-02
3.59980 8.05905732e-02
3.61226 8.08376592e-02
3.62476 8.07437088e-02
3.63731 8.04766132e-02
3.64990 8.01743232e-02
3.66254 7.98710120e-02
3.67521 7.91596204e-02
3.68794 7.80985788e-02
3.70070 7.70816412e-02
3.71351 7.59826376e-02
3.72637 7.49347088e-02
3.73927 7.40957708e-02
3.75221 7.32334636e-02
3.76520 7.25466696e-02
3.77823 7.20912884e-02
3.79131 7.20377272e-02
3.80443 7.22196488e-02
3.81760 7.26107536e-02
3.83082 7.30467468e-02
3.84408 7.38776484e-02
3.85739 7.49810476e-02
3.87074 7.59611776e-02
3.88414 7.73201728e-02
3.89758 7.89280448e-02
3.91107 8.05407120e-02
3.92461 8.22890656e-02
3.93820 8.41603480e-02
3.95183 8.61264392e-02
3.96551 8.83881604e-02
3.97924 9.07637232e-02
3.99301 9.28261772e-02
4.00683 9.49407568e-02
4.02070 9.70285040e-02
4.03462 9.89674964e-02
4.04859 1.00825607e-01
4.06260 1.02566324e-01
4.07667 1.03716787e-01
4.09078 1.04774321e-01
4.10494 1.05786123e-01
4.11915 1.06383170e-01
4.13341 1.06750091e-01
4.14771 1.06978263e-01
4.16207 1.07066471e-01
4.17648 1.06947360e-01
4.19094 1.06440031e-01
4.20545 1.05726701e-01
4.22000 1.04837295e-01
4.23461 1.03935353e-01
4.24927 1.02957621e-01
4.26398 1.01926386e-01
4.27874 1.00892592e-01
4.29355 9.99139564e-02
4.30841 9.90183344e-02
4.32332 9.82561344e-02
4.33829 9.76453532e-02
4.35331 9.72953480e-02
4.36838 9.71733072e-02
4.38350 9.72237604e-02
4.39867 9.75091192e-02
4.41390 9.80537888e-02
4.42918 9.86162184e-02
4.44451 9.92783112e-02
4.45990 1.00328416e-01
4.47533 1.01585661e-01
4.49083 1.03078729e-01
4.50637 1.04657194e-01
4.52197 1.06325686e-01
4.53762 1.08117952e-01
4.55333 1.10049796e-01
4.56909 1.12186368e-01
4.58491 1.14463999e-01
4.60078 1.16893567e-01
4.61670 1.19310762e-01
4.63269 1.21711929e-01
4.64872 1.24202088e-01
4.66481 1.26701068e-01
4.68096 1.29124539e-01
4.69717 1.31495824e-01
4.71343 1.33824960e-01
4.72974 1.36002868e-01
4.74611 1.37994223e-01
4.76254 1.39770800e-01
4.77903 1.41321515e-01
4.79557 1.42704368e-01
4.81217 1.43865413e-01
4.82883 1.44848414e-01
4.84555 1.45572060e-01
4.86232 1.45909100e-01
4.87915 1.46061096e-01
4.89604 1.46128466e-01
4.91299 1.45939026e-01
4.92999 1.45478909e-01
4.94706 1.44955492e-01
4.96418 1.44398775e-01
4.98137 1.43727003e-01
4.99861 1.42985479e-01
5.01591 1.42260442e-01
5.03328 1.41565478e-01
5.05070 1.40800777e-01
5.06818 1.40074600e-01
5.08573 1.39551168e-01
5.10333 1.39161766e-01
5.12100 1.38851617e-01
5.13873 1.38677140e-01
5.15651 1.38681654e-01
5.17436 1.38846614e-01
5.19228 1.39200320e-01
5.21025 1.39721191e-01
5.22828 1.40354512e-01
5.24638 1.41153165e-01
5.26454 1.42214991e-01
5.28277 1.43444826e-01
5.30105 1.44779017e-01
5.31940 1.46267867e-01
5.33782 1.47924979e-01
5.35629 1.49731008e-01
5.37484 1.51689936e-01
5.39344 1.53784580e-01
5.41211 1.56013312e-01
5.43084 1.58360148e-01
5.44965 1.60871560e-01
5.46851 1.63497820e-01
5.48744 1.66111056e-01
5.50643 1.68738648e-01
5.52550 1.71493964e-01
5.54462 1.74346368e-01
5.56381 1.77178644e-01
5.58308 1.79960156e-01
5.60240 1.82732936e-01
5.62179 1.85502904e-01
5.64125 1.88204200e-01
5.66078 1.90807520e-01
5.68038 1.93306204e-01
5.70004 1.95665324e-01
5.71977 1.97887100e-01
5.73957 2.00050564e-01
5.75944 2.02078016e-01
5.77938 2.03879176e-01
5.79938 2.05468992e-01
5.81946 2.06923536e-01
5.83960 2.08266636e-01
5.85982 2.09437168e-01
5.88010 2.10411896e-01
5.90045 2.11237440e-01
5.92088 2.11935260e-01
5.94137 2.12510832e-01
5.96194 2.12987244e-01
5.98258 2.13377668e-01
6.00329 2.13713628e-01
6.02407 2.14028424e-01
6.04492 2.14306664e-01
6.06585 2.14557228e-01
6.08684 2.14807052e-01
6.10791 2.15021948e-01
6.12906 2.15249276e-01
6.15027 2.15555636e-01
6.17156 2.15975660e-01
6.19293 2.16468500e-01
6.21436 2.17064792e-01
6.23588 2.17755064e-01
6.25746 2.18555300e-01
6.27912 2.19470088e-01
6.30086 2.20501796e-01
6.32267 2.21657972e-01
6.34455 2.22939948e-01
6.36652 2.24349352e-01
6.38856 2.25889588e-01
6.41067 2.27608016e-01
6.43286 2.29534828e-01
6.45513 2.31596172e-01
6.47747 2.33728260e-01
6.49990 2.35985852e-01
6.52240 2.38413052e-01
6.54497 2.41019628e-01
6.56763 2.43748304e-01
6.59037 2.46592124e-01
6.61318 2.49547832e-01
6.63607 2.52636740e-01
6.65904 2.55865064e-01
6.68209 2.59186480e-01
6.70522 2.62636212e-01
6.72843 2.66170600e-01
6.75172 2.69772476e-01
6.77510 2.73430740e-01
6.79855 2.77138584e-01
6.82208 2.80951212e-01
6.84570 2.84822892e-01
6.86939 2.88718548e-01
6.89317 2.92654608e-01
6.91704 2.96592444e-01
6.94098 3.00559436e-01
6.96500 3.04556916e-01
6.98911 3.08530420e-01
7.01331 3.12513248e-01
7.03759 3.16468844e-01
7.06195 3.20387884e-01
7.08639 3.24338596e-01
7.11092 3.28235732e-01
7.13554 3.32097496e-01
7.16024 3.35935728e-01
7.18502 3.39714612e-01
7.20990 3.43487132e-01
7.23485 3.47232716e-01
7.25990 3.50923244e-01
7.28503 3.54651660e-01
7.31025 3.58347072e-01
7.33555 3.62005188e-01
7.36094 3.65678992e-01
7.38642 3.69323788e-01
7.41199 3.72970952e-01
7.43765 3.76676724e-01
7.46340 3.80377316e-01
7.48923 3.84130004e-01
7.51516 3.87968532e-01
7.54117 3.91828668e-01
7.56727 3.95765024e-01
7.59347 3.99782780e-01
7.61975 4.03848340e-01
7.64613 4.08062492e-01
7.67260 4.12399632e-01
7.69916 4.16809588e-01
7.72581 4.21383380e-01
7.75255 4.26084304e-01
7.77939 4.30879356e-01
7.80632 4.35964192e-01
7.83334 4.41232548e-01
7.86046 4.46614420e-01
7.88767 4.52273644e-01
7.91497 4.58118608e-01
7.94237 4.64090260e-01
7.96986 4.70338968e-01
7.99745 4.76786440e-01
8.02513 4.83368296e-01
8.05291 4.90264060e-01
8.08079 4.97401064e-01
8.10876 5.04676300e-01
8.13683 5.12258932e-01
8.16500 5.20123948e-01
8.19326 5.28127048e-01
8.22162 5.36403356e-01
8.25008 5.45007632e-01
8.27864 5.53746440e-01
8.30730 5.62725452e-01
8.33605 5.72148612e-01
8.36491 5.81702456e-01
8.39386 5.91411700e-01
8.42292 6.01666324e-01
8.45208 6.12047192e-01
8.48133 6.22549864e-01
8.51069 6.33588148e-01
8.54016 6.44831116e-01
8.56972 6.56193964e-01
8.59938 6.68048468e-01
8.62915 6.80309972e-01
8.65902 6.92695056e-01
8.68899 7.05422464e-01
8.71907 7.18888984e-01
8.74925 7.32489740e-01
8.77954 7.46222956e-01
8.80993 7.60791336e-01
8.84043 7.75562328e-01
8.87103 7.90477324e-01
8.90174 8.05986096e-01
8.93255 8.22027964e-01
8.96347 8.38226120e-01
8.99450 8.54688456e-01
9.02563 8.72104060e-01
9.05688 8.89683796e-01
9.08823 9.07423520e-01
9.11969 9.25913456e-01
9.15126 9.44868260e-01
9.18294 9.63976688e-01
9.21472 9.83358472e-01
9.24662 1.00356802e+00
9.27863 1.02390559e+00
9.31075 1.04435874e+00
9.34298 1.06530770e+00
9.37532 1.08658980e+00
9.40777 1.10793510e+00
9.44034 1.12944113e+00
9.47302 1.15691408e+00
9.50581 1.18432368e+00
9.53871 1.21162553e+00
9.57173 1.23605515e+00
9.60487 1.25596811e+00
9.63811 1.27575038e+00
9.67148 1.29538317e+00
9.70495 1.31231289e+00
9.73855 1.32802561e+00
9.77226 1.34360157e+00
9.80609 1.35902968e+00
9.84003 1.37151896e+00
9.87409 1.38380799e+00
9.90827 1.39597359e+00
9.94257 1.40741917e+00
9.97699 1.41629207e+00
10.01153 1.42507735e+00
10.04618 1.43377131e+00
10.08096 1.44148137e+00
10.11585 1.44757290e+00
10.15087 1.45360627e+00
10.18601 1.45957940e+00
10.22127 1.46488121e+00
10.25665 1.46948282e+00
10.29215 1.47403382e+00
10.32778 1.47853273e+00
10.36353 1.48235172e+00
10.39941 1.48561660e+00
10.43540 1.48883856e+00
10.47153 1.49201464e+00
10.50777 1.49378472e+00
10.54415 1.49448032e+00
10.58065 1.49514632e+00
10.61727 1.49578272e+00
10.65403 1.49566580e+00
10.69091 1.49486364e+00
10.72791 1.49403632e+00
10.76505 1.49318532e+00
10.80231 1.49148480e+00
10.83971 1.48863580e+00
10.87723 1.48576608e+00
10.91488 1.48287712e+00
10.95266 1.47939808e+00
10.99058 1.47432050e+00
11.02862 1.46921879e+00
11.06680 1.46409696e+00
11.10511 1.45894448e+00
11.14355 1.45348772e+00
11.18212 1.44801898e+00
11.22083 1.44254238e+00
11.25967 1.43706150e+00
11.29865 1.43105551e+00
11.33776 1.42488598e+00
11.37701 1.41871660e+00
11.41639 1.41255063e+00
11.45591 1.40563207e+00
11.49556 1.39766390e+00
11.53536 1.38969425e+00
11.57529 1.38172696e+00
11.61536 1.37375420e+00
11.65556 1.36440682e+00
11.69591 1.35504848e+00
11.73640 1.34568112e+00
11.77702 1.33630606e+00
11.81779 1.32478870e+00
11.85870 1.31132307e+00
11.89975 1.29781274e+00
11.94094 1.28425875e+00
11.98227 1.27066214e+00
12.02375 1.25027795e+00
12.06537 1.22952968e+00
12.10714 1.20857318e+00
12.14905 1.18740874e+00
12.19110 1.16428758e+00
12.23330 1.13749662e+00
12.27565 1.11012003e+00
12.31814 1.08218710e+00
12.36078 1.05374002e+00
12.40357 1.02867311e+00
12.44651 1.00522296e+00
12.48959 9.81428996e-01
12.53283 9.57357684e-01
12.57621 9.33080060e-01
12.61974 9.12199480e-01
12.66343 8.91731228e-01
12.70726 8.71250544e-01
12.75125 8.50816480e-01
12.79539 8.30619216e-01
12.83968 8.16287044e-01
12.88413 8.02126256e-01
12.92873 7.88166008e-01
12.97348 7.74431312e-01
13.01839 7.61930344e-01
13.06345 7.60439392e-01
13.10867 7.59143356e-01
13.15405 7.58044012e-01
13.19959 7.57141952e-01
13.24528 7.56434216e-01
13.29113 7.55868264e-01
13.33713 7.55464964e-01
13.38330 7.55222688e-01
13.42963 7.55139364e-01
13.47612 7.55212180e-01
13.52277 7.59150608e-01
13.56958 7.63461848e-01
13.61655 7.67930264e-01
13.66368 7.72553932e-01
13.71098 7.77330632e-01
13.75844 7.81401520e-01
13.80607 7.85310348e-01
13.85386 7.89354596e-01
13.90182 7.93532340e-01
13.94994 7.97840916e-01
13.99823 8.03895300e-01
14.04668 8.12176788e-01
14.09531 8.20628920e-01
14.14410 8.29250512e-01
14.19306 8.38039788e-01
14.24219 8.47008144e-01
14.29149 8.56447140e-01
14.34096 8.66046716e-01
14.39060 8.75806132e-01
14.44042 8.85724500e-01
14.49041 8.95801376e-01
14.54057 9.05867300e-01
14.59090 9.15929228e-01
14.64141 9.26128352e-01
14.69209 9.36464376e-01
14.74295 9.46937596e-01
14.79398 9.57547568e-01
14.84519 9.69443364e-01
14.89658 9.81575812e-01
14.94814 9.93855076e-01
14.99989 1.00628130e+00
15.05181 1.01885464e+00
15.10392 1.03161535e+00
15.15620 1.04467443e+00
15.20866 1.05787706e+00
15.26131 1.07122341e+00
15.31414 1.08471390e+00
15.36715 1.09834855e+00
15.42034 1.11200747e+00
15.47372 1.12559091e+00
15.52729 1.13929379e+00
15.58103 1.15311610e+00
15.63497 1.16705711e+00
15.68909 1.18111696e+00
15.74340 1.19531504e+00
15.79790 1.20965314e+00
15.85258 1.22409942e+00
15.90746 1.23865300e+00
15.96252 1.25331284e+00
16.01778 1.26807791e+00
16.07323 1.28173195e+00
16.12886 1.29303249e+00
16.18470 1.30436514e+00
16.24072 1.31572858e+00
16.29694 1.32712103e+00
16.35335 1.33854101e+00
16.40996 1.34982038e+00
16.46677 1.35994314e+00
16.52377 1.37007966e+00
16.58097 1.38022846e+00
16.63836 1.39038792e+00
16.69596 1.40055671e+00
16.75375 1.41073334e+00
16.81175 1.41755510e+00
16.86994 1.42340362e+00
16.92834 1.42924458e+00
16.98694 1.43507756e+00
17.04574 1.44090180e+00
17.10474 1.44671702e+00
17.16395 1.45257693e+00
17.22337 1.45856250e+00
17.28299 1.46453829e+00
17.34281 1.47050388e+00
17.40285 1.47645836e+00
17.46309 1.48240056e+00
17.52354 1.48833092e+00
17.58420 1.49256816e+00
17.64507 1.49586560e+00
17.70615 1.49913640e+00
17.76744 1.50237760e+00
17.82894 1.50558920e+00
17.89066 1.50877120e+00
17.95259 1.51192212e+00
18.01473 1.51423980e+00
18.07709 1.51639172e+00
18.13967 1.51851256e+00
18.20246 1.52060232e+00
18.26547 1.52266100e+00
18.32870 1.52468712e+00
18.39214 1.52668068e+00
18.45581 1.52729044e+00
18.51969 1.52770632e+00
18.58380 1.52808224e+00
18.64813 1.52841968e+00
18.71268 1.52871568e+00
18.77746 1.52897172e+00
18.84246 1.52918336e+00
18.90768 1.52932248e+00
18.97313 1.52941572e+00
19.03881 1.52946900e+00
19.10472 1.52948528e+00
19.17085 1.52946308e+00
19.23721 1.52939944e+00
19.30380 1.52929732e+00
19.37062 1.52949860e+00
19.43768 1.53007432e+00
19.50496 1.53061304e+00
19.57248 1.53111328e+00
19.64023 1.53157504e+00
19.70822 1.53199684e+00
19.77644 1.53237868e+00
19.84490 1.53272056e+00
19.91359 1.53312164e+00
19.98252 1.53348128e+00
20.05169 1.53379800e+00
20.12110 1.53406884e+00
20.19076 1.53429380e+00
20.26065 1.53447288e+00
20.33078 1.53460312e+00
20.40116 1.53462976e+00
20.47178 1.53444180e+00
20.54264 1.53420056e+00
20.61375 1.53390456e+00
20.68511 1.53355528e+00
20.75671 1.53315124e+00
20.82856 1.53269096e+00
20.90066 1.53217444e+00
20.97301 1.53183256e+00
21.04561 1.53186068e+00
21.11846 1.53182664e+00
21.19157 1.53173044e+00
21.26492 1.53157060e+00
21.33853 1.53134712e+00
21.41240 1.53106000e+00
21.48652 1.53070628e+00
21.56090 1.53004176e+00
21.63553 1.52842708e+00
21.71043 1.52673100e+00
21.78558 1.52495352e+00
21.86099 1.52309316e+00
21.93666 1.52114844e+00
22.01260 1.51912232e+00
22.08880 1.51701184e+00
22.16526 1.51481700e+00
22.24199 1.51002624e+00
22.31898 1.50471896e+00
22.39624 1.49932732e+00
22.47377 1.49385428e+00
22.55156 1.48830132e+00
22.62962 1.48266696e+00
22.70796 1.47695312e+00
22.78656 1.47116159e+00
22.86544 1.46492280e+00
22.94459 1.45742408e+00
23.02402 1.44985595e+00
23.10372 1.44222034e+00
23.18369 1.43451871e+00
23.26394 1.42675286e+00
23.34447 1.41892440e+00
23.42528 1.41103540e+00
23.50637 1.40308736e+00
23.58774 1.39428832e+00
23.66939 1.38401667e+00
23.75133 1.37370166e+00
23.83354 1.36334610e+00
23.91604 1.35295266e+00
23.99883 1.34252428e+00
24.08191 1.33206334e+00
24.16527 1.32157266e+00
24.24892 1.31105504e+00
24.33286 1.30038868e+00
24.41709 1.28919781e+00
24.50161 1.27799376e+00
24.58642 1.26677936e+00
24.67153 1.25555756e+00
24.75693 1.24433102e+00
24.84263 1.23310270e+00
24.92863 1.22187542e+00
25.01492 1.21065169e+00
25.10151 1.19943418e+00
25.18840 1.18773271e+00
25.27559 1.17587450e+00
25.36309 1.16403924e+00
25.45088 1.15223002e+00
25.53898 1.14044937e+00
25.62739 1.12870010e+00
25.71610 1.11698471e+00
25.80512 1.10530574e+00
25.89444 1.09366568e+00
25.98408 1.08206678e+00
26.07403 1.07050990e+00
26.16428 1.05900246e+00
26.25485 1.04754696e+00
26.34574 1.03614563e+00
26.43694 1.02480025e+00
26.52845 1.01351288e+00
26.62028 1.00228530e+00
26.71243 9.91119444e-01
26.80489 9.80016928e-01
26.89768 9.68979384e-01
26.99079 9.58065568e-01
27.08422 9.47234780e-01
27.17798 9.36477844e-01
27.27205 9.25795796e-01
27.36646 9.15189968e-01
27.46119 9.04661248e-01
27.55625 8.94210968e-01
27.65164 8.83840016e-01
27.74736 8.73549280e-01
27.84341 8.63339500e-01
27.93979 8.53335884e-01
28.03650 8.43648396e-01
28.13355 8.34041420e-01
28.23094 8.24515696e-01
28.32867 8.15071668e-01
28.42673 8.05709484e-01
28.52513 7.96429588e-01
28.62387 7.87232424e-01
28.72295 7.78117844e-01
28.82238 7.69086440e-01
28.92215 7.60138064e-01
29.02227 7.51411244e-01
29.12273 7.42926552e-01
29.22354 7.34521928e-01
29.32470 7.26197372e-01
29.42621 7.17953032e-01
29.52807 7.09788316e-01
29.63029 7.01703520e-01
29.73286 6.93698052e-01
29.83578 6.85772060e-01
29.93906 6.77925100e-01
30.04269 6.70156876e-01
30.14669 6.62505720e-01
30.25104 6.55144052e-01
30.35576 6.47857272e-01
30.46084 6.40644788e-01
30.56628 6.33506452e-01
30.67209 6.26441820e-01
30.77826 6.19450300e-01
30.88481 6.12531596e-01
30.99172 6.05685264e-01
31.09900 5.98910712e-01
31.20665 5.92207496e-01
31.31467 5.85575320e-01
31.42307 5.79139096e-01
31.53184 5.72970456e-01
31.64099 5.66866344e-01
31.75052 5.60826168e-01
31.86043 5.54849632e-01
31.97072 5.48936144e-01
32.08139 5.43085112e-01
32.19244 5.37296092e-01
32.30388 5.31568492e-01
32.41570 5.25901868e-01
32.52791 5.20295628e-01
32.64051 5.14749180e-01
32.75349 5.09321724e-01
32.86687 5.04398800e-01
32.98064 4.99525160e-01
33.09481 4.94700212e-01
33.20937 4.89923512e-01
33.32433 4.85194764e-01
33.43968 4.80513376e-01
33.55544 4.75879052e-01
33.67159 4.71291200e-01
33.78815 4.66749524e-01
33.90511 4.62253580e-01
34.02247 4.57802924e-01
34.14024 4.53397112e-01
34.25842 4.49019420e-01
34.37701 4.44649572e-01
34.49601 4.40323828e-01
34.61542 4.36041892e-01
34.73525 4.31803172e-01
34.85549 4.27607372e-01
34.97614 4.23454196e-01
35.09721 4.19343052e-01
35.21871 4.15273644e-01
35.34062 4.11245528e-01
35.46295 4.07258260e-01
35.58571 4.03311396e-01
35.70889 3.99404788e-01
35.83250 3.95537844e-01
35.95654 3.91764436e-01
36.08101 3.88034984e-01
36.20590 3.84343420e-01
36.33123 3.80689004e-01
36.45700 3.77071588e-01
36.58320 3.73490728e-01
36.70983 3.69946128e-01
36.83691 3.66437196e-01
36.96442 3.62963784e-01
37.09238 3.59525448e-01
37.22077 3.56121892e-01
37.34962 3.52752672e-01
37.47890 3.49417344e-01
37.60864 3.46115908e-01
37.73883 3.42977124e-01
37.86946 3.39892804e-01
38.00055 3.36838824e-01
38.13209 3.33814592e-01
38.26409 3.30820108e-01
38.39654 3.27854928e-01
38.52946 3.24918608e-01
38.66283 3.22011000e-01
38.79667 3.19131808e-01
38.93096 3.16280736e-01
39.06573 3.13457488e-01
39.20096 3.10661768e-01
39.33665 3.07893280e-01
39.47282 3.05151728e-01
39.60946 3.02442884e-01
39.74657 2.99838824e-01
39.88416 2.97259036e-01
40.02222 2.94703520e-01
40.16076 2.92171980e-01
40.29978 2.89664120e-01
40.43928 2.87179792e-01
40.57926 2.84718700e-01
40.71973 2.82280548e-01
40.86069 2.79865336e-01
41.00213 2.77472472e-01
41.14406 2.75102104e-01
41.28648 2.72753788e-01
41.42940 2.70427376e-01
41.57281 2.68122720e-01
41.71672 2.65839376e-01
41.86113 2.63551148e-01
42.00603 2.61258776e-01
42.15144 2.58988012e-01
42.29735 2.56738708e-01
42.44377 2.54510716e-01
42.59069 2.52303740e-01
42.73812 2.50117632e-01
42.88606 2.47952096e-01
43.03451 2.45806836e-01
43.18348 2.43681852e-01
43.33297 2.41576848e-01
43.48297 2.39491676e-01
43.63349 2.37426040e-01
43.78453 2.35379792e-01
43.93609 2.33352784e-01
44.08818 2.31344572e-01
44.24079 2.29355304e-01
44.39394 2.27382464e-01
44.54761 2.25428124e-01
44.70182 2.23492136e-01
44.85655 2.21574204e-01
45.01183 2.19674328e-01
45.16764 2.17792064e-01
45.32399 2.15927412e-01
45.48089 2.14080224e-01
45.63832 2.12250204e-01
45.79630 2.10437204e-01
45.95483 2.08641076e-01
46.11391 2.06861672e-01
46.27353 2.05098696e-01
46.43371 2.03352148e-01
46.59445 2.01621732e-01
46.75574 1.99907448e-01
46.91759 1.98209000e-01
47.08000 1.96504780e-01
47.24297 1.94802632e-01
47.40650 1.93116320e-01
47.57060 1.91445844e-01
47.73527 1.89791056e-01
47.90051 1.88151808e-01
48.06633 1.86527804e-01
48.23271 1.84919044e-01
48.39967 1.83325232e-01
48.56721 1.81746368e-01
48.73533 1.80182304e-01
48.90403 1.78632744e-01
49.07332 1.77097540e-01
49.24319 1.75576692e-01
49.41365 1.74069904e-01
49.58470 1.72577176e-01
49.75634 1.71098212e-01
49.92858 1.69633012e-01
50.10141 1.68183500e-01
50.27484 1.66801772e-01
50.44887 1.65432328e-01
50.62350 1.64075168e-01
50.79874 1.62730292e-01
50.97458 1.61397404e-01
51.15104 1.60076356e-01
51.32810 1.58767296e-01
51.50578 1.57469780e-01
51.68407 1.56183956e-01
51.86298 1.54909528e-01
52.04250 1.53646496e-01
52.22265 1.52394712e-01
52.40343 1.51154028e-01
52.58482 1.49924296e-01
52.76685 1.48705664e-01
52.94951 1.47497644e-01
53.13280 1.46300398e-01
53.31672 1.45113734e-01
53.50128 1.43937563e-01
53.68648 1.42769369e-01
53.87232 1.41601797e-01
54.05880 1.40444615e-01
54.24593 1.39297718e-01
54.43371 1.38160975e-01
54.62214 1.37034325e-01
54.81122 1.35917635e-01
55.00095 1.34810832e-01
55.19134 1.33713812e-01
55.38239 1.32626470e-01
55.57410 1.31548720e-01
55.76647 1.30480456e-01
55.95951 1.29421619e-01
56.15322 1.28372077e-01
56.34760 1.27331756e-01
56.54265 1.26300580e-01
56.73838 1.25278433e-01
56.93479 1.24265255e-01
57.13187 1.23260942e-01
57.32964 1.22265405e-01
57.52809 1.21278570e-01
57.72723 1.20300350e-01
57.92705 1.19332208e-01
58.12757 1.18372679e-01
58.32879 1.17421498e-01
58.53070 1.16478590e-01
58.73331 1.15543866e-01
58.93662 1.14617268e-01
59.14063 1.13698691e-01
59.34535 1.12788062e-01
59.55078 1.11885321e-01
59.75692 1.10990395e-01
59.96377 1.10103179e-01
60.17134 1.09223630e-01
60.37963 1.08351658e-01
60.58864 1.07487205e-01
60.79837 1.06630182e-01
61.00883 1.05780543e-01
61.22002 1.04938186e-01
61.43194 1.04103067e-01
61.64459 1.03275096e-01
61.85797 1.02454228e-01
62.07210 1.01640376e-01
62.28697 1.00833495e-01
62.50258 1.00033496e-01
62.71894 9.92464320e-02
62.93605 9.84666940e-02
63.15390 9.76935420e-02
63.37252 9.69269316e-02
63.59189 9.61668036e-02
63.81201 9.54130988e-02
64.03290 9.46657432e-02
64.25456 9.39246776e-02
64.47698 9.31898724e-02
64.70017 9.24612388e-02
64.92414 9.17387176e-02
65.14888 9.10222792e-02
65.37440 9.03118496e-02
65.60070 8.96073696e-02
65.82778 8.89087948e-02
66.05565 8.82160660e-02
66.28430 8.75291240e-02
66.51375 8.68479244e-02
66.74400 8.61724080e-02
66.97504 8.55025304e-02
67.20688 8.48382176e-02
67.43952 8.41794548e-02
67.67297 8.35261532e-02
67.90722 8.28782832e-02
68.14229 8.22358004e-02
68.37817 8.16000812e-02
68.61486 8.09697344e-02
68.85238 8.03445972e-02
69.09072 7.97246252e-02
69.32988 7.91097740e-02
69.56987 7.84999992e-02
69.81069 7.78952416e-02
70.05235 7.72954716e-02
70.29484 7.67006300e-02
70.53817 7.61106872e-02
70.78235 7.55255840e-02
71.02737 7.49452908e-02
71.27323 7.43697484e-02
71.51995 7.37989272e-02
71.76752 7.32327828e-02
72.01595 7.26712708e-02
72.26524 7.21143320e-02
72.51539 7.15619664e-02
72.76641 7.10140852e-02
73.01830 7.04706884e-02
73.27106 6.99317168e-02
73.52469 6.93971408e-02
73.77920 6.88669012e-02
74.03460 6.83409684e-02
74.29087 6.78193276e-02
74.54804 6.73019048e-02
74.80609 6.67886852e-02
75.06504 6.62805568e-02
75.32488 6.57772088e-02
75.58563 6.52779308e-02
75.84727 6.47826784e-02
76.10982 6.42914220e-02
76.37328 6.38041172e-02
76.63766 6.33207344e-02
76.90295 6.28412440e-02
77.16915 6.23656016e-02
77.43628 6.18937776e-02
77.70433 6.14257424e-02
77.97331 6.09614664e-02
78.24322 6.05009052e-02
78.51407 6.00440292e-02
78.78585 5.95908088e-02
79.05857 5.91411996e-02
79.33224 5.86952016e-02
79.60686 5.82527556e-02
79.88242 5.78138320e-02
80.15894 5.73784160e-02
80.43642 5.69464632e-02
80.71486 5.65179588e-02
80.99426 5.60928584e-02
81.27463 5.56711324e-02
81.55596 5.52527512e-02
81.83828 5.48377000e-02
82.12157 5.44259344e-02
82.40584 5.40174396e-02
82.69109 5.36121712e-02
82.97733 5.32101144e-02
83.26457 5.28123348e-02
83.55279 5.24193948e-02
83.84202 5.20295332e-02
84.13225 5.16427204e-02
84.42348 5.12589564e-02
84.71572 5.08781968e-02
85.00897 5.05004268e-02
85.30323 5.01256020e-02
85.59852 4.97537076e-02
85.89482 4.93847288e-02
86.19215 4.90186212e-02
86.49052 4.86553700e-02
86.78991 4.82949604e-02
87.09034 4.79373480e-02
87.39181 4.75825328e-02
87.69432 4.72304852e-02
87.99789 4.68811608e-02
88.30250 4.65345596e-02
88.60816 4.61906520e-02
88.91489 4.58494084e-02
89.22267 4.55108140e-02
89.53153 4.51748540e-02
89.84145 4.48414840e-02
90.15244 4.45107040e-02
90.46451 4.41824844e-02
90.77766 4.38567956e-02
91.09190 4.35336228e-02
91.40722 4.32129512e-02
91.72363 4.28947660e-02
92.04114 4.25790228e-02
92.35975 4.22657216e-02
92.67946 4.19548328e-02
93.00028 4.16463268e-02
93.32221 4.13402036e-02
93.64525 4.10368480e-02
93.96941 4.07360380e-02
94.29469 4.04375220e-02
94.62110 4.01412852e-02
94.94864 3.98473276e-02
95.27731 3.95556196e-02
95.60712 3.92661464e-02
95.93807 3.89788932e-02
96.27017 3.86938304e-02
96.60342 3.84109432e-02
96.93782 3.81302168e-02
97.27338 3.78516364e-02
97.61010 3.75751724e-02
97.94798 3.73008248e-02
98.28704 3.70285640e-02
98.62727 3.67583752e-02
98.96867 3.64902436e-02
99.31126 3.62241544e-02
99.65504 3.59600780e-02
100.00000 3.56980144e-02
