        2000  4.000000 3.710000
0.10000 8.95400091e-01
0.10035 8.95457076e-01
0.10069 8.95514260e-01
0.10104 8.95571047e-01
0.10139 8.95627439e-01
0.10174 8.95684029e-01
0.10210 8.95741213e-01
0.10245 8.95798001e-01
0.10280 8.95853997e-01
0.10316 8.95909993e-01
0.10352 8.95966781e-01
0.10387 8.96023569e-01
0.10423 8.96079763e-01
0.10459 8.96134967e-01
0.10496 8.96190370e-01
0.10532 8.96246762e-01
0.10568 8.96302956e-01
0.10605 8.96358557e-01
0.10642 8.96413366e-01
0.10679 8.96468175e-01
0.10716 8.96523578e-01
0.10753 8.96579772e-01
0.10790 8.96635372e-01
0.10827 8.96689983e-01
0.10865 8.96743407e-01
0.10902 8.96797029e-01
0.10940 8.96851245e-01
0.10978 8.96906054e-01
0.11016 8.96961259e-01
0.11054 8.97015672e-01
0.11092 8.97069096e-01
0.11131 8.97121333e-01
0.11169 8.97173372e-01
0.11208 8.97225609e-01
0.11247 8.97278835e-01
0.11286 8.97332457e-01
0.11325 8.97386276e-01
0.11364 8.97439305e-01
0.11403 8.97491146e-01
0.11443 8.97541602e-01
0.11482 8.97591662e-01
0.11522 8.97641524e-01
0.11562 8.97691782e-01
0.11602 8.97742634e-01
0.11642 8.97793288e-01
0.11682 8.97843942e-01
0.11723 8.97894398e-01
0.11763 8.97944854e-01
0.11804 8.97995310e-01
0.11845 8.98045172e-01
0.11886 8.98093847e-01
0.11927 8.98141138e-01
0.11968 8.98188230e-01
0.12010 8.98235520e-01
0.12051 8.98282414e-01
0.12093 8.98328319e-01
0.12135 8.98373235e-01
0.12177 8.98418151e-01
0.12219 8.98463462e-01
0.12262 8.98508972e-01
0.12304 8.98553096e-01
0.12347 8.98596231e-01
0.12389 8.98639762e-01
0.12432 8.98684084e-01
0.12475 8.98727417e-01
0.12518 8.98769364e-01
0.12562 8.98810718e-01
0.12605 8.98853062e-01
0.12649 8.98895207e-01
0.12693 8.98935572e-01
0.12737 8.98974948e-01
0.12781 8.99015510e-01
0.12825 8.99056469e-01
0.12869 8.99095449e-01
0.12914 8.99133241e-01
0.12959 8.99172617e-01
0.13003 8.99212586e-01
0.13048 8.99250180e-01
0.13094 8.99286786e-01
0.13139 8.99325172e-01
0.13184 8.99363360e-01
0.13230 8.99398185e-01
0.13276 8.99431624e-01
0.13322 8.99466449e-01
0.13368 8.99498701e-01
0.13414 8.99526402e-01
0.13461 8.99554499e-01
0.13507 8.99583586e-01
0.13554 8.99609110e-01
0.13601 8.99634437e-01
0.13648 8.99664513e-01
0.13695 8.99695182e-01
0.13743 8.99724467e-01
0.13790 8.99757313e-01
0.13838 8.99790950e-01
0.13886 8.99817662e-01
0.13934 8.99840812e-01
0.13982 8.99862973e-01
0.14031 8.99877813e-01
0.14079 8.99890873e-01
0.14128 8.99911253e-01
0.14177 8.99933810e-01
0.14226 8.99958147e-01
0.14275 8.99989410e-01
0.14324 9.00014737e-01
0.14374 9.00028192e-01
0.14424 9.00039273e-01
0.14474 9.00044615e-01
0.14524 9.00048968e-01
0.14574 9.00068359e-01
0.14625 9.00093686e-01
0.14675 9.00114264e-01
0.14726 9.00132468e-01
0.14777 9.00134249e-01
0.14828 9.00125147e-01
0.14879 9.00129698e-01
0.14931 9.00142163e-01
0.14983 9.00162148e-01
0.15034 9.00184111e-01
0.15087 9.00179758e-01
0.15139 9.00164720e-01
0.15191 9.00159971e-01
0.15244 9.00163533e-01
0.15297 9.00186287e-01
0.15349 9.00198357e-01
0.15403 9.00178966e-01
0.15456 9.00160565e-01
0.15509 9.00150474e-01
0.15563 9.00162543e-01
0.15617 9.00181341e-01
0.15671 9.00160565e-01
0.15725 9.00131083e-01
0.15780 9.00115055e-01
0.15834 9.00120200e-01
0.15889 9.00136623e-01
0.15944 9.00106151e-01
0.15999 9.00066578e-01
0.16055 9.00053915e-01
0.16110 9.00058663e-01
0.16166 9.00061236e-01
0.16222 9.00010384e-01
0.16278 8.99971800e-01
0.16335 8.99973185e-01
0.16391 8.99970217e-01
0.16448 8.99940537e-01
0.16505 8.99875835e-01
0.16562 8.99865348e-01
0.16619 8.99869107e-01
0.16677 8.99828149e-01
0.16734 8.99770965e-01
0.16792 8.99735349e-01
0.16851 8.99747815e-01
0.16909 8.99695776e-01
0.16967 8.99628303e-01
0.17026 8.99603372e-01
0.17085 8.99593677e-01
0.17144 8.99543814e-01
0.17204 8.99458534e-01
0.17263 8.99453587e-01
0.17323 8.99421929e-01
0.17383 8.99351290e-01
0.17443 8.99282630e-01
0.17503 8.99273529e-01
0.17564 8.99225051e-01
0.17625 8.99126316e-01
0.17686 8.99100197e-01
0.17747 8.99061613e-01
0.17808 8.98986622e-01
0.17870 8.98898571e-01
0.17932 8.98893031e-01
0.17994 8.98806959e-01
0.18056 8.98721678e-01
0.18119 8.98677752e-01
0.18182 8.98629275e-01
0.18244 8.98518667e-01
0.18308 8.98463660e-01
0.18371 8.98420525e-01
0.18435 8.98305367e-01
0.18498 8.98240665e-01
0.18562 8.98183877e-01
0.18627 8.98089297e-01
0.18691 8.97987197e-01
0.18756 8.97953362e-01
0.18821 8.97827717e-01
0.18886 8.97751142e-01
0.18951 8.97673381e-01
0.19017 8.97584539e-01
0.19083 8.97461861e-01
0.19149 8.97417935e-01
0.19215 8.97280813e-01
0.19282 8.97200282e-01
0.19348 8.97100953e-01
0.19415 8.97005383e-01
0.19483 8.96875187e-01
0.19550 8.96814442e-01
0.19618 8.89740906e-01
0.19686 8.77358212e-01
0.19754 8.63126850e-01
0.19822 8.47317897e-01
0.19891 8.30687995e-01
0.19960 8.14004274e-01
0.20029 7.97598555e-01
0.20098 7.81714412e-01
0.20168 7.66618373e-01
0.20237 7.51631754e-01
0.20307 7.34979889e-01
0.20378 7.17410714e-01
0.20448 7.00461851e-01
0.20519 6.88580155e-01
0.20590 6.78276842e-01
0.20661 6.63223146e-01
0.20733 6.45332042e-01
0.20805 6.33791469e-01
0.20877 6.26285397e-01
0.20949 6.11981813e-01
0.21021 5.94301239e-01
0.21094 5.88228711e-01
0.21167 5.80914768e-01
0.21240 5.62435011e-01
0.21314 5.53737188e-01
0.21388 5.51032944e-01
0.21462 5.31720762e-01
0.21536 5.22250665e-01
0.21611 5.19584610e-01
0.21685 5.03263380e-01
0.21760 4.95202885e-01
0.21836 4.93445038e-01
0.21911 4.75599245e-01
0.21987 4.71501625e-01
0.22063 4.66495994e-01
0.22140 4.51015301e-01
0.22216 4.52245438e-01
0.22293 4.38403874e-01
0.22370 4.32546031e-01
0.22448 4.31074892e-01
0.22526 4.11090557e-01
0.22604 4.16380522e-01
0.22682 4.03850418e-01
0.22760 3.95962463e-01
0.22839 3.94643088e-01
0.22918 3.81328838e-01
0.22998 3.86173603e-01
0.23077 3.69206141e-01
0.23157 3.67429892e-01
0.23237 3.60451332e-01
0.23318 3.53769177e-01
0.23398 3.54893851e-01
0.23479 3.41478491e-01
0.23561 3.43850517e-01
0.23642 3.28400692e-01
0.23724 3.30789338e-01
0.23806 3.21723681e-01
0.23889 3.25211279e-01
0.23971 3.14487697e-01
0.24054 3.10045788e-01
0.24137 3.06306108e-01
0.24221 2.94771669e-01
0.24305 2.99377609e-01
0.24389 2.86925266e-01
0.24473 2.93174687e-01
0.24558 2.81968904e-01
0.24643 2.86475911e-01
0.24728 2.72743766e-01
0.24814 2.79779509e-01
0.24900 2.63293061e-01
0.24986 2.68512783e-01
0.25073 2.53016064e-01
0.25159 2.59489470e-01
0.25246 2.45694799e-01
0.25334 2.51451334e-01
0.25422 2.39474267e-01
0.25510 2.44461299e-01
0.25598 2.33865934e-01
0.25687 2.38456837e-01
0.25775 2.28664613e-01
0.25865 2.33418558e-01
0.25954 2.24488637e-01
0.26044 2.26291598e-01
0.26134 2.21047736e-01
0.26225 2.21767179e-01
0.26315 2.15195038e-01
0.26406 2.14105386e-01
0.26498 2.11106321e-01
0.26590 2.08588468e-01
0.26682 2.04059695e-01
0.26774 1.99305553e-01
0.26867 2.00067933e-01
0.26960 1.92731314e-01
0.27053 1.93717165e-01
0.27147 1.84328788e-01
0.27241 1.91027287e-01
0.27335 1.79543917e-01
0.27430 1.86592936e-01
0.27525 1.76176839e-01
0.27620 1.80563306e-01
0.27715 1.77143398e-01
0.27811 1.74756414e-01
0.27908 1.83174770e-01
0.28004 1.71939426e-01
0.28101 1.78007284e-01
0.28198 1.70668033e-01
0.28296 1.67760660e-01
0.28394 1.61427561e-01
0.28492 1.59128153e-01
0.28591 1.57367871e-01
0.28690 1.52497621e-01
0.28789 1.61963701e-01
0.28889 1.49401918e-01
0.28989 1.58955197e-01
0.29089 1.56026157e-01
0.29190 1.51895176e-01
0.29291 1.47186523e-01
0.29392 1.40129945e-01
0.29494 1.46857431e-01
0.29596 1.36631761e-01
0.29699 1.44661349e-01
0.29801 1.49709125e-01
0.29905 1.41787949e-01
0.30008 1.38174824e-01
0.30112 1.28885499e-01
0.30216 1.31296069e-01
0.30321 1.29138946e-01
0.30426 1.31115674e-01
0.30531 1.36540842e-01
0.30637 1.29311961e-01
0.30743 1.25871950e-01
0.30849 1.20350817e-01
0.30956 1.19686994e-01
0.31063 1.30329114e-01
0.31171 1.24684671e-01
0.31279 1.18433548e-01
0.31387 1.16538362e-01
0.31496 1.11524480e-01
0.31605 1.22557525e-01
0.31714 1.18489525e-01
0.31824 1.09867841e-01
0.31934 1.11413239e-01
0.32044 1.04137860e-01
0.32155 1.11933589e-01
0.32267 1.16519465e-01
0.32378 1.03477104e-01
0.32490 1.05865137e-01
0.32603 1.02351777e-01
0.32716 1.05663293e-01
0.32829 1.07060726e-01
0.32943 9.57911513e-02
0.33057 1.00986616e-01
0.33171 1.13862472e-01
0.33286 1.00908992e-01
0.33401 9.68396468e-02
0.33517 9.45305230e-02
0.33633 9.43362377e-02
0.33749 9.77148902e-02
0.33866 8.94620496e-02
0.33983 9.04788073e-02
0.34101 1.03992368e-01
0.34219 9.34261104e-02
0.34337 8.69127750e-02
0.34456 9.35014580e-02
0.34576 9.06171556e-02
0.34695 8.48226501e-02
0.34815 8.51719837e-02
0.34936 8.48075133e-02
0.35057 8.64137157e-02
0.35178 8.11985836e-02
0.35300 7.87486183e-02
0.35422 9.23588967e-02
0.35545 8.27576542e-02
0.35668 7.74773447e-02
0.35791 8.43923890e-02
0.35915 8.46417999e-02
0.36039 7.43109834e-02
0.36164 7.98869452e-02
0.36289 8.61876531e-02
0.36415 7.34033294e-02
0.36541 7.65087281e-02
0.36668 8.38663209e-02
0.36795 7.06311383e-02
0.36922 7.47394637e-02
0.37050 8.49264311e-02
0.37178 6.78605499e-02
0.37307 7.01897373e-02
0.37436 8.17358311e-02
0.37565 6.74234228e-02
0.37695 6.87620106e-02
0.37826 7.67338212e-02
0.37957 6.47243236e-02
0.38088 6.51327600e-02
0.38220 7.35378194e-02
0.38352 6.44271873e-02
0.38485 6.45147828e-02
0.38618 7.00830476e-02
0.38752 6.15927077e-02
0.38886 6.26886714e-02
0.39021 6.43237030e-02
0.39156 6.15796881e-02
0.39291 7.28217004e-02
0.39427 6.14628676e-02
0.39564 6.05709638e-02
0.39701 6.35972949e-02
0.39838 5.70716522e-02
0.39976 6.31202779e-02
0.40115 6.85914693e-02
0.40253 5.61841609e-02
0.40393 6.29008636e-02
0.40533 5.79665240e-02
0.40673 5.39004431e-02
0.40814 5.97214035e-02
0.40955 5.53873320e-02
0.41097 5.67295803e-02
0.41239 5.36144665e-02
0.41382 5.61324385e-02
0.41525 6.44176897e-02
0.41669 5.28715958e-02
0.41813 5.26931003e-02
0.41958 5.44236026e-02
0.42103 5.05125107e-02
0.42249 6.82898216e-02
0.42395 5.10439212e-02
0.42542 6.13769934e-02
0.42689 4.96735561e-02
0.42837 5.16351468e-02
0.42985 5.24321142e-02
0.43134 4.76633494e-02
0.43283 5.09800499e-02
0.43433 4.74401558e-02
0.43583 5.56397505e-02
0.43734 4.71370043e-02
0.43886 4.77989079e-02
0.44037 4.75973411e-02
0.44190 4.45600284e-02
0.44343 5.03303547e-02
0.44496 4.35531443e-02
0.44650 5.25497261e-02
0.44805 4.38163861e-02
0.44960 4.93989369e-02
0.45116 4.39797449e-02
0.45272 4.68025107e-02
0.45429 4.91304318e-02
0.45586 4.05626667e-02
0.45744 4.32754187e-02
0.45902 4.10000509e-02
0.46061 4.53092506e-02
0.46220 3.98097840e-02
0.46380 4.65443343e-02
0.46541 4.04744775e-02
0.46702 4.67537762e-02
0.46864 3.94561369e-02
0.47026 4.38540204e-02
0.47189 4.18354638e-02
0.47352 4.01488483e-02
0.47516 3.73527747e-02
0.47680 3.95480658e-02
0.47845 4.11747672e-02
0.48011 3.69734445e-02
0.48177 3.74322775e-02
0.48344 3.83255466e-02
0.48511 4.20976569e-02
0.48679 3.62434352e-02
0.48848 3.75126114e-02
0.49017 3.74387675e-02
0.49186 4.18146284e-02
0.49357 3.38397114e-02
0.49528 3.61251703e-02
0.49699 3.48080906e-02
0.49871 3.84753910e-02
0.50044 3.35357882e-02
0.50217 3.62199682e-02
0.50391 3.49007516e-02
0.50565 3.67089561e-02
0.50740 3.33335289e-02
0.50916 3.49210527e-02
0.51092 3.46886385e-02
0.51269 3.48854169e-02
0.51446 3.20877207e-02
0.51625 3.13389339e-02
0.51803 3.16482787e-02
0.51983 3.14558533e-02
0.52163 3.59191119e-02
0.52343 3.02060483e-02
0.52524 3.13668529e-02
0.52706 3.04034005e-02
0.52889 3.71414729e-02
0.53072 2.96705420e-02
0.53255 3.58713865e-02
0.53440 2.99259483e-02
0.53625 3.22796910e-02
0.53810 2.99633846e-02
0.53997 3.24229662e-02
0.54183 2.84273457e-02
0.54371 2.81794781e-02
0.54559 3.26832401e-02
0.54748 2.72979030e-02
0.54938 3.14191293e-02
0.55128 2.72405217e-02
0.55319 2.95481614e-02
0.55510 2.77644924e-02
0.55702 3.37649771e-02
0.55895 2.69828993e-02
0.56089 2.71746321e-02
0.56283 3.58058926e-02
0.56478 2.69044847e-02
0.56673 4.06420706e-02
0.56869 2.63213518e-02
0.57066 2.76003026e-02
0.57264 2.78518703e-02
0.57462 2.89667698e-02
0.57661 2.69381022e-02
0.57860 2.57131691e-02
0.58061 4.43660399e-02
0.58262 2.48513806e-02
0.58463 2.92547252e-02
0.58666 2.37728885e-02
0.58869 2.41175723e-02
0.59073 2.59108577e-02
0.59277 2.45120393e-02
0.59482 3.59483171e-02
0.59688 2.31463437e-02
0.59895 2.41096972e-02
0.60102 2.46625169e-02
0.60310 2.52058983e-02
0.60519 3.82777024e-02
0.60728 2.27112151e-02
0.60939 2.46345979e-02
0.61150 2.39531055e-02
0.61361 2.40646034e-02
0.61574 3.40268537e-02
0.61787 2.22698933e-02
0.62001 2.34892269e-02
0.62215 2.18376140e-02
0.62431 2.19598758e-02
0.62647 3.15016793e-02
0.62864 2.03112112e-02
0.63081 2.27484339e-02
0.63300 2.14508441e-02
0.63519 2.15058312e-02
0.63739 2.79972627e-02
0.63959 2.03209462e-02
0.64181 2.11456941e-02
0.64403 2.11411629e-02
0.64626 2.09545153e-02
0.64849 2.38296169e-02
0.65074 2.12530170e-02
0.65299 2.00047157e-02
0.65525 2.23037483e-02
0.65752 2.05421216e-02
0.65980 2.15098479e-02
0.66208 2.42577806e-02
0.66437 1.96546639e-02
0.66667 2.95935125e-02
0.66898 2.64361343e-02
0.67130 2.03093710e-02
0.67362 2.15101645e-02
0.67595 2.94214674e-02
0.67829 1.87898995e-02
0.68064 1.92379052e-02
0.68299 1.80890835e-02
0.68536 1.90515564e-02
0.68773 2.11256700e-02
0.69011 1.78096205e-02
0.69250 2.35939379e-02
0.69490 1.85046648e-02
0.69730 1.77709396e-02
0.69972 1.92077068e-02
0.70214 2.34113268e-02
0.70457 1.78369439e-02
0.70701 2.10083548e-02
0.70946 1.72599351e-02
0.71191 1.74932337e-02
0.71438 1.89876494e-02
0.71685 1.86010476e-02
0.71933 1.82219410e-02
0.72182 3.04203577e-02
0.72432 1.66624391e-02
0.72683 1.71777551e-02
0.72934 1.92409405e-02
0.73187 1.80067551e-02
0.73440 1.82672525e-02
0.73694 3.17232306e-02
0.73949 1.61995656e-02
0.74205 1.67131187e-02
0.74462 2.26980570e-02
0.74720 1.87158657e-02
0.74979 1.79310256e-02
0.75238 3.13786655e-02
0.75499 1.57794215e-02
0.75760 1.60600103e-02
0.76022 2.32126489e-02
0.76285 1.73498556e-02
0.76549 1.60013230e-02
0.76814 2.99424108e-02
0.77080 1.44436276e-02
0.77347 1.41557731e-02
0.77615 1.67566869e-02
0.77884 1.54674866e-02
0.78153 1.54141932e-02
0.78424 1.89290472e-02
0.78695 1.52397975e-02
0.78968 1.37731385e-02
0.79241 1.46241156e-02
0.79515 1.56113614e-02
0.79790 1.49399266e-02
0.80067 2.52831850e-02
0.80344 2.08713717e-02
0.80622 1.38116533e-02
0.80901 1.35795082e-02
0.81181 3.38876149e-02
0.81462 1.44910542e-02
0.81744 1.48773038e-02
0.82027 1.76609950e-02
0.82311 1.57081895e-02
0.82596 1.32671005e-02
0.82882 1.39224250e-02
0.83169 1.55536299e-02
0.83457 1.40387706e-02
0.83745 1.48324929e-02
0.84035 1.92031124e-02
0.84326 1.47530059e-02
0.84618 1.30547500e-02
0.84911 1.61908951e-02
0.85205 1.40826772e-02
0.85500 1.37054345e-02
0.85796 1.43849462e-02
0.86093 1.81468724e-02
0.86391 1.46261081e-02
0.86690 1.29853740e-02
0.86990 1.58599591e-02
0.87291 1.37877688e-02
0.87593 1.49766289e-02
0.87897 1.38363391e-02
0.88201 1.62785560e-02
0.88506 1.50986276e-02
0.88813 1.29938169e-02
0.89120 1.44504342e-02
0.89428 1.44477630e-02
0.89738 1.87660843e-02
0.90049 1.31815667e-02
0.90360 1.45827694e-02
0.90673 1.58430119e-02
0.90987 1.33548702e-02
0.91302 1.31622490e-02
0.91618 1.76799724e-02
0.91935 1.35024233e-02
0.92253 1.24306686e-02
0.92573 1.32108747e-02
0.92893 1.47870806e-02
0.93215 1.43015553e-02
0.93537 1.31936365e-02
0.93861 1.49012239e-02
0.94186 1.37773215e-02
0.94512 1.22318205e-02
0.94839 1.20752922e-02
0.95168 1.29591289e-02
0.95497 1.41165441e-02
0.95828 1.69866258e-02
0.96159 1.28580151e-02
0.96492 1.56075624e-02
0.96826 1.84708296e-02
0.97161 1.16029548e-02
0.97498 1.17191084e-02
0.97835 1.29323220e-02
0.98174 1.45977677e-02
0.98514 1.55353351e-02
0.98855 1.38734926e-02
0.99197 1.61728140e-02
0.99540 3.31151434e-02
0.99885 1.23115034e-02
1.00231 1.22894789e-02
1.00578 1.29054794e-02
1.00926 1.39469229e-02
1.01275 1.45748587e-02
1.01626 1.36348594e-02
1.01978 1.50281099e-02
1.02330 4.12904005e-02
1.02685 1.22024294e-02
1.03040 1.17340968e-02
1.03397 1.20943072e-02
1.03755 1.30213521e-02
1.04114 1.52816245e-02
1.04474 1.33634497e-02
1.04836 1.38807226e-02
1.05199 1.95871082e-02
1.05563 1.39655184e-02
1.05928 1.15077888e-02
1.06295 1.13727408e-02
1.06663 1.18544136e-02
1.07032 3.31108299e-02
1.07403 1.28544753e-02
1.07775 1.29967889e-02
1.08148 1.42935022e-02
1.08522 2.39736243e-02
1.08898 1.22276970e-02
1.09275 1.21175090e-02
1.09653 1.20101802e-02
1.10032 1.29147098e-02
1.10413 1.66150361e-02
1.10796 1.31913848e-02
1.11179 1.36133632e-02
1.11564 1.56351569e-02
1.11950 2.03194622e-02
1.12338 1.30373239e-02
1.12726 1.20972257e-02
1.13117 1.17111285e-02
1.13508 1.30100440e-02
1.13901 1.54654743e-02
1.14295 1.25947436e-02
1.14691 1.30175827e-02
1.15088 1.50523248e-02
1.15487 2.45588347e-02
1.15886 1.34884124e-02
1.16287 1.19057580e-02
1.16690 1.22517714e-02
1.17094 1.30200105e-02
1.17499 2.80363216e-02
1.17906 1.30100539e-02
1.18314 1.31590495e-02
1.18724 1.41967513e-02
1.19135 1.89359033e-02
1.19547 1.74165920e-02
1.19961 1.34833747e-02
1.20376 1.23081911e-02
1.20793 1.21393258e-02
1.21211 1.62728574e-02
1.21630 1.45874331e-02
1.22052 1.22848033e-02
1.22474 1.38981665e-02
1.22898 1.48931450e-02
1.23323 2.01352088e-02
1.23750 1.77826394e-02
1.24179 1.41672988e-02
1.24609 1.30660680e-02
1.25040 1.30559174e-02
1.25473 1.92492489e-02
1.25907 1.52231332e-02
1.26343 1.27104659e-02
1.26780 1.28455772e-02
1.27219 1.38690524e-02
1.27659 1.74813835e-02
1.28101 1.96005770e-02
1.28545 1.54491780e-02
1.28990 1.39707895e-02
1.29436 1.36738510e-02
1.29884 1.64406147e-02
1.30334 2.10337609e-02
1.30785 1.43713271e-02
1.31238 1.30060214e-02
1.31692 1.35094040e-02
1.32148 1.53907381e-02
1.32605 1.77939554e-02
1.33064 1.70929969e-02
1.33525 1.48273820e-02
1.33987 1.44153801e-02
1.34451 1.46832124e-02
1.34916 2.01779084e-02
1.35383 1.82787129e-02
1.35852 1.37287234e-02
1.36322 1.32906130e-02
1.36794 1.39281829e-02
1.37268 1.52691273e-02
1.37743 1.77658168e-02
1.38220 1.82660871e-02
1.38698 1.64019634e-02
1.39178 1.52641252e-02
1.39660 1.53858765e-02
1.40144 1.90642060e-02
1.40629 2.12030952e-02
1.41115 1.45910600e-02
1.41604 1.42869409e-02
1.42094 1.56729118e-02
1.42586 1.52202028e-02
1.43080 1.63296709e-02
1.43575 1.76206697e-02
1.44072 1.74181789e-02
1.44571 1.63609951e-02
1.45071 1.63781581e-02
1.45573 1.79469380e-02
1.46077 2.33328331e-02
1.46583 1.89272110e-02
1.47090 1.54458836e-02
1.47599 1.54455136e-02
1.48110 1.53732388e-02
1.48623 1.57334828e-02
1.49137 1.66279489e-02
1.49654 1.75901112e-02
1.50172 1.78538793e-02
1.50692 1.74255158e-02
1.51213 1.72550557e-02
1.51737 2.36043655e-02
1.52262 2.17711704e-02
1.52789 2.08709958e-02
1.53318 1.74326469e-02
1.53849 4.59399110e-02
1.54381 1.55965373e-02
1.54916 1.54339423e-02
1.55452 1.65163442e-02
1.55990 1.73209037e-02
1.56530 1.79479946e-02
1.57072 1.81969940e-02
1.57615 1.83417730e-02
1.58161 5.75939411e-02
1.58709 2.07398695e-02
1.59258 2.23458148e-02
1.59809 2.07844687e-02
1.60362 2.67316086e-02
1.60918 1.79928767e-02
1.61475 1.66827105e-02
1.62034 1.66016900e-02
1.62594 1.69187991e-02
1.63157 1.74481379e-02
1.63722 1.80381981e-02
1.64289 1.91590752e-02
1.64857 2.13523658e-02
1.65428 2.16921227e-02
1.66001 2.09865103e-02
1.66575 2.29034822e-02
1.67152 2.36096683e-02
1.67731 9.97350495e-02
1.68311 1.92009022e-02
1.68894 1.78466513e-02
1.69478 1.75587375e-02
1.70065 1.75232085e-02
1.70654 1.77892779e-02
1.71245 1.85692742e-02
1.71837 1.96860851e-02
1.72432 2.27588812e-02
1.73029 2.43153202e-02
1.73628 2.21129455e-02
1.74229 2.31400516e-02
1.74832 2.47568399e-02
1.75437 3.49383462e-02
1.76045 2.64442270e-02
1.76654 2.11017875e-02
1.77266 1.94700800e-02
1.77879 1.87154957e-02
1.78495 1.89456463e-02
1.79113 1.90567781e-02
1.79733 1.94313100e-02
1.80355 2.11073475e-02
1.80979 4.07063970e-02
1.81606 2.36999945e-02
1.82234 2.28287677e-02
1.82865 2.39143830e-02
1.83498 2.58790209e-02
1.84133 3.78697805e-02
1.84771 3.66088356e-02
1.85410 2.48506287e-02
1.86052 2.24236555e-02
1.86696 2.15443954e-02
1.87342 2.09240043e-02
1.87991 2.05781333e-02
1.88642 2.08086876e-02
1.89295 2.18708556e-02
1.89950 2.69324630e-02
1.90607 4.33625196e-02
1.91267 2.40328062e-02
1.91929 2.38794199e-02
1.92594 2.55584571e-02
1.93260 2.85826117e-02
1.93929 5.13659690e-02
1.94601 4.02085645e-02
1.95274 2.79345786e-02
1.95950 2.58278922e-02
1.96629 2.43238681e-02
1.97309 2.33260660e-02
1.97992 2.31897755e-02
1.98678 2.30694923e-02
1.99365 2.42144082e-02
2.00055 2.86825739e-02
2.00748 1.02660291e-01
2.01443 2.80425742e-02
2.02140 2.56551546e-02
2.02840 2.66574482e-02
2.03542 2.84702828e-02
2.04247 3.42707045e-02
2.04954 6.98522955e-02
2.05663 4.13319327e-02
2.06375 3.14408946e-02
2.07090 2.87946654e-02
2.07806 2.76516490e-02
2.08526 2.67554119e-02
2.09247 2.62814026e-02
2.09972 2.61283725e-02
2.10699 2.72768302e-02
2.11428 3.25445949e-02
2.12160 1.00211374e-01
2.12894 3.51957708e-02
2.13631 2.87855042e-02
2.14371 2.85416533e-02
2.15113 2.99966856e-02
2.15857 3.32756529e-02
2.16605 4.40399557e-02
2.17354 7.16130516e-02
2.18107 4.52768796e-02
2.18862 3.58647975e-02
2.19619 3.30390043e-02
2.20380 3.18839774e-02
2.21143 3.10112667e-02
2.21908 3.06073219e-02
2.22676 3.03900841e-02
2.23447 3.18502016e-02
2.24220 3.80428545e-02
2.24997 8.38077722e-02
2.25775 5.13912168e-02
2.26557 3.39800780e-02
2.27341 3.17686410e-02
2.28128 3.22661767e-02
2.28918 3.43181530e-02
2.29710 3.92328839e-02
2.30505 5.13729933e-02
2.31303 6.74848604e-02
2.32104 5.17272538e-02
2.32908 4.13805090e-02
2.33714 3.76926502e-02
2.34523 3.64003830e-02
2.35335 3.60489323e-02
2.36149 3.56428109e-02
2.36967 3.62312862e-02
2.37787 3.79376685e-02
2.38610 4.39088690e-02
2.39436 7.01592263e-02
2.40265 8.53046137e-02
2.41097 4.66486694e-02
2.41931 3.86098018e-02
2.42769 3.72116562e-02
2.43609 3.77016532e-02
2.44452 4.01183966e-02
2.45298 4.49473326e-02
2.46148 5.40194599e-02
2.47000 6.56169793e-02
2.47855 6.14590487e-02
2.48713 5.06155201e-02
2.49574 4.50607894e-02
2.50438 4.26768126e-02
2.51304 4.15894562e-02
2.52174 4.15543942e-02
2.53047 4.22099462e-02
2.53923 4.37659895e-02
2.54802 4.82479069e-02
2.55684 6.13985411e-02
2.56569 9.39179476e-02
2.57457 8.04078292e-02
2.58349 5.41851337e-02
2.59243 4.60090258e-02
2.60140 4.39485215e-02
2.61041 4.42065396e-02
2.61944 4.60476098e-02
2.62851 4.95956757e-02
2.63761 5.53328791e-02
2.64674 6.29274371e-02
2.65590 6.80375812e-02
2.66510 6.48970217e-02
2.67432 5.83079034e-02
2.68358 5.34778593e-02
2.69287 5.09558903e-02
2.70219 4.99847410e-02
2.71154 4.99951290e-02
2.72093 5.07540663e-02
2.73035 5.34457258e-02
2.73980 5.92659738e-02
2.74928 7.20844887e-02
2.75880 9.54377812e-02
2.76835 9.67489843e-02
2.77793 7.27819687e-02
2.78755 5.91230942e-02
2.79720 5.37639547e-02
2.80688 5.24877741e-02
2.81660 5.27333860e-02
2.82635 5.43806260e-02
2.83613 5.73003861e-02
2.84595 6.17808987e-02
2.85580 6.64096727e-02
2.86569 7.04978751e-02
2.87561 7.17840678e-02
2.88556 7.00008934e-02
2.89555 6.65389588e-02
2.90557 6.37049146e-02
2.91563 6.18483910e-02
2.92572 6.12680481e-02
2.93585 6.23268722e-02
2.94601 6.44543148e-02
2.95621 6.87058561e-02
2.96644 7.68233558e-02
2.97671 8.97302381e-02
2.98702 1.04750594e-01
2.99736 1.05231687e-01
3.00773 8.99574088e-02
3.01814 7.62671724e-02
3.02859 6.86871774e-02
3.03907 6.47974354e-02
3.04960 6.35897166e-02
3.06015 6.35398344e-02
3.07074 6.50077676e-02
3.08137 6.73803473e-02
3.09204 7.03549758e-02
3.10274 7.34559620e-02
3.11348 7.65162866e-02
3.12426 7.86595585e-02
3.13508 7.95482964e-02
3.14593 7.87967988e-02
3.15682 7.76739649e-02
3.16775 7.66996100e-02
3.17871 7.61689910e-02
3.18972 7.67415380e-02
3.20076 7.87603914e-02
3.21184 8.27018558e-02
3.22295 8.86787944e-02
3.23411 9.68799720e-02
3.24531 1.07919784e-01
3.25654 1.17420273e-01
3.26781 1.18372427e-01
3.27912 1.09504103e-01
3.29047 9.86353263e-02
3.30187 9.02465711e-02
3.31330 8.45725268e-02
3.32476 8.12103566e-02
3.33627 7.95680633e-02
3.34782 7.91445693e-02
3.35941 7.98542379e-02
3.37104 8.13569165e-02
3.38271 8.31294061e-02
3.39442 8.52692351e-02
3.40617 8.74460653e-02
3.41796 8.94787693e-02
3.42979 9.13235001e-02
3.44166 9.25263513e-02
3.45358 9.31992761e-02
3.46553 9.38598143e-02
3.47753 9.44804034e-02
3.48957 9.52820997e-02
3.50164 9.70823302e-02
3.51377 9.98827174e-02
3.52593 1.03962491e-01
3.53814 1.09520545e-01
3.55038 1.16538738e-01
3.56267 1.24353680e-01
3.57500 1.31485942e-01
3.58738 1.34845916e-01
3.59980 1.33038958e-01
3.61226 1.27045576e-01
3.62476 1.19372584e-01
3.63731 1.12386802e-01
3.64990 1.07003583e-01
3.66254 1.03514026e-01
3.67521 1.01392163e-01
3.68794 1.00364246e-01
3.70070 1.00189252e-01
3.71351 1.00488823e-01
3.72637 1.01345882e-01
3.73927 1.02728416e-01
3.75221 1.04383986e-01
3.76520 1.06238749e-01
3.77823 1.08442983e-01
3.79131 1.10388092e-01
3.80443 1.12285732e-01
3.81760 1.14326667e-01
3.83082 1.16344492e-01
3.84408 1.18366966e-01
3.85739 1.20762400e-01
3.87074 1.23238127e-01
3.88414 1.26484031e-01
3.89758 1.30384121e-01
3.91107 1.35000331e-01
3.92461 1.40297973e-01
3.93820 1.46037907e-01
3.95183 1.51678097e-01
3.96551 1.56364391e-01
3.97924 1.59359953e-01
3.99301 1.59621454e-01
4.00683 1.57191988e-01
4.02070 1.52969117e-01
4.03462 1.47548323e-01
4.04859 1.42362415e-01
4.06260 1.37618364e-01
4.07667 1.33853041e-01
4.09078 1.31266983e-01
4.10494 1.29339880e-01
4.11915 1.28406365e-01
4.13341 1.28016290e-01
4.14771 1.28125691e-01
4.16207 1.28754947e-01
4.17648 1.29988428e-01
4.19094 1.31566533e-01
4.20545 1.33439341e-01
4.22000 1.35562886e-01
4.23461 1.37904954e-01
4.24927 1.40651838e-01
4.26398 1.43426048e-01
4.27874 1.46407008e-01
4.29355 1.49714211e-01
4.30841 1.53228382e-01
4.32332 1.56983120e-01
4.33829 1.61007886e-01
4.35331 1.65353572e-01
4.36838 1.70174138e-01
4.38350 1.75045339e-01
4.39867 1.80005559e-01
4.41390 1.84945696e-01
4.42918 1.89765253e-01
4.44451 1.94105360e-01
4.45990 1.97470399e-01
4.47533 1.99478686e-01
4.49083 1.99748972e-01
4.50637 1.98694343e-01
4.52197 1.96518126e-01
4.53762 1.93576878e-01
4.55333 1.89901346e-01
4.56909 1.86073418e-01
4.58491 1.82460907e-01
4.60078 1.79512812e-01
4.61670 1.76865969e-01
4.63269 1.74756869e-01
4.64872 1.73294911e-01
4.66481 1.72339571e-01
4.68096 1.71800840e-01
4.69717 1.71687284e-01
4.71343 1.72309535e-01
4.72974 1.73340797e-01
4.74611 1.74760905e-01
4.76254 1.76535492e-01
4.77903 1.78646670e-01
4.79557 1.81135813e-01
4.81217 1.84046788e-01
4.82883 1.87247044e-01
4.84555 1.90800096e-01
4.86232 1.94736337e-01
4.87915 1.98927232e-01
4.89604 2.03442351e-01
4.91299 2.08292855e-01
4.92999 2.13333310e-01
4.94706 2.18545712e-01
4.96418 2.23863972e-01
4.98137 2.29336964e-01
4.99861 2.34826775e-01
5.01591 2.40228337e-01
5.03328 2.45145719e-01
5.05070 2.49663411e-01
5.06818 2.53773695e-01
5.08573 2.57111113e-01
5.10333 2.59638068e-01
5.12100 2.61369797e-01
5.13873 2.62200837e-01
5.15651 2.62211324e-01
5.17436 2.61461409e-01
5.19228 2.60282915e-01
5.21025 2.58828397e-01
5.22828 2.57047993e-01
5.24638 2.55189629e-01
5.26454 2.53401113e-01
5.28277 2.51784146e-01
5.30105 2.50385822e-01
5.31940 2.49171910e-01
5.33782 2.48292987e-01
5.35629 2.47777544e-01
5.37484 2.47646358e-01
5.39344 2.47895868e-01
5.41211 2.48539331e-01
5.43084 2.49567248e-01
5.44965 2.50975069e-01
5.46851 2.52762003e-01
5.48744 2.54915188e-01
5.50643 2.57432448e-01
5.52550 2.60300921e-01
5.54462 2.63510516e-01
5.56381 2.67050549e-01
5.58308 2.70905783e-01
5.60240 2.75060389e-01
5.62179 2.79543257e-01
5.64125 2.84338753e-01
5.66078 2.89357245e-01
5.68038 2.94568262e-01
5.70004 2.99823601e-01
5.71977 3.05245543e-01
5.73957 3.10865946e-01
5.75944 3.16534628e-01
5.77938 3.22185106e-01
5.79938 3.27611797e-01
5.81946 3.32825188e-01
5.83960 3.37853970e-01
5.85982 3.42591095e-01
5.88010 3.47011635e-01
5.90045 3.51058404e-01
5.92088 3.54710627e-01
5.94137 3.57948913e-01
5.96194 3.60770095e-01
5.98258 3.63198117e-01
6.00329 3.65254150e-01
6.02407 3.67065223e-01
6.04492 3.68578706e-01
6.06585 3.69780350e-01
6.08684 3.70831615e-01
6.10791 3.71813826e-01
6.12906 3.72763190e-01
6.15027 3.73738079e-01
6.17156 3.74735129e-01
6.19293 3.75802620e-01
6.21436 3.77011981e-01
6.23588 3.78384384e-01
6.25746 3.80010452e-01
6.27912 3.81858329e-01
6.30086 3.83927025e-01
6.32267 3.86228610e-01
6.34455 3.88832931e-01
6.36652 3.91686366e-01
6.38856 3.94701657e-01
6.41067 3.97981692e-01
6.43286 4.01672895e-01
6.45513 4.05614003e-01
6.47747 4.09811547e-01
6.49990 4.14251675e-01
6.52240 4.18974158e-01
6.54497 4.23904402e-01
6.56763 4.29018266e-01
6.59037 4.34323467e-01
6.61318 4.39869076e-01
6.63607 4.45554973e-01
6.65904 4.51369483e-01
6.68209 4.57291632e-01
6.70522 4.63429456e-01
6.72843 4.69607843e-01
6.75172 4.75770004e-01
6.77510 4.81921481e-01
6.79855 4.88146960e-01
6.82208 4.94314464e-01
6.84570 5.00515803e-01
6.86939 5.06628102e-01
6.89317 5.12660068e-01
6.91704 5.18571334e-01
6.94098 5.24351811e-01
6.96500 5.29991407e-01
6.98911 5.35559771e-01
7.01331 5.41034346e-01
7.03759 5.46409987e-01
7.06195 5.51700150e-01
7.08639 5.56904439e-01
7.11092 5.62065989e-01
7.13554 5.67154329e-01
7.16024 5.72211405e-01
7.18502 5.77228116e-01
7.20990 5.82329119e-01
7.23485 5.87433683e-01
7.25990 5.92687043e-01
7.28503 5.98018956e-01
7.31025 6.03448813e-01
7.33555 6.08985321e-01
7.36094 6.14634414e-01
7.38642 6.20442196e-01
7.41199 6.26363158e-01
7.43765 6.32498608e-01
7.46340 6.38754361e-01
7.48923 6.45241419e-01
7.51516 6.51883407e-01
7.54117 6.58682106e-01
7.56727 6.65636526e-01
7.59347 6.72746469e-01
7.61975 6.80115419e-01
7.64613 6.87594779e-01
7.67260 6.95321275e-01
7.69916 7.03164511e-01
7.72581 7.11230546e-01
7.75255 7.19495437e-01
7.77939 7.27862229e-01
7.80632 7.36451423e-01
7.83334 7.45090084e-01
7.86046 7.53900493e-01
7.88767 7.62776198e-01
7.91497 7.71756179e-01
7.94237 7.80879613e-01
7.96986 7.90010170e-01
7.99745 7.99310893e-01
8.02513 8.08612803e-01
8.05291 8.18013844e-01
8.08079 8.27500957e-01
8.10876 8.36985102e-01
8.13683 8.46658803e-01
8.16500 8.56313114e-01
8.19326 8.66080406e-01
8.22162 8.75925855e-01
8.25008 8.85783573e-01
8.27864 8.96047906e-01
8.30730 9.06293442e-01
8.33605 9.16673132e-01
8.36491 9.27163231e-01
8.39386 9.37636116e-01
8.42292 9.48392346e-01
8.45208 9.59132153e-01
8.48133 9.69978214e-01
8.51069 9.80975445e-01
8.54016 9.91947746e-01
8.56972 1.00315669e+00
8.59938 1.01438860e+00
8.62915 1.02565532e+00
8.65902 1.03715494e+00
8.68899 1.04860449e+00
8.71907 1.06020165e+00
8.74925 1.07189102e+00
8.77954 1.08350857e+00
8.80993 1.09540312e+00
8.84043 1.10724703e+00
8.87103 1.11914396e+00
8.90174 1.13151359e+00
8.93255 1.14375283e+00
8.96347 1.15611970e+00
8.99450 1.16860865e+00
9.02563 1.18093099e+00
9.05688 1.19347198e+00
9.08823 1.20595202e+00
9.11969 1.21822747e+00
9.15126 1.23102826e+00
9.18294 1.24360150e+00
9.21472 1.25646224e+00
9.24662 1.27145361e+00
9.27863 1.28600947e+00
9.31075 1.30063518e+00
9.34298 1.31568413e+00
9.37532 1.33018577e+00
9.40777 1.34427467e+00
9.44034 1.35794706e+00
9.47302 1.37105553e+00
9.50581 1.38427500e+00
9.53871 1.39727781e+00
9.57173 1.40963003e+00
9.60487 1.42101587e+00
9.63811 1.43173491e+00
9.67148 1.44191752e+00
9.70495 1.45037949e+00
9.73855 1.45815011e+00
9.77226 1.46558178e+00
9.80609 1.47252512e+00
9.84003 1.47912239e+00
9.87409 1.48540663e+00
9.90827 1.49075695e+00
9.94257 1.49577801e+00
9.97699 1.50062496e+00
10.01153 1.50488245e+00
10.04618 1.50890469e+00
10.08096 1.51281295e+00
10.11585 1.51634131e+00
10.15087 1.51970306e+00
10.18601 1.52301020e+00
10.22127 1.52603222e+00
10.25665 1.52889614e+00
10.29215 1.53174978e+00
10.32778 1.53441405e+00
10.36353 1.53691113e+00
10.39941 1.53943433e+00
10.43540 1.54187165e+00
10.47153 1.54411862e+00
10.50777 1.54640952e+00
10.54415 1.54870339e+00
10.58065 1.55076793e+00
10.61727 1.55287541e+00
10.65403 1.55503117e+00
10.69091 1.55675795e+00
10.72791 1.55845188e+00
10.76505 1.56016422e+00
10.80231 1.56168226e+00
10.83971 1.56307662e+00
10.87723 1.56446644e+00
10.91488 1.56569697e+00
10.95266 1.56656897e+00
10.99058 1.56738260e+00
11.02862 1.56813370e+00
11.06680 1.56867467e+00
11.10511 1.56913708e+00
11.14355 1.56951639e+00
11.18212 1.56972178e+00
11.22083 1.56976135e+00
11.25967 1.56967805e+00
11.29865 1.56949522e+00
11.33776 1.56935513e+00
11.37701 1.56908306e+00
11.41639 1.56866655e+00
11.45591 1.56825934e+00
11.49556 1.56777239e+00
11.53536 1.56712675e+00
11.57529 1.56617699e+00
11.61536 1.56444665e+00
11.65556 1.56243237e+00
11.69591 1.56011713e+00
11.73640 1.55605572e+00
11.77702 1.55062012e+00
11.81779 1.54450822e+00
11.85870 1.53762642e+00
11.89975 1.52879029e+00
11.94094 1.51899707e+00
11.98227 1.50820800e+00
12.02375 1.49406231e+00
12.06537 1.47488131e+00
12.10714 1.45371710e+00
12.14905 1.43055582e+00
12.19110 1.40022385e+00
12.23330 1.36537161e+00
12.27565 1.32816833e+00
12.31814 1.28899429e+00
12.36078 1.25434071e+00
12.40357 1.21914716e+00
12.44651 1.18370290e+00
12.48959 1.14968804e+00
12.53283 1.12140775e+00
12.57621 1.09399095e+00
12.61974 1.06756249e+00
12.66343 1.04417722e+00
12.70726 1.02521665e+00
12.75125 1.00737264e+00
12.79539 9.90607199e-01
12.83968 9.80219199e-01
12.88413 9.76166890e-01
12.92873 9.72723020e-01
12.97348 9.69816953e-01
13.01839 9.68616100e-01
13.06345 9.68762125e-01
13.10867 9.69181998e-01
13.15405 9.69826450e-01
13.19959 9.72173742e-01
13.24528 9.75822404e-01
13.29113 9.79536757e-01
13.33713 9.83289694e-01
13.38330 9.87385138e-01
13.42963 9.91786286e-01
13.47612 9.96163295e-01
13.52277 1.00050113e+00
13.56958 1.00429898e+00
13.61655 1.00734415e+00
13.66368 1.01033925e+00
13.71098 1.01327639e+00
13.75844 1.01612666e+00
13.80607 1.01883703e+00
13.85386 1.02146807e+00
13.90182 1.02401481e+00
13.94994 1.02641849e+00
13.99823 1.02584310e+00
14.04668 1.02518697e+00
14.09531 1.02444675e+00
14.14410 1.02362026e+00
14.19306 1.02271166e+00
14.24219 1.02170056e+00
14.29149 1.02058380e+00
14.34096 1.01936356e+00
14.39060 1.01835028e+00
14.44042 1.01773017e+00
14.49041 1.01700637e+00
14.54057 1.01618819e+00
14.59090 1.01528533e+00
14.64141 1.01494223e+00
14.69209 1.01456252e+00
14.74295 1.01413335e+00
14.79398 1.01366579e+00
14.84519 1.01587081e+00
14.89658 1.02108777e+00
14.94814 1.02637852e+00
14.99989 1.03175832e+00
15.05181 1.03724081e+00
15.10392 1.04557317e+00
15.15620 1.05426783e+00
15.20866 1.06308774e+00
15.26131 1.07203725e+00
15.31414 1.08211954e+00
15.36715 1.09479765e+00
15.42034 1.10759784e+00
15.47372 1.12051854e+00
15.52729 1.13355696e+00
15.58103 1.14720284e+00
15.63497 1.16126146e+00
15.68909 1.17536203e+00
15.74340 1.18949961e+00
15.79790 1.20366904e+00
15.85258 1.21631529e+00
15.90746 1.22857352e+00
15.96252 1.24082721e+00
16.01778 1.25307278e+00
16.07323 1.26530668e+00
16.12886 1.27628689e+00
16.18470 1.28715808e+00
16.24072 1.29800256e+00
16.29694 1.30881756e+00
16.35335 1.31960011e+00
16.40996 1.32965490e+00
16.46677 1.33965389e+00
16.52377 1.34960164e+00
16.58097 1.35949576e+00
16.63836 1.36933330e+00
16.69596 1.37834474e+00
16.75375 1.38725606e+00
16.81175 1.39610031e+00
16.86994 1.40487470e+00
16.92834 1.41357708e+00
16.98694 1.42126519e+00
17.04574 1.42870220e+00
17.10474 1.43607452e+00
17.16395 1.44338035e+00
17.22337 1.45061791e+00
17.28299 1.45694391e+00
17.34281 1.46270163e+00
17.40285 1.46841187e+00
17.46309 1.47407422e+00
17.52354 1.47968809e+00
17.58420 1.48478612e+00
17.64507 1.48881469e+00
17.70615 1.49282446e+00
17.76744 1.49681582e+00
17.82894 1.50078899e+00
17.89066 1.50474434e+00
17.95259 1.50724419e+00
18.01473 1.50959465e+00
18.07709 1.51195658e+00
18.13967 1.51433078e+00
18.20246 1.51671804e+00
18.26547 1.51858353e+00
18.32870 1.51961996e+00
18.39214 1.52067241e+00
18.45581 1.52174109e+00
18.51969 1.52282619e+00
18.58380 1.52392751e+00
18.64813 1.52416713e+00
18.71268 1.52414636e+00
18.77746 1.52412677e+00
18.84246 1.52410777e+00
18.90768 1.52408838e+00
18.97313 1.52404346e+00
19.03881 1.52337843e+00
19.10472 1.52269718e+00
19.17085 1.52199831e+00
19.23721 1.52128045e+00
19.30380 1.52054221e+00
19.37062 1.51963974e+00
19.43768 1.51810113e+00
19.50496 1.51651642e+00
19.57248 1.51488461e+00
19.64023 1.51320413e+00
19.70822 1.51147359e+00
19.77644 1.50987305e+00
19.84490 1.50885463e+00
19.91359 1.50779940e+00
19.98252 1.50670639e+00
20.05169 1.50557459e+00
20.12110 1.50440342e+00
20.19076 1.50330545e+00
20.26065 1.50291942e+00
20.33078 1.50251122e+00
20.40116 1.50208026e+00
20.47178 1.50162656e+00
20.54264 1.50114970e+00
20.61375 1.50064969e+00
20.68511 1.50122370e+00
20.75671 1.50189546e+00
20.82856 1.50255514e+00
20.90066 1.50320276e+00
20.97301 1.50383791e+00
21.04561 1.50446060e+00
21.11846 1.50581797e+00
21.19157 1.50777467e+00
21.26492 1.50971060e+00
21.33853 1.51163129e+00
21.41240 1.51353338e+00
21.48652 1.51541588e+00
21.56090 1.51722755e+00
21.63553 1.51793849e+00
21.71043 1.51862132e+00
21.78558 1.51927508e+00
21.86099 1.51989935e+00
21.93666 1.52049275e+00
22.01260 1.52105508e+00
22.08880 1.52175039e+00
22.16526 1.52266869e+00
22.24199 1.52355276e+00
22.31898 1.52440180e+00
22.39624 1.52521503e+00
22.47377 1.52599146e+00
22.55156 1.52673030e+00
22.62962 1.52672832e+00
22.70796 1.52617607e+00
22.78656 1.52557278e+00
22.86544 1.52491685e+00
22.94459 1.52420730e+00
23.02402 1.52344333e+00
23.10372 1.52262397e+00
23.18369 1.52141698e+00
23.26394 1.51993575e+00
23.34447 1.51839002e+00
23.42528 1.51677899e+00
23.50637 1.51510167e+00
23.58774 1.51335728e+00
23.66939 1.51154482e+00
23.75133 1.50936413e+00
23.83354 1.50676199e+00
23.91604 1.50408208e+00
23.99883 1.50132382e+00
24.08191 1.49848641e+00
24.16527 1.49556966e+00
24.24892 1.49257257e+00
24.33286 1.48936021e+00
24.41709 1.48521312e+00
24.50161 1.48097284e+00
24.58642 1.47663916e+00
24.67153 1.47221190e+00
24.75693 1.46769143e+00
24.84263 1.46307778e+00
24.92863 1.45837092e+00
25.01492 1.45258550e+00
25.10151 1.44608934e+00
25.18840 1.43948297e+00
25.27559 1.43276797e+00
25.36309 1.42594533e+00
25.45088 1.41901663e+00
25.53898 1.41198346e+00
25.62739 1.40484740e+00
25.71610 1.39728137e+00
25.80512 1.38958515e+00
25.89444 1.38179672e+00
25.98408 1.37391827e+00
26.07403 1.36595235e+00
26.16428 1.35790155e+00
26.25485 1.34976844e+00
26.34574 1.34155539e+00
26.43694 1.33281384e+00
26.52845 1.32397692e+00
26.62028 1.31505946e+00
26.71243 1.30606424e+00
26.80489 1.29699443e+00
26.89768 1.28785299e+00
26.99079 1.27864289e+00
27.08422 1.26936710e+00
27.17798 1.25958675e+00
27.27205 1.24965899e+00
27.36646 1.23968374e+00
27.46119 1.22966476e+00
27.55625 1.21960561e+00
27.65164 1.20950986e+00
27.74736 1.19938107e+00
27.84341 1.18922299e+00
27.93979 1.17892640e+00
28.03650 1.16846559e+00
28.13355 1.15799290e+00
28.23094 1.14751210e+00
28.32867 1.13702616e+00
28.42673 1.12653903e+00
28.52513 1.11605368e+00
28.62387 1.10557347e+00
28.72295 1.09510177e+00
28.82238 1.08410256e+00
28.92215 1.07298246e+00
29.02227 1.06188491e+00
29.12273 1.05081308e+00
29.22354 1.03977034e+00
29.32470 1.02875965e+00
29.42621 1.01778438e+00
29.52807 1.00684711e+00
29.63029 9.95950786e-01
29.73286 9.85617793e-01
29.83578 9.75396001e-01
29.93906 9.65223082e-01
30.04269 9.55101015e-01
30.14669 9.45031580e-01
30.25104 9.35016955e-01
30.35576 9.25058523e-01
30.46084 9.15158067e-01
30.56628 9.05317168e-01
30.67209 8.95517228e-01
30.77826 8.85776450e-01
30.88481 8.76105518e-01
30.99172 8.66505819e-01
31.09900 8.56977946e-01
31.20665 8.47522887e-01
31.31467 8.38141830e-01
31.42307 8.28835172e-01
31.53184 8.19604098e-01
31.64099 8.10555458e-01
31.75052 8.01972793e-01
31.86043 7.93460173e-01
31.97072 7.85017796e-01
32.08139 7.76646058e-01
32.19244 7.68345353e-01
32.30388 7.60115881e-01
32.41570 7.51957838e-01
32.52791 7.43871621e-01
32.64051 7.35857031e-01
32.75349 7.27653677e-01
32.86687 7.19145213e-01
32.98064 7.10722820e-01
33.09481 7.02386104e-01
33.20937 6.94135064e-01
33.32433 6.85969502e-01
33.43968 6.77889221e-01
33.55544 6.69894023e-01
33.67159 6.61983709e-01
33.78815 6.54157885e-01
33.90511 6.46569500e-01
34.02247 6.39524062e-01
34.14024 6.32550251e-01
34.25842 6.25647870e-01
34.37701 6.18816326e-01
34.49601 6.12055420e-01
34.61542 6.05364558e-01
34.73525 5.98743742e-01
34.85549 5.92191981e-01
34.97614 5.85709275e-01
35.09721 5.79295031e-01
35.21871 5.72965870e-01
35.34062 5.66710711e-01
35.46295 5.60522629e-01
35.58571 5.54401228e-01
35.70889 5.48345915e-01
35.83250 5.42356095e-01
35.95654 5.36431175e-01
36.08101 5.30570958e-01
36.20590 5.24774652e-01
36.33123 5.19041861e-01
36.45700 5.13371992e-01
36.58320 5.07780280e-01
36.70983 5.02254260e-01
36.83691 4.96789578e-01
36.96442 4.91384059e-01
37.09238 4.86040274e-01
37.22077 4.80756046e-01
37.34962 4.75530981e-01
37.47890 4.70364089e-01
37.60864 4.65255172e-01
37.73883 4.60203636e-01
37.86946 4.55208690e-01
38.00055 4.50292890e-01
38.13209 4.45459601e-01
38.26409 4.40680725e-01
38.39654 4.35955867e-01
38.52946 4.31284037e-01
38.66283 4.26665038e-01
38.79667 4.22098077e-01
38.93096 4.17582760e-01
39.06573 4.13118492e-01
39.20096 4.08704681e-01
39.33665 4.04340929e-01
39.47282 4.00026446e-01
39.60946 3.95781811e-01
39.74657 3.91596733e-01
39.88416 3.87458945e-01
40.02222 3.83368250e-01
40.16076 3.79323657e-01
40.29978 3.75324970e-01
40.43928 3.71371594e-01
40.57926 3.67462935e-01
40.71973 3.63598402e-01
40.86069 3.59777794e-01
41.00213 3.56000519e-01
41.14406 3.52265786e-01
41.28648 3.48586851e-01
41.42940 3.44977565e-01
41.57281 3.41408842e-01
41.71672 3.37880286e-01
41.86113 3.34391303e-01
42.00603 3.30941695e-01
42.15144 3.27531068e-01
42.29735 3.24158628e-01
42.44377 3.20824179e-01
42.59069 3.17527127e-01
42.73812 3.14267076e-01
42.88606 3.11043630e-01
43.03451 3.07856196e-01
43.18348 3.04716250e-01
43.33297 3.01625177e-01
43.48297 2.98568532e-01
43.63349 2.95545921e-01
43.78453 2.92557145e-01
43.93609 2.89601413e-01
44.08818 2.86678724e-01
44.24079 2.83788486e-01
44.39394 2.80930302e-01
44.54761 2.78103974e-01
44.70182 2.75308910e-01
44.85655 2.72544910e-01
45.01183 2.69811580e-01
45.16764 2.67108326e-01
45.32399 2.64459881e-01
45.48089 2.61840719e-01
45.63832 2.59250249e-01
45.79630 2.56688469e-01
45.95483 2.54154589e-01
46.11391 2.51648410e-01
46.27353 2.49169734e-01
46.43371 2.46718166e-01
46.59445 2.44293310e-01
46.75574 2.41894968e-01
46.91759 2.39522745e-01
47.08000 2.37176442e-01
47.24297 2.34855663e-01
47.40650 2.32560014e-01
47.57060 2.30309479e-01
47.73527 2.28085853e-01
47.90051 2.25886367e-01
48.06633 2.23710428e-01
48.23271 2.21558034e-01
48.39967 2.19428593e-01
48.56721 2.17321907e-01
48.73533 2.15237975e-01
48.90403 2.13176204e-01
49.07332 2.11136595e-01
49.24319 2.09118553e-01
49.41365 2.07122276e-01
49.58470 2.05147171e-01
49.75634 2.03193039e-01
49.92858 2.01260080e-01
50.10141 1.99364715e-01
50.27484 1.97489434e-01
50.44887 1.95633801e-01
50.62350 1.93797697e-01
50.79874 1.91980865e-01
50.97458 1.90183088e-01
51.15104 1.88404168e-01
51.32810 1.86643847e-01
51.50578 1.84901928e-01
51.68407 1.83178193e-01
51.86298 1.81472424e-01
52.04250 1.79784423e-01
52.22265 1.78113974e-01
52.40343 1.76460877e-01
52.58482 1.74824915e-01
52.76685 1.73214340e-01
52.94951 1.71633504e-01
53.13280 1.70068873e-01
53.31672 1.68520230e-01
53.50128 1.66987417e-01
53.68648 1.65470215e-01
53.87232 1.63968466e-01
54.05880 1.62481993e-01
54.24593 1.61010616e-01
54.43371 1.59554160e-01
54.62214 1.58112463e-01
54.81122 1.56685370e-01
55.00095 1.55272681e-01
55.19134 1.53874239e-01
55.38239 1.52489904e-01
55.57410 1.51119499e-01
55.76647 1.49762846e-01
55.95951 1.48425881e-01
56.15322 1.47103360e-01
56.34760 1.45794037e-01
56.54265 1.44497753e-01
56.73838 1.43214390e-01
56.93479 1.41943769e-01
57.13187 1.40685772e-01
57.32964 1.39440241e-01
57.52809 1.38207057e-01
57.72723 1.36986042e-01
57.92705 1.35777116e-01
58.12757 1.34580102e-01
58.32879 1.33394860e-01
58.53070 1.32221293e-01
58.73331 1.31059262e-01
58.93662 1.29908608e-01
59.14063 1.28769252e-01
59.34535 1.27644301e-01
59.55078 1.26537752e-01
59.75692 1.25441926e-01
59.96377 1.24356727e-01
60.17134 1.23282014e-01
60.37963 1.22217669e-01
60.58864 1.21163594e-01
60.79837 1.20119669e-01
61.00883 1.19085776e-01
61.22002 1.18061816e-01
61.43194 1.17047690e-01
61.64459 1.16043260e-01
61.85797 1.15048445e-01
62.07210 1.14063149e-01
62.28697 1.13087231e-01
62.50258 1.12120632e-01
62.71894 1.11163215e-01
62.93605 1.10214899e-01
63.15390 1.09275587e-01
63.37252 1.08349650e-01
63.59189 1.07435070e-01
63.81201 1.06529098e-01
64.03290 1.05631654e-01
64.25456 1.04742600e-01
64.47698 1.03861875e-01
64.70017 1.02989402e-01
64.92414 1.02125081e-01
65.14888 1.01268813e-01
65.37440 1.00420539e-01
65.60070 9.95801397e-02
65.82778 9.87475761e-02
66.05565 9.79227293e-02
66.28430 9.71055202e-02
66.51375 9.62958894e-02
66.74400 9.54937379e-02
66.97504 9.46989867e-02
67.20688 9.39115961e-02
67.43952 9.31314276e-02
67.67297 9.23584614e-02
67.90722 9.15973277e-02
68.14229 9.08455729e-02
68.37817 9.01006445e-02
68.61486 8.93625029e-02
68.85238 8.86310492e-02
69.09072 8.79062240e-02
69.32988 8.71879878e-02
69.56987 8.64762218e-02
69.81069 8.57708865e-02
70.05235 8.50719225e-02
70.29484 8.43792705e-02
70.53817 8.36928314e-02
70.78235 8.30125658e-02
71.02737 8.23384143e-02
71.27323 8.16702977e-02
71.51995 8.10081765e-02
71.76752 8.03519715e-02
72.01595 7.97016233e-02
72.26524 7.90570924e-02
72.51539 7.84182997e-02
72.76641 7.77851857e-02
73.01830 7.71581660e-02
73.27106 7.65384476e-02
73.52469 7.59241903e-02
73.77920 7.53153744e-02
74.03460 7.47119206e-02
74.29087 7.41137895e-02
74.54804 7.35209216e-02
74.80609 7.29332576e-02
75.06504 7.23507777e-02
75.32488 7.17733830e-02
75.58563 7.12010734e-02
75.84727 7.06337501e-02
76.10982 7.00714131e-02
76.37328 6.95139633e-02
76.63766 6.89613811e-02
76.90295 6.84136268e-02
77.16915 6.78706213e-02
77.43628 6.73323448e-02
77.70433 6.67987380e-02
77.97331 6.62697612e-02
78.24322 6.57453750e-02
78.51407 6.52255199e-02
78.78585 6.47101564e-02
79.05857 6.41994229e-02
79.33224 6.36962678e-02
79.60686 6.31974261e-02
79.88242 6.27028584e-02
80.15894 6.22125052e-02
80.43642 6.17263468e-02
80.71486 6.12443436e-02
80.99426 6.07664561e-02
81.27463 6.02926247e-02
81.55596 5.98228101e-02
81.83828 5.93570122e-02
82.12157 5.88951518e-02
82.40584 5.84372092e-02
82.69109 5.79831448e-02
82.97733 5.75329190e-02
83.26457 5.70865120e-02
83.55279 5.66438447e-02
83.84202 5.62049369e-02
84.13225 5.57697093e-02
84.42348 5.53381621e-02
84.71572 5.49102161e-02
85.00897 5.44858910e-02
85.30323 5.40651078e-02
85.59852 5.36478466e-02
85.89482 5.32340876e-02
86.19215 5.28237913e-02
86.49052 5.24167399e-02
86.78991 5.20141406e-02
87.09034 5.16149051e-02
87.39181 5.12189739e-02
87.69432 5.08263273e-02
87.99789 5.04369454e-02
88.30250 5.00508086e-02
88.60816 4.96678377e-02
88.91489 4.92880524e-02
89.22267 4.89114132e-02
89.53153 4.85378607e-02
89.84145 4.81674148e-02
90.15244 4.77999962e-02
90.46451 4.74356247e-02
90.77766 4.70742410e-02
91.09190 4.67158055e-02
91.40722 4.63603381e-02
91.72363 4.60077793e-02
92.04114 4.56581093e-02
92.35975 4.53112886e-02
92.67946 4.49673172e-02
93.00028 4.46261555e-02
93.32221 4.42877639e-02
93.64525 4.39521425e-02
93.96941 4.36192516e-02
94.29469 4.32890715e-02
94.62110 4.29615823e-02
94.94864 4.26371404e-02
95.27731 4.23162798e-02
95.60712 4.19980310e-02
95.93807 4.16823348e-02
96.27017 4.13691910e-02
96.60342 4.10585799e-02
96.93782 4.07504619e-02
97.27338 4.04448173e-02
97.61010 4.01416262e-02
97.94798 3.98408886e-02
98.28704 3.95425453e-02
98.62727 3.92466159e-02
98.96867 3.89530411e-02
99.31126 3.86618012e-02
99.65504 3.83729158e-02
100.00000 3.80863258e-02
