        2000  3.000000 2.700000
0.10000 1.04483358e+00
0.10035 1.04510585e+00
0.10069 1.04537412e+00
0.10104 1.04563829e+00
0.10139 1.04589835e+00
0.10174 1.04615420e+00
0.10210 1.04640606e+00
0.10245 1.04665370e+00
0.10280 1.04689714e+00
0.10316 1.04714899e+00
0.10352 1.04744966e+00
0.10387 1.04774137e+00
0.10423 1.04802433e+00
0.10459 1.04829822e+00
0.10496 1.04856325e+00
0.10532 1.04881932e+00
0.10568 1.04906632e+00
0.10605 1.04930424e+00
0.10642 1.04953298e+00
0.10679 1.04975244e+00
0.10716 1.04996282e+00
0.10753 1.05016381e+00
0.10790 1.05035551e+00
0.10827 1.05053782e+00
0.10865 1.05071072e+00
0.10902 1.05087413e+00
0.10940 1.05102814e+00
0.10978 1.05117242e+00
0.11016 1.05130721e+00
0.11054 1.05143227e+00
0.11092 1.05154772e+00
0.11131 1.05165335e+00
0.11169 1.05174914e+00
0.11208 1.05183522e+00
0.11247 1.05191136e+00
0.11286 1.05196925e+00
0.11325 1.05200748e+00
0.11364 1.05202616e+00
0.11403 1.05202519e+00
0.11443 1.05200446e+00
0.11482 1.05196385e+00
0.11522 1.05190315e+00
0.11562 1.05182237e+00
0.11602 1.05172128e+00
0.11642 1.05159989e+00
0.11682 1.05145798e+00
0.11723 1.05129544e+00
0.11763 1.05111227e+00
0.11804 1.05090826e+00
0.11845 1.05068340e+00
0.11886 1.05043748e+00
0.11927 1.05017040e+00
0.11968 1.04988204e+00
0.12010 1.04957240e+00
0.12051 1.04924128e+00
0.12093 1.04888866e+00
0.12135 1.04851433e+00
0.12177 1.04811829e+00
0.12219 1.04683882e+00
0.12262 1.03117082e+00
0.12304 1.00797307e+00
0.12347 9.44548452e-01
0.12389 9.69930072e-01
0.12432 1.04884168e+00
0.12475 1.05065910e+00
0.12518 1.05191860e+00
0.12562 1.05269933e+00
0.12605 1.05337487e+00
0.12649 1.05361852e+00
0.12693 1.05352099e+00
0.12737 1.05341008e+00
0.12781 1.05332324e+00
0.12825 1.05325553e+00
0.12869 1.05318122e+00
0.12914 1.05304028e+00
0.12959 1.05284642e+00
0.13003 1.05263593e+00
0.13048 1.05249758e+00
0.13094 1.05240827e+00
0.13139 1.05231388e+00
0.13184 1.05195283e+00
0.13230 1.05135862e+00
0.13276 1.05070813e+00
0.13322 1.03368938e+00
0.13368 9.17986608e-01
0.13414 7.47298116e-01
0.13461 7.38452700e-01
0.13507 7.37582976e-01
0.13554 7.36658280e-01
0.13601 7.35678288e-01
0.13648 7.34479596e-01
0.13695 7.33189212e-01
0.13743 7.31823552e-01
0.13790 7.30590516e-01
0.13838 7.29378324e-01
0.13886 7.28115156e-01
0.13934 7.26198696e-01
0.13982 7.23618036e-01
0.14031 7.20873108e-01
0.14079 7.17815628e-01
0.14128 7.14204324e-01
0.14177 7.10371080e-01
0.14226 7.06309956e-01
0.14275 7.01686692e-01
0.14324 6.96810708e-01
0.14374 6.91684920e-01
0.14424 6.86411712e-01
0.14474 6.80946912e-01
0.14524 6.75256392e-01
0.14574 6.69095100e-01
0.14625 6.62237424e-01
0.14675 6.55120656e-01
0.14726 6.47753868e-01
0.14777 6.39445860e-01
0.14828 6.30842580e-01
0.14879 6.21979452e-01
0.14931 6.13201212e-01
0.14983 6.04496736e-01
0.15034 5.95604232e-01
0.15087 5.86494108e-01
0.15139 5.76629496e-01
0.15191 5.66598024e-01
0.15244 5.56416324e-01
0.15297 5.44182192e-01
0.15349 5.30233560e-01
0.15403 5.16125196e-01
0.15456 5.01896412e-01
0.15509 4.87902852e-01
0.15563 4.74123888e-01
0.15617 4.60334664e-01
0.15671 4.46565636e-01
0.15725 4.34326860e-01
0.15780 4.22231940e-01
0.15834 4.10213376e-01
0.15889 3.99025872e-01
0.15944 3.89690352e-01
0.15999 3.80430216e-01
0.16055 3.71252592e-01
0.16110 3.61520712e-01
0.16166 3.51468612e-01
0.16222 3.41542764e-01
0.16278 3.31751808e-01
0.16335 3.26160108e-01
0.16391 3.21341580e-01
0.16448 3.16637856e-01
0.16505 3.10736736e-01
0.16562 2.85618852e-01
0.16619 2.61371016e-01
0.16677 2.39011020e-01
0.16734 2.19862188e-01
0.16792 2.06744400e-01
0.16851 1.94035176e-01
0.16909 1.81911420e-01
0.16967 1.68902172e-01
0.17026 1.54459116e-01
0.17085 1.41955632e-01
0.17144 1.29974112e-01
0.17204 1.19732796e-01
0.17263 1.12159296e-01
0.17323 1.05495318e-01
0.17383 1.00062896e-01
0.17443 9.19026972e-02
0.17503 8.06722092e-02
0.17564 7.06156596e-02
0.17625 6.18876396e-02
0.17686 5.56822404e-02
0.17747 5.23865988e-02
0.17808 5.04231480e-02
0.17870 4.78641312e-02
0.17932 4.50906156e-02
0.17994 4.20343560e-02
0.18056 3.90050748e-02
0.18119 3.91390596e-02
0.18182 3.67224192e-02
0.18244 3.34169064e-02
0.18308 2.96629020e-02
0.18371 2.64321900e-02
0.18435 2.34753552e-02
0.18498 2.14974324e-02
0.18562 2.16467316e-02
0.18627 2.18257200e-02
0.18691 2.19954312e-02
0.18756 2.21692680e-02
0.18821 2.04065028e-02
0.18886 1.83207312e-02
0.18951 1.55612556e-02
0.19017 1.41813612e-02
0.19083 1.31733324e-02
0.19149 1.25988156e-02
0.19215 1.20836664e-02
0.19282 1.12291056e-02
0.19348 1.13601636e-02
0.19415 1.09931148e-02
0.19483 1.09695060e-02
0.19550 1.06371187e-02
0.19618 1.03134200e-02
0.19686 9.81523008e-03
0.19754 9.23943564e-03
0.19822 8.48509668e-03
0.19891 7.43803128e-03
0.19960 6.93699876e-03
0.20029 5.29184124e-03
0.20098 4.92366384e-03
0.20168 1.23452424e-02
0.20237 5.96449656e-03
0.20307 5.63331672e-03
0.20378 5.37662772e-03
0.20448 7.31406564e-03
0.20519 7.69781664e-03
0.20590 7.50171132e-03
0.20661 7.32002832e-03
0.20733 7.16343912e-03
0.20805 7.00899480e-03
0.20877 6.86288916e-03
0.20949 5.99014872e-03
0.21021 5.91979428e-03
0.21094 5.81095728e-03
0.21167 5.70446496e-03
0.21240 5.64831900e-03
0.21314 5.52367188e-03
0.21388 5.09292360e-03
0.21462 4.71179160e-03
0.21536 3.49183656e-03
0.21611 2.79953064e-03
0.21685 2.21961708e-03
0.21760 2.06993988e-03
0.21836 1.92691872e-03
0.21911 1.79682408e-03
0.21987 1.69369920e-03
0.22063 1.55609640e-03
0.22140 3.55038984e-03
0.22216 7.19976492e-03
0.22293 2.23781724e-02
0.22370 1.16484912e-01
0.22448 6.76685988e-01
0.22526 8.51605056e-01
0.22604 8.20037736e-01
0.22682 7.89810372e-01
0.22760 7.59041928e-01
0.22839 7.26804036e-01
0.22918 6.95963448e-01
0.22998 6.80645700e-01
0.23077 6.68932668e-01
0.23157 6.57730368e-01
0.23237 6.46859304e-01
0.23318 6.36131772e-01
0.23398 6.21172368e-01
0.23479 5.98861836e-01
0.23561 5.78738304e-01
0.23642 5.57878752e-01
0.23724 5.35715964e-01
0.23806 5.16204684e-01
0.23889 4.94022132e-01
0.23971 4.70999988e-01
0.24054 4.49233776e-01
0.24137 4.27500504e-01
0.24221 4.07408724e-01
0.24305 3.84846984e-01
0.24389 3.59553600e-01
0.24473 3.35363328e-01
0.24558 3.11932512e-01
0.24643 2.90853180e-01
0.24728 2.69727516e-01
0.24814 3.21473772e-01
0.24900 4.11490908e-01
0.24986 5.21602308e-01
0.25073 6.43907988e-01
0.25159 7.76644416e-01
0.25246 9.08544816e-01
0.25334 9.25121196e-01
0.25422 9.33497244e-01
0.25510 9.41803092e-01
0.25598 9.49871664e-01
0.25687 9.57061332e-01
0.25775 9.64271520e-01
0.25865 9.25754832e-01
0.25954 8.84668176e-01
0.26044 8.44569504e-01
0.26134 8.03405952e-01
0.26225 7.61706612e-01
0.26315 7.20406332e-01
0.26406 7.17196464e-01
0.26498 7.14366648e-01
0.26590 7.11901872e-01
0.26682 7.08852708e-01
0.26774 7.05982500e-01
0.26867 7.03156248e-01
0.26960 7.01105652e-01
0.27053 6.98331456e-01
0.27147 6.96583584e-01
0.27241 6.93960264e-01
0.27335 6.93019584e-01
0.27430 6.89942232e-01
0.27525 6.88692672e-01
0.27620 6.86209752e-01
0.27715 6.82781292e-01
0.27811 6.79390524e-01
0.27908 6.77224908e-01
0.28004 6.72398928e-01
0.28101 6.69432600e-01
0.28198 6.66513036e-01
0.28296 6.63549948e-01
0.28394 6.60876840e-01
0.28492 6.58465200e-01
0.28591 6.57331092e-01
0.28690 6.53286600e-01
0.28789 6.51781296e-01
0.28889 6.49653480e-01
0.28989 6.48016308e-01
0.29089 6.44520240e-01
0.29190 6.40842624e-01
0.29291 6.39798696e-01
0.29392 6.37656624e-01
0.29494 6.33562236e-01
0.29596 6.31631196e-01
0.29699 6.30561240e-01
0.29801 6.26845608e-01
0.29905 6.25112208e-01
0.30008 6.21789912e-01
0.30112 6.21219672e-01
0.30216 6.16133952e-01
0.30321 6.14068992e-01
0.30426 6.12209124e-01
0.30531 6.08030820e-01
0.30637 6.05711304e-01
0.30743 6.03664596e-01
0.30849 5.99880060e-01
0.30956 5.97594888e-01
0.31063 5.95028592e-01
0.31171 5.91960744e-01
0.31279 5.90800284e-01
0.31387 5.86366668e-01
0.31496 5.83589448e-01
0.31605 5.82397776e-01
0.31714 5.79252816e-01
0.31824 5.76332064e-01
0.31934 5.75252280e-01
0.32044 5.70756456e-01
0.32155 5.70575988e-01
0.32267 5.67355320e-01
0.32378 5.63916060e-01
0.32490 5.64042636e-01
0.32603 5.60754252e-01
0.32716 5.56847028e-01
0.32829 5.55618960e-01
0.32943 5.52650580e-01
0.33057 5.49917640e-01
0.33171 5.47773732e-01
0.33286 5.43194856e-01
0.33401 5.40529308e-01
0.33517 5.40821772e-01
0.33633 5.34147156e-01
0.33749 5.32033920e-01
0.33866 5.31100800e-01
0.33983 5.26800672e-01
0.34101 5.23905948e-01
0.34219 5.23013112e-01
0.34337 5.19486588e-01
0.34456 5.17055184e-01
0.34576 5.16773952e-01
0.34695 5.12005968e-01
0.34815 5.10659856e-01
0.34936 5.10769908e-01
0.35057 5.06424960e-01
0.35178 5.03472996e-01
0.35300 5.04665964e-01
0.35422 5.00831748e-01
0.35545 4.96749996e-01
0.35668 4.95333684e-01
0.35791 4.94759988e-01
0.35915 4.89836808e-01
0.36039 4.86866376e-01
0.36164 4.86511596e-01
0.36289 4.81622004e-01
0.36415 4.78855692e-01
0.36541 4.79071152e-01
0.36668 4.73576544e-01
0.36795 4.70775888e-01
0.36922 4.69463472e-01
0.37050 4.70268180e-01
0.37178 4.62683988e-01
0.37307 4.63426596e-01
0.37436 4.61600856e-01
0.37565 4.58672112e-01
0.37695 4.55000328e-01
0.37826 4.56175800e-01
0.37957 4.53562308e-01
0.38088 4.48488036e-01
0.38220 4.47686892e-01
0.38352 4.48207560e-01
0.38485 4.43763900e-01
0.38618 4.40049996e-01
0.38752 4.39963380e-01
0.38886 4.38536700e-01
0.39021 4.33264788e-01
0.39156 4.31981316e-01
0.39291 4.32365904e-01
0.39427 4.28043420e-01
0.39564 4.21991640e-01
0.39701 4.23688536e-01
0.39838 4.22646660e-01
0.39976 4.17577140e-01
0.40115 4.13840124e-01
0.40253 4.13884620e-01
0.40393 4.13060364e-01
0.40533 4.07038068e-01
0.40673 4.06992276e-01
0.40814 4.06055916e-01
0.40955 4.02396768e-01
0.41097 3.99488544e-01
0.41239 3.97198728e-01
0.41382 3.98629080e-01
0.41525 3.95981136e-01
0.41669 3.89798676e-01
0.41813 3.91532940e-01
0.41958 3.90776400e-01
0.42103 3.85889940e-01
0.42249 3.84673860e-01
0.42395 3.83278608e-01
0.42542 3.83408964e-01
0.42689 3.77989092e-01
0.42837 3.75218136e-01
0.42985 3.76274160e-01
0.43134 3.74262120e-01
0.43283 3.71317500e-01
0.43433 3.65732280e-01
0.43583 3.66952356e-01
0.43734 3.66780744e-01
0.43886 3.61912320e-01
0.44037 3.59157240e-01
0.44190 3.59082612e-01
0.44343 3.56837616e-01
0.44496 3.55250556e-01
0.44650 3.49837488e-01
0.44805 3.52324188e-01
0.44960 3.50815860e-01
0.45116 3.45065832e-01
0.45272 3.45502152e-01
0.45429 3.43749744e-01
0.45586 3.40492140e-01
0.45744 3.41819352e-01
0.45902 3.39284808e-01
0.46061 3.33999288e-01
0.46220 3.35506320e-01
0.46380 3.34610244e-01
0.46541 3.29778324e-01
0.46702 3.27031884e-01
0.46864 3.29161644e-01
0.47026 3.26845692e-01
0.47189 3.21621624e-01
0.47352 3.21737832e-01
0.47516 3.18956400e-01
0.47680 3.18384864e-01
0.47845 3.17284344e-01
0.48011 3.12892740e-01
0.48177 3.11301036e-01
0.48344 3.10955976e-01
0.48511 3.10173300e-01
0.48679 3.04996752e-01
0.48848 3.05609436e-01
0.49017 3.05032932e-01
0.49186 3.00386772e-01
0.49357 3.00637980e-01
0.49528 2.98587600e-01
0.49699 2.94882012e-01
0.49871 2.96088372e-01
0.50044 2.95435512e-01
0.50217 2.91061188e-01
0.50391 2.88236988e-01
0.50565 2.90367936e-01
0.50740 2.88157608e-01
0.50916 2.84488092e-01
0.51092 2.81879028e-01
0.51269 2.83037544e-01
0.51446 2.81828700e-01
0.51625 2.76797952e-01
0.51803 2.77775136e-01
0.51983 2.75180328e-01
0.52163 2.73202956e-01
0.52343 2.70297540e-01
0.52524 2.71076544e-01
0.52706 2.69651592e-01
0.52889 2.64535632e-01
0.53072 2.65211928e-01
0.53255 2.62611180e-01
0.53440 2.62848672e-01
0.53625 2.61292824e-01
0.53810 2.57321880e-01
0.53997 2.56269528e-01
0.54183 2.57970960e-01
0.54371 2.54103372e-01
0.54559 2.52747540e-01
0.54748 2.51183700e-01
0.54938 2.48310144e-01
0.55128 2.50968240e-01
0.55319 2.50246908e-01
0.55510 2.40858576e-01
0.55702 2.44424844e-01
0.55895 2.44576800e-01
0.56089 2.41340580e-01
0.56283 2.37483792e-01
0.56478 2.38743288e-01
0.56673 2.40900372e-01
0.56869 2.32953624e-01
0.57066 2.29071348e-01
0.57264 2.34528696e-01
0.57462 2.35455660e-01
0.57661 2.26820520e-01
0.57860 2.25673452e-01
0.58061 2.29192200e-01
0.58262 2.28784608e-01
0.58463 2.22736500e-01
0.58666 2.22780564e-01
0.58869 2.22388308e-01
0.59073 2.19668436e-01
0.59277 2.19178116e-01
0.59482 2.18880360e-01
0.59688 2.19556980e-01
0.59895 2.13891624e-01
0.60102 2.10952620e-01
0.60310 2.16777168e-01
0.60519 2.11476528e-01
0.60728 2.08107684e-01
0.60939 2.07637128e-01
0.61150 2.11726872e-01
0.61361 2.08275624e-01
0.61574 2.00331792e-01
0.61787 2.03422104e-01
0.62001 2.05544520e-01
0.62215 2.02047156e-01
0.62431 1.98196524e-01
0.62647 1.99375344e-01
0.62864 1.96170120e-01
0.63081 1.95745248e-01
0.63300 1.99952172e-01
0.63519 1.94014980e-01
0.63739 1.89335448e-01
0.63959 1.90442556e-01
0.64181 1.92215700e-01
0.64403 1.92752676e-01
0.64626 1.85550480e-01
0.64849 1.85317416e-01
0.65074 1.85326272e-01
0.65299 1.88558712e-01
0.65525 1.83513708e-01
0.65752 1.82068884e-01
0.65980 1.79095104e-01
0.66208 1.82575512e-01
0.66437 1.80060948e-01
0.66667 1.78583400e-01
0.66898 1.73914128e-01
0.67130 1.75526460e-01
0.67362 1.76531616e-01
0.67595 1.72326204e-01
0.67829 1.72622448e-01
0.68064 1.73098296e-01
0.68299 1.69808832e-01
0.68536 1.66442256e-01
0.68773 1.66955148e-01
0.69011 1.70470656e-01
0.69250 1.67696568e-01
0.69490 1.62829332e-01
0.69730 1.61343576e-01
0.69972 1.66453380e-01
0.70214 1.64523960e-01
0.70457 1.59191028e-01
0.70701 1.62687096e-01
0.70946 1.56767292e-01
0.71191 1.55076660e-01
0.71438 1.62653940e-01
0.71685 1.55951352e-01
0.71933 1.55384244e-01
0.72182 1.53063000e-01
0.72432 1.54125288e-01
0.72683 1.51615584e-01
0.72934 1.52551944e-01
0.73187 1.52133444e-01
0.73440 1.54379952e-01
0.73694 1.43318916e-01
0.73949 1.44345564e-01
0.74205 1.47257784e-01
0.74462 1.51289424e-01
0.74720 1.44340596e-01
0.74979 1.42200036e-01
0.75238 1.41776244e-01
0.75499 1.41523092e-01
0.75760 1.41192720e-01
0.76022 1.41150276e-01
0.76285 1.41721596e-01
0.76549 1.35525852e-01
0.76814 1.36785780e-01
0.77080 1.35160704e-01
0.77347 1.35067068e-01
0.77615 1.40555304e-01
0.77884 1.31571648e-01
0.78153 1.35357804e-01
0.78424 1.28188116e-01
0.78695 1.28136924e-01
0.78968 1.32117156e-01
0.79241 1.31090724e-01
0.79515 1.29824424e-01
0.79790 1.23147756e-01
0.80067 1.24378200e-01
0.80344 1.23445944e-01
0.80622 1.20987000e-01
0.80901 1.25528724e-01
0.81181 1.28900160e-01
0.81462 1.23292260e-01
0.81744 1.16735796e-01
0.82027 1.12421844e-01
0.82311 1.20092652e-01
0.82596 1.21838148e-01
0.82882 1.19857428e-01
0.83169 1.14703452e-01
0.83457 1.10925720e-01
0.83745 1.12648860e-01
0.84035 1.13804136e-01
0.84326 1.11991356e-01
0.84618 1.23322176e-01
0.84911 1.11246264e-01
0.85205 1.07054082e-01
0.85500 1.07727300e-01
0.85796 1.08290952e-01
0.86093 1.09469232e-01
0.86391 1.11882060e-01
0.86690 1.11589164e-01
0.86990 1.06862576e-01
0.87291 1.01418167e-01
0.87593 1.01248618e-01
0.87897 1.05894950e-01
0.88201 1.05837235e-01
0.88506 1.06349663e-01
0.88813 1.03286146e-01
0.89120 1.03571600e-01
0.89428 9.43433244e-02
0.89738 9.71546940e-02
0.90049 1.06652862e-01
0.90360 1.00086689e-01
0.90673 9.74540268e-02
0.90987 9.59386464e-02
0.91302 9.59554512e-02
0.91618 1.00036912e-01
0.91935 9.29762388e-02
0.92253 9.51491556e-02
0.92573 9.68866704e-02
0.92893 9.69949512e-02
0.93215 9.01892880e-02
0.93537 8.97048324e-02
0.93861 9.04051044e-02
0.94186 9.67047336e-02
0.94512 9.28500300e-02
0.94839 8.70047136e-02
0.95168 8.81438220e-02
0.95497 8.81211852e-02
0.95828 8.86018824e-02
0.96159 9.28351800e-02
0.96492 8.56442916e-02
0.96826 8.52417756e-02
0.97161 8.32872024e-02
0.97498 8.33568408e-02
0.97835 8.72635464e-02
0.98174 8.05536468e-02
0.98514 8.29764540e-02
0.98855 9.17880444e-02
0.99197 8.25126156e-02
0.99540 7.60871880e-02
0.99885 7.74287208e-02
1.00231 7.79567868e-02
1.00578 8.63482788e-02
1.00926 7.94608704e-02
1.01275 8.21519280e-02
1.01626 8.01755604e-02
1.01978 7.85562408e-02
1.02330 7.42020912e-02
1.02685 7.05110292e-02
1.03040 7.36448112e-02
1.03397 7.59449412e-02
1.03755 8.12390040e-02
1.04114 7.54216380e-02
1.04474 6.96095964e-02
1.04836 6.81026508e-02
1.05199 6.84436284e-02
1.05563 7.53490944e-02
1.05928 7.43637672e-02
1.06295 7.06648320e-02
1.06663 6.93629028e-02
1.07032 6.63043212e-02
1.07403 6.87607380e-02
1.07775 6.55386120e-02
1.08148 6.54109128e-02
1.08522 7.69785768e-02
1.08898 6.63937560e-02
1.09275 6.47872344e-02
1.09653 6.01465284e-02
1.10032 6.30903492e-02
1.10413 6.39238824e-02
1.10796 6.80208084e-02
1.11179 6.59114604e-02
1.11564 6.42037644e-02
1.11950 5.71126896e-02
1.12338 6.02133588e-02
1.12726 5.83346880e-02
1.13117 6.09297660e-02
1.13508 6.60635460e-02
1.13901 6.40380276e-02
1.14295 5.80419324e-02
1.14691 5.95400436e-02
1.15088 5.62332888e-02
1.15487 5.06857284e-02
1.15886 5.45046408e-02
1.16287 6.40458036e-02
1.16690 5.76218664e-02
1.17094 5.32168488e-02
1.17499 6.05389788e-02
1.17906 5.42882088e-02
1.18314 5.86155852e-02
1.18724 4.81576644e-02
1.19135 6.33238884e-02
1.19547 5.73708636e-02
1.19961 5.42137860e-02
1.20376 5.79138012e-02
1.20793 5.69998620e-02
1.21211 5.65383132e-02
1.21630 5.23947204e-02
1.22052 4.97201868e-02
1.22474 6.04213776e-02
1.22898 4.68099864e-02
1.23323 4.31936172e-02
1.23750 5.34215196e-02
1.24179 5.16227364e-02
1.24609 4.83176556e-02
1.25040 5.03298036e-02
1.25473 5.33451960e-02
1.25907 5.42270700e-02
1.26343 4.86820692e-02
1.26780 4.46610024e-02
1.27219 3.95264340e-02
1.27659 4.50340992e-02
1.28101 5.13744660e-02
1.28545 5.05324116e-02
1.28990 5.15921940e-02
1.29436 4.64320836e-02
1.29884 4.64355072e-02
1.30334 3.76893972e-02
1.30785 5.33708352e-02
1.31238 3.78637524e-02
1.31692 3.92842008e-02
1.32148 3.92593176e-02
1.32605 4.12690680e-02
1.33064 4.74251544e-02
1.33525 5.00581620e-02
1.33987 3.91645044e-02
1.34451 3.74581152e-02
1.34916 3.80198124e-02
1.35383 4.21732764e-02
1.35852 3.47141916e-02
1.36322 3.79455732e-02
1.36794 4.47858720e-02
1.37268 3.74080464e-02
1.37743 4.24792080e-02
1.38220 4.20970608e-02
1.38698 3.78185652e-02
1.39178 3.54983364e-02
1.39660 3.14296956e-02
1.40144 3.52850580e-02
1.40629 3.64881132e-02
1.41115 3.46134600e-02
1.41604 4.02821100e-02
1.42094 3.75420744e-02
1.42586 4.12575876e-02
1.43080 3.53264220e-02
1.43575 3.16355976e-02
1.44072 3.49740072e-02
1.44571 3.09143304e-02
1.45071 3.42649116e-02
1.45573 3.05427132e-02
1.46077 3.19914036e-02
1.46583 3.21981264e-02
1.47090 3.51253908e-02
1.47599 3.42598464e-02
1.48110 3.12272496e-02
1.48623 2.87742672e-02
1.49137 3.05660520e-02
1.49654 2.87625384e-02
1.50172 3.24949104e-02
1.50692 2.61345420e-02
1.51213 2.82313836e-02
1.51737 3.40725636e-02
1.52262 3.03843960e-02
1.52789 2.89982376e-02
1.53318 2.65546296e-02
1.53849 2.73418632e-02
1.54381 2.89437624e-02
1.54916 2.64121452e-02
1.55452 2.45952828e-02
1.55990 2.20070952e-02
1.56530 2.38518432e-02
1.57072 2.05106688e-02
1.57615 1.76490468e-02
1.58161 1.75556808e-02
1.58709 1.54237716e-02
1.59258 1.62162540e-02
1.59809 1.51258536e-02
1.60362 1.33671924e-02
1.60918 1.02613824e-02
1.61475 1.06435912e-02
1.62034 9.60587424e-03
1.62594 9.04163688e-03
1.63157 1.70996184e-02
1.63722 7.46222328e-03
1.64289 1.40554656e-02
1.64857 6.82238268e-03
1.65428 1.04595041e-02
1.66001 5.16588948e-03
1.66575 5.16738744e-03
1.67152 4.46121972e-03
1.67731 4.58773632e-03
1.68311 3.51764424e-03
1.68894 5.27486256e-03
1.69478 4.23623196e-03
1.70065 4.35704400e-03
1.70654 3.00046140e-03
1.71245 2.89375524e-03
1.71837 2.50305012e-03
1.72432 2.13462432e-03
1.73029 3.34340244e-03
1.73628 2.55361896e-03
1.74229 2.16395820e-03
1.74832 1.49823972e-03
1.75437 1.73306844e-03
1.76045 1.57313124e-03
1.76654 1.61910684e-03
1.77266 1.19595420e-03
1.77879 1.07325713e-03
1.78495 1.01613452e-03
1.79113 2.03269716e-03
1.79733 8.76335760e-04
1.80355 7.75131984e-04
1.80979 8.27844300e-04
1.81606 3.09503808e-03
1.82234 7.94851380e-04
1.82865 2.26333872e-03
1.83498 6.60472488e-04
1.84133 5.78895552e-04
1.84771 4.82358888e-04
1.85410 9.97062048e-04
1.86052 4.41484344e-04
1.86696 1.32283152e-03
1.87342 3.86598744e-04
1.87991 3.99112704e-04
1.88642 3.79686852e-04
1.89295 6.46496748e-04
1.89950 3.60200736e-04
1.90607 3.50178228e-04
1.91267 4.05463428e-04
1.91929 7.38761472e-04
1.92594 4.13031420e-04
1.93260 3.47827068e-04
1.93929 3.36027312e-04
1.94601 3.78919944e-04
1.95274 3.44181312e-04
1.95950 4.06338876e-04
1.96629 4.27198860e-04
1.97309 6.78781080e-04
1.97992 3.47063076e-04
1.98678 3.45639204e-04
1.99365 3.44921976e-04
2.00055 3.43551780e-04
2.00748 5.23197792e-04
2.01443 3.40057548e-04
2.02140 3.51637308e-04
2.02840 3.40306812e-04
2.03542 3.42617904e-04
2.04247 3.49961256e-04
2.04954 3.46958316e-04
2.05663 4.71965508e-04
2.06375 3.96513900e-04
2.07090 4.64192100e-04
2.07806 3.57691248e-04
2.08526 3.57745248e-04
2.09247 3.58382016e-04
2.09972 3.58420572e-04
2.10699 3.54877740e-04
2.11428 3.56330448e-04
2.12160 3.54482892e-04
2.12894 3.54387636e-04
2.13631 3.58037712e-04
2.14371 3.60377856e-04
2.15113 3.58104672e-04
2.15857 3.64632300e-04
2.16605 3.62160720e-04
2.17354 3.63929652e-04
2.18107 3.66153588e-04
2.18862 3.67894116e-04
2.19619 3.65793732e-04
2.20380 3.65349852e-04
2.21143 3.66077016e-04
2.21908 3.72293280e-04
2.22676 3.67849404e-04
2.23447 3.63844656e-04
2.24220 3.69581508e-04
2.24997 3.66229620e-04
2.25775 3.71147832e-04
2.26557 3.71744532e-04
2.27341 3.72325788e-04
2.28128 3.71471724e-04
2.28918 3.73142700e-04
2.29710 3.76817616e-04
2.30505 3.72332808e-04
2.31303 3.71836980e-04
2.32104 3.74233608e-04
2.32908 3.80483352e-04
2.33714 3.75903180e-04
2.34523 3.73432896e-04
2.35335 3.86309304e-04
2.36149 3.75278940e-04
2.36967 3.78120312e-04
2.37787 3.88492632e-04
2.38610 3.84293052e-04
2.39436 3.78307152e-04
2.40265 3.83087340e-04
2.41097 3.82548960e-04
2.41931 3.79596996e-04
2.42769 3.75560388e-04
2.43609 3.75828228e-04
2.44452 3.83813424e-04
2.45298 3.83284548e-04
2.46148 3.76629912e-04
2.47000 3.78339228e-04
2.47855 3.85169688e-04
2.48713 3.90031740e-04
2.49574 3.88258056e-04
2.50438 3.89522196e-04
2.51304 3.91196736e-04
2.52174 3.92609916e-04
2.53047 3.88647396e-04
2.53923 3.89963916e-04
2.54802 4.02846696e-04
2.55684 3.93694884e-04
2.56569 3.85915752e-04
2.57457 3.86717976e-04
2.58349 3.84557760e-04
2.59243 3.90742488e-04
2.60140 3.89548548e-04
2.61041 3.94818192e-04
2.61944 3.86828460e-04
2.62851 3.90195252e-04
2.63761 3.91462740e-04
2.64674 3.91142196e-04
2.65590 4.00894920e-04
2.66510 4.01461272e-04
2.67432 4.00216248e-04
2.68358 3.97864224e-04
2.69287 4.01291712e-04
2.70219 4.03005456e-04
2.71154 4.03993872e-04
2.72093 3.98741184e-04
2.73035 4.04007588e-04
2.73980 3.97929132e-04
2.74928 3.96635940e-04
2.75880 4.02728544e-04
2.76835 3.98751444e-04
2.77793 3.96760032e-04
2.78755 3.97143864e-04
2.79720 3.99607020e-04
2.80688 4.03019712e-04
2.81660 4.02696252e-04
2.82635 4.04724492e-04
2.83613 4.07595024e-04
2.84595 4.15792224e-04
2.85580 4.12830324e-04
2.86569 4.11427296e-04
2.87561 4.13616672e-04
2.88556 4.20594768e-04
2.89555 4.19115060e-04
2.90557 4.17278088e-04
2.91563 4.12109856e-04
2.92572 4.11200064e-04
2.93585 4.14318240e-04
2.94601 4.25420964e-04
2.95621 4.20763356e-04
2.96644 4.13514612e-04
2.97671 4.12858404e-04
2.98702 4.16386764e-04
2.99736 4.23584748e-04
3.00773 4.32009288e-04
3.01814 4.25892600e-04
3.02859 4.23876024e-04
3.03907 4.24639908e-04
3.04960 4.27200912e-04
3.06015 4.32521424e-04
3.07074 4.39629984e-04
3.08137 4.34383020e-04
3.09204 4.31039664e-04
3.10274 4.29981804e-04
3.11348 4.32946404e-04
3.12426 4.40053668e-04
3.13508 4.44804156e-04
3.14593 4.39799004e-04
3.15682 4.36475196e-04
3.16775 4.38638544e-04
3.17871 4.43700828e-04
3.18972 4.45688568e-04
3.20076 4.46171652e-04
3.21184 4.45654116e-04
3.22295 4.44815172e-04
3.23411 4.47108444e-04
3.24531 4.49735652e-04
3.25654 4.50421128e-04
3.26781 4.52929212e-04
3.27912 4.53250620e-04
3.29047 4.52833740e-04
3.30187 4.55757408e-04
3.31330 4.58586900e-04
3.32476 4.59286524e-04
3.33627 4.60824012e-04
3.34782 4.61231388e-04
3.35941 4.62668652e-04
3.37104 4.66536888e-04
3.38271 4.69246932e-04
3.39442 4.68597312e-04
3.40617 4.67111016e-04
3.41796 4.66182972e-04
3.42979 4.68031716e-04
3.44166 4.71996504e-04
3.45358 4.73241420e-04
3.46553 4.70911104e-04
3.47753 4.70219796e-04
3.48957 4.72138200e-04
3.50164 4.74788196e-04
3.51377 4.77375984e-04
3.52593 4.78871676e-04
3.53814 4.79755332e-04
3.55038 4.81451040e-04
3.56267 4.83230664e-04
3.57500 4.86303480e-04
3.58738 4.89310524e-04
3.59980 4.91091552e-04
3.61226 4.91955336e-04
3.62476 4.93537320e-04
3.63731 4.96613268e-04
3.64990 4.99334004e-04
3.66254 5.01524784e-04
3.67521 5.02675632e-04
3.68794 5.03393184e-04
3.70070 5.04738432e-04
3.71351 5.06810520e-04
3.72637 5.09258124e-04
3.73927 5.11328484e-04
3.75221 5.12500716e-04
3.76520 5.13379512e-04
3.77823 5.14863432e-04
3.79131 5.16820716e-04
3.80443 5.18157000e-04
3.81760 5.18095548e-04
3.83082 5.17601556e-04
3.84408 5.17864104e-04
3.85739 5.18754996e-04
3.87074 5.19145092e-04
3.88414 5.19011064e-04
3.89758 5.18898420e-04
3.91107 5.19212592e-04
3.92461 5.19964812e-04
3.93820 5.21016732e-04
3.95183 5.22241452e-04
3.96551 5.23547064e-04
3.97924 5.24904840e-04
3.99301 5.26392864e-04
4.00683 5.28145488e-04
4.02070 5.30142516e-04
4.03462 5.32148832e-04
4.04859 5.33907936e-04
4.06260 5.35397040e-04
4.07667 5.36829876e-04
4.09078 5.38358724e-04
4.10494 5.39873208e-04
4.11915 5.41108512e-04
4.13341 5.41945512e-04
4.14771 5.42662956e-04
4.16207 5.43381804e-04
4.17648 5.44111992e-04
4.19094 5.44616568e-04
4.20545 5.44821228e-04
4.22000 5.44956660e-04
4.23461 5.45255280e-04
4.24927 5.45705640e-04
4.26398 5.46163020e-04
4.27874 5.46526008e-04
4.29355 5.46810156e-04
4.30841 5.47140744e-04
4.32332 5.47475760e-04
4.33829 5.47741656e-04
4.35331 5.47904196e-04
4.36838 5.47992000e-04
4.38350 5.48058528e-04
4.39867 5.48135208e-04
4.41390 5.48221392e-04
4.42918 5.48323560e-04
4.44451 5.48459640e-04
4.45990 5.48599716e-04
4.47533 5.48746488e-04
4.49083 5.48886456e-04
4.50637 5.49011952e-04
4.52197 5.49119088e-04
4.53762 5.49195336e-04
4.55333 5.49227628e-04
4.56909 5.49214992e-04
4.58491 5.49158724e-04
4.60078 5.49111852e-04
4.61670 5.49033012e-04
4.63269 5.48909352e-04
4.64872 5.48745948e-04
4.66481 5.48546796e-04
4.68096 5.48308548e-04
4.69717 5.48025588e-04
4.71343 5.47698132e-04
4.72974 5.47334604e-04
4.74611 5.46945480e-04
4.76254 5.46536700e-04
4.77903 5.46111828e-04
4.79557 5.45676588e-04
4.81217 5.45241132e-04
4.82883 5.44817664e-04
4.84555 5.44415904e-04
4.86232 5.44042656e-04
4.87915 5.43703320e-04
4.89604 5.43403944e-04
4.91299 5.43149712e-04
4.92999 5.42943756e-04
4.94706 5.42785212e-04
4.96418 5.42319840e-04
4.98137 5.41781352e-04
4.99861 5.41214244e-04
5.01591 5.40564624e-04
5.03328 5.39774820e-04
5.05070 5.38794612e-04
5.06818 5.37589656e-04
5.08573 5.36144940e-04
5.10333 5.34463380e-04
5.12100 5.32560636e-04
5.13873 5.30458524e-04
5.15651 5.28223248e-04
5.17436 5.26228704e-04
5.19228 5.24140416e-04
5.21025 5.21972640e-04
5.22828 5.19779484e-04
5.24638 5.17655448e-04
5.26454 5.15656800e-04
5.28277 5.13826092e-04
5.30105 5.13378000e-04
5.31940 5.16820608e-04
5.33782 5.23599120e-04
5.35629 5.32211148e-04
5.37484 5.44292568e-04
5.39344 5.52716352e-04
5.41211 5.60661048e-04
5.43084 5.70466368e-04
5.44965 5.82693480e-04
5.46851 5.95714176e-04
5.48744 6.09084144e-04
5.50643 6.22847556e-04
5.52550 6.37053120e-04
5.54462 6.51752892e-04
5.56381 6.67002816e-04
5.58308 6.82861752e-04
5.60240 6.99391476e-04
5.62179 7.15221792e-04
5.64125 7.25810868e-04
5.66078 7.36951500e-04
5.68038 7.48684404e-04
5.70004 7.61045652e-04
5.71977 7.74065592e-04
5.73957 7.87766688e-04
5.75944 8.02162548e-04
5.77938 8.17256412e-04
5.79938 8.33039640e-04
5.81946 8.49490848e-04
5.83960 8.66576232e-04
5.85982 8.84249568e-04
5.88010 9.02453184e-04
5.90045 9.16464672e-04
5.92088 9.30110904e-04
5.94137 9.43881876e-04
5.96194 9.57697128e-04
5.98258 9.71478900e-04
6.00329 9.85154184e-04
6.02407 9.98656992e-04
6.04492 1.01192900e-03
6.06585 1.02492108e-03
6.08684 1.03759315e-03
6.10791 1.04991412e-03
6.12906 1.06186216e-03
6.15027 1.07342388e-03
6.17156 1.08459324e-03
6.19293 1.09190592e-03
6.21436 1.09856520e-03
6.23588 1.10480868e-03
6.25746 1.11066012e-03
6.27912 1.11614544e-03
6.30086 1.12129488e-03
6.32267 1.12614300e-03
6.34455 1.13072544e-03
6.36652 1.13508000e-03
6.38856 1.13924772e-03
6.41067 1.14326856e-03
6.43286 1.14718356e-03
6.45513 1.15103484e-03
6.47747 1.15486344e-03
6.49990 1.15733880e-03
6.52240 1.15643268e-03
6.54497 1.15563780e-03
6.56763 1.15499412e-03
6.59037 1.15454160e-03
6.61318 1.15431696e-03
6.63607 1.15435152e-03
6.65904 1.15467660e-03
6.68209 1.15531812e-03
6.70522 1.15629984e-03
6.72843 1.15764012e-03
6.75172 1.15935732e-03
6.77510 1.16146116e-03
6.79855 1.16396244e-03
6.82208 1.16686440e-03
6.84570 1.17017028e-03
6.86939 1.17387468e-03
6.89317 1.17797112e-03
6.91704 1.18213668e-03
6.94098 1.18658088e-03
6.96500 1.19133936e-03
6.98911 1.19639808e-03
7.01331 1.20173652e-03
7.03759 1.20733524e-03
7.06195 1.21317048e-03
7.08639 1.21921416e-03
7.11092 1.22544144e-03
7.13554 1.23182208e-03
7.16024 1.23832476e-03
7.18502 1.24491816e-03
7.20990 1.25157096e-03
7.23485 1.25825184e-03
7.25990 1.26492840e-03
7.28503 1.27157040e-03
7.31025 1.41561324e-03
7.33555 1.79923248e-03
7.36094 2.28586320e-03
7.38642 2.90280888e-03
7.41199 3.68452584e-03
7.43765 4.67448300e-03
7.46340 5.92749252e-03
7.48923 7.51264092e-03
7.51516 9.51695352e-03
7.54117 1.20499704e-02
7.56727 1.52494272e-02
7.59347 1.92883140e-02
7.61975 2.43835056e-02
7.64613 3.08063304e-02
7.67260 3.88952496e-02
7.69916 4.90709772e-02
7.72581 6.18538788e-02
7.75255 7.76772936e-02
7.77939 8.70721164e-02
7.80632 9.75973752e-02
7.83334 1.09390392e-01
7.86046 1.22601924e-01
7.88767 1.37396520e-01
7.91497 1.53952596e-01
7.94237 1.72462068e-01
7.96986 1.93129380e-01
7.99745 2.16171072e-01
8.02513 2.41813728e-01
8.05291 2.70291816e-01
8.08079 3.01844772e-01
8.10876 3.36713544e-01
8.13683 3.75135732e-01
8.16500 4.17339972e-01
8.19326 4.63538700e-01
8.22162 5.13920052e-01
8.25008 5.68637172e-01
8.27864 6.11993124e-01
8.30730 6.41194812e-01
8.33605 6.71438052e-01
8.36491 7.02723168e-01
8.39386 7.35046812e-01
8.42292 7.68400992e-01
8.45208 8.02772316e-01
8.48133 8.38142100e-01
8.51069 8.74485288e-01
8.54016 9.11770020e-01
8.56972 9.49956660e-01
8.59938 9.88997796e-01
8.62915 1.02883738e+00
8.65902 1.06940995e+00
8.68899 1.11064068e+00
8.71907 1.15244316e+00
8.74925 1.19472408e+00
8.77954 1.23737436e+00
8.80993 1.28028060e+00
8.84043 1.32331212e+00
8.87103 1.35487188e+00
8.90174 1.38148632e+00
8.93255 1.40801328e+00
8.96347 1.43441928e+00
8.99450 1.46067084e+00
9.02563 1.48673448e+00
9.05688 1.51257672e+00
9.08823 1.53816408e+00
9.11969 1.56346200e+00
9.15126 1.58843808e+00
9.18294 1.61305776e+00
9.21472 1.63729080e+00
9.24662 1.66110372e+00
9.27863 1.68446736e+00
9.31075 1.70735040e+00
9.34298 1.72972476e+00
9.37532 1.75156236e+00
9.40777 1.77283620e+00
9.44034 1.79352252e+00
9.47302 1.81359648e+00
9.50581 1.83303324e+00
9.53871 1.84899132e+00
9.57173 1.86108516e+00
9.60487 1.87279128e+00
9.63811 1.88408808e+00
9.67148 1.89495288e+00
9.70495 1.90536192e+00
9.73855 1.91529252e+00
9.77226 1.92472524e+00
9.80609 1.93363848e+00
9.84003 1.94201064e+00
9.87409 1.94982444e+00
9.90827 1.95578712e+00
9.94257 1.95676992e+00
9.97699 1.95767280e+00
10.01153 1.95849144e+00
10.04618 1.95922044e+00
10.08096 1.95985224e+00
10.11585 1.96038036e+00
10.15087 1.96079832e+00
10.18601 1.96109748e+00
10.22127 1.96126812e+00
10.25665 1.96130052e+00
10.29215 1.96118496e+00
10.32778 1.96027560e+00
10.36353 1.95868908e+00
10.39941 1.95703776e+00
10.43540 1.95532056e+00
10.47153 1.95353532e+00
10.50777 1.95167988e+00
10.54415 1.94975208e+00
10.58065 1.94775084e+00
10.61727 1.94295024e+00
10.65403 1.93780728e+00
10.69091 1.93243212e+00
10.72791 1.92683124e+00
10.76505 1.92101004e+00
10.80231 1.91497608e+00
10.83971 1.90873692e+00
10.87723 1.90229904e+00
10.91488 1.89566892e+00
10.95266 1.88885304e+00
10.99058 1.88186004e+00
11.02862 1.87469532e+00
11.06680 1.86736644e+00
11.10511 1.85987988e+00
11.14355 1.85224320e+00
11.18212 1.84446288e+00
11.22083 1.83654648e+00
11.25967 1.82531232e+00
11.29865 1.80490356e+00
11.33776 1.78270632e+00
11.37701 1.75868928e+00
11.41639 1.73284596e+00
11.45591 1.70519796e+00
11.49556 1.67579928e+00
11.53536 1.64473740e+00
11.57529 1.61213328e+00
11.61536 1.57814028e+00
11.65556 1.54293876e+00
11.69591 1.50673392e+00
11.73640 1.46974176e+00
11.77702 1.43218908e+00
11.81779 1.39430052e+00
11.85870 1.35629424e+00
11.89975 1.31837760e+00
11.94094 1.28073528e+00
11.98227 1.24353144e+00
12.02375 1.20690648e+00
12.06537 1.17097380e+00
12.10714 1.13582088e+00
12.14905 1.10150928e+00
12.19110 1.06807669e+00
12.23330 1.03554007e+00
12.27565 1.00389618e+00
12.31814 9.73125900e-01
12.36078 9.43195860e-01
12.40357 9.30350664e-01
12.44651 9.26849088e-01
12.48959 9.23254956e-01
12.53283 9.19497204e-01
12.57621 9.15511356e-01
12.61974 9.11240280e-01
12.66343 9.06635052e-01
12.70726 9.01655064e-01
12.75125 8.96268888e-01
12.79539 8.90453736e-01
12.83968 8.84195892e-01
12.88413 8.77490064e-01
12.92873 8.70338952e-01
12.97348 8.62752708e-01
13.01839 8.54747748e-01
13.06345 8.46346536e-01
13.10867 8.37575964e-01
13.15405 8.28466812e-01
13.19959 8.19052884e-01
13.24528 8.09369496e-01
13.29113 7.99453368e-01
13.33713 7.89341544e-01
13.38330 7.79070636e-01
13.42963 7.68676608e-01
13.47612 7.58193804e-01
13.52277 7.47655272e-01
13.56958 7.37091576e-01
13.61655 7.26531768e-01
13.66368 7.16001984e-01
13.71098 7.05526416e-01
13.75844 6.95886012e-01
13.80607 6.96564036e-01
13.85386 6.97345092e-01
13.90182 6.98242248e-01
13.94994 6.99267276e-01
13.99823 7.00429680e-01
14.04668 7.01737776e-01
14.09531 7.03198584e-01
14.14410 7.04817612e-01
14.19306 7.06599720e-01
14.24219 7.08548364e-01
14.29149 7.10666460e-01
14.34096 7.12956276e-01
14.39060 7.15419216e-01
14.44042 7.18056144e-01
14.49041 7.20867708e-01
14.54057 7.23853908e-01
14.59090 7.27014528e-01
14.64141 7.30348920e-01
14.69209 7.33856328e-01
14.74295 7.37535780e-01
14.79398 7.41386088e-01
14.84519 7.45405848e-01
14.89658 7.49593656e-01
14.94814 7.53948108e-01
14.99989 7.58467476e-01
15.05181 7.63150140e-01
15.10392 7.67994588e-01
15.15620 7.72998984e-01
15.20866 7.78161708e-01
15.26131 7.83481032e-01
15.31414 7.88955336e-01
15.36715 7.94583000e-01
15.42034 8.00362296e-01
15.47372 8.06291820e-01
15.52729 8.21677932e-01
15.58103 8.38564596e-01
15.63497 8.55752256e-01
15.68909 8.73242964e-01
15.74340 8.91038556e-01
15.79790 9.09140760e-01
15.85258 9.27551088e-01
15.90746 9.46270836e-01
15.96252 9.65301192e-01
16.01778 9.84642912e-01
16.07323 1.00429697e+00
16.12886 1.02426368e+00
16.18470 1.04454349e+00
16.24072 1.06513628e+00
16.29694 1.08604152e+00
16.35335 1.10726028e+00
16.40996 1.12879008e+00
16.46677 1.15063092e+00
16.52377 1.17278172e+00
16.58097 1.19524032e+00
16.63836 1.21800672e+00
16.69596 1.24107660e+00
16.75375 1.26444996e+00
16.81175 1.28812356e+00
16.86994 1.31209524e+00
16.92834 1.33636068e+00
16.98694 1.36091880e+00
17.04574 1.38576528e+00
17.10474 1.41089580e+00
17.16395 1.43630820e+00
17.22337 1.46199816e+00
17.28299 1.48796136e+00
17.34281 1.51419240e+00
17.40285 1.54068804e+00
17.46309 1.56744288e+00
17.52354 1.59445044e+00
17.58420 1.62170748e+00
17.64507 1.64920752e+00
17.70615 1.66250124e+00
17.76744 1.66723488e+00
17.82894 1.67196528e+00
17.89066 1.67669244e+00
17.95259 1.68141636e+00
18.01473 1.68613704e+00
18.07709 1.69085124e+00
18.13967 1.69556112e+00
18.20246 1.70026452e+00
18.26547 1.70496144e+00
18.32870 1.70965188e+00
18.39214 1.71433368e+00
18.45581 1.71900684e+00
18.51969 1.72367028e+00
18.58380 1.72832508e+00
18.64813 1.73296800e+00
18.71268 1.73760012e+00
18.77746 1.74222036e+00
18.84246 1.74682764e+00
18.90768 1.75142088e+00
18.97313 1.75600116e+00
19.03881 1.76056524e+00
19.10472 1.76511312e+00
19.17085 1.76964480e+00
19.23721 1.77415920e+00
19.30380 1.77865524e+00
19.37062 1.78313184e+00
19.43768 1.78758792e+00
19.50496 1.79202348e+00
19.57248 1.79643744e+00
19.64023 1.80082872e+00
19.70822 1.80519624e+00
19.77644 1.80954000e+00
19.84490 1.81385676e+00
19.91359 1.81814868e+00
19.98252 1.82241252e+00
20.05169 1.82664828e+00
20.12110 1.83085488e+00
20.19076 1.83503124e+00
20.26065 1.83917628e+00
20.33078 1.84329000e+00
20.40116 1.84736916e+00
20.47178 1.85141484e+00
20.54264 1.85542488e+00
20.61375 1.85939928e+00
20.68511 1.85841648e+00
20.75671 1.85703408e+00
20.82856 1.85560848e+00
20.90066 1.85413752e+00
20.97301 1.85262120e+00
21.04561 1.85105952e+00
21.11846 1.84945140e+00
21.19157 1.84779792e+00
21.26492 1.84609692e+00
21.33853 1.84434840e+00
21.41240 1.84255128e+00
21.48652 1.84070772e+00
21.56090 1.83881448e+00
21.63553 1.83687156e+00
21.71043 1.83488004e+00
21.78558 1.83283884e+00
21.86099 1.83074796e+00
21.93666 1.82860632e+00
22.01260 1.82641392e+00
22.08880 1.82417076e+00
22.16526 1.82187684e+00
22.24199 1.81953108e+00
22.31898 1.81713348e+00
22.39624 1.81468404e+00
22.47377 1.81218168e+00
22.55156 1.80962748e+00
22.62962 1.80702144e+00
22.70796 1.80436140e+00
22.78656 1.80164952e+00
22.86544 1.79888472e+00
22.94459 1.79606592e+00
23.02402 1.79319528e+00
23.10372 1.79027064e+00
23.18369 1.78729200e+00
23.26394 1.78426152e+00
23.34447 1.78117596e+00
23.42528 1.77803856e+00
23.50637 1.77484716e+00
23.58774 1.77160176e+00
23.66939 1.76830344e+00
23.75133 1.76495220e+00
23.83354 1.76154696e+00
23.91604 1.75808988e+00
23.99883 1.75457880e+00
24.08191 1.75101480e+00
24.16527 1.74739896e+00
24.24892 1.74372912e+00
24.33286 1.74000744e+00
24.41709 1.73623392e+00
24.50161 1.73240856e+00
24.58642 1.72853028e+00
24.67153 1.72460124e+00
24.75693 1.72054908e+00
24.84263 1.71515232e+00
24.92863 1.70971560e+00
25.01492 1.70424108e+00
25.10151 1.69872876e+00
25.18840 1.69317864e+00
25.27559 1.68759288e+00
25.36309 1.68196932e+00
25.45088 1.67631120e+00
25.53898 1.67061852e+00
25.62739 1.66489020e+00
25.71610 1.65912948e+00
25.80512 1.65333528e+00
25.89444 1.64750868e+00
25.98408 1.64164968e+00
26.07403 1.63576044e+00
26.16428 1.62984096e+00
26.25485 1.62389124e+00
26.34574 1.61791236e+00
26.43694 1.61190432e+00
26.52845 1.60586928e+00
26.62028 1.59980724e+00
26.71243 1.59371820e+00
26.80489 1.58760432e+00
26.89768 1.58146452e+00
26.99079 1.57530096e+00
27.08422 1.56911256e+00
27.17798 1.56290148e+00
27.27205 1.55666880e+00
27.36646 1.55041344e+00
27.46119 1.54413756e+00
27.55625 1.53784116e+00
27.65164 1.53152532e+00
27.74736 1.52518896e+00
27.84341 1.51883532e+00
27.93979 1.51246440e+00
28.03650 1.50607620e+00
28.13355 1.49967072e+00
28.23094 1.49325012e+00
28.32867 1.48681440e+00
28.42673 1.48036464e+00
28.52513 1.47390084e+00
28.62387 1.46742408e+00
28.72295 1.46093436e+00
28.82238 1.45443384e+00
28.92215 1.44792144e+00
29.02227 1.44139824e+00
29.12273 1.43486532e+00
29.22354 1.42832376e+00
29.32470 1.42177248e+00
29.42621 1.41521364e+00
29.52807 1.40864724e+00
29.63029 1.40207436e+00
29.73286 1.39549500e+00
29.83578 1.38891024e+00
29.93906 1.38232116e+00
30.04269 1.37572668e+00
30.14669 1.36912896e+00
30.25104 1.36252692e+00
30.35576 1.35592272e+00
30.46084 1.34931744e+00
30.56628 1.34271000e+00
30.67209 1.33610040e+00
30.77826 1.32949188e+00
30.88481 1.32288336e+00
30.99172 1.31603940e+00
31.09900 1.30865112e+00
31.20665 1.30127580e+00
31.31467 1.29391236e+00
31.42307 1.28656404e+00
31.53184 1.27922868e+00
31.64099 1.27190844e+00
31.75052 1.26460332e+00
31.86043 1.25731440e+00
31.97072 1.25004060e+00
32.08139 1.24278408e+00
32.19244 1.23554484e+00
32.30388 1.22832288e+00
32.41570 1.22111820e+00
32.52791 1.21393296e+00
32.64051 1.20676608e+00
32.75349 1.19961756e+00
32.86687 1.19248956e+00
32.98064 1.18538100e+00
33.09481 1.17829404e+00
33.20937 1.17122652e+00
33.32433 1.16418060e+00
33.43968 1.15715628e+00
33.55544 1.15015464e+00
33.67159 1.14317352e+00
33.78815 1.13621616e+00
33.90511 1.12928148e+00
34.02247 1.12236948e+00
34.14024 1.11548124e+00
34.25842 1.10861568e+00
34.37701 1.10177496e+00
34.49601 1.09495908e+00
34.61542 1.08816696e+00
34.73525 1.08140076e+00
34.85549 1.07465854e+00
34.97614 1.06794202e+00
35.09721 1.06125109e+00
35.21871 1.05458587e+00
35.34062 1.04794668e+00
35.46295 1.04133384e+00
35.58571 1.03474724e+00
35.70889 1.02818743e+00
35.83250 1.02165440e+00
35.95654 1.01514838e+00
36.08101 1.00866956e+00
36.20590 1.00221808e+00
36.33123 9.95794128e-01
36.45700 9.89397828e-01
36.58320 9.83029392e-01
36.70983 9.76688928e-01
36.83691 9.70376544e-01
36.96442 9.64092456e-01
37.09238 9.57836664e-01
37.22077 9.51609492e-01
37.34962 9.45410832e-01
37.47890 9.39240792e-01
37.60864 9.33099696e-01
37.73883 9.26987436e-01
37.86946 9.20904228e-01
38.00055 9.14850072e-01
38.13209 9.08824968e-01
38.26409 9.02829240e-01
38.39654 8.96862780e-01
38.52946 8.90925588e-01
38.66283 8.85017880e-01
38.79667 8.79139656e-01
38.93096 8.73290916e-01
39.06573 8.67471768e-01
39.20096 8.61682212e-01
39.33665 8.55922356e-01
39.47282 8.50192092e-01
39.60946 8.44491528e-01
39.74657 8.38820664e-01
39.88416 8.33179608e-01
40.02222 8.27568252e-01
40.16076 8.21986596e-01
40.29978 8.16434748e-01
40.43928 8.10912600e-01
40.57926 8.05420260e-01
40.71973 7.99957620e-01
40.86069 7.94524788e-01
41.00213 7.89121548e-01
41.14406 7.83748116e-01
41.28648 7.78404384e-01
41.42940 7.72660836e-01
41.57281 7.66812204e-01
41.71672 7.61003856e-01
41.86113 7.55235360e-01
42.00603 7.49506716e-01
42.15144 7.43817816e-01
42.29735 7.38168444e-01
42.44377 7.32558384e-01
42.59069 7.26987420e-01
42.73812 7.21455660e-01
42.88606 7.15962672e-01
43.03451 7.10508348e-01
43.18348 7.05092580e-01
43.33297 6.99715152e-01
43.48297 6.94375848e-01
43.63349 6.89074560e-01
43.78453 6.83811180e-01
43.93609 6.78585276e-01
44.08818 6.73396956e-01
44.24079 6.68245788e-01
44.39394 6.63131664e-01
44.54761 6.58054476e-01
44.70182 6.53014008e-01
44.85655 6.48010044e-01
45.01183 6.43042368e-01
45.16764 6.38110764e-01
45.32399 6.33215124e-01
45.48089 6.28355232e-01
45.63832 6.23530872e-01
45.79630 6.18741828e-01
45.95483 6.13987884e-01
46.11391 6.09268932e-01
46.27353 6.04584756e-01
46.43371 5.99935140e-01
46.59445 5.95319760e-01
46.75574 5.90738616e-01
46.91759 5.86191384e-01
47.08000 5.81677956e-01
47.24297 5.77198008e-01
47.40650 5.72751324e-01
47.57060 5.68337904e-01
47.73527 5.63957424e-01
47.90051 5.59609668e-01
48.06633 5.55294312e-01
48.23271 5.51011464e-01
48.39967 5.46760692e-01
48.56721 5.42541780e-01
48.73533 5.38354620e-01
48.90403 5.34199104e-01
49.07332 5.30074800e-01
49.24319 5.25981600e-01
49.41365 5.21919396e-01
49.58470 5.17887864e-01
49.75634 5.13886788e-01
49.92858 5.09916168e-01
50.10141 5.05975572e-01
50.27484 5.02064892e-01
50.44887 4.98184020e-01
50.62350 4.94332632e-01
50.79874 4.90510512e-01
50.97458 4.86717552e-01
51.15104 4.82953536e-01
51.32810 4.79218248e-01
51.50578 4.75511472e-01
51.68407 4.71833100e-01
51.86298 4.68182808e-01
52.04250 4.64560488e-01
52.22265 4.60965924e-01
52.40343 4.57398900e-01
52.58482 4.53859308e-01
52.76685 4.50346824e-01
52.94951 4.46861340e-01
53.13280 4.43402640e-01
53.31672 4.39970616e-01
53.50128 4.36565052e-01
53.68648 4.33185624e-01
53.87232 4.29832224e-01
54.05880 4.26504744e-01
54.24593 4.23202968e-01
54.43371 4.19926680e-01
54.62214 4.16675664e-01
54.81122 4.13449704e-01
55.00095 4.10248800e-01
55.19134 4.07072628e-01
55.38239 4.03920972e-01
55.57410 4.00793832e-01
55.76647 3.97690776e-01
55.95951 3.94611912e-01
56.15322 3.91556808e-01
56.34760 3.88525464e-01
56.54265 3.85517556e-01
56.73838 3.82533084e-01
56.93479 3.79571724e-01
57.13187 3.76633368e-01
57.32964 3.73717908e-01
57.52809 3.70825020e-01
57.72723 3.67954704e-01
57.92705 3.65106636e-01
58.12757 3.62280708e-01
58.32879 3.59476812e-01
58.53070 3.56694732e-01
58.73331 3.53934360e-01
58.93662 3.51195372e-01
59.14063 3.48477876e-01
59.34535 3.45781440e-01
59.55078 3.43105956e-01
59.75692 3.40451424e-01
59.96377 3.37817520e-01
60.17134 3.35204244e-01
60.37963 3.32611272e-01
60.58864 3.30038496e-01
60.79837 3.27485916e-01
61.00883 3.24953100e-01
61.22002 3.22440156e-01
61.43194 3.19946760e-01
61.64459 3.17472912e-01
61.85797 3.15018288e-01
62.07210 3.12582888e-01
62.28697 3.10166388e-01
62.50258 3.07768896e-01
62.71894 3.05390088e-01
62.93605 3.03029856e-01
63.15390 3.00687984e-01
63.37252 2.98364472e-01
63.59189 2.96059104e-01
63.81201 2.93771772e-01
64.03290 2.91502260e-01
64.25456 2.89250568e-01
64.47698 2.87016372e-01
64.70017 2.84799672e-01
64.92414 2.82600360e-01
65.14888 2.80418112e-01
65.37440 2.78253036e-01
65.60070 2.76104808e-01
65.82778 2.73973320e-01
66.05565 2.71858572e-01
66.28430 2.69760348e-01
66.51375 2.67678540e-01
66.74400 2.65612932e-01
66.97504 2.63563524e-01
67.20688 2.61530100e-01
67.43952 2.59512552e-01
67.67297 2.57510772e-01
67.90722 2.55524652e-01
68.14229 2.53554084e-01
68.37817 2.51598852e-01
68.61486 2.49658956e-01
68.85238 2.47734180e-01
69.09072 2.45824416e-01
69.32988 2.43929664e-01
69.56987 2.42049600e-01
69.81069 2.40184224e-01
70.05235 2.38333536e-01
70.29484 2.36497212e-01
70.53817 2.34675252e-01
70.78235 2.32867440e-01
71.02737 2.31073884e-01
71.27323 2.29294260e-01
71.51995 2.27528460e-01
71.76752 2.25776484e-01
72.01595 2.24038224e-01
72.26524 2.22313572e-01
72.51539 2.20602312e-01
72.76641 2.18904336e-01
73.01830 2.17219752e-01
73.27106 2.15548236e-01
73.52469 2.13889788e-01
73.77920 2.12244192e-01
74.03460 2.10611448e-01
74.29087 2.08991556e-01
74.54804 2.07384192e-01
74.80609 2.05789356e-01
75.06504 2.04206940e-01
75.32488 2.02636944e-01
75.58563 2.01079152e-01
75.84727 1.99533456e-01
76.10982 1.97999748e-01
76.37328 1.96478136e-01
76.63766 1.94968296e-01
76.90295 1.93470228e-01
77.16915 1.91983824e-01
77.43628 1.90508976e-01
77.70433 1.89045576e-01
77.97331 1.87593624e-01
78.24322 1.86152904e-01
78.51407 1.84723416e-01
78.78585 1.83305160e-01
79.05857 1.81897812e-01
79.33224 1.80501480e-01
79.60686 1.79115948e-01
79.88242 1.77741216e-01
80.15894 1.76377176e-01
80.43642 1.75023720e-01
80.71486 1.73680740e-01
80.99426 1.72348236e-01
81.27463 1.71026100e-01
81.55596 1.69714224e-01
81.83828 1.68412608e-01
82.12157 1.67121036e-01
82.40584 1.65839400e-01
82.69109 1.64567808e-01
82.97733 1.63306152e-01
83.26457 1.62054216e-01
83.55279 1.60811892e-01
83.84202 1.59579396e-01
84.13225 1.58356296e-01
84.42348 1.57142808e-01
84.71572 1.55938608e-01
85.00897 1.54743804e-01
85.30323 1.53558288e-01
85.59852 1.52381952e-01
85.89482 1.51214688e-01
86.19215 1.50056496e-01
86.49052 1.48907268e-01
86.78991 1.47767004e-01
87.09034 1.46635488e-01
87.39181 1.45512720e-01
87.69432 1.44398700e-01
87.99789 1.43293212e-01
88.30250 1.42196364e-01
88.60816 1.41108048e-01
88.91489 1.40028048e-01
89.22267 1.38956472e-01
89.53153 1.37893104e-01
89.84145 1.36838052e-01
90.15244 1.35791100e-01
90.46451 1.34752248e-01
90.77766 1.33721388e-01
91.09190 1.32698520e-01
91.40722 1.31683536e-01
91.72363 1.30676436e-01
92.04114 1.29677112e-01
92.35975 1.28685456e-01
92.67946 1.27701468e-01
93.00028 1.26725040e-01
93.32221 1.25756172e-01
93.64525 1.24794864e-01
93.96941 1.23840900e-01
94.29469 1.22894280e-01
94.62110 1.21955004e-01
94.94864 1.21022964e-01
95.27731 1.20098052e-01
95.60712 1.19180268e-01
95.93807 1.18269612e-01
96.27017 1.17365976e-01
96.60342 1.16469252e-01
96.93782 1.15579548e-01
97.27338 1.14696540e-01
97.61010 1.13820444e-01
97.94798 1.12951044e-01
98.28704 1.12088340e-01
98.62727 1.11232332e-01
98.96867 1.10382804e-01
99.31126 1.09539864e-01
99.65504 1.08703404e-01
100.00000 1.07873413e-01
