        2000  3.000000 3.200000
0.10000 1.28473216e+00
0.10035 1.28483840e+00
0.10069 1.28494464e+00
0.10104 1.28505216e+00
0.10139 1.28515840e+00
0.10174 1.28526592e+00
0.10210 1.28537344e+00
0.10245 1.28548224e+00
0.10280 1.28558976e+00
0.10316 1.28569856e+00
0.10352 1.28580736e+00
0.10387 1.28591616e+00
0.10423 1.28602624e+00
0.10459 1.28613632e+00
0.10496 1.28624640e+00
0.10532 1.28635648e+00
0.10568 1.28646784e+00
0.10605 1.28657792e+00
0.10642 1.28669056e+00
0.10679 1.28680192e+00
0.10716 1.28691456e+00
0.10753 1.28702592e+00
0.10790 1.28713856e+00
0.10827 1.28725248e+00
0.10865 1.28736512e+00
0.10902 1.28747904e+00
0.10940 1.28759296e+00
0.10978 1.28770688e+00
0.11016 1.28782208e+00
0.11054 1.28793728e+00
0.11092 1.28805248e+00
0.11131 1.28816896e+00
0.11169 1.28828416e+00
0.11208 1.28840064e+00
0.11247 1.28851840e+00
0.11286 1.28863488e+00
0.11325 1.28875264e+00
0.11364 1.28887040e+00
0.11403 1.28898816e+00
0.11443 1.28910720e+00
0.11482 1.28922624e+00
0.11522 1.28934400e+00
0.11562 1.28946432e+00
0.11602 1.28958336e+00
0.11642 1.28970368e+00
0.11682 1.28982400e+00
0.11723 1.28994432e+00
0.11763 1.29006592e+00
0.11804 1.29018752e+00
0.11845 1.29031040e+00
0.11886 1.29043200e+00
0.11927 1.29055488e+00
0.11968 1.29067776e+00
0.12010 1.29080192e+00
0.12051 1.29092608e+00
0.12093 1.29105024e+00
0.12135 1.29117440e+00
0.12177 1.29129856e+00
0.12219 1.29142400e+00
0.12262 1.29154944e+00
0.12304 1.29167488e+00
0.12347 1.29180160e+00
0.12389 1.29192704e+00
0.12432 1.29205376e+00
0.12475 1.29218176e+00
0.12518 1.29230848e+00
0.12562 1.29243648e+00
0.12605 1.29256576e+00
0.12649 1.29269504e+00
0.12693 1.29282432e+00
0.12737 1.29295360e+00
0.12781 1.29308416e+00
0.12825 1.29321472e+00
0.12869 1.29334528e+00
0.12914 1.29347712e+00
0.12959 1.29360896e+00
0.13003 1.29374080e+00
0.13048 1.29387264e+00
0.13094 1.29400448e+00
0.13139 1.29413760e+00
0.13184 1.29427072e+00
0.13230 1.29440384e+00
0.13276 1.29453696e+00
0.13322 1.29467136e+00
0.13368 1.29480576e+00
0.13414 1.29494144e+00
0.13461 1.29507712e+00
0.13507 1.29521408e+00
0.13554 1.29535104e+00
0.13601 1.29548800e+00
0.13648 1.29562624e+00
0.13695 1.29576320e+00
0.13743 1.29590144e+00
0.13790 1.29604096e+00
0.13838 1.29617920e+00
0.13886 1.29631872e+00
0.13934 1.29645824e+00
0.13982 1.29659776e+00
0.14031 1.29673856e+00
0.14079 1.29687808e+00
0.14128 1.29701888e+00
0.14177 1.29715968e+00
0.14226 1.29730176e+00
0.14275 1.29744384e+00
0.14324 1.29758720e+00
0.14374 1.29773056e+00
0.14424 1.29787392e+00
0.14474 1.29801856e+00
0.14524 1.29816320e+00
0.14574 1.29830912e+00
0.14625 1.29845504e+00
0.14675 1.29860096e+00
0.14726 1.29874816e+00
0.14777 1.29889536e+00
0.14828 1.29904256e+00
0.14879 1.29918976e+00
0.14931 1.29933824e+00
0.14983 1.29948544e+00
0.15034 1.29963392e+00
0.15087 1.29978240e+00
0.15139 1.29993216e+00
0.15191 1.30008064e+00
0.15244 1.30023040e+00
0.15297 1.30038144e+00
0.15349 1.30053248e+00
0.15403 1.30068352e+00
0.15456 1.30083584e+00
0.15509 1.30098816e+00
0.15563 1.30114176e+00
0.15617 1.30129536e+00
0.15671 1.30145024e+00
0.15725 1.30160512e+00
0.15780 1.30176128e+00
0.15834 1.30191616e+00
0.15889 1.30207360e+00
0.15944 1.30222848e+00
0.15999 1.30238592e+00
0.16055 1.30254336e+00
0.16110 1.30269952e+00
0.16166 1.30285824e+00
0.16222 1.30301568e+00
0.16278 1.30317312e+00
0.16335 1.30333184e+00
0.16391 1.30349056e+00
0.16448 1.30364928e+00
0.16505 1.30380928e+00
0.16562 1.30397184e+00
0.16619 1.30413184e+00
0.16677 1.30429568e+00
0.16734 1.30445696e+00
0.16792 1.30462208e+00
0.16851 1.30478592e+00
0.16909 1.30495104e+00
0.16967 1.30511744e+00
0.17026 1.30528384e+00
0.17085 1.30544896e+00
0.17144 1.30561664e+00
0.17204 1.30578304e+00
0.17263 1.30594944e+00
0.17323 1.30611584e+00
0.17383 1.30628352e+00
0.17443 1.30644992e+00
0.17503 1.30661632e+00
0.17564 1.30678528e+00
0.17625 1.30695040e+00
0.17686 1.30712064e+00
0.17747 1.30728704e+00
0.17808 1.30745728e+00
0.17870 1.30762752e+00
0.17932 1.30779648e+00
0.17994 1.30797184e+00
0.18056 1.30814208e+00
0.18119 1.30831744e+00
0.18182 1.30849152e+00
0.18244 1.30866816e+00
0.18308 1.30884608e+00
0.18371 1.30902272e+00
0.18435 1.30920320e+00
0.18498 1.30938112e+00
0.18562 1.30955904e+00
0.18627 1.30974208e+00
0.18691 1.30992000e+00
0.18756 1.31009792e+00
0.18821 1.31028096e+00
0.18886 1.31045760e+00
0.18951 1.31063680e+00
0.19017 1.31081728e+00
0.19083 1.31099520e+00
0.19149 1.31117440e+00
0.19215 1.31135488e+00
0.19282 1.31153280e+00
0.19348 1.31171200e+00
0.19415 1.31189376e+00
0.19483 1.31207424e+00
0.19550 1.31225728e+00
0.19618 1.31243904e+00
0.19686 1.31262464e+00
0.19754 1.31281024e+00
0.19822 1.31299456e+00
0.19891 1.31318528e+00
0.19960 1.31337344e+00
0.20029 1.31356800e+00
0.20098 1.31377280e+00
0.20168 1.31397504e+00
0.20237 1.31417600e+00
0.20307 1.31437696e+00
0.20378 1.31457536e+00
0.20448 1.31477632e+00
0.20519 1.31497088e+00
0.20590 1.31516672e+00
0.20661 1.31536512e+00
0.20733 1.31555456e+00
0.20805 1.31574784e+00
0.20877 1.31594240e+00
0.20949 1.31612928e+00
0.21021 1.31632128e+00
0.21094 1.31651200e+00
0.21167 1.31669760e+00
0.21240 1.31688832e+00
0.21314 1.31707392e+00
0.21388 1.31725824e+00
0.21462 1.31744640e+00
0.21536 1.31762816e+00
0.21611 1.31781120e+00
0.21685 1.31799680e+00
0.21760 1.31817472e+00
0.21836 1.31835520e+00
0.21911 1.31853440e+00
0.21987 1.31871104e+00
0.22063 1.31888000e+00
0.22140 1.31904768e+00
0.22216 1.31921408e+00
0.22293 1.31938304e+00
0.22370 1.31955072e+00
0.22448 1.31971968e+00
0.22526 1.31988736e+00
0.22604 1.32005760e+00
0.22682 1.32022656e+00
0.22760 1.32039552e+00
0.22839 1.32056704e+00
0.22918 1.32073856e+00
0.22998 1.32090880e+00
0.23077 1.32108032e+00
0.23157 1.32125440e+00
0.23237 1.32142720e+00
0.23318 1.32160000e+00
0.23398 1.32177536e+00
0.23479 1.32194944e+00
0.23561 1.32212480e+00
0.23642 1.32230144e+00
0.23724 1.32247680e+00
0.23806 1.32265344e+00
0.23889 1.32283264e+00
0.23971 1.32300928e+00
0.24054 1.32315648e+00
0.24137 1.32329216e+00
0.24221 1.32342656e+00
0.24305 1.32356096e+00
0.24389 1.32369536e+00
0.24473 1.32383232e+00
0.24558 1.32396800e+00
0.24643 1.32410496e+00
0.24728 1.32424064e+00
0.24814 1.32437760e+00
0.24900 1.32451712e+00
0.24986 1.32465536e+00
0.25073 1.32479360e+00
0.25159 1.32493184e+00
0.25246 1.32507392e+00
0.25334 1.32521344e+00
0.25422 1.32535424e+00
0.25510 1.32549760e+00
0.25598 1.32563840e+00
0.25687 1.32578048e+00
0.25775 1.32592896e+00
0.25865 1.32607616e+00
0.25954 1.32621568e+00
0.26044 1.32636672e+00
0.26134 1.32653184e+00
0.26225 1.32668800e+00
0.26315 1.32683904e+00
0.26406 1.32700288e+00
0.26498 1.32716544e+00
0.26590 1.32732160e+00
0.26682 1.32748416e+00
0.26774 1.32764928e+00
0.26867 1.32780544e+00
0.26960 1.32796672e+00
0.27053 1.32813568e+00
0.27147 1.32829696e+00
0.27241 1.32845440e+00
0.27335 1.32862080e+00
0.27430 1.32878720e+00
0.27525 1.32894976e+00
0.27620 1.32911360e+00
0.27715 1.32927872e+00
0.27811 1.32944384e+00
0.27908 1.32961024e+00
0.28004 1.32977536e+00
0.28101 1.32996224e+00
0.28198 1.33015936e+00
0.28296 1.33035264e+00
0.28394 1.33053440e+00
0.28492 1.33072512e+00
0.28591 1.33092736e+00
0.28690 1.33111680e+00
0.28789 1.33129728e+00
0.28889 1.33149568e+00
0.28989 1.33169536e+00
0.29089 1.33187712e+00
0.29190 1.33206784e+00
0.29291 1.33227008e+00
0.29392 1.33246208e+00
0.29494 1.33264128e+00
0.29596 1.33283712e+00
0.29699 1.33303936e+00
0.29801 1.33322752e+00
0.29905 1.33341056e+00
0.30008 1.33360640e+00
0.30112 1.33382144e+00
0.30216 1.33402752e+00
0.30321 1.33423488e+00
0.30426 1.33444480e+00
0.30531 1.33464832e+00
0.30637 1.33485312e+00
0.30743 1.33506176e+00
0.30849 1.33526784e+00
0.30956 1.33546880e+00
0.31063 1.33567360e+00
0.31171 1.33588096e+00
0.31279 1.33608320e+00
0.31387 1.33628416e+00
0.31496 1.33649280e+00
0.31605 1.33670272e+00
0.31714 1.33690240e+00
0.31824 1.33710336e+00
0.31934 1.33731328e+00
0.32044 1.33755904e+00
0.32155 1.33784064e+00
0.32267 1.33811456e+00
0.32378 1.33838848e+00
0.32490 1.33867648e+00
0.32603 1.33896704e+00
0.32716 1.33923456e+00
0.32829 1.33948800e+00
0.32943 1.33975552e+00
0.33057 1.34004736e+00
0.33171 1.34031872e+00
0.33286 1.34055040e+00
0.33401 1.34078592e+00
0.33517 1.34105344e+00
0.33633 1.34132352e+00
0.33749 1.34154624e+00
0.33866 1.34175232e+00
0.33983 1.34198016e+00
0.34101 1.34228736e+00
0.34219 1.34257920e+00
0.34337 1.34282880e+00
0.34456 1.34308480e+00
0.34576 1.34337024e+00
0.34695 1.34365440e+00
0.34815 1.34388096e+00
0.34936 1.34408192e+00
0.35057 1.34431616e+00
0.35178 1.34458880e+00
0.35300 1.34483840e+00
0.35422 1.34499712e+00
0.35545 1.34511744e+00
0.35668 1.34530944e+00
0.35791 1.34555136e+00
0.35915 1.34575104e+00
0.36039 1.34584704e+00
0.36164 1.34593024e+00
0.36289 1.34607488e+00
0.36415 1.34626560e+00
0.36541 1.34641920e+00
0.36668 1.34648576e+00
0.36795 1.34651520e+00
0.36922 1.34655872e+00
0.37050 1.34663552e+00
0.37178 1.34670208e+00
0.37307 1.34673664e+00
0.37436 1.34674304e+00
0.37565 1.34672384e+00
0.37695 1.34668160e+00
0.37826 1.34664320e+00
0.37957 1.34664320e+00
0.38088 1.34666496e+00
0.38220 1.34665600e+00
0.38352 1.34658688e+00
0.38485 1.34648320e+00
0.38618 1.34643328e+00
0.38752 1.34644608e+00
0.38886 1.34640128e+00
0.39021 1.34625152e+00
0.39156 1.34606976e+00
0.39291 1.34594176e+00
0.39427 1.34589824e+00
0.39564 1.34582272e+00
0.39701 1.34558848e+00
0.39838 1.34523648e+00
0.39976 1.34494592e+00
0.40115 1.34479488e+00
0.40253 1.34467072e+00
0.40393 1.34439680e+00
0.40533 1.34391680e+00
0.40673 1.34343808e+00
0.40814 1.34315520e+00
0.40955 1.34296320e+00
0.41097 1.34265088e+00
0.41239 1.34209408e+00
0.41382 1.34142336e+00
0.41525 1.34094080e+00
0.41669 1.34067072e+00
0.41813 1.34033536e+00
0.41958 1.33974912e+00
0.42103 1.33897984e+00
0.42249 1.33827712e+00
0.42395 1.33776896e+00
0.42542 1.33728128e+00
0.42689 1.33652224e+00
0.42837 1.33550976e+00
0.42985 1.33458560e+00
0.43134 1.33393280e+00
0.43283 1.33334016e+00
0.43433 1.33248384e+00
0.43583 1.33127680e+00
0.43734 1.32998272e+00
0.43886 1.32887808e+00
0.44037 1.32794368e+00
0.44190 1.32695808e+00
0.44343 1.32574848e+00
0.44496 1.32440832e+00
0.44650 1.32313472e+00
0.44805 1.32187008e+00
0.44960 1.32048384e+00
0.45116 1.31899776e+00
0.45272 1.31751296e+00
0.45429 1.31602560e+00
0.45586 1.31448576e+00
0.45744 1.31273472e+00
0.45902 1.31090176e+00
0.46061 1.30923776e+00
0.46220 1.30768000e+00
0.46380 1.30604288e+00
0.46541 1.30410752e+00
0.46702 1.30188544e+00
0.46864 1.29973504e+00
0.47026 1.29778048e+00
0.47189 1.29589248e+00
0.47352 1.29384704e+00
0.47516 1.29149312e+00
0.47680 1.28905856e+00
0.47845 1.28681216e+00
0.48011 1.28471552e+00
0.48177 1.28257536e+00
0.48344 1.28012544e+00
0.48511 1.27735424e+00
0.48679 1.27458368e+00
0.48848 1.27196416e+00
0.49017 1.26949875e+00
0.49186 1.26717338e+00
0.49357 1.26480768e+00
0.49528 1.26224512e+00
0.49699 1.25952192e+00
0.49871 1.25665229e+00
0.50044 1.25363290e+00
0.50217 1.25042176e+00
0.50391 1.24722778e+00
0.50565 1.24415437e+00
0.50740 1.24123866e+00
0.50916 1.23825050e+00
0.51092 1.23501658e+00
0.51269 1.23157133e+00
0.51446 1.22800960e+00
0.51625 1.22448986e+00
0.51803 1.22106765e+00
0.51983 1.21762752e+00
0.52163 1.21403802e+00
0.52343 1.21027277e+00
0.52524 1.20637645e+00
0.52706 1.20253402e+00
0.52889 1.19899354e+00
0.53072 1.19561933e+00
0.53255 1.19207155e+00
0.53440 1.18817549e+00
0.53625 1.18393395e+00
0.53810 1.17949786e+00
0.53997 1.17520768e+00
0.54183 1.17130611e+00
0.54371 1.16766771e+00
0.54559 1.16397619e+00
0.54748 1.15993165e+00
0.54938 1.15545280e+00
0.55128 1.15098829e+00
0.55319 1.14679757e+00
0.55510 1.14292339e+00
0.55702 1.13915072e+00
0.55895 1.13528064e+00
0.56089 1.13124813e+00
0.56283 1.12694682e+00
0.56478 1.12243085e+00
0.56673 1.11797414e+00
0.56869 1.11376755e+00
0.57066 1.10967744e+00
0.57264 1.10550362e+00
0.57462 1.10121152e+00
0.57661 1.09685734e+00
0.57860 1.09245734e+00
0.58061 1.08793894e+00
0.58262 1.08331930e+00
0.58463 1.07872589e+00
0.58666 1.07421056e+00
0.58869 1.06974426e+00
0.59073 1.06529843e+00
0.59277 1.06088896e+00
0.59482 1.05644211e+00
0.59688 1.05177280e+00
0.59895 1.04687296e+00
0.60102 1.04159834e+00
0.60310 1.03608755e+00
0.60519 1.03074227e+00
0.60728 1.02553638e+00
0.60939 1.02034739e+00
0.61150 1.01499302e+00
0.61361 1.00933158e+00
0.61574 1.00341939e+00
0.61787 9.97484672e-01
0.62001 9.91731968e-01
0.62215 9.86209024e-01
0.62431 9.80824704e-01
0.62647 9.75471360e-01
0.62864 9.70044288e-01
0.63081 9.64333056e-01
0.63300 9.58193408e-01
0.63519 9.51749888e-01
0.63739 9.45451264e-01
0.63959 9.39736064e-01
0.64181 9.34530688e-01
0.64403 9.29382144e-01
0.64626 9.23835008e-01
0.64849 9.17807360e-01
0.65074 9.11652608e-01
0.65299 9.05637376e-01
0.65525 8.99542528e-01
0.65752 8.93713792e-01
0.65980 8.88634240e-01
0.66208 8.84235264e-01
0.66437 8.79700608e-01
0.66667 8.74200832e-01
0.66898 8.67776256e-01
0.67130 8.61381248e-01
0.67362 8.55756032e-01
0.67595 8.50543616e-01
0.67829 8.44941312e-01
0.68064 8.39112576e-01
0.68299 8.33952128e-01
0.68536 8.29517568e-01
0.68773 8.24746624e-01
0.69011 8.18600960e-01
0.69250 8.11567360e-01
0.69490 8.05170816e-01
0.69730 8.00150784e-01
0.69972 7.95773440e-01
0.70214 7.91684736e-01
0.70457 7.87054720e-01
0.70701 7.82534272e-01
0.70946 7.78215040e-01
0.71191 7.73842304e-01
0.71438 7.69055104e-01
0.71685 7.63807104e-01
0.71933 7.58716032e-01
0.72182 7.54697216e-01
0.72432 7.51712256e-01
0.72683 7.48340096e-01
0.72934 7.43681152e-01
0.73187 7.38417280e-01
0.73440 7.33692800e-01
0.73694 7.29670144e-01
0.73949 7.25793536e-01
0.74205 7.21234432e-01
0.74462 7.16379648e-01
0.74720 7.12317824e-01
0.74979 7.09086848e-01
0.75238 7.05290368e-01
0.75499 7.00240128e-01
0.75760 6.94594688e-01
0.76022 6.89591936e-01
0.76285 6.86216832e-01
0.76549 6.83443456e-01
0.76814 6.79046528e-01
0.77080 6.73781888e-01
0.77347 6.69538688e-01
0.77615 6.65956224e-01
0.77884 6.61484800e-01
0.78153 6.56119680e-01
0.78424 6.51134848e-01
0.78695 6.46933632e-01
0.78968 6.43555968e-01
0.79241 6.40337408e-01
0.79515 6.36267776e-01
0.79790 6.31848704e-01
0.80067 6.27860352e-01
0.80344 6.25018752e-01
0.80622 6.22138752e-01
0.80901 6.18540032e-01
0.81181 6.14728192e-01
0.81462 6.11407744e-01
0.81744 6.08856448e-01
0.82027 6.06808960e-01
0.82311 6.03687680e-01
0.82596 5.99412480e-01
0.82882 5.96187008e-01
0.83169 5.94561408e-01
0.83457 5.93144960e-01
0.83745 5.90132224e-01
0.84035 5.85273984e-01
0.84326 5.81257088e-01
0.84618 5.78751616e-01
0.84911 5.76764416e-01
0.85205 5.74892672e-01
0.85500 5.71262464e-01
0.85796 5.66366464e-01
0.86093 5.62493824e-01
0.86391 5.59917312e-01
0.86690 5.58813440e-01
0.86990 5.58430976e-01
0.87291 5.56001664e-01
0.87593 5.50805504e-01
0.87897 5.45072256e-01
0.88201 5.41311360e-01
0.88506 5.40802176e-01
0.88813 5.40852480e-01
0.89120 5.37823488e-01
0.89428 5.32696192e-01
0.89738 5.28252800e-01
0.90049 5.25284480e-01
0.90360 5.25109376e-01
0.90673 5.25960832e-01
0.90987 5.26036992e-01
0.91302 5.23734144e-01
0.91618 5.19673472e-01
0.91935 5.16142976e-01
0.92253 5.15640960e-01
0.92573 5.17657728e-01
0.92893 5.17065856e-01
0.93215 5.13794048e-01
0.93537 5.11311616e-01
0.93861 5.11171200e-01
0.94186 5.12020992e-01
0.94512 5.10695040e-01
0.94839 5.06997376e-01
0.95168 5.03800320e-01
0.95497 5.02704384e-01
0.95828 5.02014464e-01
0.96159 5.03089536e-01
0.96492 5.04555776e-01
0.96826 5.03650944e-01
0.97161 4.98994560e-01
0.97498 4.94098432e-01
0.97835 4.92895488e-01
0.98174 4.94527488e-01
0.98514 4.96533504e-01
0.98855 4.96336000e-01
0.99197 4.92927232e-01
0.99540 4.89110272e-01
0.99885 4.87559424e-01
1.00231 4.87427328e-01
1.00578 4.86591104e-01
1.00926 4.84414592e-01
1.01275 4.81125632e-01
1.01626 4.78542720e-01
1.01978 4.75744256e-01
1.02330 4.72701952e-01
1.02685 4.69142272e-01
1.03040 4.67235584e-01
1.03397 4.67218432e-01
1.03755 4.66449408e-01
1.04114 4.63868800e-01
1.04474 4.60271488e-01
1.04836 4.56567296e-01
1.05199 4.56023040e-01
1.05563 4.56191488e-01
1.05928 4.51443200e-01
1.06295 4.44614400e-01
1.06663 4.42536320e-01
1.07032 4.44468992e-01
1.07403 4.46736640e-01
1.07775 4.44098688e-01
1.08148 4.37806464e-01
1.08522 4.32468736e-01
1.08898 4.31707008e-01
1.09275 4.31923712e-01
1.09653 4.29437824e-01
1.10032 4.26659072e-01
1.10413 4.24088576e-01
1.10796 4.22159360e-01
1.11179 4.20164096e-01
1.11564 4.14941056e-01
1.11950 4.09076864e-01
1.12338 4.05942784e-01
1.12726 4.03754880e-01
1.13117 4.02946816e-01
1.13508 4.04360832e-01
1.13901 4.01426432e-01
1.14295 3.94984064e-01
1.14691 3.87791488e-01
1.15088 3.82169856e-01
1.15487 3.81349120e-01
1.15886 3.83175680e-01
1.16287 3.81842816e-01
1.16690 3.77626368e-01
1.17094 3.72056192e-01
1.17499 3.67621376e-01
1.17906 3.66447104e-01
1.18314 3.66289792e-01
1.18724 3.61181184e-01
1.19135 3.55463936e-01
1.19547 3.54184064e-01
1.19961 3.54265728e-01
1.20376 3.54204544e-01
1.20793 3.48498048e-01
1.21211 3.35668480e-01
1.21630 3.27935232e-01
1.22052 3.26088064e-01
1.22474 3.25927168e-01
1.22898 3.25985152e-01
1.23323 3.22984576e-01
1.23750 3.17607168e-01
1.24179 3.10718720e-01
1.24609 3.06038912e-01
1.25040 3.03576704e-01
1.25473 2.98335744e-01
1.25907 2.90832128e-01
1.26343 2.85485056e-01
1.26780 2.83690496e-01
1.27219 2.83608064e-01
1.27659 2.83000448e-01
1.28101 2.77822336e-01
1.28545 2.70544384e-01
1.28990 2.65634048e-01
1.29436 2.62790016e-01
1.29884 2.59474176e-01
1.30334 2.57720960e-01
1.30785 2.56107648e-01
1.31238 2.53502080e-01
1.31692 2.48879232e-01
1.32148 2.45708672e-01
1.32605 2.42590848e-01
1.33064 2.40446976e-01
1.33525 2.37316736e-01
1.33987 2.32918272e-01
1.34451 2.29490816e-01
1.34916 2.29172736e-01
1.35383 2.27855872e-01
1.35852 2.27015296e-01
1.36322 2.25837952e-01
1.36794 2.21165824e-01
1.37268 2.18456320e-01
1.37743 2.16362496e-01
1.38220 2.11802240e-01
1.38698 2.08227968e-01
1.39178 2.04873984e-01
1.39660 2.04589312e-01
1.40144 2.05534464e-01
1.40629 2.03600768e-01
1.41115 2.00191872e-01
1.41604 1.99601664e-01
1.42094 2.00909824e-01
1.42586 1.96526336e-01
1.43080 1.92487936e-01
1.43575 1.91881728e-01
1.44072 1.94745216e-01
1.44571 1.94205568e-01
1.45071 1.95712512e-01
1.45573 1.89352448e-01
1.46077 1.87803776e-01
1.46583 1.88314880e-01
1.47090 1.90312320e-01
1.47599 1.82887808e-01
1.48110 1.79211392e-01
1.48623 1.80575488e-01
1.49137 1.79425920e-01
1.49654 1.76571264e-01
1.50172 1.83150208e-01
1.50692 1.83117568e-01
1.51213 1.81328384e-01
1.51737 1.80679296e-01
1.52262 1.77680768e-01
1.52789 1.74063232e-01
1.53318 1.74210944e-01
1.53849 1.82051712e-01
1.54381 1.75929984e-01
1.54916 1.69056512e-01
1.55452 1.69725312e-01
1.55990 1.71676416e-01
1.56530 1.72910336e-01
1.57072 1.72699520e-01
1.57615 1.70786944e-01
1.58161 1.69518336e-01
1.58709 1.64939776e-01
1.59258 1.71477120e-01
1.59809 1.78812800e-01
1.60362 1.67146112e-01
1.60918 1.68041728e-01
1.61475 1.67134208e-01
1.62034 1.68097664e-01
1.62594 1.69248896e-01
1.63157 1.65839744e-01
1.63722 1.62644992e-01
1.64289 1.66713984e-01
1.64857 1.68494848e-01
1.65428 1.66665088e-01
1.66001 1.67537408e-01
1.66575 1.64037248e-01
1.67152 1.63568896e-01
1.67731 1.64999808e-01
1.68311 1.72782080e-01
1.68894 1.70502016e-01
1.69478 1.65924352e-01
1.70065 1.54376576e-01
1.70654 1.61000448e-01
1.71245 1.78073600e-01
1.71837 1.67798016e-01
1.72432 1.62648448e-01
1.73029 1.66780544e-01
1.73628 1.60389248e-01
1.74229 1.66971264e-01
1.74832 1.66266368e-01
1.75437 1.64334208e-01
1.76045 1.66989696e-01
1.76654 1.66737920e-01
1.77266 1.60923904e-01
1.77879 1.61862400e-01
1.78495 1.64913920e-01
1.79113 1.63186944e-01
1.79733 1.63992832e-01
1.80355 1.68557312e-01
1.80979 1.72846976e-01
1.81606 1.71435904e-01
1.82234 1.63619072e-01
1.82865 1.55513600e-01
1.83498 1.52771840e-01
1.84133 1.62799360e-01
1.84771 1.84903168e-01
1.85410 1.76004096e-01
1.86052 1.58728448e-01
1.86696 1.48793600e-01
1.87342 1.49059328e-01
1.87991 1.66892672e-01
1.88642 1.71640704e-01
1.89295 1.65448960e-01
1.89950 1.61228288e-01
1.90607 1.59589248e-01
1.91267 1.58340992e-01
1.91929 1.66789504e-01
1.92594 1.68258944e-01
1.93260 1.65297664e-01
1.93929 1.55219968e-01
1.94601 1.56532864e-01
1.95274 1.60613120e-01
1.95950 1.64139776e-01
1.96629 1.67305088e-01
1.97309 1.52886400e-01
1.97992 1.46675712e-01
1.98678 1.54550912e-01
1.99365 1.60313600e-01
2.00055 1.71136896e-01
2.00748 1.59385216e-01
2.01443 1.57633152e-01
2.02140 1.53261824e-01
2.02840 1.48517248e-01
2.03542 1.55062784e-01
2.04247 1.56140800e-01
2.04954 1.58103040e-01
2.05663 1.49922048e-01
2.06375 1.53894144e-01
2.07090 1.55201920e-01
2.07806 1.40285952e-01
2.08526 1.39893376e-01
2.09247 1.55164672e-01
2.09972 1.60935680e-01
2.10699 1.42932352e-01
2.11428 1.38210432e-01
2.12160 1.42795648e-01
2.12894 1.42382208e-01
2.13631 1.51360896e-01
2.14371 1.57066368e-01
2.15113 1.38162560e-01
2.15857 1.32306432e-01
2.16605 1.40146048e-01
2.17354 1.40702336e-01
2.18107 1.39174912e-01
2.18862 1.41241856e-01
2.19619 1.41365632e-01
2.20380 1.35284480e-01
2.21143 1.35118848e-01
2.21908 1.37358592e-01
2.22676 1.31418496e-01
2.23447 1.33570432e-01
2.24220 1.34556928e-01
2.24997 1.35835008e-01
2.25775 1.33472128e-01
2.26557 1.26585843e-01
2.27341 1.17968435e-01
2.28128 1.17982477e-01
2.28918 1.26541658e-01
2.29710 1.34540288e-01
2.30505 1.37876096e-01
2.31303 1.24793178e-01
2.32104 1.16809984e-01
2.32908 1.16708352e-01
2.33714 1.22287373e-01
2.34523 1.32517504e-01
2.35335 1.35342848e-01
2.36149 1.23603520e-01
2.36967 1.14262784e-01
2.37787 1.09957453e-01
2.38610 1.09201779e-01
2.39436 1.15569306e-01
2.40265 1.27422374e-01
2.41097 1.22825395e-01
2.41931 1.09682355e-01
2.42769 1.04220262e-01
2.43609 1.05445555e-01
2.44452 1.10763622e-01
2.45298 1.15377485e-01
2.46148 1.17938598e-01
2.47000 1.12181952e-01
2.47855 1.06145011e-01
2.48713 1.05268454e-01
2.49574 1.06485645e-01
2.50438 1.07738509e-01
2.51304 1.10673318e-01
2.52174 1.11835085e-01
2.53047 1.08157670e-01
2.53923 1.05249037e-01
2.54802 1.05013645e-01
2.55684 1.03916134e-01
2.56569 1.02772019e-01
2.57457 1.02526938e-01
2.58349 1.03222451e-01
2.59243 1.02452621e-01
2.60140 1.02023296e-01
2.61041 1.00897472e-01
2.61944 9.85333888e-02
2.62851 9.80709376e-02
2.63761 9.88953088e-02
2.64674 9.89537280e-02
2.65590 9.91237632e-02
2.66510 9.98147840e-02
2.67432 9.80032128e-02
2.68358 9.51605120e-02
2.69287 9.37195392e-02
2.70219 9.33615232e-02
2.71154 9.41785344e-02
2.72093 9.56281856e-02
2.73035 9.49670400e-02
2.73980 9.26073088e-02
2.74928 9.12213760e-02
2.75880 9.15639808e-02
2.76835 9.35523584e-02
2.77793 9.57891584e-02
2.78755 9.60750848e-02
2.79720 9.42267904e-02
2.80688 9.22532608e-02
2.81660 9.17482496e-02
2.82635 9.26784640e-02
2.83613 9.36570624e-02
2.84595 9.29947904e-02
2.85580 9.07504512e-02
2.86569 8.85270016e-02
2.87561 8.75913600e-02
2.88556 8.79046272e-02
2.89555 8.82857088e-02
2.90557 8.74896128e-02
2.91563 8.57906688e-02
2.92572 8.44300288e-02
2.93585 8.39217280e-02
2.94601 8.40008192e-02
2.95621 8.41998464e-02
2.96644 8.40080896e-02
2.97671 8.33385088e-02
2.98702 8.25852032e-02
2.99736 8.19894144e-02
3.00773 8.16982656e-02
3.01814 8.17430784e-02
3.02859 8.19033216e-02
3.03907 8.19011328e-02
3.04960 8.16435328e-02
3.06015 8.12327936e-02
3.07074 8.09383808e-02
3.08137 8.09337984e-02
3.09204 8.10879360e-02
3.10274 8.11145216e-02
3.11348 8.07968256e-02
3.12426 8.01377024e-02
3.13508 7.93833216e-02
3.14593 7.87901952e-02
3.15682 7.84115200e-02
3.16775 7.81121536e-02
3.17871 7.76994048e-02
3.18972 7.70896384e-02
3.20076 7.63856512e-02
3.21184 7.57528448e-02
3.22295 7.52748544e-02
3.23411 7.49256320e-02
3.24531 7.45922944e-02
3.25654 7.41523072e-02
3.26781 7.35885184e-02
3.27912 7.30092416e-02
3.29047 7.25386240e-02
3.30187 7.21961216e-02
3.31330 7.18819328e-02
3.32476 7.14813568e-02
3.33627 7.09846400e-02
3.34782 7.04906112e-02
3.35941 7.00978560e-02
3.37104 6.98140032e-02
3.38271 6.95685120e-02
3.39442 6.93000832e-02
3.40617 6.90234112e-02
3.41796 6.88075648e-02
3.42979 6.86994560e-02
3.44166 6.86782976e-02
3.45358 6.86773888e-02
3.46553 6.86417792e-02
3.47753 6.85629696e-02
3.48957 6.84616576e-02
3.50164 6.83511424e-02
3.51377 6.82326656e-02
3.52593 6.80477952e-02
3.53814 6.77798912e-02
3.55038 6.74418304e-02
3.56267 6.70622336e-02
3.57500 6.66620928e-02
3.58738 6.62443392e-02
3.59980 6.58011520e-02
3.61226 6.53283712e-02
3.62476 6.48334592e-02
3.63731 6.43317120e-02
3.64990 6.38362112e-02
3.66254 6.33511040e-02
3.67521 6.28739840e-02
3.68794 6.24036992e-02
3.70070 6.19451008e-02
3.71351 6.15061376e-02
3.72637 6.10915200e-02
3.73927 6.07005312e-02
3.75221 6.03304832e-02
3.76520 5.99809792e-02
3.77823 5.96541312e-02
3.79131 5.93512960e-02
3.80443 5.90709248e-02
3.81760 5.88099968e-02
3.83082 5.85670144e-02
3.84408 5.83431040e-02
3.85739 5.81401344e-02
3.87074 5.79583360e-02
3.88414 5.77959168e-02
3.89758 5.76505856e-02
3.91107 5.75209600e-02
3.92461 5.74062336e-02
3.93820 5.73045760e-02
3.95183 5.72118144e-02
3.96551 5.71217536e-02
3.97924 5.70274688e-02
3.99301 5.69226752e-02
4.00683 5.68382208e-02
4.02070 5.67696768e-02
4.03462 5.66763392e-02
4.04859 5.65561728e-02
4.06260 5.64088576e-02
4.07667 5.62358272e-02
4.09078 5.60397184e-02
4.10494 5.58237568e-02
4.11915 5.55912704e-02
4.13341 5.53453568e-02
4.14771 5.50889344e-02
4.16207 5.48246528e-02
4.17648 5.45548928e-02
4.19094 5.42816128e-02
4.20545 5.40064256e-02
4.22000 5.37305856e-02
4.23461 5.34551168e-02
4.24927 5.31808640e-02
4.26398 5.29085056e-02
4.27874 5.26386048e-02
4.29355 5.23716480e-02
4.30841 5.21080960e-02
4.32332 5.18484480e-02
4.33829 5.15932160e-02
4.35331 5.13429248e-02
4.36838 5.10981632e-02
4.38350 5.08595968e-02
4.39867 5.06280064e-02
4.41390 5.04042240e-02
4.42918 5.01891584e-02
4.44451 4.99837696e-02
4.45990 4.97889920e-02
4.47533 4.96057984e-02
4.49083 4.94350592e-02
4.50637 4.95701888e-02
4.52197 5.01463680e-02
4.53762 5.07444352e-02
4.55333 5.13650304e-02
4.56909 5.20083584e-02
4.58491 5.26740736e-02
4.60078 5.33612800e-02
4.61670 5.40684416e-02
4.63269 5.47934976e-02
4.64872 5.55338496e-02
4.66481 5.62865536e-02
4.68096 5.70484352e-02
4.69717 5.78162560e-02
4.71343 5.85868672e-02
4.72974 5.93573376e-02
4.74611 6.01251072e-02
4.76254 6.08879488e-02
4.77903 6.16441216e-02
4.79557 6.23922432e-02
4.81217 6.31313792e-02
4.82883 6.38609024e-02
4.84555 6.45805312e-02
4.86232 6.52902144e-02
4.87915 6.59901696e-02
4.89604 6.66807808e-02
4.91299 6.73625856e-02
4.92999 6.80363008e-02
4.94706 6.87027584e-02
4.96418 6.93628928e-02
4.98137 7.00177792e-02
4.99861 7.06686080e-02
5.01591 7.10805248e-02
5.03328 7.14667776e-02
5.05070 7.18495488e-02
5.06818 7.22306176e-02
5.08573 7.26118912e-02
5.10333 7.29952768e-02
5.12100 7.33827712e-02
5.13873 7.37764352e-02
5.15651 7.41782912e-02
5.17436 7.45904000e-02
5.19228 7.50148224e-02
5.21025 7.54535168e-02
5.22828 7.59084288e-02
5.24638 7.63814016e-02
5.26454 7.68741248e-02
5.28277 7.73881856e-02
5.30105 7.79249664e-02
5.31940 7.84856576e-02
5.33782 7.90712192e-02
5.35629 7.96823424e-02
5.37484 8.03194368e-02
5.39344 8.09826176e-02
5.41211 8.16716672e-02
5.43084 8.23860480e-02
5.44965 8.31248640e-02
5.46851 8.38869120e-02
5.48744 8.46706176e-02
5.50643 8.50455680e-02
5.52550 8.45971200e-02
5.54462 8.41586176e-02
5.56381 8.37263744e-02
5.58308 8.32967936e-02
5.60240 8.28664192e-02
5.62179 8.24320256e-02
5.64125 8.19906944e-02
5.66078 8.15398400e-02
5.68038 8.10772992e-02
5.70004 8.06012928e-02
5.71977 8.01104768e-02
5.73957 7.96039424e-02
5.75944 7.90811520e-02
5.77938 7.85419904e-02
5.79938 7.79866496e-02
5.81946 7.74156672e-02
5.83960 7.68298496e-02
5.85982 7.62302336e-02
5.88010 7.56180608e-02
5.90045 7.49947136e-02
5.92088 7.43617280e-02
5.94137 7.37206912e-02
5.96194 7.30732800e-02
5.98258 7.24211840e-02
6.00329 7.18065920e-02
6.02407 7.14034816e-02
6.04492 7.09971840e-02
6.06585 7.05895040e-02
6.08684 7.01822080e-02
6.10791 6.97769344e-02
6.12906 6.93752448e-02
6.15027 6.89785984e-02
6.17156 6.85882880e-02
6.19293 6.82055296e-02
6.21436 6.78313728e-02
6.23588 6.74667392e-02
6.25746 6.71124352e-02
6.27912 6.67691136e-02
6.30086 6.64372608e-02
6.32267 6.61172736e-02
6.34455 6.58093824e-02
6.36652 6.55137024e-02
6.38856 6.52302080e-02
6.41067 6.49587712e-02
6.43286 6.46991360e-02
6.45513 6.44509184e-02
6.47747 6.42136704e-02
6.49990 6.39868288e-02
6.52240 6.42513536e-02
6.54497 6.45287552e-02
6.56763 6.48158848e-02
6.59037 6.51117696e-02
6.61318 6.54153600e-02
6.63607 6.57255424e-02
6.65904 6.60412160e-02
6.68209 6.63612032e-02
6.70522 6.66844032e-02
6.72843 6.70096896e-02
6.75172 6.73359872e-02
6.77510 6.76622976e-02
6.79855 6.79876736e-02
6.82208 6.83112576e-02
6.84570 6.86322944e-02
6.86939 6.89501056e-02
6.89317 6.92641280e-02
6.91704 6.95739136e-02
6.94098 6.98791168e-02
6.96500 7.01794944e-02
6.98911 7.04749184e-02
7.01331 7.10420352e-02
7.03759 7.18339072e-02
7.06195 7.26253696e-02
7.08639 7.34173440e-02
7.11092 7.42108928e-02
7.13554 7.50072064e-02
7.16024 7.58075648e-02
7.18502 7.66132736e-02
7.20990 7.74257024e-02
7.23485 7.82462080e-02
7.25990 7.90760960e-02
7.28503 7.99166720e-02
7.31025 8.07691520e-02
7.33555 8.16347264e-02
7.36094 8.25144448e-02
7.38642 8.34093312e-02
7.41199 8.43202816e-02
7.43765 8.52481024e-02
7.46340 8.61934976e-02
7.48923 8.71570944e-02
7.51516 9.25558784e-02
7.54117 1.01774413e-01
7.56727 1.11909875e-01
7.59347 1.23046643e-01
7.61975 1.35274752e-01
7.64613 1.48690304e-01
7.67260 1.63394944e-01
7.69916 1.79497088e-01
7.72581 1.97110528e-01
7.75255 2.16355584e-01
7.77939 2.37358080e-01
7.80632 2.60249088e-01
7.83334 2.85164544e-01
7.86046 3.12243840e-01
7.88767 3.41628672e-01
7.91497 3.73461376e-01
7.94237 4.07882112e-01
7.96986 4.45026304e-01
7.99745 4.85020544e-01
8.02513 5.26356608e-01
8.05291 5.70413696e-01
8.08079 6.17426816e-01
8.10876 6.67447040e-01
8.13683 7.20490752e-01
8.16500 7.76530944e-01
8.19326 8.35487744e-01
8.22162 8.79339904e-01
8.25008 9.18865024e-01
8.27864 9.59396480e-01
8.30730 1.00086246e+00
8.33605 1.04317747e+00
8.36491 1.08624141e+00
8.39386 1.12993894e+00
8.42292 1.16490022e+00
8.45208 1.19762624e+00
8.48133 1.23051622e+00
8.51069 1.26350784e+00
8.54016 1.29653504e+00
8.56972 1.32952960e+00
8.59938 1.36241664e+00
8.62915 1.39388672e+00
8.65902 1.42510976e+00
8.68899 1.45605376e+00
8.71907 1.48665344e+00
8.74925 1.51684864e+00
8.77954 1.54657664e+00
8.80993 1.57496320e+00
8.84043 1.60125312e+00
8.87103 1.62716288e+00
8.90174 1.65264768e+00
8.93255 1.67765760e+00
8.96347 1.70214656e+00
8.99450 1.72606720e+00
9.02563 1.74059136e+00
9.05688 1.75304960e+00
9.08823 1.76536320e+00
9.11969 1.77752320e+00
9.15126 1.78951808e+00
9.18294 1.80133888e+00
9.21472 1.81265408e+00
9.24662 1.82342528e+00
9.27863 1.83401728e+00
9.31075 1.84442112e+00
9.34298 1.85462528e+00
9.37532 1.86462080e+00
9.40777 1.87409280e+00
9.44034 1.88238976e+00
9.47302 1.89049472e+00
9.50581 1.89839616e+00
9.53871 1.90608640e+00
9.57173 1.91355648e+00
9.60487 1.92038656e+00
9.63811 1.92467328e+00
9.67148 1.92886144e+00
9.70495 1.93294464e+00
9.73855 1.93692160e+00
9.77226 1.94078464e+00
9.80609 1.94421376e+00
9.84003 1.94612736e+00
9.87409 1.94800896e+00
9.90827 1.94985600e+00
9.94257 1.95166848e+00
9.97699 1.95344256e+00
10.01153 1.95515008e+00
10.04618 1.95677312e+00
10.08096 1.95836672e+00
10.11585 1.95993088e+00
10.15087 1.96146176e+00
10.18601 1.96295936e+00
10.22127 1.96420224e+00
10.25665 1.96526848e+00
10.29215 1.96630144e+00
10.32778 1.96729984e+00
10.36353 1.96825984e+00
10.39941 1.96918144e+00
10.43540 1.96961408e+00
10.47153 1.96999808e+00
10.50777 1.97034112e+00
10.54415 1.97064192e+00
10.58065 1.97089664e+00
10.61727 1.97061248e+00
10.65403 1.96972800e+00
10.69091 1.96879616e+00
10.72791 1.96781568e+00
10.76505 1.96678656e+00
10.80231 1.96560640e+00
10.83971 1.96283776e+00
10.87723 1.95999616e+00
10.91488 1.95708416e+00
10.95266 1.95410176e+00
10.99058 1.95105280e+00
11.02862 1.94656128e+00
11.06680 1.94148096e+00
11.10511 1.93626240e+00
11.14355 1.93091072e+00
11.18212 1.92543104e+00
11.22083 1.91860096e+00
11.25967 1.91045760e+00
11.29865 1.90201472e+00
11.33776 1.89327744e+00
11.37701 1.88424960e+00
11.41639 1.87367552e+00
11.45591 1.86084352e+00
11.49556 1.84743936e+00
11.53536 1.83346176e+00
11.57529 1.81891072e+00
11.61536 1.80163328e+00
11.65556 1.77988608e+00
11.69591 1.75695616e+00
11.73640 1.73287680e+00
11.77702 1.70768896e+00
11.81779 1.67935744e+00
11.85870 1.64706304e+00
11.89975 1.61355520e+00
11.94094 1.57901184e+00
11.98227 1.54362752e+00
12.02375 1.50989312e+00
12.06537 1.47769344e+00
12.10714 1.44556288e+00
12.14905 1.41364096e+00
12.19110 1.38203008e+00
12.23330 1.35080064e+00
12.27565 1.31998464e+00
12.31814 1.28958720e+00
12.36078 1.25958272e+00
12.40357 1.22992461e+00
12.44651 1.20054771e+00
12.48959 1.17137549e+00
12.53283 1.15458829e+00
12.57621 1.14148966e+00
12.61974 1.12808640e+00
12.66343 1.11432602e+00
12.70726 1.10016781e+00
12.75125 1.08558387e+00
12.79539 1.07055898e+00
12.83968 1.05509018e+00
12.88413 1.03918630e+00
12.92873 1.02286694e+00
12.97348 1.00616064e+00
13.01839 9.94979200e-01
13.06345 9.92009472e-01
13.10867 9.88812288e-01
13.15405 9.85417600e-01
13.19959 9.81855104e-01
13.24528 9.78153728e-01
13.29113 9.74340992e-01
13.33713 9.70443392e-01
13.38330 9.66485504e-01
13.42963 9.62490624e-01
13.47612 9.58480256e-01
13.52277 9.56793344e-01
13.56958 9.57557632e-01
13.61655 9.58342912e-01
13.66368 9.59157120e-01
13.71098 9.60007552e-01
13.75844 9.60901248e-01
13.80607 9.61844480e-01
13.85386 9.62842752e-01
13.90182 9.63901440e-01
13.94994 9.65025152e-01
13.99823 9.66218112e-01
14.04668 9.65098752e-01
14.09531 9.63948672e-01
14.14410 9.62861440e-01
14.19306 9.61840000e-01
14.24219 9.60886656e-01
14.29149 9.60003840e-01
14.34096 9.59193216e-01
14.39060 9.58456576e-01
14.44042 9.57794944e-01
14.49041 9.57209600e-01
14.54057 9.57084032e-01
14.59090 9.57166592e-01
14.64141 9.57370496e-01
14.69209 9.57695488e-01
14.74295 9.58140928e-01
14.79398 9.58706048e-01
14.84519 9.59389568e-01
14.89658 9.60190592e-01
14.94814 9.61107840e-01
14.99989 9.62139904e-01
15.05181 9.66045696e-01
15.10392 9.70158080e-01
15.15620 9.74467200e-01
15.20866 9.78969216e-01
15.26131 9.83660544e-01
15.31414 9.88537088e-01
15.36715 9.93595392e-01
15.42034 9.98831744e-01
15.47372 1.00424256e+00
15.52729 1.01512819e+00
15.58103 1.03140122e+00
15.63497 1.04797722e+00
15.68909 1.06485542e+00
15.74340 1.08203494e+00
15.79790 1.09951475e+00
15.85258 1.11729395e+00
15.90746 1.13537101e+00
15.96252 1.15374477e+00
16.01778 1.17253504e+00
16.07323 1.19184294e+00
16.12886 1.21139571e+00
16.18470 1.23119258e+00
16.24072 1.25123238e+00
16.29694 1.27151411e+00
16.35335 1.29203712e+00
16.40996 1.31279872e+00
16.46677 1.33379968e+00
16.52377 1.35343488e+00
16.58097 1.37099776e+00
16.63836 1.38870400e+00
16.69596 1.40655232e+00
16.75375 1.42454400e+00
16.81175 1.44267776e+00
16.86994 1.46095104e+00
16.92834 1.47936512e+00
16.98694 1.49791744e+00
17.04574 1.51452928e+00
17.10474 1.53064064e+00
17.16395 1.54683520e+00
17.22337 1.56311424e+00
17.28299 1.57947392e+00
17.34281 1.59591296e+00
17.40285 1.61242880e+00
17.46309 1.62902016e+00
17.52354 1.64436096e+00
17.58420 1.65766912e+00
17.64507 1.67101184e+00
17.70615 1.68438528e+00
17.76744 1.69778816e+00
17.82894 1.71121792e+00
17.89066 1.72467328e+00
17.95259 1.73814912e+00
18.01473 1.75061248e+00
18.07709 1.75975936e+00
18.13967 1.76890240e+00
18.20246 1.77804160e+00
18.26547 1.78717568e+00
18.32870 1.79630208e+00
18.39214 1.80541952e+00
18.45581 1.81452544e+00
18.51969 1.82258688e+00
18.58380 1.82831488e+00
18.64813 1.83402624e+00
18.71268 1.83972352e+00
18.77746 1.84540288e+00
18.84246 1.85106432e+00
18.90768 1.85670784e+00
18.97313 1.86232960e+00
19.03881 1.86716800e+00
19.10472 1.87145600e+00
19.17085 1.87572608e+00
19.23721 1.87997440e+00
19.30380 1.88420224e+00
19.37062 1.88840832e+00
19.43768 1.89259136e+00
19.50496 1.89681408e+00
19.57248 1.90180096e+00
19.64023 1.90676864e+00
19.70822 1.91171328e+00
19.77644 1.91663488e+00
19.84490 1.92153472e+00
19.91359 1.92640896e+00
19.98252 1.93125760e+00
20.05169 1.93815808e+00
20.12110 1.94571136e+00
20.19076 1.95320832e+00
20.26065 1.96064512e+00
20.33078 1.96802048e+00
20.40116 1.97533312e+00
20.47178 1.98257792e+00
20.54264 1.98975488e+00
20.61375 1.99686144e+00
20.68511 2.00389504e+00
20.75671 2.01085312e+00
20.82856 2.01773312e+00
20.90066 2.02453248e+00
20.97301 2.03124992e+00
21.04561 2.03009280e+00
21.11846 2.02427648e+00
21.19157 2.01843328e+00
21.26492 2.01256448e+00
21.33853 2.00667520e+00
21.41240 2.00077056e+00
21.48652 1.99485312e+00
21.56090 1.98892928e+00
21.63553 1.98300288e+00
21.71043 1.97707904e+00
21.78558 1.97116288e+00
21.86099 1.96525952e+00
21.93666 1.95937664e+00
22.01260 1.95217280e+00
22.08880 1.93810176e+00
22.16526 1.92386688e+00
22.24199 1.90947200e+00
22.31898 1.89492480e+00
22.39624 1.88023040e+00
22.47377 1.86539392e+00
22.55156 1.85042176e+00
22.62962 1.83532032e+00
22.70796 1.82009472e+00
22.78656 1.80475136e+00
22.86544 1.78929664e+00
22.94459 1.77373696e+00
23.02402 1.75873408e+00
23.10372 1.74516352e+00
23.18369 1.73151488e+00
23.26394 1.71779456e+00
23.34447 1.70400768e+00
23.42528 1.69016064e+00
23.50637 1.67625856e+00
23.58774 1.66230784e+00
23.66939 1.64831232e+00
23.75133 1.63427840e+00
23.83354 1.62021120e+00
23.91604 1.60611584e+00
23.99883 1.59199872e+00
24.08191 1.58108800e+00
24.16527 1.57021440e+00
24.24892 1.55933440e+00
24.33286 1.54845184e+00
24.41709 1.53756800e+00
24.50161 1.52668544e+00
24.58642 1.51580800e+00
24.67153 1.50493696e+00
24.75693 1.49407360e+00
24.84263 1.48322304e+00
24.92863 1.47238528e+00
25.01492 1.46191744e+00
25.10151 1.45316096e+00
25.18840 1.44441728e+00
25.27559 1.43569024e+00
25.36309 1.42697856e+00
25.45088 1.41828480e+00
25.53898 1.40960896e+00
25.62739 1.40095232e+00
25.71610 1.39231744e+00
25.80512 1.38370304e+00
25.89444 1.37511168e+00
25.98408 1.36654336e+00
26.07403 1.35933440e+00
26.16428 1.35242240e+00
26.25485 1.34551936e+00
26.34574 1.33862528e+00
26.43694 1.33173888e+00
26.52845 1.32486400e+00
26.62028 1.31799936e+00
26.71243 1.31114624e+00
26.80489 1.30430464e+00
26.89768 1.29747584e+00
26.99079 1.29065984e+00
27.08422 1.28402688e+00
27.17798 1.27742221e+00
27.27205 1.27082842e+00
27.36646 1.26424525e+00
27.46119 1.25767347e+00
27.55625 1.25111334e+00
27.65164 1.24456550e+00
27.74736 1.23803021e+00
27.84341 1.23150797e+00
27.93979 1.22499930e+00
28.03650 1.21848499e+00
28.13355 1.21195059e+00
28.23094 1.20542746e+00
28.32867 1.19891597e+00
28.42673 1.19241677e+00
28.52513 1.18593024e+00
28.62387 1.17945664e+00
28.72295 1.17299648e+00
28.82238 1.16655027e+00
28.92215 1.16011827e+00
29.02227 1.15355878e+00
29.12273 1.14651853e+00
29.22354 1.13949619e+00
29.32470 1.13249242e+00
29.42621 1.12550733e+00
29.52807 1.11854170e+00
29.63029 1.11159565e+00
29.73286 1.10466982e+00
29.83578 1.09776461e+00
29.93906 1.09088026e+00
30.04269 1.08365709e+00
30.14669 1.07594650e+00
30.25104 1.06826624e+00
30.35576 1.06061683e+00
30.46084 1.05299866e+00
30.56628 1.04541210e+00
30.67209 1.03785754e+00
30.77826 1.03033536e+00
30.88481 1.02284595e+00
30.99172 1.01538957e+00
31.09900 1.00796659e+00
31.20665 1.00057728e+00
31.31467 9.93222016e-01
31.42307 9.85901056e-01
31.53184 9.78614784e-01
31.64099 9.71363200e-01
31.75052 9.64146816e-01
31.86043 9.56965760e-01
31.97072 9.49820416e-01
32.08139 9.41904768e-01
32.19244 9.33748480e-01
32.30388 9.25644288e-01
32.41570 9.17592192e-01
32.52791 9.09592576e-01
32.64051 9.01645312e-01
32.75349 8.93750656e-01
32.86687 8.85908736e-01
32.98064 8.78119552e-01
33.09481 8.70383232e-01
33.20937 8.62699776e-01
33.32433 8.55069184e-01
33.43968 8.47491584e-01
33.55544 8.39966976e-01
33.67159 8.32495360e-01
33.78815 8.25076608e-01
33.90511 8.17710976e-01
34.02247 8.10247040e-01
34.14024 8.02206592e-01
34.25842 7.94234624e-01
34.37701 7.86330880e-01
34.49601 7.78495232e-01
34.61542 7.70727424e-01
34.73525 7.63027200e-01
34.85549 7.55394432e-01
34.97614 7.47828608e-01
35.09721 7.40329472e-01
35.21871 7.32896896e-01
35.34062 7.25530624e-01
35.46295 7.18230144e-01
35.58571 7.10995200e-01
35.70889 7.03825536e-01
35.83250 6.96720768e-01
35.95654 6.89680640e-01
36.08101 6.82460928e-01
36.20590 6.75181568e-01
36.33123 6.67974528e-01
36.45700 6.60839552e-01
36.58320 6.53776000e-01
36.70983 6.46783360e-01
36.83691 6.39861248e-01
36.96442 6.33008896e-01
37.09238 6.26226048e-01
37.22077 6.19512064e-01
37.34962 6.12866432e-01
37.47890 6.06288640e-01
37.60864 5.99778048e-01
37.73883 5.93334272e-01
37.86946 5.86956672e-01
38.00055 5.80645504e-01
38.13209 5.74563072e-01
38.26409 5.68543872e-01
38.39654 5.62587520e-01
38.52946 5.56693504e-01
38.66283 5.50861056e-01
38.79667 5.45089664e-01
38.93096 5.39378944e-01
39.06573 5.33728000e-01
39.20096 5.28136576e-01
39.33665 5.22603904e-01
39.47282 5.17129472e-01
39.60946 5.11712768e-01
39.74657 5.06353152e-01
39.88416 5.01050240e-01
40.02222 4.95895040e-01
40.16076 4.91268736e-01
40.29978 4.86688000e-01
40.43928 4.82152064e-01
40.57926 4.77660800e-01
40.71973 4.73213696e-01
40.86069 4.68810240e-01
41.00213 4.64449920e-01
41.14406 4.60132480e-01
41.28648 4.55857408e-01
41.42940 4.51624320e-01
41.57281 4.47432832e-01
41.71672 4.43282432e-01
41.86113 4.39172736e-01
42.00603 4.35103360e-01
42.15144 4.31073792e-01
42.29735 4.27083904e-01
42.44377 4.23133056e-01
42.59069 4.19220864e-01
42.73812 4.15347072e-01
42.88606 4.11511168e-01
43.03451 4.07712896e-01
43.18348 4.03951744e-01
43.33297 4.00227456e-01
43.48297 3.96539520e-01
43.63349 3.92887680e-01
43.78453 3.89271552e-01
43.93609 3.85690752e-01
44.08818 3.82144896e-01
44.24079 3.78633728e-01
44.39394 3.75156736e-01
44.54761 3.71713792e-01
44.70182 3.68304384e-01
44.85655 3.64928128e-01
45.01183 3.61594624e-01
45.16764 3.58411392e-01
45.32399 3.55258112e-01
45.48089 3.52134272e-01
45.63832 3.49039872e-01
45.79630 3.45974528e-01
45.95483 3.42937856e-01
46.11391 3.39929728e-01
46.27353 3.36949760e-01
46.43371 3.33997568e-01
46.59445 3.31073152e-01
46.75574 3.28176000e-01
46.91759 3.25305984e-01
47.08000 3.22462720e-01
47.24297 3.19646080e-01
47.40650 3.16855680e-01
47.57060 3.14091392e-01
47.73527 3.11352704e-01
47.90051 3.08639616e-01
48.06633 3.05951872e-01
48.23271 3.03289088e-01
48.39967 3.00651008e-01
48.56721 2.98037504e-01
48.73533 2.95448320e-01
48.90403 2.92883072e-01
49.07332 2.90341760e-01
49.24319 2.87824000e-01
49.41365 2.85329408e-01
49.58470 2.82858112e-01
49.75634 2.80409600e-01
49.92858 2.77983744e-01
50.10141 2.75592448e-01
50.27484 2.73231616e-01
50.44887 2.70892416e-01
50.62350 2.68574720e-01
50.79874 2.66278144e-01
50.97458 2.64002688e-01
51.15104 2.61748096e-01
51.32810 2.59514112e-01
51.50578 2.57300480e-01
51.68407 2.55107072e-01
51.86298 2.52933632e-01
52.04250 2.50780160e-01
52.22265 2.48646144e-01
52.40343 2.46531712e-01
52.58482 2.44436480e-01
52.76685 2.42360192e-01
52.94951 2.40302848e-01
53.13280 2.38264320e-01
53.31672 2.36244096e-01
53.50128 2.34242304e-01
53.68648 2.32258688e-01
53.87232 2.30292992e-01
54.05880 2.28345088e-01
54.24593 2.26414848e-01
54.43371 2.24502016e-01
54.62214 2.22606336e-01
54.81122 2.20727936e-01
55.00095 2.18868736e-01
55.19134 2.17468928e-01
55.38239 2.16079360e-01
55.57410 2.14699904e-01
55.76647 2.13330560e-01
55.95951 2.11971200e-01
56.15322 2.10621696e-01
56.34760 2.09282048e-01
56.54265 2.07952128e-01
56.73838 2.06631936e-01
56.93479 2.05321216e-01
57.13187 2.04019968e-01
57.32964 2.02728192e-01
57.52809 2.01445632e-01
57.72723 2.00172416e-01
57.92705 1.98908288e-01
58.12757 1.97653248e-01
58.32879 1.96407296e-01
58.53070 1.95170176e-01
58.73331 1.93942016e-01
58.93662 1.92722560e-01
59.14063 1.91511936e-01
59.34535 1.90309760e-01
59.55078 1.89116288e-01
59.75692 1.87931264e-01
59.96377 1.86754688e-01
60.17134 1.85156352e-01
60.37963 1.83482368e-01
60.58864 1.81824384e-01
60.79837 1.80182016e-01
61.00883 1.78555392e-01
61.22002 1.76944128e-01
61.43194 1.75348096e-01
61.64459 1.73767296e-01
61.85797 1.72201472e-01
62.07210 1.70650496e-01
62.28697 1.69114112e-01
62.50258 1.67592320e-01
62.71894 1.66084992e-01
62.93605 1.64591872e-01
63.15390 1.63112832e-01
63.37252 1.61647744e-01
63.59189 1.60196480e-01
63.81201 1.58759040e-01
64.03290 1.57335040e-01
64.25456 1.55924352e-01
64.47698 1.54527104e-01
64.70017 1.53142912e-01
64.92414 1.51771776e-01
65.14888 1.50544256e-01
65.37440 1.49393408e-01
65.60070 1.48252160e-01
65.82778 1.47120000e-01
66.05565 1.45997312e-01
66.28430 1.44883584e-01
66.51375 1.43779072e-01
66.74400 1.42683392e-01
66.97504 1.41596800e-01
67.20688 1.40518912e-01
67.43952 1.39449856e-01
67.67297 1.38389504e-01
67.90722 1.37337600e-01
68.14229 1.36294400e-01
68.37817 1.35259520e-01
68.61486 1.34233088e-01
68.85238 1.33214976e-01
69.09072 1.32205056e-01
69.32988 1.31203328e-01
69.56987 1.30209664e-01
69.81069 1.29223936e-01
70.05235 1.28270976e-01
70.29484 1.27414605e-01
70.53817 1.26564493e-01
70.78235 1.25720589e-01
71.02737 1.24882867e-01
71.27323 1.24051264e-01
71.51995 1.23225728e-01
71.76752 1.22406208e-01
72.01595 1.21592666e-01
72.26524 1.20785037e-01
72.51539 1.19983283e-01
72.76641 1.19187341e-01
73.01830 1.18397184e-01
73.27106 1.17612749e-01
73.52469 1.16833984e-01
73.77920 1.16060864e-01
74.03460 1.15293325e-01
74.29087 1.14531328e-01
74.54804 1.13774822e-01
74.80609 1.13023770e-01
75.06504 1.12234957e-01
75.32488 1.11324083e-01
75.58563 1.10420915e-01
75.84727 1.09525402e-01
76.10982 1.08637453e-01
76.37328 1.07757018e-01
76.63766 1.06884006e-01
76.90295 1.06018381e-01
77.16915 1.05160064e-01
77.43628 1.04308992e-01
77.70433 1.03465088e-01
77.97331 1.02628301e-01
78.24322 1.01798566e-01
78.51407 1.00975821e-01
78.78585 1.00159987e-01
79.05857 9.93510272e-02
79.33224 9.85488640e-02
79.60686 9.77534464e-02
79.88242 9.69647104e-02
80.15894 9.62315904e-02
80.43642 9.55403904e-02
80.71486 9.48544768e-02
80.99426 9.41738112e-02
81.27463 9.34983552e-02
81.55596 9.28280576e-02
81.83828 9.21628800e-02
82.12157 9.15027840e-02
82.40584 9.08477056e-02
82.69109 9.01976192e-02
82.97733 8.95524864e-02
83.26457 8.89122688e-02
83.55279 8.82769024e-02
83.84202 8.76463616e-02
84.13225 8.70206208e-02
84.42348 8.63996160e-02
84.71572 8.57833216e-02
85.00897 8.51716864e-02
85.30323 8.45646848e-02
85.59852 8.39622656e-02
85.89482 8.33644160e-02
86.19215 8.27710720e-02
86.49052 8.21821952e-02
86.78991 8.15977728e-02
87.09034 8.10177408e-02
87.39181 8.04420864e-02
87.69432 7.98707584e-02
87.99789 7.93037312e-02
88.30250 7.87409664e-02
88.60816 7.81824256e-02
88.91489 7.76280704e-02
89.22267 7.70778752e-02
89.53153 7.65318016e-02
89.84145 7.59898240e-02
90.15244 7.54518912e-02
90.46451 7.49179904e-02
90.77766 7.43880832e-02
91.09190 7.38621184e-02
91.40722 7.33400832e-02
91.72363 7.28219520e-02
92.04114 7.23076736e-02
92.35975 7.17972352e-02
92.67946 7.12905856e-02
93.00028 7.07877120e-02
93.32221 7.02885632e-02
93.64525 6.97931392e-02
93.96941 6.93013888e-02
94.29469 6.88132864e-02
94.62110 6.83287936e-02
94.94864 6.78478976e-02
95.27731 6.73705728e-02
95.60712 6.68967680e-02
95.93807 6.64264704e-02
96.27017 6.59596544e-02
96.60342 6.54962816e-02
96.93782 6.50363264e-02
97.27338 6.45797760e-02
97.61010 6.41265792e-02
97.94798 6.36767360e-02
98.28704 6.32301952e-02
98.62727 6.27869440e-02
98.96867 6.23469568e-02
99.31126 6.19101952e-02
99.65504 6.14766464e-02
100.00000 6.10462848e-02
