        2000  4.000000 3.710000
0.10000 1.73845752e+00
0.10035 1.73813995e+00
0.10069 1.73781406e+00
0.10104 1.73747927e+00
0.10139 1.73713597e+00
0.10174 1.73678416e+00
0.10210 1.73642365e+00
0.10245 1.73605443e+00
0.10280 1.73567651e+00
0.10316 1.73524872e+00
0.10352 1.73462663e+00
0.10387 1.73172194e+00
0.10423 1.72012082e+00
0.10459 1.69453785e+00
0.10496 1.64465942e+00
0.10532 1.64397639e+00
0.10568 1.55894912e+00
0.10605 1.49928263e+00
0.10642 1.42640972e+00
0.10679 1.33882186e+00
0.10716 1.33818750e+00
0.10753 1.23448360e+00
0.10790 1.11359538e+00
0.10827 1.11302691e+00
0.10865 9.75717930e-01
0.10902 9.75196551e-01
0.10940 8.30346279e-01
0.10978 8.29881293e-01
0.11016 7.23998091e-01
0.11054 7.23573865e-01
0.11092 7.23141130e-01
0.11131 7.22699887e-01
0.11169 7.22250137e-01
0.11208 7.21791877e-01
0.11247 7.21324912e-01
0.11286 7.20698466e-01
0.11325 7.20049859e-01
0.11364 7.19386610e-01
0.11403 7.18708719e-01
0.11443 7.18016383e-01
0.11482 7.17309208e-01
0.11522 7.16587390e-01
0.11562 7.15851129e-01
0.11602 7.15100027e-01
0.11642 7.14334085e-01
0.11682 7.13553699e-01
0.11723 7.12758473e-01
0.11763 7.11948604e-01
0.11804 7.11124094e-01
0.11845 7.10284941e-01
0.11886 7.09430949e-01
0.11927 7.08562314e-01
0.11968 7.07678839e-01
0.12010 7.06780921e-01
0.12051 7.05868162e-01
0.12093 7.04940761e-01
0.12135 7.03998717e-01
0.12177 7.03042230e-01
0.12219 7.02070902e-01
0.12262 7.01084933e-01
0.12304 7.00084519e-01
0.12347 6.99069661e-01
0.12389 6.99893973e-01
0.12432 7.04730626e-01
0.12475 7.09251682e-01
0.12518 7.12250747e-01
0.12562 7.13512740e-01
0.12605 7.14746439e-01
0.12649 7.15216768e-01
0.12693 7.14992585e-01
0.12737 7.14767017e-01
0.12781 7.14695785e-01
0.12825 7.14737535e-01
0.12869 7.14779483e-01
0.12914 7.14767809e-01
0.12959 7.14721706e-01
0.13003 7.14675405e-01
0.13048 7.14521465e-01
0.13094 7.14298271e-01
0.13139 7.14073494e-01
0.13184 7.13900163e-01
0.13230 7.13764229e-01
0.13276 7.13627701e-01
0.13322 7.13460108e-01
0.13368 7.13263626e-01
0.13414 7.13065957e-01
0.13461 7.12863144e-01
0.13507 7.12543589e-01
0.13554 7.12221660e-01
0.13601 7.11897159e-01
0.13648 7.11404075e-01
0.13695 7.10887643e-01
0.13743 7.10365473e-01
0.13790 7.09767916e-01
0.13838 7.09137908e-01
0.13886 7.08500382e-01
0.13934 7.07642432e-01
0.13982 7.06582460e-01
0.14031 7.05503691e-01
0.14079 7.04310159e-01
0.14128 7.02861182e-01
0.14177 7.01381733e-01
0.14226 6.99871417e-01
0.14275 6.98314008e-01
0.14324 6.96725732e-01
0.14374 6.95106787e-01
0.14424 6.92999111e-01
0.14474 6.90650236e-01
0.14524 6.88243980e-01
0.14574 6.85109574e-01
0.14625 6.80643130e-01
0.14675 6.76010675e-01
0.14726 6.71214981e-01
0.14777 6.67987380e-01
0.14828 6.64746917e-01
0.14879 6.61440763e-01
0.14931 6.56445223e-01
0.14983 6.49879612e-01
0.15034 6.43101689e-01
0.15087 6.36148852e-01
0.15139 6.29420396e-01
0.15191 6.22525534e-01
0.15244 6.15471390e-01
0.15297 6.08023293e-01
0.15349 6.00223587e-01
0.15403 5.92272315e-01
0.15456 5.84178777e-01
0.15509 5.75016956e-01
0.15563 5.64931890e-01
0.15617 5.54689322e-01
0.15671 5.44306665e-01
0.15725 5.33329418e-01
0.15780 5.22211290e-01
0.15834 5.10999175e-01
0.15889 4.99751642e-01
0.15944 4.88547046e-01
0.15999 4.77257566e-01
0.16055 4.65909715e-01
0.16110 4.55826231e-01
0.16166 4.45814772e-01
0.16222 4.35869993e-01
0.16278 4.24338719e-01
0.16335 2.64047724e-01
0.16391 1.97781030e-01
0.16448 1.89276721e-01
0.16505 1.81240129e-01
0.16562 4.00535359e-01
0.16619 3.91884629e-01
0.16677 3.83176517e-01
0.16734 3.70975860e-01
0.16792 3.44568971e-01
0.16851 3.18290299e-01
0.16909 2.94099318e-01
0.16967 2.63094601e-01
0.17026 1.28627184e-01
0.17085 2.81421209e-01
0.17144 2.71151929e-01
0.17204 2.26804469e-01
0.17263 1.12195089e-01
0.17323 1.08950333e-01
0.17383 1.06456066e-01
0.17443 1.17494236e-01
0.17503 2.06887408e-01
0.17564 1.88536343e-01
0.17625 1.71684118e-01
0.17686 1.58522503e-01
0.17747 1.52184576e-01
0.17808 1.45170262e-01
0.17870 1.38399087e-01
0.17932 1.30367322e-01
0.17994 6.00566687e-02
0.18056 5.33264517e-02
0.18119 4.82100748e-02
0.18182 4.36349820e-02
0.18244 4.06633610e-02
0.18308 3.92213879e-02
0.18371 3.80208319e-02
0.18435 3.66603798e-02
0.18498 3.51158326e-02
0.18562 3.21334082e-02
0.18627 2.94809659e-02
0.18691 2.70108776e-02
0.18756 4.01683975e-02
0.18821 3.78435236e-02
0.18886 3.45680586e-02
0.18951 3.13020714e-02
0.19017 2.82196649e-02
0.19083 2.60178837e-02
0.19149 2.41954130e-02
0.19215 2.81156266e-02
0.19282 3.32606743e-02
0.19348 3.27567475e-02
0.19415 3.24962758e-02
0.19483 3.22386930e-02
0.19550 3.19852060e-02
0.19618 3.17374176e-02
0.19686 3.12062050e-02
0.19754 3.04800145e-02
0.19822 2.97771327e-02
0.19891 2.89905534e-02
0.19960 2.83413133e-02
0.20029 2.54634218e-02
0.20098 2.29695103e-02
0.20168 1.45969505e-02
0.20237 1.30603298e-02
0.20307 1.26003195e-02
0.20378 1.61691337e-02
0.20448 1.63050266e-02
0.20519 1.60431362e-02
0.20590 1.26478075e-02
0.20661 1.07302144e-02
0.20733 8.20492519e-03
0.20805 8.21598792e-03
0.20877 2.97127865e-02
0.20949 2.36753601e-02
0.21021 2.33093265e-02
0.21094 2.43085730e-02
0.21167 2.22464857e-02
0.21240 2.64310491e-02
0.21314 5.17846153e-03
0.21388 1.00041624e-03
0.21462 2.20122907e-04
0.21536 2.04962561e-04
0.21611 2.01658979e-04
0.21685 2.03378638e-04
0.21760 2.04355704e-04
0.21836 2.00713177e-04
0.21911 2.04635883e-04
0.21987 5.18159970e-04
0.22063 1.77593129e-03
0.22140 1.67667801e-02
0.22216 1.01542383e-01
0.22293 1.65690440e-01
0.22370 7.03436380e-02
0.22448 1.86438363e-01
0.22526 5.69630234e-01
0.22604 1.43491700e-01
0.22682 3.01167313e-02
0.22760 5.88949144e-03
0.22839 1.23327583e-03
0.22918 5.43367391e-04
0.22998 5.00235426e-04
0.23077 4.95139766e-04
0.23157 4.93269332e-04
0.23237 4.91691741e-04
0.23318 4.92087277e-04
0.23398 4.93726602e-04
0.23479 4.96280863e-04
0.23561 4.96331715e-04
0.23642 4.95952206e-04
0.23724 4.91608242e-04
0.23806 5.37208000e-04
0.23889 5.27996317e-04
0.23971 4.93546741e-04
0.24054 4.91717464e-04
0.24137 4.91458061e-04
0.24221 4.93873617e-04
0.24305 4.97556905e-04
0.24389 5.03008330e-04
0.24473 5.08600042e-04
0.24558 5.20831565e-04
0.24643 5.13294824e-04
0.24728 5.13020977e-04
0.24814 5.11308441e-04
0.24900 5.09557518e-04
0.24986 5.09981942e-04
0.25073 5.09953647e-04
0.25159 5.12509293e-04
0.25246 5.16061594e-04
0.25334 5.18475765e-04
0.25422 5.72154023e-04
0.25510 5.20358862e-04
0.25598 5.18962517e-04
0.25687 5.14967985e-04
0.25775 5.12918877e-04
0.25865 5.08765458e-04
0.25954 5.05679727e-04
0.26044 5.06408668e-04
0.26134 5.37393005e-04
0.26225 5.08446695e-04
0.26315 5.06689045e-04
0.26406 5.05297845e-04
0.26498 5.01339918e-04
0.26590 4.99580290e-04
0.26682 5.64931692e-04
0.26774 3.37906998e-03
0.26867 2.48790028e-02
0.26960 3.89851153e-02
0.27053 4.22379048e-02
0.27147 4.64838465e-02
0.27241 5.29844986e-02
0.27335 5.76390942e-02
0.27430 6.40114496e-02
0.27525 6.76584291e-02
0.27620 7.37683539e-02
0.27715 7.84257197e-02
0.27811 8.32802794e-02
0.27908 8.98646885e-02
0.28004 9.47485918e-02
0.28101 9.80324860e-02
0.28198 1.00739539e-01
0.28296 1.04664719e-01
0.28394 1.06448230e-01
0.28492 1.09209242e-01
0.28591 1.13679782e-01
0.28690 1.15884412e-01
0.28789 1.21119371e-01
0.28889 1.25429599e-01
0.28989 1.27001274e-01
0.29089 1.32020874e-01
0.29190 1.34617815e-01
0.29291 1.38376233e-01
0.29392 1.42482916e-01
0.29494 1.47381837e-01
0.29596 1.48869755e-01
0.29699 1.55648469e-01
0.29801 1.55560854e-01
0.29905 1.60239787e-01
0.30008 1.63028659e-01
0.30112 1.67548131e-01
0.30216 1.71094159e-01
0.30321 1.74479321e-01
0.30426 1.77442830e-01
0.30531 1.81531131e-01
0.30637 1.83475864e-01
0.30743 1.87857463e-01
0.30849 1.89642497e-01
0.30956 1.94464884e-01
0.31063 1.95025559e-01
0.31171 1.96283872e-01
0.31279 1.99984236e-01
0.31387 2.00330898e-01
0.31496 2.04059893e-01
0.31605 2.04065038e-01
0.31714 2.07459836e-01
0.31824 2.09307911e-01
0.31934 2.10109073e-01
0.32044 2.13164332e-01
0.32155 2.14957598e-01
0.32267 2.16111754e-01
0.32378 2.19834022e-01
0.32490 2.22218711e-01
0.32603 2.21647074e-01
0.32716 2.28304496e-01
0.32829 2.27172501e-01
0.32943 2.30153560e-01
0.33057 2.31678321e-01
0.33171 2.35568181e-01
0.33286 2.36847983e-01
0.33401 2.38557353e-01
0.33517 2.43022808e-01
0.33633 2.45579641e-01
0.33749 2.44468224e-01
0.33866 2.49397281e-01
0.33983 2.52057994e-01
0.34101 2.55216341e-01
0.34219 2.59204740e-01
0.34337 2.60564677e-01
0.34456 2.62641090e-01
0.34576 2.64613029e-01
0.34695 2.65765603e-01
0.34815 2.67763660e-01
0.34936 2.66781648e-01
0.35057 2.70023693e-01
0.35178 2.70752436e-01
0.35300 2.73405235e-01
0.35422 2.74810088e-01
0.35545 2.75212747e-01
0.35668 2.77190424e-01
0.35791 2.79182941e-01
0.35915 2.80630534e-01
0.36039 2.83735655e-01
0.36164 2.82000365e-01
0.36289 2.86889057e-01
0.36415 2.86215123e-01
0.36541 2.89576284e-01
0.36668 2.91312366e-01
0.36795 2.91052171e-01
0.36922 2.94677484e-01
0.37050 2.93041325e-01
0.37178 2.96789315e-01
0.37307 2.97143892e-01
0.37436 2.98202677e-01
0.37565 3.01488846e-01
0.37695 3.02199781e-01
0.37826 3.03539537e-01
0.37957 3.05763360e-01
0.38088 3.07390615e-01
0.38220 3.07803563e-01
0.38352 3.12446109e-01
0.38485 3.12147528e-01
0.38618 3.14703174e-01
0.38752 3.14894907e-01
0.38886 3.15965761e-01
0.39021 3.15180824e-01
0.39156 3.18929804e-01
0.39291 3.16276214e-01
0.39427 3.18689198e-01
0.39564 3.19535671e-01
0.39701 3.18470555e-01
0.39838 3.20110474e-01
0.39976 3.21835476e-01
0.40115 3.20411034e-01
0.40253 3.21457946e-01
0.40393 3.22690853e-01
0.40533 3.21937575e-01
0.40673 3.23664555e-01
0.40814 3.23251014e-01
0.40955 3.24328794e-01
0.41097 3.24301092e-01
0.41239 3.25910935e-01
0.41382 3.24349372e-01
0.41525 3.27186978e-01
0.41669 3.27295211e-01
0.41813 3.28644068e-01
0.41958 3.27840927e-01
0.42103 3.30100762e-01
0.42249 3.30371048e-01
0.42395 3.31973372e-01
0.42542 3.32020267e-01
0.42689 3.34594512e-01
0.42837 3.33778510e-01
0.42985 3.36996020e-01
0.43134 3.36121251e-01
0.43283 3.38368819e-01
0.43433 3.38076965e-01
0.43583 3.40260424e-01
0.43734 3.40306131e-01
0.43886 3.43414814e-01
0.44037 3.43273340e-01
0.44190 3.43633853e-01
0.44343 3.46161995e-01
0.44496 3.45043851e-01
0.44650 3.46451474e-01
0.44805 3.46973051e-01
0.44960 3.49037987e-01
0.45116 3.46421794e-01
0.45272 3.49129402e-01
0.45429 3.49497434e-01
0.45586 3.49452914e-01
0.45744 3.50224000e-01
0.45902 3.49811052e-01
0.46061 3.51493513e-01
0.46220 3.50705014e-01
0.46380 3.50634969e-01
0.46541 3.53419942e-01
0.46702 3.50670585e-01
0.46864 3.51814848e-01
0.47026 3.54788982e-01
0.47189 3.52679130e-01
0.47352 3.51929413e-01
0.47516 3.54333691e-01
0.47680 3.54822223e-01
0.47845 3.53892052e-01
0.48011 3.56069179e-01
0.48177 3.54490203e-01
0.48344 3.57882231e-01
0.48511 3.54249795e-01
0.48679 3.55340041e-01
0.48848 3.57799325e-01
0.49017 3.57071176e-01
0.49186 3.56084019e-01
0.49357 3.57528050e-01
0.49528 3.58945765e-01
0.49699 3.58703378e-01
0.49871 3.57722751e-01
0.50044 3.58776193e-01
0.50217 3.60098932e-01
0.50391 3.57948319e-01
0.50565 3.60025127e-01
0.50740 3.60702227e-01
0.50916 3.60682045e-01
0.51092 3.60910581e-01
0.51269 3.58638082e-01
0.51446 3.62427822e-01
0.51625 3.61570466e-01
0.51803 3.61891010e-01
0.51983 3.59608618e-01
0.52163 3.61389814e-01
0.52343 3.61023563e-01
0.52524 3.60948967e-01
0.52706 3.60402063e-01
0.52889 3.60495852e-01
0.53072 3.62162087e-01
0.53255 3.59655513e-01
0.53440 3.60345869e-01
0.53625 3.61592034e-01
0.53810 3.60775042e-01
0.53997 3.59821325e-01
0.54183 3.61640511e-01
0.54371 3.59193692e-01
0.54559 3.59877915e-01
0.54748 3.64107117e-01
0.54938 3.59078138e-01
0.55128 3.58907379e-01
0.55319 3.61406039e-01
0.55510 3.61757252e-01
0.55702 3.59628998e-01
0.55895 3.61824923e-01
0.56089 3.60992300e-01
0.56283 3.59395516e-01
0.56478 3.62500439e-01
0.56673 3.62641123e-01
0.56869 3.59404618e-01
0.57066 3.62480851e-01
0.57264 3.61312052e-01
0.57462 3.63192181e-01
0.57661 3.62006762e-01
0.57860 3.60720233e-01
0.58061 3.61994297e-01
0.58262 3.64661341e-01
0.58463 3.61912775e-01
0.58666 3.61893187e-01
0.58869 3.63315057e-01
0.59073 3.63231161e-01
0.59277 3.62728778e-01
0.59482 3.64027179e-01
0.59688 3.62615400e-01
0.59895 3.61427211e-01
0.60102 3.65323601e-01
0.60310 3.63447825e-01
0.60519 3.63963861e-01
0.60728 3.62324536e-01
0.60939 3.63210979e-01
0.61150 3.64476336e-01
0.61361 3.63426653e-01
0.61574 3.62913981e-01
0.61787 3.62414565e-01
0.62001 3.64819833e-01
0.62215 3.62576025e-01
0.62431 3.62258053e-01
0.62647 3.61417911e-01
0.62864 3.62195131e-01
0.63081 3.62815641e-01
0.63300 3.61631805e-01
0.63519 3.62374992e-01
0.63739 3.59480796e-01
0.63959 3.61741225e-01
0.64181 3.61319373e-01
0.64403 3.62666252e-01
0.64626 3.60147607e-01
0.64849 3.59911354e-01
0.65074 3.59866241e-01
0.65299 3.59512257e-01
0.65525 3.63040615e-01
0.65752 3.61528518e-01
0.65980 3.59122658e-01
0.66208 3.56393087e-01
0.66437 3.59708343e-01
0.66667 3.61980248e-01
0.66898 3.59306674e-01
0.67130 3.55098445e-01
0.67362 3.55709260e-01
0.67595 3.62390821e-01
0.67829 3.58649558e-01
0.68064 3.55298291e-01
0.68299 3.54232581e-01
0.68536 3.58040525e-01
0.68773 3.55091322e-01
0.69011 3.57253609e-01
0.69250 3.55547405e-01
0.69490 3.55044823e-01
0.69730 3.51518246e-01
0.69972 3.52445449e-01
0.70214 3.53548754e-01
0.70457 3.56174444e-01
0.70701 3.52368281e-01
0.70946 3.50435717e-01
0.71191 3.50673553e-01
0.71438 3.55629519e-01
0.71685 3.52692387e-01
0.71933 3.51220259e-01
0.72182 3.51111630e-01
0.72432 3.52881745e-01
0.72683 3.48229504e-01
0.72934 3.53075654e-01
0.73187 3.56295737e-01
0.73440 3.49764751e-01
0.73694 3.50329463e-01
0.73949 3.52902917e-01
0.74205 3.49168381e-01
0.74462 3.54028976e-01
0.74720 3.53874046e-01
0.74979 3.51319588e-01
0.75238 3.52011527e-01
0.75499 3.48062109e-01
0.75760 3.51545749e-01
0.76022 3.56076698e-01
0.76285 3.55155431e-01
0.76549 3.47663210e-01
0.76814 3.46673481e-01
0.77080 3.50417711e-01
0.77347 3.54600217e-01
0.77615 3.52203260e-01
0.77884 3.49034623e-01
0.78153 3.49094577e-01
0.78424 3.46131524e-01
0.78695 3.46428126e-01
0.78968 3.51390622e-01
0.79241 3.49414527e-01
0.79515 3.45547619e-01
0.79790 3.44847171e-01
0.80067 3.45390711e-01
0.80344 3.45069969e-01
0.80622 3.47504718e-01
0.80901 3.44797111e-01
0.81181 3.43860212e-01
0.81462 3.43195974e-01
0.81744 3.44115856e-01
0.82027 3.42015106e-01
0.82311 3.43925706e-01
0.82596 3.41370654e-01
0.82882 3.41126486e-01
0.83169 3.42925292e-01
0.83457 3.41994527e-01
0.83745 3.37018577e-01
0.84035 3.40344715e-01
0.84326 3.41420121e-01
0.84618 3.39728558e-01
0.84911 3.39104487e-01
0.85205 3.38481603e-01
0.85500 3.40322158e-01
0.85796 3.35909336e-01
0.86093 3.35258355e-01
0.86391 3.37809450e-01
0.86690 3.41242238e-01
0.86990 3.38114560e-01
0.87291 3.33257923e-01
0.87593 3.32052321e-01
0.87897 3.36167750e-01
0.88201 3.37789069e-01
0.88506 3.36420426e-01
0.88813 3.35845227e-01
0.89120 3.34518531e-01
0.89428 3.31880177e-01
0.89738 3.34591940e-01
0.90049 3.35186331e-01
0.90360 3.35110350e-01
0.90673 3.34094701e-01
0.90987 3.31393425e-01
0.91302 3.34427117e-01
0.91618 3.37088423e-01
0.91935 3.26555189e-01
0.92253 3.27477446e-01
0.92573 3.37898885e-01
0.92893 3.36628186e-01
0.93215 3.30755899e-01
0.93537 3.29938116e-01
0.93861 3.26410945e-01
0.94186 3.27016219e-01
0.94512 3.34520708e-01
0.94839 3.35392508e-01
0.95168 3.29447406e-01
0.95497 3.24979973e-01
0.95828 3.24332949e-01
0.96159 3.28774660e-01
0.96492 3.30696341e-01
0.96826 3.30166850e-01
0.97161 3.28991126e-01
0.97498 3.25503726e-01
0.97835 3.26669358e-01
0.98174 3.25252831e-01
0.98514 3.27430947e-01
0.98855 3.26928959e-01
0.99197 3.24367180e-01
0.99540 3.26816571e-01
0.99885 3.28027119e-01
1.00231 3.26661444e-01
1.00578 3.21065774e-01
1.00926 3.23321059e-01
1.01275 3.24861451e-01
1.01626 3.25762931e-01
1.01978 3.25376695e-01
1.02330 3.20663314e-01
1.02685 3.21696375e-01
1.03040 3.23546231e-01
1.03397 3.27367432e-01
1.03755 3.24400619e-01
1.04114 3.19187624e-01
1.04474 3.17472714e-01
1.04836 3.19171003e-01
1.05199 3.23614891e-01
1.05563 3.20047157e-01
1.05928 3.19993139e-01
1.06295 3.19579400e-01
1.06663 3.17991916e-01
1.07032 3.19078402e-01
1.07403 3.14922410e-01
1.07775 3.14341869e-01
1.08148 3.16681643e-01
1.08522 3.18046527e-01
1.08898 3.19921116e-01
1.09275 3.14993049e-01
1.09653 3.10592296e-01
1.10032 3.14524896e-01
1.10413 3.15097126e-01
1.10796 3.12657430e-01
1.11179 3.11644551e-01
1.11564 3.12720946e-01
1.11950 3.12475789e-01
1.12338 3.12385364e-01
1.12726 3.12115474e-01
1.13117 3.12399610e-01
1.13508 3.09616615e-01
1.13901 3.06136537e-01
1.14295 3.05944804e-01
1.14691 3.08253116e-01
1.15088 3.11006629e-01
1.15487 3.08982057e-01
1.15886 3.10100993e-01
1.16287 3.09097413e-01
1.16690 3.05093581e-01
1.17094 3.01953833e-01
1.17499 3.05161450e-01
1.17906 3.04130762e-01
1.18314 3.09009363e-01
1.18724 3.08462657e-01
1.19135 3.02068002e-01
1.19547 2.99054097e-01
1.19961 3.02155063e-01
1.20376 3.04131158e-01
1.20793 3.03107000e-01
1.21211 3.02123801e-01
1.21630 2.99929063e-01
1.22052 3.00257126e-01
1.22474 3.00858443e-01
1.22898 3.02081259e-01
1.23323 3.00674031e-01
1.23750 2.98321595e-01
1.24179 2.98619186e-01
1.24609 2.97173374e-01
1.25040 2.96401101e-01
1.25473 2.96815829e-01
1.25907 3.03604041e-01
1.26343 2.99883554e-01
1.26780 2.92032007e-01
1.27219 2.91567614e-01
1.27659 2.93447743e-01
1.28101 2.98095631e-01
1.28545 2.97490950e-01
1.28990 2.99986445e-01
1.29436 2.94519982e-01
1.29884 2.89234766e-01
1.30334 2.91721950e-01
1.30785 2.93375719e-01
1.31238 2.94803327e-01
1.31692 2.93885622e-01
1.32148 2.93753447e-01
1.32605 2.93520558e-01
1.33064 2.91786652e-01
1.33525 2.89161159e-01
1.33987 2.91701174e-01
1.34451 2.90268223e-01
1.34916 2.91775770e-01
1.35383 2.91002705e-01
1.35852 2.91060086e-01
1.36322 2.86794872e-01
1.36794 2.86968401e-01
1.37268 2.92084639e-01
1.37743 2.92604633e-01
1.38220 2.87675972e-01
1.38698 2.88361185e-01
1.39178 2.88791347e-01
1.39660 2.87278062e-01
1.40144 2.85741232e-01
1.40629 2.87188627e-01
1.41115 2.93013030e-01
1.41604 2.87213756e-01
1.42094 2.80293369e-01
1.42586 2.81808434e-01
1.43080 2.92215627e-01
1.43575 2.90040281e-01
1.44072 2.85835417e-01
1.44571 2.83298370e-01
1.45071 2.83676295e-01
1.45573 2.82298946e-01
1.46077 2.86036449e-01
1.46583 2.85491920e-01
1.47090 2.85572847e-01
1.47599 2.84789691e-01
1.48110 2.82249083e-01
1.48623 2.80669514e-01
1.49137 2.83938469e-01
1.49654 2.85763789e-01
1.50172 2.81562288e-01
1.50692 2.77766216e-01
1.51213 2.79897240e-01
1.51737 2.82648378e-01
1.52262 2.87107699e-01
1.52789 2.84142271e-01
1.53318 2.81731068e-01
1.53849 2.79366759e-01
1.54381 2.74032274e-01
1.54916 2.71587236e-01
1.55452 2.77229602e-01
1.55990 2.85987774e-01
1.56530 2.83056577e-01
1.57072 2.70924185e-01
1.57615 2.62726964e-01
1.58161 2.62683038e-01
1.58709 2.68011587e-01
1.59258 2.72762564e-01
1.59809 2.67235158e-01
1.60362 2.62905242e-01
1.60918 2.59938825e-01
1.61475 2.60308242e-01
1.62034 2.61390573e-01
1.62594 2.52264764e-01
1.63157 2.47081053e-01
1.63722 2.49378879e-01
1.64289 2.56039071e-01
1.64857 2.56570739e-01
1.65428 2.49612757e-01
1.66001 2.46900599e-01
1.66575 2.42070674e-01
1.67152 2.39843289e-01
1.67731 2.43235713e-01
1.68311 2.44007986e-01
1.68894 2.39356734e-01
1.69478 2.34353676e-01
1.70065 2.33624141e-01
1.70654 2.32964850e-01
1.71245 2.30879929e-01
1.71837 2.26566633e-01
1.72432 2.32033887e-01
1.73029 2.38265302e-01
1.73628 2.28981200e-01
1.74229 2.23287191e-01
1.74832 2.17464371e-01
1.75437 2.13658207e-01
1.76045 2.16921622e-01
1.76654 2.22609695e-01
1.77266 2.25745091e-01
1.77879 2.25206300e-01
1.78495 2.13443720e-01
1.79113 2.04515185e-01
1.79733 2.02709849e-01
1.80355 2.08948189e-01
1.80979 2.09556234e-01
1.81606 2.09843338e-01
1.82234 2.09908041e-01
1.82865 2.07394936e-01
1.83498 2.03092523e-01
1.84133 2.01025212e-01
1.84771 2.02910090e-01
1.85410 1.98780613e-01
1.86052 1.92157224e-01
1.86696 1.88306402e-01
1.87342 1.91142920e-01
1.87991 1.99262814e-01
1.88642 2.01213977e-01
1.89295 1.99664879e-01
1.89950 1.90493957e-01
1.90607 1.84574459e-01
1.91267 1.77843866e-01
1.91929 1.77463507e-01
1.92594 1.81238645e-01
1.93260 1.91825599e-01
1.93929 1.95069346e-01
1.94601 1.88135980e-01
1.95274 1.81986640e-01
1.95950 1.73484012e-01
1.96629 1.73624973e-01
1.97309 1.73097124e-01
1.97992 1.75357018e-01
1.98678 1.73276470e-01
1.99365 1.72244833e-01
2.00055 1.74698083e-01
2.00748 1.71065864e-01
2.01443 1.68646430e-01
2.02140 1.71172692e-01
2.02840 1.71203975e-01
2.03542 1.69918712e-01
2.04247 1.69956129e-01
2.04954 1.62706433e-01
2.05663 1.64173020e-01
2.06375 1.61469766e-01
2.07090 1.61094017e-01
2.07806 1.59479880e-01
2.08526 1.65388021e-01
2.09247 1.68199706e-01
2.09972 1.54398902e-01
2.10699 1.51704156e-01
2.11428 1.59334488e-01
2.12160 1.60341946e-01
2.12894 1.48904600e-01
2.13631 1.49717891e-01
2.14371 1.57068123e-01
2.15113 1.62351242e-01
2.15857 1.51122447e-01
2.16605 1.48722622e-01
2.17354 1.51691393e-01
2.18107 1.54195495e-01
2.18862 1.50079275e-01
2.19619 1.43623321e-01
2.20380 1.56821482e-01
2.21143 1.42605336e-01
2.21908 1.43942638e-01
2.22676 1.43299235e-01
2.23447 1.41018208e-01
2.24220 1.49818664e-01
2.24997 1.41518257e-01
2.25775 1.42201807e-01
2.26557 1.50785124e-01
2.27341 1.40120250e-01
2.28128 1.42798296e-01
2.28918 1.43192288e-01
2.29710 1.35129933e-01
2.30505 1.35102074e-01
2.31303 1.40562462e-01
2.32104 1.36824602e-01
2.32908 1.37193346e-01
2.33714 1.42274780e-01
2.34523 1.44485010e-01
2.35335 1.40040410e-01
2.36149 1.22310647e-01
2.36967 1.18355391e-01
2.37787 1.25851134e-01
2.38610 1.36477346e-01
2.39436 1.53357312e-01
2.40265 1.50373423e-01
2.41097 1.29596572e-01
2.41931 1.23311278e-01
2.42769 1.26283770e-01
2.43609 1.21733311e-01
2.44452 1.22738019e-01
2.45298 1.30247771e-01
2.46148 1.35122553e-01
2.47000 1.21078472e-01
2.47855 1.22567577e-01
2.48713 1.39313369e-01
2.49574 1.38176487e-01
2.50438 1.31517541e-01
2.51304 1.24369944e-01
2.52174 1.31462336e-01
2.53047 1.27461077e-01
2.53923 1.07318191e-01
2.54802 1.05300999e-01
2.55684 1.16348350e-01
2.56569 1.23109929e-01
2.57457 1.25745592e-01
2.58349 1.19643938e-01
2.59243 1.27340833e-01
2.60140 1.39109527e-01
2.61041 1.25989245e-01
2.61944 1.21038799e-01
2.62851 1.16537471e-01
2.63761 1.14168453e-01
2.64674 1.06367481e-01
2.65590 1.09184786e-01
2.66510 1.16278444e-01
2.67432 1.20213794e-01
2.68358 1.11293728e-01
2.69287 1.03137090e-01
2.70219 1.01613793e-01
2.71154 1.14353874e-01
2.72093 1.30211839e-01
2.73035 1.36715024e-01
2.73980 1.27354802e-01
2.74928 1.09146162e-01
2.75880 1.00095226e-01
2.76835 9.80999387e-02
2.77793 1.08956131e-01
2.78755 1.06022382e-01
2.79720 1.02940292e-01
2.80688 1.00609699e-01
2.81660 1.04149039e-01
2.82635 1.02268277e-01
2.83613 1.09619993e-01
2.84595 1.14947078e-01
2.85580 1.18889967e-01
2.86569 1.07472368e-01
2.87561 9.93872988e-02
2.88556 1.01631483e-01
2.89555 1.00934379e-01
2.90557 1.00810000e-01
2.91563 1.00829727e-01
2.92572 1.01623390e-01
2.93585 1.00264719e-01
2.94601 9.76846166e-02
2.95621 8.79676022e-02
2.96644 8.51398897e-02
2.97671 9.04512840e-02
2.98702 1.00713500e-01
2.99736 1.07967945e-01
3.00773 1.22322182e-01
3.01814 1.10671773e-01
3.02859 8.76752938e-02
3.03907 8.22226029e-02
3.04960 8.62920079e-02
3.06015 9.41366892e-02
3.07074 8.79755565e-02
3.08137 7.97463610e-02
3.09204 7.77438514e-02
3.10274 8.38814577e-02
3.11348 9.06908610e-02
3.12426 9.29417328e-02
3.13508 8.95123671e-02
3.14593 8.28827851e-02
3.15682 7.46910655e-02
3.16775 7.28085818e-02
3.17871 6.89826715e-02
3.18972 6.54565688e-02
3.20076 6.70612081e-02
3.21184 6.58123924e-02
3.22295 6.64504729e-02
3.23411 6.37189631e-02
3.24531 5.43121245e-02
3.25654 4.74524236e-02
3.26781 4.39213940e-02
3.27912 4.26772677e-02
3.29047 4.30535903e-02
3.30187 4.50222647e-02
3.31330 4.73263034e-02
3.32476 4.77554762e-02
3.33627 4.04750315e-02
3.34782 3.36496011e-02
3.35941 3.01886954e-02
3.37104 2.76324164e-02
3.38271 2.53084328e-02
3.39442 2.35644756e-02
3.40617 2.07784931e-02
3.41796 1.88361093e-02
3.42979 1.84250215e-02
3.44166 8.64604518e-03
3.45358 1.29879581e-03
3.46553 5.40961926e-04
3.47753 5.28979319e-04
3.48957 5.30794350e-04
3.50164 5.29585978e-04
3.51377 5.27413402e-04
3.52593 5.26471755e-04
3.53814 5.26375987e-04
3.55038 5.26986010e-04
3.56267 5.29354474e-04
3.57500 5.31006661e-04
3.58738 5.31821871e-04
3.59980 5.33339707e-04
3.61226 5.32084441e-04
3.62476 5.28686476e-04
3.63731 5.26719484e-04
3.64990 5.27162111e-04
3.66254 5.29908897e-04
3.67521 5.34679660e-04
3.68794 5.40469238e-04
3.70070 5.43200194e-04
3.71351 5.41114482e-04
3.72637 5.36636561e-04
3.73927 5.33524514e-04
3.75221 5.32282505e-04
3.76520 5.32418242e-04
3.77823 5.33776992e-04
3.79131 5.35626650e-04
3.80443 5.36828096e-04
3.81760 5.37827521e-04
3.83082 5.38388868e-04
3.84408 5.37388059e-04
3.85739 5.35750118e-04
3.87074 5.35262179e-04
3.88414 5.36158713e-04
3.89758 5.37698709e-04
3.91107 5.38873444e-04
3.92461 5.39229604e-04
3.93820 5.39883751e-04
3.95183 5.41366366e-04
3.96551 5.42761524e-04
3.97924 5.42993621e-04
3.99301 5.42256370e-04
4.00683 5.41612314e-04
4.02070 5.41628539e-04
4.03462 5.41858262e-04
4.04859 5.41536729e-04
4.06260 5.40665720e-04
4.07667 5.39718730e-04
4.09078 5.39333879e-04
4.10494 5.40001284e-04
4.11915 5.41695616e-04
4.13341 5.44099102e-04
4.14771 5.46969158e-04
4.16207 5.48945846e-04
4.17648 5.48807340e-04
4.19094 5.46874974e-04
4.20545 5.44871574e-04
4.22000 5.43904797e-04
4.23461 5.44090990e-04
4.24927 5.45052820e-04
4.26398 5.46185606e-04
4.27874 5.46720440e-04
4.29355 5.46306107e-04
4.30841 5.45047477e-04
4.32332 5.43409537e-04
4.33829 5.41969463e-04
4.35331 5.41177799e-04
4.36838 5.41183933e-04
4.38350 5.41784260e-04
4.39867 5.42523292e-04
4.41390 5.42968097e-04
4.42918 5.43015980e-04
4.44451 5.42921598e-04
4.45990 5.42999557e-04
4.47533 5.43361258e-04
4.49083 5.43884615e-04
4.50637 5.44348414e-04
4.52197 5.44605641e-04
4.53762 5.44665199e-04
4.55333 5.44623053e-04
4.56909 5.44570619e-04
4.58491 5.44572993e-04
4.60078 5.44531045e-04
4.61670 5.44477423e-04
4.63269 5.44326847e-04
4.64872 5.44098311e-04
4.66481 5.43898861e-04
4.68096 5.43758970e-04
4.69717 5.43575943e-04
4.71343 5.43177439e-04
4.72974 5.42418027e-04
4.74611 5.41275149e-04
4.76254 5.39901559e-04
4.77903 5.38831694e-04
4.79557 5.37896576e-04
4.81217 5.37158929e-04
4.82883 5.36586699e-04
4.84555 5.36079962e-04
4.86232 5.35523165e-04
4.87915 5.34838151e-04
4.89604 5.34013838e-04
4.91299 5.33097122e-04
4.92999 5.32157849e-04
4.94706 5.31256566e-04
4.96418 5.29903950e-04
4.98137 5.28529964e-04
4.99861 5.27244424e-04
5.01591 5.25976494e-04
5.03328 5.24647424e-04
5.05070 5.23230303e-04
5.06818 5.21770047e-04
5.08573 5.20340856e-04
5.10333 5.22515806e-04
5.12100 1.28081250e-03
5.13873 4.88893511e-03
5.15651 1.62506310e-02
5.17436 1.71247090e-02
5.19228 1.80504342e-02
5.21025 1.90341619e-02
5.22828 2.00802612e-02
5.24638 2.11896007e-02
5.26454 2.23605954e-02
5.28277 2.35914646e-02
5.30105 2.48817333e-02
5.31940 2.62323118e-02
5.33782 2.76444269e-02
5.35629 2.91188699e-02
5.37484 3.06561356e-02
5.39344 3.15223761e-02
5.41211 3.23312550e-02
5.43084 3.31468417e-02
5.44965 3.39717280e-02
5.46851 3.48088821e-02
5.48744 3.56607970e-02
5.50643 3.65293723e-02
5.52550 3.74159535e-02
5.54462 3.83216288e-02
5.56381 3.92476646e-02
5.58308 4.01956636e-02
5.60240 4.11674659e-02
5.62179 4.20826190e-02
5.64125 4.26792068e-02
5.66078 4.32886559e-02
5.68038 4.39121536e-02
5.70004 4.45508672e-02
5.71977 4.52059444e-02
5.73957 4.58784932e-02
5.75944 4.65696217e-02
5.77938 4.72804774e-02
5.79938 4.80122279e-02
5.81946 4.87660406e-02
5.83960 4.95429047e-02
5.85982 5.03435524e-02
5.88010 5.11683794e-02
5.90045 5.17470800e-02
5.92088 5.23096545e-02
5.94137 5.28879594e-02
5.96194 5.34800358e-02
5.98258 5.40835490e-02
6.00329 5.46957880e-02
6.02407 5.53139433e-02
6.04492 5.59351852e-02
6.06585 5.65568625e-02
6.08684 5.71766403e-02
6.10791 5.77925596e-02
6.12906 5.84031762e-02
6.15027 5.90074214e-02
6.17156 5.96046621e-02
6.19293 6.00296995e-02
6.21436 6.04364342e-02
6.23588 6.08356105e-02
6.25746 6.12275843e-02
6.27912 6.16129099e-02
6.30086 6.19922994e-02
6.32267 6.23665049e-02
6.34455 6.27363968e-02
6.36652 6.31029250e-02
6.38856 6.34670788e-02
6.41067 6.38299069e-02
6.43286 6.41924778e-02
6.45513 6.45558797e-02
6.47747 6.49212603e-02
6.49990 6.52290419e-02
6.52240 6.53872561e-02
6.54497 6.55486362e-02
6.56763 6.57141912e-02
6.59037 6.58848116e-02
6.61318 6.60613878e-02
6.63607 6.62447311e-02
6.65904 6.64355735e-02
6.68209 6.66345680e-02
6.70522 6.68422686e-02
6.72843 6.70591305e-02
6.75172 6.72854900e-02
6.77510 6.75215251e-02
6.79855 6.77673349e-02
6.82208 6.80228401e-02
6.84570 6.82878429e-02
6.86939 6.85620268e-02
6.89317 6.88448970e-02
6.91704 6.90969791e-02
6.94098 6.93498131e-02
6.96500 6.96089195e-02
6.98911 6.98733485e-02
7.01331 7.01420713e-02
7.03759 7.04140192e-02
7.06195 7.06881041e-02
7.08639 7.09632377e-02
7.11092 7.12383515e-02
7.13554 7.15123771e-02
7.16024 7.17843844e-02
7.18502 7.20534633e-02
7.20990 7.23188025e-02
7.23485 7.25797094e-02
7.25990 7.28355906e-02
7.28503 7.30859315e-02
7.31025 7.32858758e-02
7.33555 7.34215134e-02
7.36094 7.35504631e-02
7.38642 7.36727051e-02
7.41199 7.37882988e-02
7.43765 7.38974223e-02
7.46340 7.40002932e-02
7.48923 7.40972281e-02
7.51516 7.41886227e-02
7.54117 7.42748530e-02
7.56727 7.43564334e-02
7.59347 7.44338586e-02
7.61975 7.45076431e-02
7.64613 7.45783804e-02
7.67260 7.46465851e-02
7.69916 7.47128902e-02
7.72581 7.47778300e-02
7.75255 7.48403163e-02
7.77939 7.48302053e-02
7.80632 7.48202922e-02
7.83334 7.48111112e-02
7.86046 7.48031372e-02
7.88767 7.47968450e-02
7.91497 7.47926305e-02
7.94237 7.47909486e-02
7.96986 7.47921358e-02
7.99745 7.47965284e-02
8.02513 7.48044233e-02
8.05291 7.48160777e-02
8.08079 7.48316893e-02
8.10876 7.48514562e-02
8.13683 7.48754970e-02
8.16500 7.49038909e-02
8.19326 7.49367170e-02
8.22162 7.49739357e-02
8.25008 7.50155470e-02
8.27864 7.96384049e-02
8.30730 8.97805358e-02
8.33605 1.01194277e-01
8.36491 1.14025871e-01
8.39386 1.28435273e-01
8.42292 1.44596983e-01
8.45208 1.62700892e-01
8.48133 1.82952843e-01
8.51069 2.05574958e-01
8.54016 2.30805926e-01
8.56972 2.58899827e-01
8.59938 2.90125562e-01
8.62915 3.24764100e-01
8.65902 3.63105714e-01
8.68899 4.05444234e-01
8.71907 4.52072701e-01
8.74925 5.03273075e-01
8.77954 5.59308519e-01
8.80993 6.20409746e-01
8.84043 6.86762354e-01
8.87103 7.30647004e-01
8.90174 7.64463605e-01
8.93255 7.99440298e-01
8.96347 8.35576687e-01
8.99450 8.72867233e-01
9.02563 9.11301447e-01
9.05688 9.50862909e-01
9.08823 9.91528664e-01
9.11969 1.03326982e+00
9.15126 1.07604939e+00
9.18294 1.11982323e+00
9.21472 1.16453853e+00
9.24662 1.21013374e+00
9.27863 1.25653822e+00
9.31075 1.30367125e+00
9.34298 1.35144180e+00
9.37532 1.39974818e+00
9.40777 1.44847700e+00
9.44034 1.49750420e+00
9.47302 1.54669346e+00
9.50581 1.59589696e+00
9.53871 1.63616778e+00
9.57173 1.66568513e+00
9.60487 1.69509959e+00
9.63811 1.72438010e+00
9.67148 1.75349499e+00
9.70495 1.78241301e+00
9.73855 1.81110229e+00
9.77226 1.83953177e+00
9.80609 1.86767039e+00
9.84003 1.89548728e+00
9.87409 1.92295256e+00
9.90827 1.94765997e+00
9.94257 1.96338701e+00
9.97699 1.97905251e+00
10.01153 1.99464836e+00
10.04618 2.01015913e+00
10.08096 2.02557690e+00
10.11585 2.04088980e+00
10.15087 2.05608596e+00
10.18601 2.07115153e+00
10.22127 2.08607859e+00
10.25665 2.10085329e+00
10.29215 2.11546574e+00
10.32778 2.12545999e+00
10.36353 2.13127529e+00
10.39941 2.13706685e+00
10.43540 2.14283268e+00
10.47153 2.14856686e+00
10.50777 2.15426740e+00
10.54415 2.15992638e+00
10.58065 2.16553986e+00
10.61727 2.16211875e+00
10.65403 2.15832169e+00
10.69091 2.15449890e+00
10.72791 2.15065237e+00
10.76505 2.14678408e+00
10.80231 2.14289798e+00
10.83971 2.13899605e+00
10.87723 2.13507829e+00
10.91488 2.13114866e+00
10.95266 2.12720517e+00
10.99058 2.12324982e+00
11.02862 2.11928457e+00
11.06680 2.11530745e+00
11.10511 2.11132044e+00
11.14355 2.10732155e+00
11.18212 2.10331079e+00
11.22083 2.09928619e+00
11.25967 2.08716487e+00
11.29865 2.05420227e+00
11.33776 2.02044423e+00
11.37701 1.98595410e+00
11.41639 1.95079339e+00
11.45591 1.91503077e+00
11.49556 1.87873312e+00
11.53536 1.84196949e+00
11.57529 1.80480973e+00
11.61536 1.76732469e+00
11.65556 1.72958518e+00
11.69591 1.69166126e+00
11.73640 1.65362140e+00
11.77702 1.61553246e+00
11.81779 1.57745816e+00
11.85870 1.53945866e+00
11.89975 1.50158995e+00
11.94094 1.46390347e+00
11.98227 1.42644613e+00
12.02375 1.38925887e+00
12.06537 1.35237810e+00
12.10714 1.31583470e+00
12.14905 1.27965478e+00
12.19110 1.24385971e+00
12.23330 1.20846691e+00
12.27565 1.17349041e+00
12.31814 1.13894091e+00
12.36078 1.10482751e+00
12.40357 1.08269336e+00
12.44651 1.06666635e+00
12.48959 1.05008810e+00
12.53283 1.03304960e+00
12.57621 1.01565316e+00
12.61974 9.98006423e-01
12.66343 9.80216825e-01
12.70726 9.62387653e-01
12.75125 9.44615269e-01
12.79539 9.26986140e-01
12.83968 9.09575654e-01
12.88413 8.92447722e-01
12.92873 8.75653987e-01
12.97348 8.59234615e-01
13.01839 8.43218495e-01
13.06345 8.27624426e-01
13.10867 8.12462497e-01
13.15405 7.97733895e-01
13.19959 7.83433478e-01
13.24528 7.69549767e-01
13.29113 7.56066539e-01
13.33713 7.42963809e-01
13.38330 7.30218425e-01
13.42963 7.17805062e-01
13.47612 7.05697601e-01
13.52277 6.93869131e-01
13.56958 6.82292942e-01
13.61655 6.70942914e-01
13.66368 6.59794908e-01
13.71098 6.48825576e-01
13.75844 6.39333912e-01
13.80607 6.47726625e-01
13.85386 6.56181863e-01
13.90182 6.64695076e-01
13.94994 6.73263297e-01
13.99823 6.81885139e-01
14.04668 6.90560603e-01
14.09531 6.99291074e-01
14.14410 7.08078926e-01
14.19306 7.16927919e-01
14.24219 7.25842208e-01
14.29149 7.34827135e-01
14.34096 7.43888242e-01
14.39060 7.53031660e-01
14.44042 7.62263921e-01
14.49041 7.71591554e-01
14.54057 7.81021087e-01
14.59090 7.90559646e-01
14.64141 8.00213561e-01
14.69209 8.09989559e-01
14.74295 8.19894171e-01
14.79398 8.29933332e-01
14.84519 8.40113374e-01
14.89658 8.50439639e-01
14.94814 8.60917471e-01
14.99989 8.71552409e-01
15.05181 8.82348805e-01
15.10392 8.93311608e-01
15.15620 9.04444378e-01
15.20866 9.15751469e-01
15.26131 9.27236046e-01
15.31414 9.38901473e-01
15.36715 9.50750718e-01
15.42034 9.62785958e-01
15.47372 9.75009765e-01
15.52729 9.89831957e-01
15.58103 1.00513180e+00
15.63497 1.02059409e+00
15.68909 1.03621843e+00
15.74340 1.05200384e+00
15.79790 1.06794952e+00
15.85258 1.08405468e+00
15.90746 1.10031833e+00
15.96252 1.11673909e+00
16.01778 1.13331636e+00
16.07323 1.15004836e+00
16.12886 1.16693410e+00
16.18470 1.18397200e+00
16.24072 1.20116048e+00
16.29694 1.21849796e+00
16.35335 1.23598284e+00
16.40996 1.25361296e+00
16.46677 1.27138692e+00
16.52377 1.28930217e+00
16.58097 1.30735711e+00
16.63836 1.32554936e+00
16.69596 1.34387637e+00
16.75375 1.36233634e+00
16.81175 1.38092631e+00
16.86994 1.39964390e+00
16.92834 1.41848654e+00
16.98694 1.43745147e+00
17.04574 1.45653571e+00
17.10474 1.47573649e+00
17.16395 1.49505105e+00
17.22337 1.51447602e+00
17.28299 1.53400823e+00
17.34281 1.55364471e+00
17.40285 1.57338211e+00
17.46309 1.59321706e+00
17.52354 1.61314579e+00
17.58420 1.63316535e+00
17.64507 1.65327197e+00
17.70615 1.66371913e+00
17.76744 1.66838700e+00
17.82894 1.67306595e+00
17.89066 1.67775599e+00
17.95259 1.68245710e+00
18.01473 1.68716930e+00
18.07709 1.69189257e+00
18.13967 1.69662693e+00
18.20246 1.70137236e+00
18.26547 1.70612888e+00
18.32870 1.71089667e+00
18.39214 1.71567535e+00
18.45581 1.72046531e+00
18.51969 1.72526635e+00
18.58380 1.73007846e+00
18.64813 1.73490146e+00
18.71268 1.73973574e+00
18.77746 1.74458110e+00
18.84246 1.74943734e+00
18.90768 1.75430466e+00
18.97313 1.75918307e+00
19.03881 1.76407215e+00
19.10472 1.76897252e+00
19.17085 1.77388357e+00
19.23721 1.77880570e+00
19.30380 1.78373852e+00
19.37062 1.78868202e+00
19.43768 1.79363660e+00
19.50496 1.79860167e+00
19.57248 1.80357762e+00
19.64023 1.80856406e+00
19.70822 1.81356118e+00
19.77644 1.81856879e+00
19.84490 1.82358689e+00
19.91359 1.82861527e+00
19.98252 1.83365434e+00
20.05169 1.83870350e+00
20.12110 1.84376295e+00
20.19076 1.84883269e+00
20.26065 1.85391252e+00
20.33078 1.85900245e+00
20.40116 1.86410246e+00
20.47178 1.86921237e+00
20.54264 1.87433197e+00
20.61375 1.87946166e+00
20.68511 1.87969356e+00
20.75671 1.87956257e+00
20.82856 1.87942248e+00
20.90066 1.87927310e+00
20.97301 1.87911401e+00
21.04561 1.87894483e+00
21.11846 1.87876497e+00
21.19157 1.87857463e+00
21.26492 1.87837280e+00
21.33853 1.87815950e+00
21.41240 1.87793453e+00
21.48652 1.87769709e+00
21.56090 1.87744698e+00
21.63553 1.87718382e+00
21.71043 1.87690720e+00
21.78558 1.87661693e+00
21.86099 1.87631242e+00
21.93666 1.87599326e+00
22.01260 1.87565926e+00
22.08880 1.87530983e+00
22.16526 1.87494456e+00
22.24199 1.87456328e+00
22.31898 1.87416537e+00
22.39624 1.87375064e+00
22.47377 1.87331850e+00
22.55156 1.87286875e+00
22.62962 1.87240079e+00
22.70796 1.87191424e+00
22.78656 1.87140888e+00
22.86544 1.87088414e+00
22.94459 1.87033981e+00
23.02402 1.86977530e+00
23.10372 1.86919021e+00
23.18369 1.86858434e+00
23.26394 1.86795710e+00
23.34447 1.86730810e+00
23.42528 1.86663713e+00
23.50637 1.86594381e+00
23.58774 1.86522753e+00
23.66939 1.86448790e+00
23.75133 1.86372473e+00
23.83354 1.86293762e+00
23.91604 1.86212617e+00
23.99883 1.86128998e+00
24.08191 1.86042867e+00
24.16527 1.85954183e+00
24.24892 1.85862927e+00
24.33286 1.85769039e+00
24.41709 1.85672500e+00
24.50161 1.85573290e+00
24.58642 1.85471349e+00
24.67153 1.85366638e+00
24.75693 1.85249164e+00
24.84263 1.84947101e+00
24.92863 1.84641714e+00
25.01492 1.84333042e+00
25.10151 1.84021065e+00
25.18840 1.83705765e+00
25.27559 1.83387160e+00
25.36309 1.83065231e+00
25.45088 1.82739978e+00
25.53898 1.82411400e+00
25.62739 1.82079499e+00
25.71610 1.81744293e+00
25.80512 1.81405763e+00
25.89444 1.81063908e+00
25.98408 1.80718770e+00
26.07403 1.80370307e+00
26.16428 1.80018579e+00
26.25485 1.79663547e+00
26.34574 1.79305250e+00
26.43694 1.78943668e+00
26.52845 1.78578861e+00
26.62028 1.78210790e+00
26.71243 1.77839513e+00
26.80489 1.77465011e+00
26.89768 1.77087323e+00
26.99079 1.76706449e+00
27.08422 1.76322430e+00
27.17798 1.75935264e+00
27.27205 1.75544972e+00
27.36646 1.75151573e+00
27.46119 1.74755108e+00
27.55625 1.74355576e+00
27.65164 1.73953016e+00
27.74736 1.73547448e+00
27.84341 1.73138913e+00
27.93979 1.72727390e+00
28.03650 1.72312958e+00
28.13355 1.71895638e+00
28.23094 1.71475428e+00
28.32867 1.71052370e+00
28.42673 1.70626501e+00
28.52513 1.70197863e+00
28.62387 1.69766454e+00
28.72295 1.69332354e+00
28.82238 1.68895544e+00
28.92215 1.68456102e+00
29.02227 1.68014028e+00
29.12273 1.67569382e+00
29.22354 1.67122184e+00
29.32470 1.66672472e+00
29.42621 1.66220288e+00
29.52807 1.65765649e+00
29.63029 1.65308637e+00
29.73286 1.64849250e+00
29.83578 1.64387548e+00
29.93906 1.63923550e+00
30.04269 1.63457317e+00
30.14669 1.62988868e+00
30.25104 1.62518242e+00
30.35576 1.62045519e+00
30.46084 1.61570698e+00
30.56628 1.61093819e+00
30.67209 1.60614943e+00
30.77826 1.60134127e+00
30.88481 1.59651371e+00
30.99172 1.59128172e+00
31.09900 1.58513025e+00
31.20665 1.57896809e+00
31.31467 1.57279603e+00
31.42307 1.56661448e+00
31.53184 1.56042422e+00
31.64099 1.55422585e+00
31.75052 1.54801956e+00
31.86043 1.54180655e+00
31.97072 1.53558681e+00
32.08139 1.52936113e+00
32.19244 1.52313031e+00
32.30388 1.51689454e+00
32.41570 1.51065462e+00
32.52791 1.50441094e+00
32.64051 1.49816409e+00
32.75349 1.49191467e+00
32.86687 1.48566327e+00
32.98064 1.47941028e+00
33.09481 1.47315612e+00
33.20937 1.46690155e+00
33.32433 1.46064698e+00
33.43968 1.45439281e+00
33.55544 1.44813963e+00
33.67159 1.44188804e+00
33.78815 1.43563842e+00
33.90511 1.42939117e+00
34.02247 1.42314670e+00
34.14024 1.41690579e+00
34.25842 1.41066863e+00
34.37701 1.40443564e+00
34.49601 1.39820739e+00
34.61542 1.39198428e+00
34.73525 1.38576692e+00
34.85549 1.37955529e+00
34.97614 1.37335019e+00
35.09721 1.36715202e+00
35.21871 1.36096097e+00
35.34062 1.35477744e+00
35.46295 1.34860202e+00
35.58571 1.34243511e+00
35.70889 1.33627670e+00
35.83250 1.33012760e+00
35.95654 1.32398780e+00
36.08101 1.31785809e+00
36.20590 1.31173827e+00
36.33123 1.30562914e+00
36.45700 1.29953089e+00
36.58320 1.29344391e+00
36.70983 1.28736822e+00
36.83691 1.28130440e+00
36.96442 1.27525284e+00
37.09238 1.26921356e+00
37.22077 1.26318713e+00
37.34962 1.25717377e+00
37.47890 1.25117346e+00
37.60864 1.24518681e+00
37.73883 1.23921420e+00
37.86946 1.23325545e+00
38.00055 1.22731113e+00
38.13209 1.22138147e+00
38.26409 1.21546644e+00
38.39654 1.20956665e+00
38.52946 1.20368229e+00
38.66283 1.19781337e+00
38.79667 1.19196028e+00
38.93096 1.18612301e+00
39.06573 1.18030217e+00
39.20096 1.17449755e+00
39.33665 1.16870956e+00
39.47282 1.16293838e+00
39.60946 1.15718422e+00
39.74657 1.15144727e+00
39.88416 1.14572754e+00
40.02222 1.14002542e+00
40.16076 1.13434091e+00
40.29978 1.12867421e+00
40.43928 1.12302571e+00
40.57926 1.11739521e+00
40.71973 1.11178292e+00
40.86069 1.10618923e+00
41.00213 1.10061394e+00
41.14406 1.09505745e+00
41.28648 1.08951995e+00
41.42940 1.08304734e+00
41.57281 1.07628683e+00
41.71672 1.06956015e+00
41.86113 1.06286731e+00
42.00603 1.05620831e+00
42.15144 1.04958314e+00
42.29735 1.04299200e+00
42.44377 1.03643490e+00
42.59069 1.02991163e+00
42.73812 1.02342240e+00
42.88606 1.01696719e+00
43.03451 1.01054622e+00
43.18348 1.00415909e+00
43.33297 9.97805984e-01
43.48297 9.91486914e-01
43.63349 9.85201877e-01
43.78453 9.78950676e-01
43.93609 9.72733507e-01
44.08818 9.66550372e-01
44.24079 9.60401071e-01
44.39394 9.54285606e-01
44.54761 9.48203977e-01
44.70182 9.42155984e-01
44.85655 9.36141827e-01
45.01183 9.30161307e-01
45.16764 9.24214424e-01
45.32399 9.18300981e-01
45.48089 9.12421175e-01
45.63832 9.06574809e-01
45.79630 9.00761684e-01
45.95483 8.94981801e-01
46.11391 8.89235159e-01
46.27353 8.83521561e-01
46.43371 8.77841205e-01
46.59445 8.72193497e-01
46.75574 8.66578832e-01
46.91759 8.60997013e-01
47.08000 8.55447645e-01
47.24297 8.49931122e-01
47.40650 8.44446852e-01
47.57060 8.38995031e-01
47.73527 8.33575661e-01
47.90051 8.28188346e-01
48.06633 8.22833084e-01
48.23271 8.17509679e-01
48.39967 8.12218329e-01
48.56721 8.06958637e-01
48.73533 8.01730604e-01
48.90403 7.96534032e-01
49.07332 7.91368723e-01
49.24319 7.86234874e-01
49.41365 7.81132091e-01
49.58470 7.76060570e-01
49.75634 7.71019719e-01
49.92858 7.66009735e-01
50.10141 7.61030420e-01
50.27484 7.56081577e-01
50.44887 7.51163205e-01
50.62350 7.46275107e-01
50.79874 7.41417283e-01
50.97458 7.36589336e-01
51.15104 7.31791267e-01
51.32810 7.27023076e-01
51.50578 7.22284565e-01
51.68407 7.17575339e-01
51.86298 7.12895594e-01
52.04250 7.08245134e-01
52.22265 7.03623562e-01
52.40343 6.99031077e-01
52.58482 6.94467480e-01
52.76685 6.89932376e-01
52.94951 6.85425963e-01
53.13280 6.80947844e-01
53.31672 6.76498021e-01
53.50128 6.72076294e-01
53.68648 6.67682665e-01
53.87232 6.63316737e-01
54.05880 6.58978708e-01
54.24593 6.54667985e-01
54.43371 6.50384963e-01
54.62214 6.46129049e-01
54.81122 6.41900243e-01
55.00095 6.37698544e-01
55.19134 6.33523557e-01
55.38239 6.29375481e-01
55.57410 6.25253720e-01
55.76647 6.21158671e-01
55.95951 6.17089741e-01
56.15322 6.13046930e-01
56.34760 6.09030236e-01
56.54265 6.05039266e-01
56.73838 6.01074215e-01
56.93479 5.97134492e-01
57.13187 5.93220492e-01
57.32964 5.89331620e-01
57.52809 5.85467878e-01
57.72723 5.81629265e-01
57.92705 5.77815385e-01
58.12757 5.74026436e-01
58.32879 5.70262022e-01
58.53070 5.66521947e-01
58.73331 5.62806209e-01
58.93662 5.59114808e-01
59.14063 5.55447151e-01
59.34535 5.51803635e-01
59.55078 5.48183862e-01
59.75692 5.44587635e-01
59.96377 5.41014757e-01
60.17134 5.37465425e-01
60.37963 5.33939243e-01
60.58864 5.30436211e-01
60.79837 5.26955934e-01
61.00883 5.23498610e-01
61.22002 5.20063843e-01
61.43194 5.16651632e-01
61.64459 5.13261780e-01
61.85797 5.09894090e-01
62.07210 5.06548758e-01
62.28697 5.03225191e-01
62.50258 4.99923588e-01
62.71894 4.96643750e-01
62.93605 4.93385480e-01
63.15390 4.90148579e-01
63.37252 4.86933048e-01
63.59189 4.83738689e-01
63.81201 4.80565303e-01
64.03290 4.77413089e-01
64.25456 4.74281453e-01
64.47698 4.71170594e-01
64.70017 4.68080312e-01
64.92414 4.65010213e-01
65.14888 4.61960692e-01
65.37440 4.58931155e-01
65.60070 4.55921801e-01
65.82778 4.52932234e-01
66.05565 4.49962453e-01
66.28430 4.47012459e-01
66.51375 4.44081855e-01
66.74400 4.41170643e-01
66.97504 4.38278822e-01
67.20688 4.35406194e-01
67.43952 4.32552561e-01
67.67297 4.29717923e-01
67.90722 4.26901884e-01
68.14229 4.24104841e-01
68.37817 4.21326002e-01
68.61486 4.18565959e-01
68.85238 4.15823923e-01
69.09072 4.13100289e-01
69.32988 4.10394660e-01
69.56987 4.07707037e-01
69.81069 4.05037420e-01
70.05235 4.02385413e-01
70.29484 3.99751016e-01
70.53817 3.97134031e-01
70.78235 3.94534657e-01
71.02737 3.91952497e-01
71.27323 3.89387551e-01
71.51995 3.86839425e-01
71.76752 3.84308512e-01
72.01595 3.81794418e-01
72.26524 3.79296945e-01
72.51539 3.76816093e-01
72.76641 3.74351861e-01
73.01830 3.71904053e-01
73.27106 3.69472469e-01
73.52469 3.67057111e-01
73.77920 3.64657780e-01
74.03460 3.62274476e-01
74.29087 3.59907001e-01
74.54804 3.57555356e-01
74.80609 3.55219144e-01
75.06504 3.52898762e-01
75.32488 3.50593813e-01
75.58563 3.48304100e-01
75.84727 3.46029820e-01
76.10982 3.43770381e-01
76.37328 3.41526375e-01
76.63766 3.39297011e-01
76.90295 3.37082685e-01
77.16915 3.34883002e-01
77.43628 3.32697960e-01
77.70433 3.30527561e-01
77.97331 3.28371605e-01
78.24322 3.26230094e-01
78.51407 3.24102830e-01
78.78585 3.21989614e-01
79.05857 3.19890644e-01
79.33224 3.17805525e-01
79.60686 3.15734257e-01
79.88242 3.13676839e-01
80.15894 3.11633273e-01
80.43642 3.09603161e-01
80.71486 3.07586503e-01
80.99426 3.05583499e-01
81.27463 3.03593752e-01
81.55596 3.01617262e-01
81.83828 2.99653831e-01
82.12157 2.97703657e-01
82.40584 2.95766345e-01
82.69109 2.93841893e-01
82.97733 2.91930303e-01
83.26457 2.90031575e-01
83.55279 2.88145312e-01
83.84202 2.86271713e-01
84.13225 2.84410381e-01
84.42348 2.82561713e-01
84.71572 2.80725114e-01
85.00897 2.78900981e-01
85.30323 2.77088918e-01
85.59852 2.75288727e-01
85.89482 2.73500606e-01
86.19215 2.71724555e-01
86.49052 2.69960178e-01
86.78991 2.68207475e-01
87.09034 2.66466446e-01
87.39181 2.64737092e-01
87.69432 2.63019213e-01
87.99789 2.61312811e-01
88.30250 2.59617490e-01
88.60816 2.57933644e-01
88.91489 2.56261077e-01
89.22267 2.54599393e-01
89.53153 2.52948987e-01
89.84145 2.51309266e-01
90.15244 2.49680626e-01
90.46451 2.48062868e-01
90.77766 2.46455795e-01
91.09190 2.44859209e-01
91.40722 2.43273505e-01
91.72363 2.41698091e-01
92.04114 2.40133361e-01
92.35975 2.38578723e-01
92.67946 2.37034571e-01
93.00028 2.35500709e-01
93.32221 2.33976938e-01
93.64525 2.32463258e-01
93.96941 2.30959669e-01
94.29469 2.29466171e-01
94.62110 2.27982369e-01
94.94864 2.26508460e-01
95.27731 2.25044445e-01
95.60712 2.23589927e-01
95.93807 2.22145105e-01
96.27017 2.20709978e-01
96.60342 2.19284150e-01
96.93782 2.17868019e-01
97.27338 2.16460989e-01
97.61010 2.15063457e-01
97.94798 2.13675224e-01
98.28704 2.12295895e-01
98.62727 2.10925867e-01
98.96867 2.09564940e-01
99.31126 2.08213115e-01
99.65504 2.06869996e-01
100.00000 2.05535781e-01
