        2000  4.000000 3.700000
0.10000 5.48680005e-03
0.10035 1.74555916e-02
0.10069 2.47602619e-02
0.10104 1.72504577e-02
0.10139 3.48339115e-02
0.10174 2.55434581e-04
0.10210 1.12224710e-02
0.10245 2.42092283e-03
0.10280 8.93476592e-03
0.10316 5.87176976e-04
0.10352 1.59436118e-02
0.10387 1.87106395e-02
0.10423 2.99184960e-02
0.10459 4.37735061e-02
0.10496 5.04947781e-02
0.10532 4.85687061e-02
0.10568 2.63912021e-02
0.10605 1.20685140e-02
0.10642 2.06261877e-02
0.10679 2.26060133e-02
0.10716 4.27849253e-02
0.10753 4.05382853e-02
0.10790 7.42581712e-03
0.10827 1.00252595e-02
0.10865 4.81249824e-02
0.10902 2.28007221e-02
0.10940 4.22001675e-02
0.10978 2.10482048e-02
0.11016 1.74678223e-02
0.11054 2.09907611e-02
0.11092 1.23242086e-02
0.11131 3.76578896e-02
0.11169 3.57904651e-02
0.11208 3.60227659e-02
0.11247 1.81068844e-02
0.11286 1.26507993e-02
0.11325 2.05447680e-02
0.11364 2.78412075e-03
0.11403 1.85553481e-02
0.11443 1.07013354e-02
0.11482 2.83038752e-03
0.11522 1.72589154e-02
0.11562 1.32680342e-02
0.11602 3.43303563e-03
0.11642 3.33605813e-03
0.11682 4.90113051e-03
0.11723 1.25432171e-02
0.11763 2.00660176e-04
0.11804 1.18653790e-03
0.11845 2.02692315e-04
0.11886 2.83945893e-03
0.11927 1.97553163e-02
0.11968 6.50521765e-03
0.12010 6.27663659e-03
0.12051 8.17578640e-03
0.12093 5.96247600e-03
0.12135 5.47070555e-03
0.12177 9.54973157e-03
0.12219 9.75700459e-03
0.12262 9.81795296e-03
0.12304 2.30459285e-02
0.12347 2.00463435e-02
0.12389 1.53143947e-02
0.12432 3.68185915e-03
0.12475 8.17870693e-03
0.12518 1.66497869e-02
0.12562 2.20210384e-02
0.12605 2.21668283e-02
0.12649 2.20234459e-02
0.12693 2.24612496e-02
0.12737 2.26098811e-02
0.12781 2.27594795e-02
0.12825 2.29100251e-02
0.12869 2.30615376e-02
0.12914 2.32140368e-02
0.12959 1.94605299e-02
0.13003 1.74725603e-02
0.13048 1.75803793e-02
0.13094 1.86316786e-02
0.13139 2.13022123e-02
0.13184 1.14076052e-02
0.13230 1.14889736e-02
0.13276 1.24799777e-02
0.13322 1.16520163e-02
0.13368 2.20236629e-02
0.13414 2.22103600e-02
0.13461 1.85922553e-02
0.13507 1.87112513e-02
0.13554 2.17164939e-02
0.13601 1.71588023e-02
0.13648 1.72826684e-02
0.13695 1.74061951e-02
0.13743 1.75307283e-02
0.13790 1.76583358e-02
0.13838 1.77898289e-02
0.13886 1.48606918e-02
0.13934 6.88015099e-03
0.13982 6.84906112e-03
0.14031 6.80810459e-03
0.14079 1.64301569e-03
0.14128 2.03056000e-04
0.14177 2.02864192e-04
0.14226 2.00744043e-04
0.14275 1.97612165e-04
0.14324 1.95371287e-04
0.14374 3.09258432e-04
0.14424 5.75608112e-03
0.14474 1.99271344e-04
0.14524 1.99846373e-04
0.14574 1.98838789e-04
0.14625 4.51941088e-03
0.14675 4.71907472e-03
0.14726 4.41044933e-03
0.14777 4.07876357e-03
0.14828 2.19652325e-03
0.14879 1.74016190e-03
0.14931 1.39099556e-03
0.14983 8.75248517e-04
0.15034 2.05197264e-04
0.15087 2.03722592e-04
0.15139 1.99964379e-04
0.15191 1.44273952e-02
0.15244 2.22425845e-02
0.15297 2.24276832e-02
0.15349 2.26138080e-02
0.15403 2.50138747e-03
0.15456 1.95608166e-04
0.15509 7.51110656e-04
0.15563 8.20739723e-04
0.15617 1.96537666e-04
0.15671 1.96398072e-04
0.15725 1.95744188e-04
0.15780 2.09834992e-04
0.15834 3.18220917e-04
0.15889 2.04154357e-04
0.15944 2.03730880e-04
0.15999 1.99355803e-04
0.16055 2.01153509e-04
0.16110 4.40599947e-04
0.16166 1.97122364e-04
0.16222 1.07833037e-03
0.16278 1.45373138e-03
0.16335 1.28799940e-03
0.16391 1.12664073e-03
0.16448 9.60069291e-04
0.16505 7.94533264e-04
0.16562 6.39389600e-04
0.16619 5.06463696e-04
0.16677 1.11902859e-02
0.16734 1.16510001e-02
0.16792 4.54575883e-04
0.16851 4.02521520e-04
0.16909 4.54747563e-04
0.16967 5.70303003e-04
0.17026 6.69448005e-04
0.17085 7.37831109e-04
0.17144 8.96407387e-04
0.17204 9.37269003e-04
0.17263 9.39383035e-04
0.17323 7.23806432e-04
0.17383 1.23868521e-02
0.17443 1.25711417e-02
0.17503 1.26504125e-02
0.17564 1.27300523e-02
0.17625 1.38047493e-03
0.17686 7.19117200e-04
0.17747 7.92297675e-04
0.17808 8.48408224e-04
0.17870 8.76483824e-04
0.17932 8.73011349e-04
0.17994 6.11839696e-04
0.18056 4.59780352e-04
0.18119 4.80033067e-04
0.18182 5.00603093e-04
0.18244 5.19127760e-04
0.18308 8.10700389e-04
0.18371 7.64324491e-04
0.18435 7.11409952e-04
0.18498 6.69947456e-04
0.18562 6.38696171e-04
0.18627 6.15843195e-04
0.18691 1.04165340e-02
0.18756 1.42753222e-02
0.18821 1.43531209e-02
0.18886 1.14903332e-02
0.18951 5.70378779e-04
0.19017 5.68614619e-04
0.19083 5.67808907e-04
0.19149 5.67675312e-04
0.19215 5.68009200e-04
0.19282 5.68665531e-04
0.19348 5.69542480e-04
0.19415 5.70568811e-04
0.19483 5.71693808e-04
0.19550 5.72885109e-04
0.19618 5.63037189e-04
0.19686 5.06659648e-04
0.19754 1.10322870e-02
0.19822 1.51513954e-02
0.19891 1.52118287e-02
0.19960 5.01764795e-04
0.20029 5.58786629e-03
0.20098 1.54449978e-02
0.20168 9.25519579e-03
0.20237 9.22890704e-03
0.20307 9.21156341e-03
0.20378 9.19871504e-03
0.20448 9.18684149e-03
0.20519 3.33400587e-03
0.20590 2.00985579e-04
0.20661 6.02044069e-03
0.20733 9.11622773e-03
0.20805 1.56867765e-03
0.20877 2.03005285e-04
0.20949 2.02350336e-04
0.21021 2.03932555e-04
0.21094 2.79073536e-04
0.21167 1.99471243e-04
0.21240 2.02531883e-04
0.21314 2.00346416e-04
0.21388 1.98463659e-04
0.21462 1.97550795e-04
0.21536 1.97949013e-04
0.21611 4.59176512e-03
0.21685 7.57735728e-03
0.21760 7.30683893e-03
0.21836 7.00195696e-03
0.21911 6.61546187e-03
0.21987 7.67676197e-04
0.22063 1.99546427e-04
0.22140 1.97588288e-04
0.22216 1.97080253e-04
0.22293 1.97204968e-04
0.22370 1.97870277e-04
0.22448 2.50220640e-03
0.22526 9.66722779e-04
0.22604 2.25394133e-04
0.22682 2.49154251e-04
0.22760 2.02918064e-04
0.22839 8.51399797e-04
0.22918 1.28544413e-03
0.22998 2.01104373e-04
0.23077 2.43224187e-04
0.23157 4.12832779e-04
0.23237 4.56764507e-04
0.23318 4.85872555e-04
0.23398 3.99689589e-04
0.23479 3.28437259e-04
0.23561 2.66197931e-04
0.23642 2.06673712e-04
0.23724 2.22955291e-03
0.23806 1.34437714e-02
0.23889 1.50559729e-02
0.23971 2.84221568e-03
0.24054 2.60251093e-03
0.24137 2.28639280e-03
0.24221 4.07858992e-03
0.24305 2.46493803e-03
0.24389 2.37467973e-03
0.24473 2.65695323e-04
0.24558 2.58139824e-04
0.24643 1.75609657e-03
0.24728 1.56774624e-03
0.24814 6.87589845e-03
0.24900 1.37369752e-03
0.24986 1.83535372e-03
0.25073 1.70836045e-03
0.25159 2.15328752e-04
0.25246 2.18729792e-04
0.25334 4.11527024e-04
0.25422 6.18528507e-04
0.25510 2.11674533e-04
0.25598 2.60955771e-04
0.25687 8.65796843e-04
0.25775 2.20117637e-04
0.25865 2.20994981e-04
0.25954 2.23823952e-04
0.26044 3.09951664e-04
0.26134 2.25223835e-04
0.26225 2.26856176e-04
0.26315 9.17372277e-04
0.26406 2.25363744e-04
0.26498 3.67458741e-04
0.26590 9.09488021e-04
0.26682 3.50103275e-03
0.26774 5.04980341e-04
0.26867 2.46083152e-04
0.26960 2.86418085e-04
0.27053 2.81614597e-04
0.27147 2.76816635e-04
0.27241 1.51190841e-03
0.27335 2.31126075e-04
0.27430 2.49230421e-04
0.27525 4.96953611e-04
0.27620 2.30535653e-04
0.27715 2.29974240e-04
0.27811 2.29248448e-04
0.27908 2.28469376e-04
0.28004 2.27751477e-04
0.28101 7.99945920e-04
0.28198 3.03141493e-04
0.28296 2.38215669e-04
0.28394 2.38439445e-04
0.28492 1.47819756e-03
0.28591 2.87597941e-04
0.28690 2.37728256e-04
0.28789 7.72930197e-04
0.28889 2.40049685e-04
0.28989 2.51985392e-04
0.29089 2.57184731e-03
0.29190 7.19003141e-04
0.29291 2.74222688e-03
0.29392 1.55461430e-03
0.29494 2.54117579e-04
0.29596 1.95749615e-03
0.29699 2.48181989e-03
0.29801 2.37817845e-04
0.29905 2.53425333e-04
0.30008 2.49991339e-04
0.30112 3.32840555e-04
0.30216 2.18739659e-03
0.30321 3.42803125e-03
0.30426 3.66838128e-03
0.30531 3.66254811e-03
0.30637 3.65519941e-03
0.30743 3.95093696e-03
0.30849 1.70408996e-03
0.30956 2.55522987e-04
0.31063 2.55912720e-04
0.31171 2.56190368e-04
0.31279 2.56335013e-04
0.31387 2.56345669e-04
0.31496 2.56220363e-04
0.31605 4.84280469e-03
0.31714 4.86666821e-03
0.31824 5.46029227e-03
0.31934 4.45937616e-03
0.32044 4.46427792e-03
0.32155 4.77735317e-03
0.32267 4.78427365e-03
0.32378 4.37514640e-03
0.32490 5.02571888e-03
0.32603 4.98038352e-03
0.32716 4.61317776e-03
0.32829 4.38307328e-03
0.32943 4.49162240e-03
0.33057 4.76964533e-03
0.33171 4.20891477e-03
0.33286 2.61219408e-03
0.33401 2.52292837e-03
0.33517 2.24539483e-03
0.33633 2.14036219e-03
0.33749 1.64454561e-03
0.33866 6.86045317e-04
0.33983 2.75953696e-04
0.34101 2.76367109e-04
0.34219 2.74094224e-04
0.34337 2.73474203e-04
0.34456 2.73528864e-04
0.34576 2.94397653e-04
0.34695 2.94520789e-04
0.34815 2.94643728e-04
0.34936 2.94790939e-04
0.35057 2.94901840e-04
0.35178 2.94979589e-04
0.35300 2.95084965e-04
0.35422 2.95112592e-04
0.35545 2.95115355e-04
0.35668 2.95121669e-04
0.35791 2.95148704e-04
0.35915 2.95154821e-04
0.36039 2.95141797e-04
0.36164 2.95121275e-04
0.36289 2.95166069e-04
0.36415 2.95091872e-04
0.36541 2.95081413e-04
0.36668 2.95061483e-04
0.36795 2.95063061e-04
0.36922 2.95152256e-04
0.37050 2.95071349e-04
0.37178 2.95110619e-04
0.37307 2.95111605e-04
0.37436 2.95101936e-04
0.37565 2.95042341e-04
0.37695 2.95167056e-04
0.37826 2.95183040e-04
0.37957 3.19958635e-04
0.38088 3.20003429e-04
0.38220 3.20030464e-04
0.38352 3.20143339e-04
0.38485 3.20065787e-04
0.38618 3.20091045e-04
0.38752 3.20021781e-04
0.38886 3.20066379e-04
0.39021 3.20086901e-04
0.39156 3.20157941e-04
0.39291 3.36875627e-02
0.39427 3.31763707e-02
0.39564 3.28326160e-02
0.39701 3.26671915e-02
0.39838 3.16751573e-02
0.39976 3.27985957e-02
0.40115 3.23222725e-02
0.40253 3.24974059e-02
0.40393 3.05195733e-02
0.40533 3.34111381e-02
0.40673 3.36655600e-02
0.40814 3.05051483e-02
0.40955 3.21196309e-02
0.41097 2.97851579e-02
0.41239 3.14858555e-02
0.41382 3.26678427e-02
0.41525 2.91355760e-02
0.41669 3.05946192e-02
0.41813 3.10915440e-02
0.41958 2.82313552e-02
0.42103 3.10278448e-02
0.42249 2.79187595e-02
0.42395 2.66492944e-02
0.42542 2.97925579e-02
0.42689 2.67555387e-02
0.42837 2.77225115e-02
0.42985 2.95563696e-02
0.43134 2.84156645e-02
0.43283 2.87911504e-02
0.43433 2.75399189e-02
0.43583 2.60824149e-02
0.43734 2.58906859e-02
0.43886 2.52906149e-02
0.44037 2.90911365e-02
0.44190 2.47702469e-02
0.44343 2.57786597e-02
0.44496 2.43366267e-02
0.44650 2.50717328e-02
0.44805 2.68715312e-02
0.44960 2.43040469e-02
0.45116 2.59338229e-02
0.45272 2.45885819e-02
0.45429 2.20662080e-02
0.45586 2.48370245e-02
0.45744 2.29069467e-02
0.45902 2.56599243e-02
0.46061 2.30023968e-02
0.46220 2.51793387e-02
0.46380 2.16063819e-02
0.46541 2.29353429e-02
0.46702 2.39285216e-02
0.46864 2.31283941e-02
0.47026 2.25395515e-02
0.47189 2.05287051e-02
0.47352 2.09962864e-02
0.47516 2.27059232e-02
0.47680 2.09196027e-02
0.47845 2.03729696e-02
0.48011 2.18676315e-02
0.48177 1.97352475e-02
0.48344 2.08601461e-02
0.48511 2.06433755e-02
0.48679 2.11199157e-02
0.48848 2.19122485e-02
0.49017 2.12839787e-02
0.49186 1.98439189e-02
0.49357 2.05786896e-02
0.49528 2.18996587e-02
0.49699 2.10695760e-02
0.49871 2.00560917e-02
0.50044 1.94811334e-02
0.50217 2.01062539e-02
0.50391 1.76571854e-02
0.50565 2.00678923e-02
0.50740 1.91794345e-02
0.50916 1.90543981e-02
0.51092 1.85793556e-02
0.51269 2.05679547e-02
0.51446 1.87584633e-02
0.51625 1.85900097e-02
0.51803 1.88406052e-02
0.51983 1.78084335e-02
0.52163 1.80619299e-02
0.52343 1.83813099e-02
0.52524 1.75720361e-02
0.52706 1.73543241e-02
0.52889 1.74480673e-02
0.53072 1.60673260e-02
0.53255 1.80511377e-02
0.53440 1.64120752e-02
0.53625 1.81527841e-02
0.53810 1.89416675e-02
0.53997 1.68334628e-02
0.54183 1.59048161e-02
0.54371 1.80175180e-02
0.54559 1.65242217e-02
0.54748 1.53883849e-02
0.54938 1.72538597e-02
0.55128 1.66323841e-02
0.55319 1.68044982e-02
0.55510 1.72247965e-02
0.55702 1.53754575e-02
0.55895 1.41129781e-02
0.56089 1.49949121e-02
0.56283 1.47119361e-02
0.56478 1.53928012e-02
0.56673 1.41315432e-02
0.56869 1.46099996e-02
0.57066 1.45668803e-02
0.57264 1.62689533e-02
0.57462 1.33964765e-02
0.57661 1.54846776e-02
0.57860 1.60868383e-02
0.58061 1.46889467e-02
0.58262 1.42498583e-02
0.58463 1.47969630e-02
0.58666 1.58823615e-02
0.58869 1.37062997e-02
0.59073 1.62342660e-02
0.59277 1.39211957e-02
0.59482 1.55576988e-02
0.59688 1.40325608e-02
0.59895 1.40248944e-02
0.60102 1.64226621e-02
0.60310 1.43412750e-02
0.60519 1.34950682e-02
0.60728 1.47733047e-02
0.60939 1.38031332e-02
0.61150 1.30254859e-02
0.61361 1.50157406e-02
0.61574 1.26152931e-02
0.61787 1.34712994e-02
0.62001 1.30299496e-02
0.62215 1.24046634e-02
0.62431 1.39888377e-02
0.62647 1.26069972e-02
0.62864 1.28352586e-02
0.63081 1.16559097e-02
0.63300 1.38520600e-02
0.63519 1.27835987e-02
0.63739 1.37901052e-02
0.63959 1.15301847e-02
0.64181 1.52047326e-02
0.64403 1.23196187e-02
0.64626 1.20376885e-02
0.64849 1.34940480e-02
0.65074 1.13484269e-02
0.65299 1.14168660e-02
0.65525 1.44705244e-02
0.65752 1.21606805e-02
0.65980 1.18948251e-02
0.66208 1.19831199e-02
0.66437 1.30790422e-02
0.66667 1.15286889e-02
0.66898 1.18587703e-02
0.67130 1.24110235e-02
0.67362 1.34286202e-02
0.67595 1.24472045e-02
0.67829 1.14748682e-02
0.68064 1.25709365e-02
0.68299 1.49263091e-02
0.68536 1.06023135e-02
0.68773 1.12025305e-02
0.69011 1.01091657e-02
0.69250 1.26254123e-02
0.69490 1.15424115e-02
0.69730 1.11345452e-02
0.69972 9.88238821e-03
0.70214 1.16583507e-02
0.70457 1.19622085e-02
0.70701 1.30326570e-02
0.70946 9.91365765e-03
0.71191 1.10272057e-02
0.71438 1.09053682e-02
0.71685 1.25443636e-02
0.71933 1.08624699e-02
0.72182 1.01284787e-02
0.72432 1.03719821e-02
0.72683 1.00110732e-02
0.72934 9.73834080e-03
0.73187 1.06593487e-02
0.73440 9.67562432e-03
0.73694 9.75428731e-03
0.73949 1.10519217e-02
0.74205 1.32329148e-02
0.74462 9.24157584e-03
0.74720 9.58490229e-03
0.74979 1.12222342e-02
0.75238 1.00849075e-02
0.75499 9.47559344e-03
0.75760 1.25722981e-02
0.76022 9.85616261e-03
0.76285 1.11779111e-02
0.76549 9.99556875e-03
0.76814 9.09858613e-03
0.77080 1.20941890e-02
0.77347 9.55288891e-03
0.77615 8.84570939e-03
0.77884 1.38510122e-02
0.78153 9.96806443e-03
0.78424 8.86538352e-03
0.78695 9.45778805e-03
0.78968 9.38576731e-03
0.79241 1.21653356e-02
0.79515 9.02042437e-03
0.79790 9.17592501e-03
0.80067 1.02335863e-02
0.80344 1.09242411e-02
0.80622 1.50591539e-02
0.80901 8.64764000e-03
0.81181 9.13402325e-03
0.81462 1.16848546e-02
0.81744 8.77298613e-03
0.82027 1.20224307e-02
0.82311 1.03924929e-02
0.82596 9.03363387e-03
0.82882 9.82774464e-03
0.83169 1.01054538e-02
0.83457 9.64806869e-03
0.83745 1.10668954e-02
0.84035 8.75931093e-03
0.84326 8.81481093e-03
0.84618 8.81203840e-03
0.84911 8.69644251e-03
0.85205 1.06905531e-02
0.85500 1.14714011e-02
0.85796 9.37447787e-03
0.86093 9.30408907e-03
0.86391 9.08846688e-03
0.86690 9.17241840e-03
0.86990 1.21793305e-02
0.87291 8.97228096e-03
0.87593 9.30901451e-03
0.87897 8.56935195e-03
0.88201 9.19801845e-03
0.88506 9.68386101e-03
0.88813 8.40973691e-03
0.89120 8.73729840e-03
0.89428 8.91814848e-03
0.89738 9.15851824e-03
0.90049 9.38983435e-03
0.90360 8.57400704e-03
0.90673 9.90352261e-03
0.90987 7.84463147e-03
0.91302 8.20992507e-03
0.91618 8.81225349e-03
0.91935 9.89482416e-03
0.92253 8.18583659e-03
0.92573 1.29604449e-02
0.92893 7.93033728e-03
0.93215 9.07650848e-03
0.93537 1.04840023e-02
0.93861 1.05735087e-02
0.94186 8.22420016e-03
0.94512 9.03747792e-03
0.94839 9.98316635e-03
0.95168 9.31531733e-03
0.95497 8.26273344e-03
0.95828 8.92844533e-03
0.96159 9.48112272e-03
0.96492 7.83280133e-03
0.96826 7.91637003e-03
0.97161 9.47781936e-03
0.97498 9.27729120e-03
0.97835 1.06881298e-02
0.98174 8.26393520e-03
0.98514 7.85940384e-03
0.98855 1.21881414e-02
0.99197 8.10668027e-03
0.99540 8.19212955e-03
0.99885 1.17795509e-02
1.00231 8.00003936e-03
1.00578 7.82680043e-03
1.00926 7.75733120e-03
1.01275 7.71565835e-03
1.01626 8.82900117e-03
1.01978 8.02836261e-03
1.02330 8.86336283e-03
1.02685 9.09527488e-03
1.03040 1.02089670e-02
1.03397 9.14353077e-03
1.03755 7.69289003e-03
1.04114 9.41311376e-03
1.04474 9.54192112e-03
1.04836 8.25493680e-03
1.05199 8.93636037e-03
1.05563 7.95339371e-03
1.05928 8.33074635e-03
1.06295 7.94948256e-03
1.06663 7.89526720e-03
1.07032 8.25016725e-03
1.07403 1.31692748e-02
1.07775 8.38276144e-03
1.08148 9.79610224e-03
1.08522 9.16197947e-03
1.08898 8.05396464e-03
1.09275 1.10712781e-02
1.09653 8.81448928e-03
1.10032 8.45020011e-03
1.10413 8.63505013e-03
1.10796 8.20309141e-03
1.11179 8.75684821e-03
1.11564 1.33739134e-02
1.11950 8.56733520e-03
1.12338 9.85654544e-03
1.12726 8.40673547e-03
1.13117 9.61758859e-03
1.13508 1.08313445e-02
1.13901 1.01244925e-02
1.14295 9.34666373e-03
1.14691 1.27168684e-02
1.15088 8.30065696e-03
1.15487 8.08834405e-03
1.15886 8.93128101e-03
1.16287 8.74308027e-03
1.16690 7.94081371e-03
1.17094 7.95169072e-03
1.17499 1.05970190e-02
1.17906 1.42798076e-02
1.18314 8.43785296e-03
1.18724 7.91753824e-03
1.19135 8.29993669e-03
1.19547 9.01527200e-03
1.19961 8.68823936e-03
1.20376 1.21099757e-02
1.20793 9.97719504e-03
1.21211 1.18698743e-02
1.21630 1.30915373e-02
1.22052 9.05213584e-03
1.22474 8.84208635e-03
1.22898 7.92236304e-03
1.23323 1.08258310e-02
1.23750 9.95289541e-03
1.24179 9.93046651e-03
1.24609 1.06280359e-02
1.25040 1.19380293e-02
1.25473 9.10925595e-03
1.25907 9.71083253e-03
1.26343 8.94949488e-03
1.26780 9.45166283e-03
1.27219 1.21644219e-02
1.27659 1.19627986e-02
1.28101 1.05134681e-02
1.28545 9.12329227e-03
1.28990 1.39022517e-02
1.29436 1.09967098e-02
1.29884 9.83789152e-03
1.30334 8.90717675e-03
1.30785 1.23337201e-02
1.31238 1.52280555e-02
1.31692 1.18169791e-02
1.32148 9.24475883e-03
1.32605 1.22061342e-02
1.33064 9.46599120e-03
1.33525 9.26628789e-03
1.33987 1.02121875e-02
1.34451 1.75719334e-02
1.34916 1.19073282e-02
1.35383 1.30625353e-02
1.35852 1.10752998e-02
1.36322 1.01144167e-02
1.36794 1.14231629e-02
1.37268 1.02165683e-02
1.37743 1.09003835e-02
1.38220 9.31292565e-03
1.38698 1.02041955e-02
1.39178 1.12490182e-02
1.39660 1.18215039e-02
1.40144 9.66568464e-03
1.40629 1.16565649e-02
1.41115 1.03892034e-02
1.41604 1.11213890e-02
1.42094 1.20160924e-02
1.42586 1.19959920e-02
1.43080 1.09424037e-02
1.43575 9.59964704e-03
1.44072 1.14662665e-02
1.44571 1.21359290e-02
1.45071 1.12884632e-02
1.45573 1.28233298e-02
1.46077 1.05213338e-02
1.46583 1.05404771e-02
1.47090 1.11581679e-02
1.47599 1.32726953e-02
1.48110 1.27445898e-02
1.48623 1.58829397e-02
1.49137 1.14742012e-02
1.49654 1.41795347e-02
1.50172 1.20369209e-02
1.50692 1.13248534e-02
1.51213 1.31265344e-02
1.51737 1.24213499e-02
1.52262 1.23937193e-02
1.52789 1.11220342e-02
1.53318 1.37731543e-02
1.53849 1.33999338e-02
1.54381 1.17979522e-02
1.54916 1.20252230e-02
1.55452 1.41912168e-02
1.55990 1.19045576e-02
1.56530 1.27266937e-02
1.57072 1.27507742e-02
1.57615 1.56316455e-02
1.58161 1.67947657e-02
1.58709 1.21578113e-02
1.59258 1.61279468e-02
1.59809 1.22147123e-02
1.60362 1.29881998e-02
1.60918 1.22649475e-02
1.61475 1.31418396e-02
1.62034 1.35350183e-02
1.62594 1.40834195e-02
1.63157 1.45092057e-02
1.63722 1.30124047e-02
1.64289 1.71324563e-02
1.64857 1.41085874e-02
1.65428 1.38548740e-02
1.66001 1.31431992e-02
1.66575 1.37848858e-02
1.67152 1.51216001e-02
1.67731 1.41490092e-02
1.68311 1.30082311e-02
1.68894 1.27886011e-02
1.69478 1.34754276e-02
1.70065 1.82841726e-02
1.70654 1.85466082e-02
1.71245 1.76420401e-02
1.71837 1.37485488e-02
1.72432 1.35124513e-02
1.73029 1.36763583e-02
1.73628 1.40534426e-02
1.74229 1.45657752e-02
1.74832 1.72792822e-02
1.75437 1.94285915e-02
1.76045 2.06562613e-02
1.76654 1.48500950e-02
1.77266 1.57555590e-02
1.77879 1.47407507e-02
1.78495 1.55189505e-02
1.79113 1.77625219e-02
1.79733 1.49801180e-02
1.80355 1.71748119e-02
1.80979 1.71039949e-02
1.81606 1.66152082e-02
1.82234 2.10444160e-02
1.82865 2.26323968e-02
1.83498 1.95908054e-02
1.84133 1.53410623e-02
1.84771 1.53140001e-02
1.85410 1.52847434e-02
1.86052 2.29136560e-02
1.86696 2.47706811e-02
1.87342 1.94331874e-02
1.87991 2.08796624e-02
1.88642 1.74433649e-02
1.89295 2.00562693e-02
1.89950 1.94843006e-02
1.90607 1.74927140e-02
1.91267 3.34112368e-02
1.91929 1.98054587e-02
1.92594 1.80994666e-02
1.93260 2.71454101e-02
1.93929 1.64589971e-02
1.94601 2.00548880e-02
1.95274 1.64032801e-02
1.95950 2.55086880e-02
1.96629 2.16817237e-02
1.97309 2.69436565e-02
1.97992 1.80475581e-02
1.98678 1.80357339e-02
1.99365 2.95347813e-02
2.00055 2.02762763e-02
2.00748 2.03662405e-02
2.01443 2.39823344e-02
2.02140 2.12310341e-02
2.02840 3.18582432e-02
2.03542 2.42235349e-02
2.04247 1.79622371e-02
2.04954 2.34228549e-02
2.05663 2.91127840e-02
2.06375 2.56921488e-02
2.07090 2.78099696e-02
2.07806 2.30240837e-02
2.08526 2.73951947e-02
2.09247 2.91001547e-02
2.09972 1.95477019e-02
2.10699 2.41514688e-02
2.11428 2.44348987e-02
2.12160 3.61475595e-02
2.12894 2.27914475e-02
2.13631 2.08445371e-02
2.14371 2.83861040e-02
2.15113 4.04321595e-02
2.15857 2.80975237e-02
2.16605 3.28348459e-02
2.17354 2.49146949e-02
2.18107 2.59973248e-02
2.18862 3.65369573e-02
2.19619 2.89980741e-02
2.20380 2.20136779e-02
2.21143 2.82079120e-02
2.21908 2.60078229e-02
2.22676 3.08795685e-02
2.23447 3.25714256e-02
2.24220 4.22068768e-02
2.24997 3.74912811e-02
2.25775 2.54197696e-02
2.26557 3.05396224e-02
2.27341 3.97870768e-02
2.28128 2.66313765e-02
2.28918 3.17908539e-02
2.29710 3.20609440e-02
2.30505 3.02942384e-02
2.31303 4.30764853e-02
2.32104 2.84351611e-02
2.32908 2.56021253e-02
2.33714 2.87425669e-02
2.34523 4.97429776e-02
2.35335 3.37541627e-02
2.36149 5.38628043e-02
2.36967 3.71746203e-02
2.37787 3.06535627e-02
2.38610 2.84335824e-02
2.39436 3.85288400e-02
2.40265 3.24161440e-02
2.41097 2.91645445e-02
2.41931 3.72958619e-02
2.42769 3.54452107e-02
2.43609 3.03610555e-02
2.44452 5.04633232e-02
2.45298 4.36947701e-02
2.46148 4.75795925e-02
2.47000 3.31780283e-02
2.47855 3.55587365e-02
2.48713 5.36127632e-02
2.49574 3.39323349e-02
2.50438 3.00115584e-02
2.51304 3.47211552e-02
2.52174 3.89894752e-02
2.53047 4.16047339e-02
2.53923 3.60222725e-02
2.54802 3.94357051e-02
2.55684 5.69517024e-02
2.56569 5.43026405e-02
2.57457 3.91039483e-02
2.58349 4.30977184e-02
2.59243 4.53442203e-02
2.60140 3.63389531e-02
2.61041 3.69231387e-02
2.61944 4.13215013e-02
2.62851 4.76230256e-02
2.63761 4.07193584e-02
2.64674 3.95655701e-02
2.65590 3.81937285e-02
2.66510 4.12526123e-02
2.67432 5.56563669e-02
2.68358 6.48568363e-02
2.69287 5.71619019e-02
2.70219 4.60156864e-02
2.71154 4.10063797e-02
2.72093 4.08307925e-02
2.73035 5.02509728e-02
2.73980 4.50204752e-02
2.74928 4.40936400e-02
2.75880 4.67767419e-02
2.76835 4.63908368e-02
2.77793 4.87195280e-02
2.78755 5.00928496e-02
2.79720 5.33023579e-02
2.80688 5.58145888e-02
2.81660 5.40028715e-02
2.82635 4.99656288e-02
2.83613 5.25920960e-02
2.84595 5.32726000e-02
2.85580 5.57608155e-02
2.86569 5.33508032e-02
2.87561 5.22929387e-02
2.88556 5.54574944e-02
2.89555 5.32815392e-02
2.90557 4.73656240e-02
2.91563 4.56506000e-02
2.92572 4.84024528e-02
2.93585 5.55900827e-02
2.94601 6.58376027e-02
2.95621 7.66847397e-02
2.96644 6.41366880e-02
2.97671 5.30891787e-02
2.98702 5.12901696e-02
2.99736 5.54778395e-02
3.00773 6.01768592e-02
3.01814 5.51887067e-02
3.02859 5.22801515e-02
3.03907 5.35802032e-02
3.04960 5.99260485e-02
3.06015 6.27830405e-02
3.07074 6.62793925e-02
3.08137 6.56468603e-02
3.09204 6.57490987e-02
3.10274 6.33164720e-02
3.11348 6.16711461e-02
3.12426 6.26521099e-02
3.13508 6.34568747e-02
3.14593 6.35025179e-02
3.15682 6.70382773e-02
3.16775 6.80590037e-02
3.17871 7.00179120e-02
3.18972 6.89199493e-02
3.20076 6.34920197e-02
3.21184 5.93837963e-02
3.22295 5.87145205e-02
3.23411 6.06813419e-02
3.24531 6.50834736e-02
3.25654 7.15188688e-02
3.26781 7.83974352e-02
3.27912 8.02006869e-02
3.29047 7.36065568e-02
3.30187 6.93718229e-02
3.31330 6.90951221e-02
3.32476 7.03758352e-02
3.33627 7.13452155e-02
3.34782 7.06265275e-02
3.35941 6.97583792e-02
3.37104 7.18807189e-02
3.38271 7.64134064e-02
3.39442 7.94519253e-02
3.40617 7.84158661e-02
3.41796 7.69723136e-02
3.42979 7.73561072e-02
3.44166 7.68603269e-02
3.45358 7.56245467e-02
3.46553 7.57247525e-02
3.47753 7.68592416e-02
3.48957 7.85234128e-02
3.50164 8.08732779e-02
3.51377 8.28907152e-02
3.52593 8.42066128e-02
3.53814 8.53406677e-02
3.55038 8.41001317e-02
3.56267 8.04930165e-02
3.57500 7.75264059e-02
3.58738 7.66145483e-02
3.59980 7.78447835e-02
3.61226 8.09256896e-02
3.62476 8.52548277e-02
3.63731 8.95717115e-02
3.64990 9.19911957e-02
3.66254 9.18609360e-02
3.67521 8.99332459e-02
3.68794 8.82040336e-02
3.70070 8.78892672e-02
3.71351 8.87290389e-02
3.72637 9.04182123e-02
3.73927 9.23055675e-02
3.75221 9.34074768e-02
3.76520 9.41462336e-02
3.77823 9.46781456e-02
3.79131 9.48062544e-02
3.80443 9.44712416e-02
3.81760 9.43720816e-02
3.83082 9.46346928e-02
3.84408 9.54070357e-02
3.85739 9.60252416e-02
3.87074 9.60372197e-02
3.88414 9.66429739e-02
3.89758 9.78456021e-02
3.91107 9.89671067e-02
3.92461 9.98699067e-02
3.93820 1.00661312e-01
3.95183 1.01569539e-01
3.96551 1.02787441e-01
3.97924 1.03726057e-01
3.99301 1.03665850e-01
4.00683 1.03256758e-01
4.02070 1.02988977e-01
4.03462 1.03305658e-01
4.04859 1.04567644e-01
4.06260 1.06689017e-01
4.07667 1.08853092e-01
4.09078 1.11021351e-01
4.10494 1.12644221e-01
4.11915 1.13076874e-01
4.13341 1.12832852e-01
4.14771 1.12619120e-01
4.16207 1.12902333e-01
4.17648 1.13773500e-01
4.19094 1.14941378e-01
4.20545 1.16321054e-01
4.22000 1.17568102e-01
4.23461 1.18536397e-01
4.24927 1.19038531e-01
4.26398 1.19206284e-01
4.27874 1.19312292e-01
4.29355 1.19602766e-01
4.30841 1.20156701e-01
4.32332 1.20922749e-01
4.33829 1.21713720e-01
4.35331 1.22487148e-01
4.36838 1.23178861e-01
4.38350 1.23829015e-01
4.39867 1.24644120e-01
4.41390 1.25704195e-01
4.42918 1.26662051e-01
4.44451 1.27547979e-01
4.45990 1.28689197e-01
4.47533 1.29872151e-01
4.49083 1.31161961e-01
4.50637 1.32387737e-01
4.52197 1.33554351e-01
4.53762 1.34691307e-01
4.55333 1.35814529e-01
4.56909 1.37028503e-01
4.58491 1.38310993e-01
4.60078 1.39729109e-01
4.61670 1.41111093e-01
4.63269 1.42433187e-01
4.64872 1.43767654e-01
4.66481 1.44977406e-01
4.68096 1.45962869e-01
4.69717 1.46809291e-01
4.71343 1.47630474e-01
4.72974 1.48421761e-01
4.74611 1.49237280e-01
4.76254 1.50094082e-01
4.77903 1.50984390e-01
4.79557 1.51948383e-01
4.81217 1.52903477e-01
4.82883 1.53884164e-01
4.84555 1.54807921e-01
4.86232 1.55555203e-01
4.87915 1.56355113e-01
4.89604 1.57324789e-01
4.91299 1.58274989e-01
4.92999 1.59166580e-01
4.94706 1.60184031e-01
4.96418 1.61314179e-01
4.98137 1.62423153e-01
4.99861 1.63525397e-01
5.01591 1.64694696e-01
5.03328 1.65930082e-01
5.05070 1.67097861e-01
5.06818 1.68292339e-01
5.08573 1.69677027e-01
5.10333 1.71139070e-01
5.12100 1.72588898e-01
5.13873 1.74074837e-01
5.15651 1.75642394e-01
5.17436 1.77259008e-01
5.19228 1.78951378e-01
5.21025 1.80678795e-01
5.22828 1.82357884e-01
5.24638 1.84039618e-01
5.26454 1.85838410e-01
5.28277 1.87626309e-01
5.30105 1.89316529e-01
5.31940 1.90971899e-01
5.33782 1.92609114e-01
5.35629 1.94205758e-01
5.37484 1.95769427e-01
5.39344 1.97289131e-01
5.41211 1.98774656e-01
5.43084 2.00225056e-01
5.44965 2.01716107e-01
5.46851 2.03209920e-01
5.48744 2.04571323e-01
5.50643 2.05860896e-01
5.52550 2.07241045e-01
5.54462 2.08697563e-01
5.56381 2.10115205e-01
5.58308 2.11484501e-01
5.60240 2.12885173e-01
5.62179 2.14349781e-01
5.64125 2.15830571e-01
5.66078 2.17319253e-01
5.68038 2.18833589e-01
5.70004 2.20355029e-01
5.71977 2.21907451e-01
5.73957 2.23597413e-01
5.75944 2.25350917e-01
5.77938 2.27077584e-01
5.79938 2.28802277e-01
5.81946 2.30614389e-01
5.83960 2.32542533e-01
5.85982 2.34513499e-01
5.88010 2.36496699e-01
5.90045 2.38531008e-01
5.92088 2.40635568e-01
5.94137 2.42793013e-01
5.96194 2.45010645e-01
5.98258 2.47281557e-01
6.00329 2.49621733e-01
6.02407 2.52049131e-01
6.04492 2.54512245e-01
6.06585 2.57001605e-01
6.08684 2.59514843e-01
6.10791 2.61990784e-01
6.12906 2.64455675e-01
6.15027 2.66967531e-01
6.17156 2.69548059e-01
6.19293 2.72124245e-01
6.21436 2.74721941e-01
6.23588 2.77306811e-01
6.25746 2.79889312e-01
6.27912 2.82461947e-01
6.30086 2.85018795e-01
6.32267 2.87563211e-01
6.34455 2.90090261e-01
6.36652 2.92599552e-01
6.38856 2.95093845e-01
6.41067 2.97633920e-01
6.43286 3.00259637e-01
6.45513 3.02880619e-01
6.47747 3.05417733e-01
6.49990 3.07948533e-01
6.52240 3.10535179e-01
6.54497 3.13197008e-01
6.56763 3.15873243e-01
6.59037 3.18559147e-01
6.61318 3.21267349e-01
6.63607 3.24034357e-01
6.65904 3.26878917e-01
6.68209 3.29761168e-01
6.70522 3.32733008e-01
6.72843 3.35759312e-01
6.75172 3.38832581e-01
6.77510 3.41950645e-01
6.79855 3.45126923e-01
6.82208 3.48439163e-01
6.84570 3.51848885e-01
6.86939 3.55329056e-01
6.89317 3.58907499e-01
6.91704 3.62557376e-01
6.94098 3.66322299e-01
6.96500 3.70214896e-01
6.98911 3.74179915e-01
7.01331 3.78264320e-01
7.03759 3.82432789e-01
7.06195 3.86678613e-01
7.08639 3.91091381e-01
7.11092 3.95567493e-01
7.13554 4.00130629e-01
7.16024 4.04796181e-01
7.18502 4.09513829e-01
7.20990 4.14350075e-01
7.23485 4.19272160e-01
7.25990 4.24235291e-01
7.28503 4.29356288e-01
7.31025 4.34531355e-01
7.33555 4.39744704e-01
7.36094 4.45065205e-01
7.38642 4.50413925e-01
7.41199 4.55822832e-01
7.43765 4.61359216e-01
7.46340 4.66921845e-01
7.48923 4.72578800e-01
7.51516 4.78365403e-01
7.54117 4.84182197e-01
7.56727 4.90097264e-01
7.59347 4.96107643e-01
7.61975 5.02155712e-01
7.64613 5.08370923e-01
7.67260 5.14710059e-01
7.69916 5.21099712e-01
7.72581 5.27658677e-01
7.75255 5.34331307e-01
7.77939 5.41068464e-01
7.80632 5.48123525e-01
7.83334 5.55354411e-01
7.86046 5.62669163e-01
7.88767 5.70280901e-01
7.91497 5.78069648e-01
7.94237 5.85959824e-01
7.96986 5.94147381e-01
7.99745 6.02532667e-01
8.02513 6.11034971e-01
8.05291 6.19888133e-01
8.08079 6.29002171e-01
8.10876 6.38249013e-01
8.13683 6.47849280e-01
8.16500 6.57775936e-01
8.19326 6.67849803e-01
8.22162 6.78248283e-01
8.25008 6.89047744e-01
8.27864 7.00006651e-01
8.30730 7.11266096e-01
8.33605 7.23094453e-01
8.36491 7.35096069e-01
8.39386 7.47308832e-01
8.42292 7.60242848e-01
8.45208 7.73364331e-01
8.48133 7.86672491e-01
8.51069 8.00713152e-01
8.54016 8.15062837e-01
8.56972 8.29615381e-01
8.59938 8.44865301e-01
8.62915 8.60709392e-01
8.65902 8.76778837e-01
8.68899 8.93367269e-01
8.71907 9.11009264e-01
8.74925 9.28905621e-01
8.77954 9.47055947e-01
8.80993 9.66405072e-01
8.84043 9.86109989e-01
8.87103 1.00609295e+00
8.90174 1.02695759e+00
8.93255 1.04862677e+00
8.96347 1.07059411e+00
8.99450 1.09300289e+00
9.02563 1.11677130e+00
9.05688 1.14084971e+00
9.08823 1.16523103e+00
9.11969 1.19067934e+00
9.15126 1.21682581e+00
9.18294 1.24326433e+00
9.21472 1.27013778e+00
9.24662 1.29812102e+00
9.27863 1.32635824e+00
9.31075 1.35483048e+00
9.34298 1.38392353e+00
9.37532 1.41346295e+00
9.40777 1.44316201e+00
9.44034 1.47314227e+00
9.47302 1.51090457e+00
9.50581 1.54872785e+00
9.53871 1.58655309e+00
9.57173 1.62021934e+00
9.60487 1.64721158e+00
9.63811 1.67413002e+00
9.67148 1.70095196e+00
9.70495 1.72383276e+00
9.73855 1.74499834e+00
9.77226 1.76607847e+00
9.80609 1.78706132e+00
9.84003 1.80369850e+00
9.87409 1.82015235e+00
9.90827 1.83654305e+00
9.94257 1.85197116e+00
9.97699 1.86362212e+00
10.01153 1.87525058e+00
10.04618 1.88685279e+00
10.08096 1.89710623e+00
10.11585 1.90504692e+00
10.15087 1.91298031e+00
10.18601 1.92090502e+00
10.22127 1.92788628e+00
10.25665 1.93387515e+00
10.29215 1.93986501e+00
10.32778 1.94585467e+00
10.36353 1.95087680e+00
10.39941 1.95512262e+00
10.43540 1.95937555e+00
10.47153 1.96363499e+00
10.50777 1.96578829e+00
10.54415 1.96633629e+00
10.58065 1.96690007e+00
10.61727 1.96748043e+00
10.65403 1.96694565e+00
10.69091 1.96539974e+00
10.72791 1.96387179e+00
10.76505 1.96236259e+00
10.80231 1.95957052e+00
10.83971 1.95502672e+00
10.87723 1.95049614e+00
10.91488 1.94598037e+00
10.95266 1.94056673e+00
10.99058 1.93263373e+00
11.02862 1.92469501e+00
11.06680 1.91675274e+00
11.10511 1.90878461e+00
11.14355 1.90032316e+00
11.18212 1.89185637e+00
11.22083 1.88338623e+00
11.25967 1.87491393e+00
11.29865 1.86560611e+00
11.33776 1.85603465e+00
11.37701 1.84645530e+00
11.41639 1.83686905e+00
11.45591 1.82609938e+00
11.49556 1.81368494e+00
11.53536 1.80124821e+00
11.57529 1.78879095e+00
11.61536 1.77629778e+00
11.65556 1.76163374e+00
11.69591 1.74693260e+00
11.73640 1.73219674e+00
11.77702 1.71742811e+00
11.81779 1.69937211e+00
11.85870 1.67834940e+00
11.89975 1.65727164e+00
11.94094 1.63614572e+00
11.98227 1.61497837e+00
12.02375 1.58378983e+00
12.06537 1.55227471e+00
12.10714 1.52068816e+00
12.14905 1.48905188e+00
12.19110 1.45514449e+00
12.23330 1.41705639e+00
12.27565 1.37890317e+00
12.31814 1.34074818e+00
12.36078 1.30266048e+00
12.40357 1.27028242e+00
12.44651 1.24095395e+00
12.48959 1.21177921e+00
12.53283 1.18281107e+00
12.57621 1.15409926e+00
12.61974 1.13058759e+00
12.66343 1.10800871e+00
12.70726 1.08570985e+00
12.75125 1.06371231e+00
12.79539 1.04221422e+00
12.83968 1.02873241e+00
12.88413 1.01546451e+00
12.92873 1.00240518e+00
12.97348 9.89546549e-01
13.01839 9.78108517e-01
13.06345 9.80222352e-01
13.10867 9.82407621e-01
13.15405 9.84656037e-01
13.19959 9.86960101e-01
13.24528 9.89301264e-01
13.29113 9.91491072e-01
13.33713 9.93713835e-01
13.38330 9.95965803e-01
13.42963 9.98244016e-01
13.47612 1.00054611e+00
13.52277 1.00748435e+00
13.56958 1.01474148e+00
13.61655 1.02205268e+00
13.66368 1.02941814e+00
13.71098 1.03683926e+00
13.75844 1.04324075e+00
13.80607 1.04930915e+00
13.85386 1.05542273e+00
13.90182 1.06158269e+00
13.94994 1.06779060e+00
13.99823 1.07607741e+00
14.04668 1.08705053e+00
14.09531 1.09813257e+00
14.14410 1.10932571e+00
14.19306 1.12063193e+00
14.24219 1.13207055e+00
14.29149 1.14405658e+00
14.34096 1.15616238e+00
14.39060 1.16838935e+00
14.44042 1.18073867e+00
14.49041 1.19321152e+00
14.54057 1.20567332e+00
14.59090 1.21813196e+00
14.64141 1.23070091e+00
14.69209 1.24337977e+00
14.74295 1.25616914e+00
14.79398 1.26906823e+00
14.84519 1.28360874e+00
14.89658 1.29839098e+00
14.94814 1.31329398e+00
14.99989 1.32831638e+00
15.05181 1.34345678e+00
15.10392 1.35878642e+00
15.15620 1.37450876e+00
15.20866 1.39034180e+00
15.26131 1.40628377e+00
15.31414 1.42233229e+00
15.36715 1.43848482e+00
15.42034 1.45474883e+00
15.47372 1.47111961e+00
15.52729 1.48757523e+00
15.58103 1.50411295e+00
15.63497 1.52073078e+00
15.68909 1.53742597e+00
15.74340 1.55430962e+00
15.79790 1.57142473e+00
15.85258 1.58860852e+00
15.90746 1.60585881e+00
15.96252 1.62317303e+00
16.01778 1.64054823e+00
16.07323 1.65694919e+00
16.12886 1.67135236e+00
16.18470 1.68580308e+00
16.24072 1.70030017e+00
16.29694 1.71484206e+00
16.35335 1.72942736e+00
16.40996 1.74387453e+00
16.46677 1.75708876e+00
16.52377 1.77034009e+00
16.58097 1.78362753e+00
16.63836 1.79694950e+00
16.69596 1.81030502e+00
16.75375 1.82369251e+00
16.81175 1.83323081e+00
16.86994 1.84167609e+00
16.92834 1.85014445e+00
16.98694 1.85863570e+00
17.04574 1.86714945e+00
17.10474 1.87568510e+00
17.16395 1.88429377e+00
17.22337 1.89305103e+00
17.28299 1.90182901e+00
17.34281 1.91062751e+00
17.40285 1.91944594e+00
17.46309 1.92828391e+00
17.52354 1.93714102e+00
17.58420 1.94437486e+00
17.64507 1.95073531e+00
17.70615 1.95711510e+00
17.76744 1.96351403e+00
17.82894 1.96993170e+00
17.89066 1.97636832e+00
17.95259 1.98282309e+00
18.01473 1.98799520e+00
18.07709 1.99295813e+00
18.13967 1.99793488e+00
18.20246 2.00292741e+00
18.26547 2.00793179e+00
18.32870 2.01295195e+00
18.39214 2.01798789e+00
18.45581 2.02130309e+00
18.51969 2.02442885e+00
18.58380 2.02756448e+00
18.64813 2.03071195e+00
18.71268 2.03386928e+00
18.77746 2.03703845e+00
18.84246 2.04021947e+00
18.90768 2.04295253e+00
18.97313 2.04555339e+00
19.03881 2.04816213e+00
19.10472 2.05077680e+00
19.17085 2.05340133e+00
19.23721 2.05603179e+00
19.30380 2.05866816e+00
19.37062 2.06165776e+00
19.43768 2.06506176e+00
19.50496 2.06847365e+00
19.57248 2.07189541e+00
19.64023 2.07532507e+00
19.70822 2.07876261e+00
19.77644 2.08220805e+00
19.84490 2.08566139e+00
19.91359 2.08938507e+00
19.98252 2.09313045e+00
20.05169 2.09688373e+00
20.12110 2.10064491e+00
20.19076 2.10441595e+00
20.26065 2.10819291e+00
20.33078 2.11197973e+00
20.40116 2.11576853e+00
20.47178 2.11954352e+00
20.54264 2.12332837e+00
20.61375 2.12711915e+00
20.68511 2.13091979e+00
20.75671 2.13472832e+00
20.82856 2.13854277e+00
20.90066 2.14236709e+00
20.97301 2.14658411e+00
21.04561 2.15153125e+00
21.11846 2.15648629e+00
21.19157 2.16145120e+00
21.26492 2.16642597e+00
21.33853 2.17141061e+00
21.41240 2.17640315e+00
21.48652 2.18140357e+00
21.56090 2.18640400e+00
21.63553 2.19137877e+00
21.71043 2.19636736e+00
21.78558 2.20136976e+00
21.86099 2.20638400e+00
21.93666 2.21141008e+00
22.01260 2.21644603e+00
22.08880 2.22149579e+00
22.16526 2.22655541e+00
22.24199 2.22920165e+00
22.31898 2.23144139e+00
22.39624 2.23369493e+00
22.47377 2.23595835e+00
22.55156 2.23823163e+00
22.62962 2.24051675e+00
22.70796 2.24281371e+00
22.78656 2.24512053e+00
22.86544 2.24692021e+00
22.94459 2.24706624e+00
23.02402 2.24721227e+00
23.10372 2.24735829e+00
23.18369 2.24750629e+00
23.26394 2.24765429e+00
23.34447 2.24780032e+00
23.42528 2.24794635e+00
23.50637 2.24809040e+00
23.58774 2.24705835e+00
23.66939 2.24389904e+00
23.75133 2.24071803e+00
23.83354 2.23751136e+00
23.91604 2.23428101e+00
23.99883 2.23102501e+00
24.08191 2.22774533e+00
24.16527 2.22443803e+00
24.24892 2.22110309e+00
24.33286 2.21726101e+00
24.41709 2.21142389e+00
24.50161 2.20552363e+00
24.58642 2.19955824e+00
24.67153 2.19352971e+00
24.75693 2.18743408e+00
24.84263 2.18127333e+00
24.92863 2.17504549e+00
25.01492 2.16874859e+00
25.10151 2.16238459e+00
25.18840 2.15447744e+00
25.27559 2.14595264e+00
25.36309 2.13733312e+00
25.45088 2.12862085e+00
25.53898 2.11981189e+00
25.62739 2.11091019e+00
25.71610 2.10191179e+00
25.80512 2.09282064e+00
25.89444 2.08363280e+00
25.98408 2.07435221e+00
26.07403 2.06400800e+00
26.16428 2.05351579e+00
26.25485 2.04291899e+00
26.34574 2.03221957e+00
26.43694 2.02141952e+00
26.52845 2.01051685e+00
26.62028 1.99951749e+00
26.71243 1.98841947e+00
26.80489 1.97722475e+00
26.89768 1.96593748e+00
26.99079 1.95370301e+00
27.08422 1.94120569e+00
27.17798 1.92861681e+00
27.27205 1.91593953e+00
27.36646 1.90317699e+00
27.46119 1.89033237e+00
27.55625 1.87740921e+00
27.65164 1.86441066e+00
27.74736 1.85134009e+00
27.84341 1.83820124e+00
27.93979 1.82496412e+00
28.03650 1.81160505e+00
28.13355 1.79819250e+00
28.23094 1.78473062e+00
28.32867 1.77122335e+00
28.42673 1.75767464e+00
28.52513 1.74408863e+00
28.62387 1.73046928e+00
28.72295 1.71682072e+00
28.82238 1.70314670e+00
28.92215 1.68945138e+00
29.02227 1.67577815e+00
29.12273 1.66214005e+00
29.22354 1.64849662e+00
29.32470 1.63485181e+00
29.42621 1.62120917e+00
29.52807 1.60757265e+00
29.63029 1.59394579e+00
29.73286 1.58033236e+00
29.83578 1.56673570e+00
29.93906 1.55315916e+00
30.04269 1.53960651e+00
30.14669 1.52610121e+00
30.25104 1.51274017e+00
30.35576 1.49941602e+00
30.46084 1.48613134e+00
30.56628 1.47288909e+00
30.67209 1.45969223e+00
30.77826 1.44654312e+00
30.88481 1.43344453e+00
30.99172 1.42039882e+00
31.09900 1.40740857e+00
31.20665 1.39447573e+00
31.31467 1.38160289e+00
31.42307 1.36893922e+00
31.53184 1.35657550e+00
31.64099 1.34427749e+00
31.75052 1.33204716e+00
31.86043 1.31988590e+00
31.97072 1.30779529e+00
32.08139 1.29577651e+00
32.19244 1.28383093e+00
32.30388 1.27195995e+00
32.41570 1.26016455e+00
32.52791 1.24844571e+00
32.64051 1.23680462e+00
32.75349 1.22537093e+00
32.86687 1.21498489e+00
32.98064 1.20466672e+00
33.09481 1.19441683e+00
33.20937 1.18423601e+00
33.32433 1.17412445e+00
33.43968 1.16408275e+00
33.55544 1.15411110e+00
33.67159 1.14421010e+00
33.78815 1.13437974e+00
33.90511 1.12462023e+00
34.02247 1.11493195e+00
34.14024 1.10531511e+00
34.25842 1.09576339e+00
34.37701 1.08626830e+00
34.49601 1.07684405e+00
34.61542 1.06749065e+00
34.73525 1.05820809e+00
34.85549 1.04899637e+00
34.97614 1.03985570e+00
35.09721 1.03078586e+00
35.21871 1.02178707e+00
35.34062 1.01285872e+00
35.46295 1.00400122e+00
35.58571 9.95214160e-01
35.70889 9.86497552e-01
35.83250 9.77850997e-01
35.95654 9.69337248e-01
36.08101 9.60899867e-01
36.20590 9.52531947e-01
36.33123 9.44233093e-01
36.45700 9.36003109e-01
36.58320 9.27841797e-01
36.70983 9.19748565e-01
36.83691 9.11723413e-01
36.96442 9.03765947e-01
37.09238 8.95875771e-01
37.22077 8.88052491e-01
37.34962 8.80295909e-01
37.47890 8.72605435e-01
37.60864 8.64980869e-01
37.73883 8.57668683e-01
37.86946 8.50463845e-01
38.00055 8.43320181e-01
38.13209 8.36237493e-01
38.26409 8.29214992e-01
38.39654 8.22252480e-01
38.52946 8.15349563e-01
38.66283 8.08505845e-01
38.79667 8.01720933e-01
38.93096 7.94994235e-01
39.06573 7.88325355e-01
39.20096 7.81714096e-01
39.33665 7.75159669e-01
39.47282 7.68661877e-01
39.60946 7.62243019e-01
39.74657 7.56169888e-01
39.88416 7.50146683e-01
40.02222 7.44173008e-01
40.16076 7.38248469e-01
40.29978 7.32372672e-01
40.43928 7.26545616e-01
40.57926 7.20766315e-01
40.71973 7.15034965e-01
40.86069 7.09350779e-01
41.00213 7.03713557e-01
41.14406 6.98123104e-01
41.28648 6.92578827e-01
41.42940 6.87080528e-01
41.57281 6.81627616e-01
41.71672 6.76219893e-01
41.86113 6.70787504e-01
42.00603 6.65332224e-01
42.15144 6.59923120e-01
42.29735 6.54559797e-01
42.44377 6.49242059e-01
42.59069 6.43969115e-01
42.73812 6.38740965e-01
42.88606 6.33557019e-01
43.03451 6.28417077e-01
43.18348 6.23320747e-01
43.33297 6.18267435e-01
43.48297 6.13256944e-01
43.63349 6.08289077e-01
43.78453 6.03363243e-01
43.93609 5.98479243e-01
44.08818 5.93636683e-01
44.24079 5.88833787e-01
44.39394 5.84048059e-01
44.54761 5.79303179e-01
44.70182 5.74598752e-01
44.85655 5.69934384e-01
45.01183 5.65310075e-01
45.16764 5.60725035e-01
45.32399 5.56179264e-01
45.48089 5.51672171e-01
45.63832 5.47203557e-01
45.79630 5.42772832e-01
45.95483 5.38380192e-01
46.11391 5.34024848e-01
46.27353 5.29706603e-01
46.43371 5.25425259e-01
46.59445 5.21180224e-01
46.75574 5.16971499e-01
46.91759 5.12798491e-01
47.08000 5.08603579e-01
47.24297 5.04406891e-01
47.40650 5.00246907e-01
47.57060 4.96122837e-01
47.73527 4.92034485e-01
47.90051 4.87981456e-01
48.06633 4.83963552e-01
48.23271 4.79980379e-01
48.39967 4.76031739e-01
48.56721 4.72117435e-01
48.73533 4.68236677e-01
48.90403 4.64389664e-01
49.07332 4.60575803e-01
49.24319 4.56794896e-01
49.41365 4.53046747e-01
49.58470 4.49330763e-01
49.75634 4.45646944e-01
49.92858 4.41994896e-01
50.10141 4.38378763e-01
50.27484 4.34905104e-01
50.44887 4.31460651e-01
50.62350 4.28045205e-01
50.79874 4.24658571e-01
50.97458 4.21300549e-01
51.15104 4.17970747e-01
51.32810 4.14668965e-01
51.50578 4.11394811e-01
51.68407 4.08148283e-01
51.86298 4.04928789e-01
52.04250 4.01736528e-01
52.22265 3.98570907e-01
52.40343 3.95431925e-01
52.58482 3.92319189e-01
52.76685 3.89232501e-01
52.94951 3.86171664e-01
53.13280 3.83136283e-01
53.31672 3.80126357e-01
53.50128 3.77141691e-01
53.68648 3.74174981e-01
53.87232 3.71205904e-01
54.05880 3.68261691e-01
54.24593 3.65342341e-01
54.43371 3.62447461e-01
54.62214 3.59577051e-01
54.81122 3.56730715e-01
55.00095 3.53908256e-01
55.19134 3.51109477e-01
55.38239 3.48334181e-01
55.57410 3.45582171e-01
55.76647 3.42853051e-01
55.95951 3.40147019e-01
56.15322 3.37463483e-01
56.34760 3.34802443e-01
56.54265 3.32163701e-01
56.73838 3.29546864e-01
56.93479 3.26951931e-01
57.13187 3.24378704e-01
57.32964 3.21826987e-01
57.52809 3.19296384e-01
57.72723 3.16787093e-01
57.92705 3.14294379e-01
58.12757 3.11822187e-01
58.32879 3.09370517e-01
58.53070 3.06939173e-01
58.73331 3.04528352e-01
58.93662 3.02137461e-01
59.14063 2.99766501e-01
59.34535 2.97415077e-01
59.55078 2.95083387e-01
59.75692 2.92771035e-01
59.96377 2.90478021e-01
60.17134 2.88203952e-01
60.37963 2.85948629e-01
60.58864 2.83712053e-01
60.79837 2.81494027e-01
61.00883 2.79294352e-01
61.22002 2.77113029e-01
61.43194 2.74949467e-01
61.64459 2.72804059e-01
61.85797 2.70676213e-01
62.07210 2.68565931e-01
62.28697 2.66473211e-01
62.50258 2.64397659e-01
62.71894 2.62350325e-01
62.93605 2.60321147e-01
63.15390 2.58308347e-01
63.37252 2.56312320e-01
63.59189 2.54332475e-01
63.81201 2.52368811e-01
64.03290 2.50421328e-01
64.25456 2.48489632e-01
64.47698 2.46573920e-01
64.70017 2.44673600e-01
64.92414 2.42788869e-01
65.14888 2.40919531e-01
65.37440 2.39065584e-01
65.60070 2.37226437e-01
65.82778 2.35402485e-01
66.05565 2.33593333e-01
66.28430 2.31798784e-01
66.51375 2.30019035e-01
66.74400 2.28253493e-01
66.97504 2.26502357e-01
67.20688 2.24765429e-01
67.43952 2.23042709e-01
67.67297 2.21333803e-01
67.90722 2.19638907e-01
68.14229 2.17957627e-01
68.37817 2.16289371e-01
68.61486 2.14634731e-01
68.85238 2.12993509e-01
69.09072 2.11365509e-01
69.32988 2.09750533e-01
69.56987 2.08148779e-01
69.81069 2.06559851e-01
70.05235 2.04983749e-01
70.29484 2.03420475e-01
70.53817 2.01869632e-01
70.78235 2.00331221e-01
71.02737 1.98805440e-01
71.27323 1.97291735e-01
71.51995 1.95790246e-01
71.76752 1.94300833e-01
72.01595 1.92823359e-01
72.26524 1.91357764e-01
72.51539 1.89903911e-01
72.76641 1.88461700e-01
73.01830 1.87031053e-01
73.27106 1.85611852e-01
73.52469 1.84204017e-01
73.77920 1.82807429e-01
74.03460 1.81422011e-01
74.29087 1.80047663e-01
74.54804 1.78684287e-01
74.80609 1.77331785e-01
75.06504 1.75990628e-01
75.32488 1.74660542e-01
75.58563 1.73341053e-01
75.84727 1.72032062e-01
76.10982 1.70733491e-01
76.37328 1.69445239e-01
76.63766 1.68167250e-01
76.90295 1.66899403e-01
77.16915 1.65641620e-01
77.43628 1.64393802e-01
77.70433 1.63155891e-01
77.97331 1.61927806e-01
78.24322 1.60709431e-01
78.51407 1.59500725e-01
78.78585 1.58301570e-01
79.05857 1.57111886e-01
79.33224 1.55931616e-01
79.60686 1.54760679e-01
79.88242 1.53598978e-01
80.15894 1.52446453e-01
80.43642 1.51303025e-01
80.71486 1.50168595e-01
80.99426 1.49043104e-01
81.27463 1.47926493e-01
81.55596 1.46818644e-01
81.83828 1.45719537e-01
82.12157 1.44629053e-01
82.40584 1.43547154e-01
82.69109 1.42473739e-01
82.97733 1.41408751e-01
83.26457 1.40354182e-01
83.55279 1.39311058e-01
83.84202 1.38276084e-01
84.13225 1.37249201e-01
84.42348 1.36230310e-01
84.71572 1.35219351e-01
85.00897 1.34216286e-01
85.30323 1.33221016e-01
85.59852 1.32233501e-01
85.89482 1.31253662e-01
86.19215 1.30281420e-01
86.49052 1.29316756e-01
86.78991 1.28359571e-01
87.09034 1.27409826e-01
87.39181 1.26467441e-01
87.69432 1.25532357e-01
87.99789 1.24604515e-01
88.30250 1.23683857e-01
88.60816 1.22770341e-01
88.91489 1.21863891e-01
89.22267 1.20964445e-01
89.53153 1.20071946e-01
89.84145 1.19186354e-01
90.15244 1.18307589e-01
90.46451 1.17435612e-01
90.77766 1.16570345e-01
91.09190 1.15711767e-01
91.40722 1.14859801e-01
91.72363 1.14014385e-01
92.04114 1.13175482e-01
92.35975 1.12343031e-01
92.67946 1.11516994e-01
93.00028 1.10697291e-01
93.32221 1.09883902e-01
93.64525 1.09076829e-01
93.96941 1.08276011e-01
94.29469 1.07481330e-01
94.62110 1.06692746e-01
94.94864 1.05910201e-01
95.27731 1.05133635e-01
95.60712 1.04363049e-01
95.93807 1.03598342e-01
96.27017 1.02839477e-01
96.60342 1.02086434e-01
96.93782 1.01339132e-01
97.27338 1.00597554e-01
97.61010 9.98616187e-02
97.94798 9.91313077e-02
98.28704 9.84065616e-02
98.62727 9.76873605e-02
98.96867 9.69736256e-02
99.31126 9.62653173e-02
99.65504 9.55624160e-02
100.00000 9.48648624e-02
