        2000  0.100000 3.710000
0.10000 1.66280370e+00
0.10035 1.66314106e+00
0.10069 1.66346160e+00
0.10104 1.66376434e+00
0.10139 1.66405075e+00
0.10174 1.66432084e+00
0.10210 1.66457658e+00
0.10245 1.66481847e+00
0.10280 1.66504849e+00
0.10316 1.66526912e+00
0.10352 1.66548182e+00
0.10387 1.66568859e+00
0.10423 1.66589091e+00
0.10459 1.66608977e+00
0.10496 1.66628615e+00
0.10532 1.66648006e+00
0.10568 1.66667150e+00
0.10605 1.66686046e+00
0.10642 1.66704596e+00
0.10679 1.66722849e+00
0.10716 1.66740707e+00
0.10753 1.66758119e+00
0.10790 1.66775135e+00
0.10827 1.66791707e+00
0.10865 1.66807882e+00
0.10902 1.66823662e+00
0.10940 1.66839096e+00
0.10978 1.66854233e+00
0.11016 1.66869073e+00
0.11054 1.66883665e+00
0.11092 1.66897862e+00
0.11131 1.66911762e+00
0.11169 1.66925217e+00
0.11208 1.66938227e+00
0.11247 1.66950643e+00
0.11286 1.66962515e+00
0.11325 1.66973645e+00
0.11364 1.66983984e+00
0.11403 1.66993432e+00
0.11443 1.67001940e+00
0.11482 1.67009311e+00
0.11522 1.67015543e+00
0.11562 1.67020441e+00
0.11602 1.67023953e+00
0.11642 1.67026080e+00
0.11682 1.67026723e+00
0.11723 1.67025882e+00
0.11763 1.67023557e+00
0.11804 1.67019797e+00
0.11845 1.67014653e+00
0.11886 1.67008272e+00
0.11927 1.67000604e+00
0.11968 1.66991799e+00
0.12010 1.66981906e+00
0.12051 1.66970974e+00
0.12093 1.66959052e+00
0.12135 1.66946092e+00
0.12177 1.66932093e+00
0.12219 1.66917006e+00
0.12262 1.66900731e+00
0.12304 1.66883220e+00
0.12347 1.66864373e+00
0.12389 1.66844191e+00
0.12432 1.66822524e+00
0.12475 1.66799374e+00
0.12518 1.66774789e+00
0.12562 1.66748671e+00
0.12605 1.66721118e+00
0.12649 1.66692180e+00
0.12693 1.66661906e+00
0.12737 1.66630346e+00
0.12781 1.66597599e+00
0.12825 1.66563764e+00
0.12869 1.66528841e+00
0.12914 1.66493027e+00
0.12959 1.66456323e+00
0.13003 1.66418876e+00
0.13048 1.66380738e+00
0.13094 1.66341906e+00
0.13139 1.66302531e+00
0.13184 1.66262562e+00
0.13230 1.66222098e+00
0.13276 1.66181090e+00
0.13322 1.66139489e+00
0.13368 1.66097343e+00
0.13414 1.66054554e+00
0.13461 1.66011073e+00
0.13507 1.65966899e+00
0.13554 1.65921835e+00
0.13601 1.65875930e+00
0.13648 1.65829036e+00
0.13695 1.65781053e+00
0.13743 1.65731883e+00
0.13790 1.65681526e+00
0.13838 1.65629883e+00
0.13886 1.65576805e+00
0.13934 1.65522392e+00
0.13982 1.65466495e+00
0.14031 1.65409163e+00
0.14079 1.65350347e+00
0.14128 1.65290195e+00
0.14177 1.65228609e+00
0.14226 1.65165688e+00
0.14275 1.65101480e+00
0.14324 1.65036085e+00
0.14374 1.64969553e+00
0.14424 1.64901882e+00
0.14474 1.64833222e+00
0.14524 1.64763524e+00
0.14574 1.64692935e+00
0.14625 1.64621456e+00
0.14675 1.64549036e+00
0.14726 1.64475826e+00
0.14777 1.64401774e+00
0.14828 1.64326882e+00
0.14879 1.64251247e+00
0.14931 1.64174821e+00
0.14983 1.64097604e+00
0.15034 1.64019694e+00
0.15087 1.63941042e+00
0.15139 1.63861747e+00
0.15191 1.63781759e+00
0.15244 1.63701178e+00
0.15297 1.63619953e+00
0.15349 1.63538136e+00
0.15403 1.63455774e+00
0.15456 1.63372867e+00
0.15509 1.63289417e+00
0.15563 1.63205373e+00
0.15617 1.63120785e+00
0.15671 1.63035604e+00
0.15725 1.62949829e+00
0.15780 1.62863410e+00
0.15834 1.62776299e+00
0.15889 1.62688447e+00
0.15944 1.62599753e+00
0.15999 1.62510169e+00
0.16055 1.62419546e+00
0.16110 1.62327884e+00
0.16166 1.62235035e+00
0.16222 1.62140851e+00
0.16278 1.62045232e+00
0.16335 1.61948030e+00
0.16391 1.61849195e+00
0.16448 1.61748531e+00
0.16505 1.61645937e+00
0.16562 1.61541315e+00
0.16619 1.61434566e+00
0.16677 1.61325541e+00
0.16734 1.61214192e+00
0.16792 1.61100418e+00
0.16851 1.60984172e+00
0.16909 1.60865402e+00
0.16967 1.60744110e+00
0.17026 1.60620245e+00
0.17085 1.60493907e+00
0.17144 1.60365047e+00
0.17204 1.60233762e+00
0.17263 1.60100153e+00
0.17323 1.59964268e+00
0.17383 1.59826305e+00
0.17443 1.59686315e+00
0.17503 1.59544543e+00
0.17564 1.59401139e+00
0.17625 1.59256251e+00
0.17686 1.59110127e+00
0.17747 1.58962914e+00
0.17808 1.58814860e+00
0.17870 1.58666213e+00
0.17932 1.58517121e+00
0.17994 1.58367830e+00
0.18056 1.58218540e+00
0.18119 1.58069447e+00
0.18182 1.57920701e+00
0.18244 1.57772548e+00
0.18308 1.57625138e+00
0.18371 1.57478568e+00
0.18435 1.57332987e+00
0.18498 1.57188545e+00
0.18562 1.57045339e+00
0.18627 1.56903468e+00
0.18691 1.56762983e+00
0.18756 1.56623883e+00
0.18821 1.56486316e+00
0.18886 1.56350184e+00
0.18951 1.56215535e+00
0.19017 1.56082322e+00
0.19083 1.55950493e+00
0.19149 1.55820049e+00
0.19215 1.55690892e+00
0.19282 1.55562922e+00
0.19348 1.55435990e+00
0.19415 1.55310048e+00
0.19483 1.55184848e+00
0.19550 1.55060340e+00
0.19618 1.54936327e+00
0.19686 1.54812611e+00
0.19754 1.54688994e+00
0.19822 1.54565278e+00
0.19891 1.54441265e+00
0.19960 1.54316757e+00
0.20029 1.54319033e+00
0.20098 1.54501614e+00
0.20168 1.54683602e+00
0.20237 1.54864848e+00
0.20307 1.55045154e+00
0.20378 1.55224372e+00
0.20448 1.55402353e+00
0.20519 1.55578949e+00
0.20590 1.55754061e+00
0.20661 1.55927491e+00
0.20733 1.56099140e+00
0.20805 1.56268910e+00
0.20877 1.56436701e+00
0.20949 1.56602414e+00
0.21021 1.56766001e+00
0.21094 1.56927410e+00
0.21167 1.57086495e+00
0.21240 1.57243304e+00
0.21314 1.57397789e+00
0.21388 1.57549899e+00
0.21462 1.57699684e+00
0.21536 1.57847045e+00
0.21611 1.57992081e+00
0.21685 1.58134743e+00
0.21760 1.58275130e+00
0.21836 1.58413241e+00
0.21911 1.58549125e+00
0.21987 1.58682834e+00
0.22063 1.58642766e+00
0.22140 1.58565548e+00
0.22216 1.58485858e+00
0.22293 1.58403644e+00
0.22370 1.58319007e+00
0.22448 1.58231995e+00
0.22526 1.58142608e+00
0.22604 1.58050996e+00
0.22682 1.57957207e+00
0.22760 1.57861291e+00
0.22839 1.57763347e+00
0.22918 1.57663524e+00
0.22998 1.57561870e+00
0.23077 1.57458534e+00
0.23157 1.57353566e+00
0.23237 1.57247163e+00
0.23318 1.57139424e+00
0.23398 1.57030499e+00
0.23479 1.56920485e+00
0.23561 1.56809531e+00
0.23642 1.56697786e+00
0.23724 1.56585398e+00
0.23806 1.56472564e+00
0.23889 1.56359335e+00
0.23971 1.56245908e+00
0.24054 1.56043688e+00
0.24137 1.55793684e+00
0.24221 1.55543185e+00
0.24305 1.55292389e+00
0.24389 1.55041494e+00
0.24473 1.54790698e+00
0.24558 1.54540198e+00
0.24643 1.54290144e+00
0.24728 1.54040733e+00
0.24814 1.53792163e+00
0.24900 1.53544583e+00
0.24986 1.53298189e+00
0.25073 1.53053181e+00
0.25159 1.52809706e+00
0.25246 1.52567913e+00
0.25334 1.52328000e+00
0.25422 1.52090065e+00
0.25510 1.51854257e+00
0.25598 1.51620775e+00
0.25687 1.51389716e+00
0.25775 1.51161180e+00
0.25865 1.50935315e+00
0.25954 1.50712171e+00
0.26044 1.50460336e+00
0.26134 1.50178277e+00
0.26225 1.49899087e+00
0.26315 1.49622767e+00
0.26406 1.49349414e+00
0.26498 1.49078979e+00
0.26590 1.48811612e+00
0.26682 1.48547262e+00
0.26774 1.48285880e+00
0.26867 1.48027516e+00
0.26960 1.47772120e+00
0.27053 1.47519592e+00
0.27147 1.47269934e+00
0.27241 1.47022996e+00
0.27335 1.46778681e+00
0.27430 1.46536937e+00
0.27525 1.46297617e+00
0.27620 1.46060523e+00
0.27715 1.45825557e+00
0.27811 1.45592519e+00
0.27908 1.45361213e+00
0.28004 1.45129660e+00
0.28101 1.44858780e+00
0.28198 1.44588890e+00
0.28296 1.44319791e+00
0.28394 1.44051138e+00
0.28492 1.43782781e+00
0.28591 1.43514425e+00
0.28690 1.43245821e+00
0.28789 1.42976673e+00
0.28889 1.42706733e+00
0.28989 1.42435705e+00
0.29089 1.42163342e+00
0.29190 1.41889395e+00
0.29291 1.41613520e+00
0.29392 1.41335467e+00
0.29494 1.41055041e+00
0.29596 1.40771943e+00
0.29699 1.40485927e+00
0.29801 1.40196794e+00
0.29905 1.39904248e+00
0.30008 1.39602848e+00
0.30112 1.39235706e+00
0.30216 1.38864014e+00
0.30321 1.38487622e+00
0.30426 1.38106333e+00
0.30531 1.37720048e+00
0.30637 1.37328569e+00
0.30743 1.36931796e+00
0.30849 1.36529632e+00
0.30956 1.36122077e+00
0.31063 1.35708980e+00
0.31171 1.35290393e+00
0.31279 1.34866266e+00
0.31387 1.34436698e+00
0.31496 1.34001589e+00
0.31605 1.33561138e+00
0.31714 1.33115344e+00
0.31824 1.32664307e+00
0.31934 1.32208224e+00
0.32044 1.31708265e+00
0.32155 1.31145087e+00
0.32267 1.30576616e+00
0.32378 1.30003149e+00
0.32490 1.29424933e+00
0.32603 1.28842315e+00
0.32716 1.28255491e+00
0.32829 1.27664859e+00
0.32943 1.27070765e+00
0.33057 1.26473504e+00
0.33171 1.25873474e+00
0.33286 1.25271019e+00
0.33401 1.24666536e+00
0.33517 1.24060421e+00
0.33633 1.23453070e+00
0.33749 1.22844827e+00
0.33866 1.22236091e+00
0.33983 1.21627304e+00
0.34101 1.20937343e+00
0.34219 1.20234768e+00
0.34337 1.19533479e+00
0.34456 1.18833971e+00
0.34576 1.18136590e+00
0.34695 1.17441781e+00
0.34815 1.16749941e+00
0.34936 1.16061463e+00
0.35057 1.15376696e+00
0.35178 1.14695986e+00
0.35300 1.14019677e+00
0.35422 1.13348019e+00
0.35545 1.12681357e+00
0.35668 1.12019839e+00
0.35791 1.11363763e+00
0.35915 1.10713276e+00
0.36039 1.10048592e+00
0.36164 1.09347204e+00
0.36289 1.08652396e+00
0.36415 1.07964265e+00
0.36541 1.07282861e+00
0.36668 1.06608235e+00
0.36795 1.05940336e+00
0.36922 1.05279214e+00
0.37050 1.04624770e+00
0.37178 1.03976856e+00
0.37307 1.03335421e+00
0.37436 1.02700269e+00
0.37565 1.02071251e+00
0.37695 1.01448169e+00
0.37826 1.00830776e+00
0.37957 1.00218824e+00
0.38088 9.95871837e-01
0.38220 9.89484207e-01
0.38352 9.83143569e-01
0.38485 9.76846957e-01
0.38618 9.70589919e-01
0.38752 9.64368991e-01
0.38886 9.58179227e-01
0.39021 9.52017659e-01
0.39156 9.45879340e-01
0.39291 9.39760313e-01
0.39427 9.33656127e-01
0.39564 9.27562328e-01
0.39701 9.21474960e-01
0.39838 9.15390065e-01
0.39976 9.09302697e-01
0.40115 9.03146076e-01
0.40253 8.96964721e-01
0.40393 8.90767043e-01
0.40533 8.84550072e-01
0.40673 8.78309357e-01
0.40814 8.72041931e-01
0.40955 8.65744824e-01
0.41097 8.59415069e-01
0.41239 8.53050193e-01
0.41382 8.46647228e-01
0.41525 8.40204689e-01
0.41669 8.33720599e-01
0.41813 8.27192977e-01
0.41958 8.20621331e-01
0.42103 8.13978947e-01
0.42249 8.07278192e-01
0.42395 8.00528960e-01
0.42542 7.93730756e-01
0.42689 7.86884569e-01
0.42837 7.79990400e-01
0.42985 7.73049732e-01
0.43134 7.66064049e-01
0.43283 7.59033847e-01
0.43433 7.51961597e-01
0.43583 7.44848785e-01
0.43734 7.37697884e-01
0.43886 7.30511861e-01
0.44037 7.23292201e-01
0.44190 7.16042367e-01
0.44343 7.08765325e-01
0.44496 7.01463551e-01
0.44650 6.94140505e-01
0.44805 6.86799652e-01
0.44960 6.79443959e-01
0.45116 6.72198081e-01
0.45272 6.64983863e-01
0.45429 6.57762719e-01
0.45586 6.50539101e-01
0.45744 6.43315979e-01
0.45902 6.36096319e-01
0.46061 6.28884573e-01
0.46220 6.21683711e-01
0.46380 6.14497193e-01
0.46541 6.07327989e-01
0.46702 6.00179561e-01
0.46864 5.93055372e-01
0.47026 5.85958389e-01
0.47189 5.78891087e-01
0.47352 5.71856927e-01
0.47516 5.64858383e-01
0.47680 5.57897928e-01
0.47845 5.50979025e-01
0.48011 5.44103159e-01
0.48177 5.37272801e-01
0.48344 5.30490427e-01
0.48511 5.23758508e-01
0.48679 5.17078035e-01
0.48848 5.10451480e-01
0.49017 5.03880823e-01
0.49186 4.97367052e-01
0.49357 4.90911751e-01
0.49528 4.84516601e-01
0.49699 4.78182741e-01
0.49871 4.71911307e-01
0.50044 4.65776056e-01
0.50217 4.59916482e-01
0.50391 4.54116960e-01
0.50565 4.48378184e-01
0.50740 4.42700845e-01
0.50916 4.37085488e-01
0.51092 4.31532607e-01
0.51269 4.26042549e-01
0.51446 4.20615710e-01
0.51625 4.15252286e-01
0.51803 4.09952477e-01
0.51983 4.04716381e-01
0.52163 3.99544047e-01
0.52343 3.94435427e-01
0.52524 3.89390519e-01
0.52706 3.84409127e-01
0.52889 3.79491052e-01
0.53072 3.74636196e-01
0.53255 3.69844162e-01
0.53440 3.65114703e-01
0.53625 3.60447424e-01
0.53810 3.55841979e-01
0.53997 3.51297921e-01
0.54183 3.46814856e-01
0.54371 3.42392190e-01
0.54559 3.38029527e-01
0.54748 3.33726273e-01
0.54938 3.29481885e-01
0.55128 3.25480031e-01
0.55319 3.21620642e-01
0.55510 3.17812253e-01
0.55702 3.14054171e-01
0.55895 3.10346001e-01
0.56089 3.06687051e-01
0.56283 3.03076924e-01
0.56478 2.99514879e-01
0.56673 2.96000470e-01
0.56869 2.92533104e-01
0.57066 2.89112138e-01
0.57264 2.85736978e-01
0.57462 2.82407080e-01
0.57661 2.79121850e-01
0.57860 2.75880695e-01
0.58061 2.72682972e-01
0.58262 2.69528087e-01
0.58463 2.66415496e-01
0.58666 2.63344605e-01
0.58869 2.60314772e-01
0.59073 2.57325452e-01
0.59277 2.54376002e-01
0.59482 2.51465927e-01
0.59688 2.48594585e-01
0.59895 2.45761431e-01
0.60102 2.43083850e-01
0.60310 2.40561396e-01
0.60519 2.38070502e-01
0.60728 2.35610624e-01
0.60939 2.33181415e-01
0.61150 2.30782331e-01
0.61361 2.28412976e-01
0.61574 2.26072857e-01
0.61787 2.23761576e-01
0.62001 2.21478690e-01
0.62215 2.19223752e-01
0.62431 2.16996367e-01
0.62647 2.14796089e-01
0.62864 2.12622524e-01
0.63081 2.10475225e-01
0.63300 2.08353847e-01
0.63519 2.06257994e-01
0.63739 2.04187270e-01
0.63959 2.02141230e-01
0.64181 2.00119626e-01
0.64403 1.98121964e-01
0.64626 1.96147947e-01
0.64849 1.94197229e-01
0.65074 1.92348314e-01
0.65299 1.90680298e-01
0.65525 1.89030288e-01
0.65752 1.87398135e-01
0.65980 1.85783444e-01
0.66208 1.84186017e-01
0.66437 1.82605606e-01
0.66667 1.81041916e-01
0.66898 1.79494747e-01
0.67130 1.77963852e-01
0.67362 1.76448936e-01
0.67595 1.74949848e-01
0.67829 1.73466244e-01
0.68064 1.71998024e-01
0.68299 1.70544891e-01
0.68536 1.69106697e-01
0.68773 1.67683145e-01
0.69011 1.66274038e-01
0.69250 1.64879226e-01
0.69490 1.63498463e-01
0.69730 1.62131600e-01
0.69972 1.60778390e-01
0.70214 1.59636749e-01
0.70457 1.58531416e-01
0.70701 1.57435829e-01
0.70946 1.56349887e-01
0.71191 1.55273393e-01
0.71438 1.54206298e-01
0.71685 1.53148404e-01
0.71933 1.52099612e-01
0.72182 1.51059823e-01
0.72432 1.50028937e-01
0.72683 1.49006808e-01
0.72934 1.47993285e-01
0.73187 1.46988320e-01
0.73440 1.45991765e-01
0.73694 1.45003569e-01
0.73949 1.44023585e-01
0.74205 1.43051713e-01
0.74462 1.42087855e-01
0.74720 1.41131912e-01
0.74979 1.40183785e-01
0.75238 1.39426450e-01
0.75499 1.38690979e-01
0.75760 1.37960703e-01
0.76022 1.37235621e-01
0.76285 1.36515584e-01
0.76549 1.35800642e-01
0.76814 1.35090647e-01
0.77080 1.34385599e-01
0.77347 1.33685398e-01
0.77615 1.32990045e-01
0.77884 1.32299391e-01
0.78153 1.31613487e-01
0.78424 1.30932232e-01
0.78695 1.30255528e-01
0.78968 1.29583375e-01
0.79241 1.28915773e-01
0.79515 1.28252573e-01
0.79790 1.27593776e-01
0.80067 1.27002155e-01
0.80344 1.26611269e-01
0.80622 1.26222560e-01
0.80901 1.25835879e-01
0.81181 1.25451325e-01
0.81462 1.25068799e-01
0.81744 1.24688302e-01
0.82027 1.24309783e-01
0.82311 1.23933243e-01
0.82596 1.23558681e-01
0.82882 1.23186049e-01
0.83169 1.22815345e-01
0.83457 1.22446522e-01
0.83745 1.22079578e-01
0.84035 1.21714514e-01
0.84326 1.21351280e-01
0.84618 1.20989877e-01
0.84911 1.20630254e-01
0.85205 1.20272412e-01
0.85500 1.19916351e-01
0.85796 1.19562022e-01
0.86093 1.19209423e-01
0.86391 1.18858556e-01
0.86690 1.18509420e-01
0.86990 1.18161967e-01
0.87291 1.17816145e-01
0.87593 1.17472005e-01
0.87897 1.17129498e-01
0.88201 1.16788623e-01
0.88506 1.16449332e-01
0.88813 1.16111672e-01
0.89120 1.15775596e-01
0.89428 1.15441102e-01
0.89738 1.15108142e-01
0.90049 1.14802141e-01
0.90360 1.14634202e-01
0.90673 1.14466955e-01
0.90987 1.14300500e-01
0.91302 1.14134836e-01
0.91618 1.13969864e-01
0.91935 1.13805635e-01
0.92253 1.13642148e-01
0.92573 1.13479353e-01
0.92893 1.13317300e-01
0.93215 1.13155989e-01
0.93537 1.12995322e-01
0.93861 1.12835396e-01
0.94186 1.12676212e-01
0.94512 1.12517671e-01
0.94839 1.12359823e-01
0.95168 1.12202668e-01
0.95497 1.12046205e-01
0.95828 1.11890385e-01
0.96159 1.11735257e-01
0.96492 1.11580822e-01
0.96826 1.11427030e-01
0.97161 1.11273882e-01
0.97498 1.11121376e-01
0.97835 1.10969563e-01
0.98174 1.10818393e-01
0.98514 1.10667865e-01
0.98855 1.10517932e-01
0.99197 1.10368691e-01
0.99540 1.10220044e-01
0.99885 1.10072039e-01
1.00231 1.09890398e-01
1.00578 1.09692234e-01
1.00926 1.09494813e-01
1.01275 1.09298035e-01
1.01626 1.09101899e-01
1.01978 1.08906506e-01
1.02330 1.08711756e-01
1.02685 1.08517648e-01
1.03040 1.08324234e-01
1.03397 1.08131462e-01
1.03755 1.07939334e-01
1.04114 1.07747898e-01
1.04474 1.07557105e-01
1.04836 1.07366955e-01
1.05199 1.07177448e-01
1.05563 1.06988584e-01
1.05928 1.06800364e-01
1.06295 1.06612835e-01
1.06663 1.06425901e-01
1.07032 1.06239609e-01
1.07403 1.06053912e-01
1.07775 1.05868906e-01
1.08148 1.05684495e-01
1.08522 1.05500726e-01
1.08898 1.05317551e-01
1.09275 1.05135019e-01
1.09653 1.04953130e-01
1.10032 1.04754670e-01
1.10413 1.04373677e-01
1.10796 1.03994219e-01
1.11179 1.03616442e-01
1.11564 1.03240198e-01
1.11950 1.02865587e-01
1.12338 1.02492559e-01
1.12726 1.02121114e-01
1.13117 1.01751251e-01
1.13508 1.01382972e-01
1.13901 1.01016226e-01
1.14295 1.00651014e-01
1.14691 1.00287384e-01
1.15088 9.99252884e-02
1.15487 9.95646764e-02
1.15886 9.92056473e-02
1.16287 9.88481023e-02
1.16690 9.84920907e-02
1.17094 9.81376125e-02
1.17499 9.77845689e-02
1.17906 9.74330588e-02
1.18314 9.70830327e-02
1.18724 9.67344905e-02
1.19135 9.63873829e-02
1.19547 9.60417593e-02
1.19961 9.56976197e-02
1.20376 9.51603128e-02
1.20793 9.46060388e-02
1.21211 9.40551780e-02
1.21630 9.35076809e-02
1.22052 9.29635476e-02
1.22474 9.24227780e-02
1.22898 9.18853227e-02
1.23323 9.13511321e-02
1.23750 9.08202559e-02
1.24179 9.02925949e-02
1.24609 8.97681988e-02
1.25040 8.92470180e-02
1.25473 8.87290031e-02
1.25907 8.82142035e-02
1.26343 8.77025697e-02
1.26780 8.71940029e-02
1.27219 8.66886020e-02
1.27659 8.61863175e-02
1.28101 8.56870999e-02
1.28545 8.51908997e-02
1.28990 8.46977665e-02
1.29436 8.42076508e-02
1.29884 8.37205525e-02
1.30334 8.31090456e-02
1.30785 8.24583611e-02
1.31238 8.18128705e-02
1.31692 8.11726235e-02
1.32148 8.05375209e-02
1.32605 7.99075629e-02
1.33064 7.92827000e-02
1.33525 7.86628827e-02
1.33987 7.80480120e-02
1.34451 7.74381375e-02
1.34916 7.68332096e-02
1.35383 7.62331295e-02
1.35852 7.56378971e-02
1.36322 7.50474135e-02
1.36794 7.44617281e-02
1.37268 7.38807916e-02
1.37743 7.33045049e-02
1.38220 7.27328681e-02
1.38698 7.21658317e-02
1.39178 7.16033463e-02
1.39660 7.10454117e-02
1.40144 7.04578961e-02
1.40629 6.97954385e-02
1.41115 6.91393127e-02
1.41604 6.84895185e-02
1.42094 6.78459572e-02
1.42586 6.72085792e-02
1.43080 6.65773351e-02
1.43575 6.59521753e-02
1.44072 6.53330011e-02
1.44571 6.47198123e-02
1.45071 6.41124605e-02
1.45573 6.35109953e-02
1.46077 6.29152683e-02
1.46583 6.23252793e-02
1.47090 6.17409791e-02
1.47599 6.11622191e-02
1.48110 6.05890983e-02
1.48623 6.00214188e-02
1.49137 5.94592301e-02
1.49654 5.89023839e-02
1.50172 5.83291641e-02
1.50692 5.77182013e-02
1.51213 5.71138176e-02
1.51737 5.65158645e-02
1.52262 5.59242432e-02
1.52789 5.53390031e-02
1.53318 5.47599957e-02
1.53849 5.41871717e-02
1.54381 5.36204321e-02
1.54916 5.30597769e-02
1.55452 5.25051072e-02
1.55990 5.19563240e-02
1.56530 5.14134273e-02
1.57072 5.08762688e-02
1.57615 5.03448979e-02
1.58161 4.98191661e-02
1.58709 4.92990093e-02
1.59258 4.87844175e-02
1.59809 4.82753016e-02
1.60362 4.77430947e-02
1.60918 4.72019936e-02
1.61475 4.66671353e-02
1.62034 4.61384455e-02
1.62594 4.56158549e-02
1.63157 4.50992843e-02
1.63722 4.45886647e-02
1.64289 4.40839365e-02
1.64857 4.35850157e-02
1.65428 4.30918429e-02
1.66001 4.26043539e-02
1.66575 4.21224743e-02
1.67152 4.16461400e-02
1.67731 4.11752915e-02
1.68311 4.07098597e-02
1.68894 4.02497801e-02
1.69478 3.97949935e-02
1.70065 3.93420519e-02
1.70654 3.88675479e-02
1.71245 3.83988562e-02
1.71837 3.79359026e-02
1.72432 3.74786179e-02
1.73029 3.70269278e-02
1.73628 3.65807682e-02
1.74229 3.61400697e-02
1.74832 3.57047630e-02
1.75437 3.52747839e-02
1.76045 3.48500581e-02
1.76654 3.44305313e-02
1.77266 3.40161293e-02
1.77879 3.36067926e-02
1.78495 3.32024570e-02
1.79113 3.28030632e-02
1.79733 3.24085467e-02
1.80355 3.20156528e-02
1.80979 3.16252173e-02
1.81606 3.12396197e-02
1.82234 3.08587907e-02
1.82865 3.04826808e-02
1.83498 3.01112257e-02
1.84133 2.97443660e-02
1.84771 2.93820474e-02
1.85410 2.90242056e-02
1.86052 2.86707910e-02
1.86696 2.83217492e-02
1.87342 2.79770160e-02
1.87991 2.76365468e-02
1.88642 2.73002774e-02
1.89295 2.69681681e-02
1.89950 2.66401596e-02
1.90607 2.62839649e-02
1.91267 2.59299716e-02
1.91929 2.55808012e-02
1.92594 2.52363945e-02
1.93260 2.48966772e-02
1.93929 2.45615851e-02
1.94601 2.42310636e-02
1.95274 2.39050387e-02
1.95950 2.35834510e-02
1.96629 2.32662460e-02
1.97309 2.29533545e-02
1.97992 2.26447221e-02
1.98678 2.23402893e-02
1.99365 2.20399970e-02
2.00055 2.17403032e-02
2.00748 2.14054435e-02
2.01443 2.10757878e-02
2.02140 2.07512568e-02
2.02840 2.04317714e-02
2.03542 2.01172475e-02
2.04247 1.98076109e-02
2.04954 1.95027775e-02
2.05663 1.92026830e-02
2.06375 1.89072483e-02
2.07090 1.86163991e-02
2.07806 1.83300663e-02
2.08526 1.80481755e-02
2.09247 1.77706576e-02
2.09972 1.74974433e-02
2.10699 1.72284683e-02
2.11428 1.69636683e-02
2.12160 1.67029691e-02
2.12894 1.64463162e-02
2.13631 1.61936355e-02
2.14371 1.59448776e-02
2.15113 1.56999681e-02
2.15857 1.54588577e-02
2.16605 1.52214820e-02
2.17354 1.49877817e-02
2.18107 1.47576974e-02
2.18862 1.45311796e-02
2.19619 1.43081690e-02
2.20380 1.40797517e-02
2.21143 1.38462691e-02
2.21908 1.36166893e-02
2.22676 1.33909433e-02
2.23447 1.31689665e-02
2.24220 1.29506998e-02
2.24997 1.27360788e-02
2.25775 1.25250342e-02
2.26557 1.23175166e-02
2.27341 1.21134616e-02
2.28128 1.19128149e-02
2.28918 1.17155122e-02
2.29710 1.15215039e-02
2.30505 1.13307258e-02
2.31303 1.11431334e-02
2.32104 1.09586722e-02
2.32908 1.07772829e-02
2.33714 1.05989160e-02
2.34523 1.04235220e-02
2.35335 1.02510515e-02
2.36149 1.00814551e-02
2.36967 9.91468315e-03
2.37787 9.75069125e-03
2.38610 9.58942992e-03
2.39436 9.43084968e-03
2.40265 9.29180383e-03
2.41097 9.19040705e-03
2.41931 9.09013317e-03
2.42769 8.99096735e-03
2.43609 8.89290463e-03
2.44452 8.79592523e-03
2.45298 8.70001925e-03
2.46148 8.60517681e-03
2.47000 8.51138307e-03
2.47855 8.41862812e-03
2.48713 8.32689713e-03
2.49574 8.23618516e-03
2.50438 8.14647241e-03
2.51304 8.05774900e-03
2.52174 7.97000997e-03
2.53047 7.88324049e-03
2.53923 7.79742572e-03
2.54802 7.71256071e-03
2.55684 7.62863061e-03
2.56569 7.54563049e-03
2.57457 7.46354551e-03
2.58349 7.38236576e-03
2.59243 7.30208136e-03
2.60140 7.22524479e-03
2.61041 7.16296625e-03
2.61944 7.10123680e-03
2.62851 7.04005148e-03
2.63761 6.97940535e-03
2.64674 6.91928851e-03
2.65590 6.85970591e-03
2.66510 6.80064765e-03
2.67432 6.74210880e-03
2.68358 6.68408440e-03
2.69287 6.62656951e-03
2.70219 6.56955917e-03
2.71154 6.51305340e-03
2.72093 6.45704229e-03
2.73035 6.40152091e-03
2.73980 6.34648924e-03
2.74928 6.29194235e-03
2.75880 6.23787528e-03
2.76835 6.18427815e-03
2.77793 6.13115095e-03
2.78755 6.07849368e-03
2.79720 6.02629645e-03
2.80688 5.98403708e-03
2.81660 5.94592796e-03
2.82635 5.90807607e-03
2.83613 5.87046656e-03
2.84595 5.83310933e-03
2.85580 5.79599944e-03
2.86569 5.75913193e-03
2.87561 5.72250681e-03
2.88556 5.68612408e-03
2.89555 5.64998373e-03
2.90557 5.61408083e-03
2.91563 5.57841041e-03
2.92572 5.54297744e-03
2.93585 5.50777696e-03
2.94601 5.47280403e-03
2.95621 5.43806359e-03
2.96644 5.40355069e-03
2.97671 5.36926535e-03
2.98702 5.33520755e-03
2.99736 5.30136740e-03
3.00773 5.26611745e-03
3.01814 5.23055092e-03
3.02859 5.19523172e-03
3.03907 5.16015491e-03
3.04960 5.12532543e-03
3.06015 5.09073833e-03
3.07074 5.05638868e-03
3.08137 5.02228141e-03
3.09204 4.98840664e-03
3.10274 4.95476931e-03
3.11348 4.92136496e-03
3.12426 4.88819212e-03
3.13508 4.85524880e-03
3.14593 4.82253402e-03
3.15682 4.79004580e-03
3.16775 4.75778216e-03
3.17871 4.72574210e-03
3.18972 4.69392316e-03
3.20076 4.66232485e-03
3.21184 4.63094468e-03
3.22295 4.59978117e-03
3.23411 4.56883334e-03
3.24531 4.53809871e-03
3.25654 4.50757679e-03
3.26781 4.47726510e-03
3.27912 4.44716265e-03
3.29047 4.41726797e-03
3.30187 4.38757907e-03
3.31330 4.35809495e-03
3.32476 4.32881415e-03
3.33627 4.29973467e-03
3.34782 4.27085554e-03
3.35941 4.24217526e-03
3.37104 4.21369235e-03
3.38271 4.18540534e-03
3.39442 4.15731272e-03
3.40617 4.12941303e-03
3.41796 4.10170526e-03
3.42979 4.07418795e-03
3.44166 4.04685910e-03
3.45358 4.01971822e-03
3.46553 3.99276383e-03
3.47753 3.96599396e-03
3.48957 3.93940810e-03
3.50164 3.91311706e-03
3.51377 3.88771444e-03
3.52593 3.86248100e-03
3.53814 3.83741525e-03
3.55038 3.81251571e-03
3.56267 3.78778188e-03
3.57500 3.76321228e-03
3.58738 3.73880543e-03
3.59980 3.71456083e-03
3.61226 3.69047699e-03
3.62476 3.66655293e-03
3.63731 3.64278766e-03
3.64990 3.61917920e-03
3.66254 3.59572755e-03
3.67521 3.57243172e-03
3.68794 3.54928923e-03
3.70070 3.52630059e-03
3.71351 3.50346381e-03
3.72637 3.48077839e-03
3.73927 3.45824286e-03
3.75221 3.43585623e-03
3.76520 3.41361799e-03
3.77823 3.39152618e-03
3.79131 3.36958079e-03
3.80443 3.34777984e-03
3.81760 3.32612333e-03
3.83082 3.30460978e-03
3.84408 3.28323771e-03
3.85739 3.26200711e-03
3.87074 3.24091650e-03
3.88414 3.21996490e-03
3.89758 3.19915180e-03
3.91107 3.17847523e-03
3.92461 3.15793518e-03
3.93820 3.13753068e-03
3.95183 3.11726023e-03
3.96551 3.09712383e-03
3.97924 3.07711951e-03
3.99301 3.05724677e-03
4.00683 3.03958321e-03
4.02070 3.02414170e-03
4.03462 3.00878131e-03
4.04859 2.99350106e-03
4.06260 2.97830094e-03
4.07667 2.96317997e-03
4.09078 2.94813814e-03
4.10494 2.93317497e-03
4.11915 2.91828996e-03
4.13341 2.90348261e-03
4.14771 2.88875292e-03
4.16207 2.87409990e-03
4.17648 2.85952306e-03
4.19094 2.84502240e-03
4.20545 2.83059743e-03
4.22000 2.81624715e-03
4.23461 2.80197206e-03
4.24927 2.78777117e-03
4.26398 2.77364448e-03
4.27874 2.75959100e-03
4.29355 2.74561073e-03
4.30841 2.73170317e-03
4.32332 2.71786834e-03
4.33829 2.70410473e-03
4.35331 2.69041285e-03
4.36838 2.67679221e-03
4.38350 2.66324230e-03
4.39867 2.64976263e-03
4.41390 2.63635321e-03
4.42918 2.62301304e-03
4.44451 2.60974212e-03
4.45990 2.59653996e-03
4.47533 2.58340607e-03
4.49083 2.57034043e-03
4.50637 2.56042088e-03
4.52197 2.55497114e-03
4.53762 2.54953426e-03
4.55333 2.54411073e-03
4.56909 2.53869958e-03
4.58491 2.53330177e-03
4.60078 2.52791683e-03
4.61670 2.52254426e-03
4.63269 2.51718454e-03
4.64872 2.51183769e-03
4.66481 2.50650370e-03
4.68096 2.50118208e-03
4.69717 2.49587282e-03
4.71343 2.49057642e-03
4.72974 2.48529190e-03
4.74611 2.48002024e-03
4.76254 2.47476094e-03
4.77903 2.46951401e-03
4.79557 2.46427945e-03
4.81217 2.45905725e-03
4.82883 2.45384693e-03
4.84555 2.44864897e-03
4.86232 2.44346338e-03
4.87915 2.43828917e-03
4.89604 2.43312782e-03
4.91299 2.42797784e-03
4.92999 2.42284023e-03
4.94706 2.41771400e-03
4.96418 2.41260014e-03
4.98137 2.40749815e-03
4.99861 2.40240753e-03
5.01591 2.40070687e-03
5.03328 2.39930300e-03
5.05070 2.39790062e-03
5.06818 2.39650022e-03
5.08573 2.39510131e-03
5.10333 2.39370437e-03
5.12100 2.39230891e-03
5.13873 2.39091494e-03
5.15651 2.38952245e-03
5.17436 2.38813195e-03
5.19228 2.38674292e-03
5.21025 2.38535538e-03
5.22828 2.38396933e-03
5.24638 2.38258475e-03
5.26454 2.38120167e-03
5.28277 2.37982056e-03
5.30105 2.37844044e-03
5.31940 2.37706230e-03
5.33782 2.37568514e-03
5.35629 2.37430997e-03
5.37484 2.37293579e-03
5.39344 2.37156309e-03
5.41211 2.37019237e-03
5.43084 2.36882263e-03
5.44965 2.36745439e-03
5.46851 2.36608762e-03
5.48744 2.36472185e-03
5.50643 2.36114689e-03
5.52550 2.35326537e-03
5.54462 2.34541006e-03
5.56381 2.33758097e-03
5.58308 2.32977810e-03
5.60240 2.32200144e-03
5.62179 2.31425051e-03
5.64125 2.30652530e-03
5.66078 2.29882631e-03
5.68038 2.29115255e-03
5.70004 2.28350451e-03
5.71977 2.27588219e-03
5.73957 2.26828510e-03
5.75944 2.26071323e-03
5.77938 2.25316660e-03
5.79938 2.24564519e-03
5.81946 2.23814901e-03
5.83960 2.23067707e-03
5.85982 2.22323036e-03
5.88010 2.21580888e-03
5.90045 2.20841114e-03
5.92088 2.20103863e-03
5.94137 2.19369035e-03
5.96194 2.18636681e-03
5.98258 2.17906702e-03
6.00329 2.17181916e-03
6.02407 2.16474097e-03
6.04492 2.15768455e-03
6.06585 2.15065089e-03
6.08684 2.14363998e-03
6.10791 2.13665083e-03
6.12906 2.12968345e-03
6.15027 2.12273883e-03
6.17156 2.11581597e-03
6.19293 2.10891487e-03
6.21436 2.10203554e-03
6.23588 2.09517847e-03
6.25746 2.08834268e-03
6.27912 2.08152864e-03
6.30086 2.07473588e-03
6.32267 2.06796488e-03
6.34455 2.06121565e-03
6.36652 2.05448719e-03
6.38856 2.04778001e-03
6.41067 2.04109459e-03
6.43286 2.03442995e-03
6.45513 2.02778608e-03
6.47747 2.02116348e-03
6.49990 2.01456215e-03
6.52240 2.01633257e-03
6.54497 2.01814107e-03
6.56763 2.01994808e-03
6.59037 2.02175362e-03
6.61318 2.02355866e-03
6.63607 2.02536221e-03
6.65904 2.02716428e-03
6.68209 2.02896536e-03
6.70522 2.03076545e-03
6.72843 2.03256456e-03
6.75172 2.03436168e-03
6.77510 2.03615831e-03
6.79855 2.03795346e-03
6.82208 2.03974761e-03
6.84570 2.04154028e-03
6.86939 2.04333147e-03
6.89317 2.04512217e-03
6.91704 2.04691088e-03
6.94098 2.04869861e-03
6.96500 2.05048534e-03
6.98911 2.05227059e-03
7.01331 2.05798943e-03
7.03759 2.06695774e-03
7.06195 2.07595919e-03
7.08639 2.08499378e-03
7.11092 2.09406152e-03
7.13554 2.10316338e-03
7.16024 2.11229839e-03
7.18502 2.12146704e-03
7.20990 2.13066932e-03
7.23485 2.13990574e-03
7.25990 2.14917629e-03
7.28503 2.15848097e-03
7.31025 2.16781978e-03
7.33555 2.17719272e-03
7.36094 2.18660029e-03
7.38642 2.19604249e-03
7.41199 2.20551981e-03
7.43765 2.21503126e-03
7.46340 2.22457783e-03
7.48923 2.23415953e-03
7.51516 2.26597302e-03
7.54117 2.31438011e-03
7.56727 2.36379880e-03
7.59347 2.41424985e-03
7.61975 2.46575455e-03
7.64613 2.51833464e-03
7.67260 2.57201142e-03
7.69916 2.62680861e-03
7.72581 2.68274799e-03
7.75255 2.73985429e-03
7.77939 2.79815076e-03
7.80632 2.85766213e-03
7.83334 2.91841263e-03
7.86046 2.98042899e-03
7.88767 3.04373693e-03
7.91497 3.10836216e-03
7.94237 3.17433239e-03
7.96986 3.24167483e-03
7.99745 3.31041816e-03
8.02513 3.52425168e-03
8.05291 3.76772463e-03
8.08079 4.02792870e-03
8.10876 4.30600804e-03
8.13683 4.60318646e-03
8.16500 4.92077037e-03
8.19326 5.26015672e-03
8.22162 5.86604424e-03
8.25008 6.62857785e-03
8.27864 7.48999039e-03
8.30730 8.46306897e-03
8.33605 9.56226283e-03
8.36491 1.08038861e-02
8.39386 1.22063551e-02
8.42292 1.34818927e-02
8.45208 1.48000755e-02
8.48133 1.62465204e-02
8.51069 1.78336435e-02
8.54016 1.95750582e-02
8.56972 2.14856785e-02
8.59938 2.35818384e-02
8.62915 2.53065580e-02
8.65902 2.71434878e-02
8.68899 2.91126668e-02
8.71907 3.12234787e-02
8.74925 3.34859357e-02
8.77954 3.59107273e-02
8.80993 3.84524286e-02
8.84043 4.10469849e-02
8.87103 4.38147636e-02
8.90174 4.67670481e-02
8.93255 4.99158240e-02
8.96347 5.32739181e-02
8.99450 5.68548596e-02
9.02563 5.99096736e-02
9.05688 6.29565729e-02
9.08823 6.61586492e-02
9.11969 6.95242623e-02
9.15126 7.30625140e-02
9.18294 7.67832977e-02
9.21472 8.01742872e-02
9.24662 8.30905945e-02
9.27863 8.61195375e-02
9.31075 8.92666068e-02
9.34298 9.25377880e-02
9.37532 9.59394128e-02
9.40777 9.91932312e-02
9.44034 1.01633026e-01
9.47302 1.04137523e-01
9.50581 1.06708405e-01
9.53871 1.09347353e-01
9.57173 1.12055851e-01
9.60487 1.14685400e-01
9.63811 1.16484255e-01
9.67148 1.18303441e-01
9.70495 1.20142018e-01
9.73855 1.21998947e-01
9.77226 1.23873141e-01
9.80609 1.25581076e-01
9.84003 1.26452827e-01
9.87409 1.27306028e-01
9.90827 1.28139245e-01
9.94257 1.28951092e-01
9.97699 1.29740135e-01
10.01153 1.30216993e-01
10.04618 1.30091843e-01
10.08096 1.29939980e-01
10.11585 1.29761158e-01
10.15087 1.29555179e-01
10.18601 1.29321795e-01
10.22127 1.28837961e-01
10.25665 1.28186881e-01
10.29215 1.27517350e-01
10.32778 1.26829664e-01
10.36353 1.26123923e-01
10.39941 1.25400374e-01
10.43540 1.24306023e-01
10.47153 1.23193815e-01
10.50777 1.22070130e-01
10.54415 1.20935414e-01
10.58065 1.19789964e-01
10.61727 1.18272228e-01
10.65403 1.16356631e-01
10.69091 1.14456171e-01
10.72791 1.12570898e-01
10.76505 1.10700909e-01
10.80231 1.08830426e-01
10.83971 1.06742685e-01
10.87723 1.04686307e-01
10.91488 1.02660795e-01
10.95266 1.00665755e-01
10.99058 9.87008400e-02
11.02862 9.66180460e-02
11.06680 9.45257544e-02
11.10511 9.24732835e-02
11.14355 9.04598912e-02
11.18212 8.84847367e-02
11.22083 8.63505468e-02
11.25967 8.40984779e-02
11.29865 8.19007728e-02
11.33776 7.97561455e-02
11.37701 7.76633097e-02
11.41639 7.53611805e-02
11.45591 7.27709575e-02
11.49556 7.02669053e-02
11.53536 6.78462045e-02
11.57529 6.55061344e-02
11.61536 6.31188236e-02
11.65556 6.06222409e-02
11.69591 5.82224645e-02
11.73640 5.59159823e-02
11.77702 5.36992325e-02
11.81779 5.14371713e-02
11.85870 4.91056886e-02
11.89975 4.68780562e-02
11.94094 4.47499161e-02
11.98227 4.27170439e-02
12.02375 4.08137891e-02
12.06537 3.90201723e-02
12.10714 3.73026056e-02
12.14905 3.56581456e-02
12.19110 3.40839283e-02
12.23330 3.25771637e-02
12.27565 3.11351560e-02
12.31814 2.97552833e-02
12.36078 2.84350180e-02
12.40357 2.71719163e-02
12.44651 2.59636139e-02
12.48959 2.48078450e-02
12.53283 2.41592628e-02
12.57621 2.36687216e-02
12.61974 2.31860754e-02
12.66343 2.27112646e-02
12.70726 2.22442350e-02
12.75125 2.17849221e-02
12.79539 2.13332618e-02
12.83968 2.08891896e-02
12.88413 2.04526463e-02
12.92873 2.00235526e-02
12.97348 1.96018493e-02
13.01839 1.94583712e-02
13.06345 1.97098350e-02
13.10867 1.99633616e-02
13.15405 2.02189608e-02
13.19959 2.04766376e-02
13.24528 2.07364019e-02
13.29113 2.09982537e-02
13.33713 2.12621980e-02
13.38330 2.15282495e-02
13.42963 2.17964083e-02
13.47612 2.20666793e-02
13.52277 2.23880741e-02
13.56958 2.27658313e-02
13.61655 2.31494651e-02
13.66368 2.35390744e-02
13.71098 2.39347435e-02
13.75844 2.43365661e-02
13.80607 2.47446216e-02
13.85386 2.51590187e-02
13.90182 2.55798366e-02
13.94994 2.60071841e-02
13.99823 2.64411502e-02
14.04668 2.67514447e-02
14.09531 2.70598150e-02
14.14410 2.73711730e-02
14.19306 2.76855485e-02
14.24219 2.80029613e-02
14.29149 2.83234459e-02
14.34096 2.86470272e-02
14.39060 2.89737298e-02
14.44042 2.93035785e-02
14.49041 2.96366078e-02
14.54057 3.00107984e-02
14.59090 3.03975140e-02
14.64141 3.07878208e-02
14.69209 3.11817536e-02
14.74295 3.15793271e-02
14.79398 3.19805759e-02
14.84519 3.23855200e-02
14.89658 3.27941888e-02
14.94814 3.32066073e-02
14.99989 3.36228050e-02
15.05181 3.46456619e-02
15.10392 3.56994948e-02
15.15620 3.67839031e-02
15.20866 3.78997672e-02
15.26131 3.90480072e-02
15.31414 4.02295779e-02
15.36715 4.14454587e-02
15.42034 4.26966785e-02
15.47372 4.39843007e-02
15.52729 4.53245704e-02
15.58103 4.67205593e-02
15.63497 4.81598958e-02
15.68909 4.96441036e-02
15.74340 5.11748496e-02
15.79790 5.27538256e-02
15.85258 5.43828619e-02
15.90746 5.60639865e-02
15.96252 5.77992277e-02
16.01778 5.94704096e-02
16.07323 6.09321496e-02
16.12886 6.24331167e-02
16.18470 6.39747453e-02
16.24072 6.55584207e-02
16.29694 6.71856761e-02
16.35335 6.88579957e-02
16.40996 7.05770119e-02
16.46677 7.23444064e-02
16.52377 7.38418119e-02
16.58097 7.49166236e-02
16.63836 7.60068195e-02
16.69596 7.71124489e-02
16.75375 7.82335615e-02
16.81175 7.93701076e-02
16.86994 8.05221368e-02
16.92834 8.16895501e-02
16.98694 8.28722981e-02
17.04574 8.36567900e-02
17.10474 8.43238975e-02
17.16395 8.49896693e-02
17.22337 8.56538583e-02
17.28299 8.63159201e-02
17.34281 8.69755581e-02
17.40285 8.76323271e-02
17.46309 8.82857817e-02
17.52354 8.87521040e-02
17.58420 8.89229124e-02
17.64507 8.90845200e-02
17.70615 8.92368279e-02
17.76744 8.93795887e-02
17.82894 8.95127035e-02
17.89066 8.96359249e-02
17.95259 8.97491047e-02
18.01473 8.97646372e-02
18.07709 8.94898004e-02
18.13967 8.92076920e-02
18.20246 8.89184109e-02
18.26547 8.86220067e-02
18.32870 8.83184792e-02
18.39214 8.80079275e-02
18.45581 8.76904009e-02
18.51969 8.73392371e-02
18.58380 8.69238160e-02
18.64813 8.65054764e-02
18.71268 8.60843667e-02
18.77746 8.56604868e-02
18.84246 8.52338863e-02
18.90768 8.48046640e-02
18.97313 8.43728200e-02
19.03881 8.39002155e-02
19.10472 8.33999096e-02
19.17085 8.28988123e-02
19.23721 8.23969235e-02
19.30380 8.18943421e-02
19.37062 8.13911177e-02
19.43768 8.08872997e-02
19.50496 8.03850647e-02
19.57248 7.99102836e-02
19.64023 7.94358488e-02
19.70822 7.89617603e-02
19.77644 7.84880675e-02
19.84490 7.80148693e-02
19.91359 7.75420669e-02
19.98252 7.70697592e-02
20.05169 7.65661885e-02
20.12110 7.60537633e-02
20.19076 7.55433663e-02
20.26065 7.50349973e-02
20.33078 7.45286565e-02
20.40116 7.40243933e-02
20.47178 7.35221583e-02
20.54264 7.30220008e-02
20.61375 7.25238715e-02
20.68511 7.20278197e-02
20.75671 7.15338456e-02
20.82856 7.10418996e-02
20.90066 7.05520807e-02
20.97301 7.00642404e-02
21.04561 6.96574760e-02
21.11846 6.92988427e-02
21.19157 6.89414460e-02
21.26492 6.85853355e-02
21.33853 6.82304121e-02
21.41240 6.78767749e-02
21.48652 6.75243249e-02
21.56090 6.71731116e-02
21.63553 6.68231844e-02
21.71043 6.64744444e-02
21.78558 6.61269905e-02
21.86099 6.57807239e-02
21.93666 6.54356939e-02
22.01260 6.51034263e-02
22.08880 6.48296283e-02
22.16526 6.45561765e-02
22.24199 6.42830216e-02
22.31898 6.40102129e-02
22.39624 6.37377505e-02
22.47377 6.34656344e-02
22.55156 6.31938645e-02
22.62962 6.29224409e-02
22.70796 6.26513636e-02
22.78656 6.23806325e-02
22.86544 6.21102972e-02
22.94459 6.18403576e-02
23.02402 6.15734355e-02
23.10372 6.13128945e-02
23.18369 6.10524031e-02
23.26394 6.07919116e-02
23.34447 6.05314696e-02
23.42528 6.02710771e-02
23.50637 6.00107835e-02
23.58774 5.97505393e-02
23.66939 5.94903447e-02
23.75133 5.92302489e-02
23.83354 5.89702521e-02
23.91604 5.87103543e-02
23.99883 5.84506048e-02
24.08191 5.80696125e-02
24.16527 5.76879772e-02
24.24892 5.73074796e-02
24.33286 5.69281197e-02
24.41709 5.65499471e-02
24.50161 5.61729121e-02
24.58642 5.57970644e-02
24.67153 5.54224533e-02
24.75693 5.50489800e-02
24.84263 5.46767433e-02
24.92863 5.43056939e-02
25.01492 5.39282632e-02
25.10151 5.35161069e-02
25.18840 5.31061272e-02
25.27559 5.26983240e-02
25.36309 5.22926973e-02
25.45088 5.18892967e-02
25.53898 5.14880231e-02
25.62739 5.10889755e-02
25.71610 5.06920549e-02
25.80512 5.02973109e-02
25.89444 4.99047435e-02
25.98408 4.95143525e-02
26.07403 4.91066136e-02
26.16428 4.86972374e-02
26.25485 4.82904681e-02
26.34574 4.78862957e-02
26.43694 4.74847105e-02
26.52845 4.70857074e-02
26.62028 4.66892667e-02
26.71243 4.62953883e-02
26.80489 4.59040625e-02
26.89768 4.55152693e-02
26.99079 4.51290089e-02
27.08422 4.46856540e-02
27.17798 4.42393608e-02
27.27205 4.37967033e-02
27.36646 4.33576521e-02
27.46119 4.29221920e-02
27.55625 4.24902887e-02
27.65164 4.20619370e-02
27.74736 4.16370975e-02
27.84341 4.12157602e-02
27.93979 4.07979005e-02
28.03650 4.03882620e-02
28.13355 3.99898822e-02
28.23094 3.95948266e-02
28.32867 3.92030704e-02
28.42673 3.88145938e-02
28.52513 3.84293721e-02
28.62387 3.80473856e-02
28.72295 3.76686144e-02
28.82238 3.72930288e-02
28.92215 3.69206141e-02
29.02227 3.65360454e-02
29.12273 3.61019210e-02
29.22354 3.56723574e-02
29.32470 3.52473200e-02
29.42621 3.48267643e-02
29.52807 3.44106507e-02
29.63029 3.39989396e-02
29.73286 3.35915965e-02
29.83578 3.31885767e-02
29.93906 3.27898457e-02
30.04269 3.24031944e-02
30.14669 3.20316997e-02
30.25104 3.16640585e-02
30.35576 3.13002312e-02
30.46084 3.09401831e-02
30.56628 3.05838896e-02
30.67209 3.02313208e-02
30.77826 2.98824374e-02
30.88481 2.95372095e-02
30.99172 2.91956125e-02
31.09900 2.88576117e-02
31.20665 2.85231725e-02
31.31467 2.81922702e-02
31.42307 2.78648701e-02
31.53184 2.75409426e-02
31.64099 2.72204580e-02
31.75052 2.69033816e-02
31.86043 2.65896838e-02
31.97072 2.62793398e-02
32.08139 2.59992645e-02
32.19244 2.57315608e-02
32.30388 2.54664145e-02
32.41570 2.52038009e-02
32.52791 2.49436953e-02
32.64051 2.46860877e-02
32.75349 2.44309485e-02
32.86687 2.41782629e-02
32.98064 2.39280160e-02
33.09481 2.36801781e-02
33.20937 2.34347344e-02
33.32433 2.31916651e-02
33.43968 2.29509553e-02
33.55544 2.27125804e-02
33.67159 2.24765205e-02
33.78815 2.22427609e-02
33.90511 2.20112767e-02
34.02247 2.17876329e-02
34.14024 2.15895041e-02
34.25842 2.13930719e-02
34.37701 2.11983217e-02
34.49601 2.10052384e-02
34.61542 2.08138123e-02
34.73525 2.06240285e-02
34.85549 2.04358771e-02
34.97614 2.02493482e-02
35.09721 2.00644319e-02
35.21871 1.98811084e-02
35.34062 1.96993679e-02
35.46295 1.95192053e-02
35.58571 1.93406010e-02
35.70889 1.91635499e-02
35.83250 1.89880372e-02
35.95654 1.88140481e-02
36.08101 1.86375313e-02
36.20590 1.84604406e-02
36.33123 1.82849527e-02
36.45700 1.81110575e-02
36.58320 1.79387404e-02
36.70983 1.77679914e-02
36.83691 1.75987956e-02
36.96442 1.74311431e-02
37.09238 1.72650143e-02
37.22077 1.71003991e-02
37.34962 1.69372927e-02
37.47890 1.67756702e-02
37.60864 1.66155269e-02
37.73883 1.64568477e-02
37.86946 1.62996228e-02
38.00055 1.61438721e-02
38.13209 1.59969017e-02
38.26409 1.58512075e-02
38.39654 1.57067797e-02
38.52946 1.55636132e-02
38.66283 1.54216934e-02
38.79667 1.52810102e-02
38.93096 1.51415587e-02
39.06573 1.50033241e-02
39.20096 1.48662965e-02
39.33665 1.47304759e-02
39.47282 1.45958424e-02
39.60946 1.44623913e-02
39.74657 1.43301124e-02
39.88416 1.41989961e-02
40.02222 1.40739246e-02
40.16076 1.39752732e-02
40.29978 1.38772995e-02
40.43928 1.37799887e-02
40.57926 1.36833506e-02
40.71973 1.35873754e-02
40.86069 1.34920531e-02
41.00213 1.33973838e-02
41.14406 1.33033675e-02
41.28648 1.32099942e-02
41.42940 1.31172590e-02
41.57281 1.30251620e-02
41.71672 1.29336981e-02
41.86113 1.28428625e-02
42.00603 1.27526501e-02
42.15144 1.26630561e-02
42.29735 1.25740804e-02
42.44377 1.24857181e-02
42.59069 1.23979593e-02
42.73812 1.23108089e-02
42.88606 1.22242571e-02
43.03451 1.21382989e-02
43.18348 1.20529342e-02
43.33297 1.19681583e-02
43.48297 1.18839660e-02
43.63349 1.18003525e-02
43.78453 1.17173177e-02
43.93609 1.16348519e-02
44.08818 1.15529598e-02
44.24079 1.14716316e-02
44.39394 1.13908674e-02
44.54761 1.13106572e-02
44.70182 1.12310010e-02
44.85655 1.11518989e-02
45.01183 1.10740037e-02
45.16764 1.10046218e-02
45.32399 1.09356702e-02
45.48089 1.08671490e-02
45.63832 1.07990482e-02
45.79630 1.07313729e-02
45.95483 1.06641130e-02
46.11391 1.05972687e-02
46.27353 1.05308399e-02
46.43371 1.04648217e-02
46.59445 1.03992091e-02
46.75574 1.03340071e-02
46.91759 1.02692107e-02
47.08000 1.02048101e-02
47.24297 1.01408101e-02
47.40650 1.00772108e-02
47.57060 1.00140023e-02
47.73527 9.95118460e-03
47.90051 9.88875767e-03
48.06633 9.82671657e-03
48.23271 9.76506132e-03
48.39967 9.70378696e-03
48.56721 9.64289349e-03
48.73533 9.58237597e-03
48.90403 9.52223440e-03
49.07332 9.46246877e-03
49.24319 9.40307415e-03
49.41365 9.34404557e-03
49.58470 9.28538305e-03
49.75634 9.22708659e-03
49.92858 9.16915123e-03
50.10141 9.09838916e-03
50.27484 9.01894075e-03
50.44887 8.94017497e-03
50.62350 8.86208195e-03
50.79874 8.78465672e-03
50.97458 8.70789435e-03
51.15104 8.63178988e-03
51.32810 8.55633837e-03
51.50578 8.48153488e-03
51.68407 8.40736951e-03
51.86298 8.33384720e-03
52.04250 8.26094817e-03
52.22265 8.18867737e-03
52.40343 8.11702985e-03
52.58482 8.04599572e-03
52.76685 7.97557497e-03
52.94951 7.90575277e-03
53.13280 7.83653901e-03
53.31672 7.76791391e-03
53.50128 7.69988240e-03
53.68648 7.63243955e-03
53.87232 7.56557051e-03
54.05880 7.49928517e-03
54.24593 7.43356376e-03
54.43371 7.36841121e-03
54.62214 7.30382259e-03
54.81122 7.23978799e-03
55.00095 7.17636677e-03
55.19134 7.12501543e-03
55.38239 7.07402519e-03
55.57410 7.02339111e-03
55.76647 6.97312308e-03
55.95951 6.92320627e-03
56.15322 6.87364561e-03
56.34760 6.82443123e-03
56.54265 6.77557300e-03
56.73838 6.72705609e-03
56.93479 6.67888051e-03
57.13187 6.63104624e-03
57.32964 6.58355329e-03
57.52809 6.53639672e-03
57.72723 6.48957652e-03
57.92705 6.44308775e-03
58.12757 6.39692545e-03
58.32879 6.35108964e-03
58.53070 6.30558525e-03
58.73331 6.26039745e-03
58.93662 6.21553119e-03
59.14063 6.17098645e-03
59.34535 6.12675336e-03
59.55078 6.08283685e-03
59.75692 6.03923199e-03
59.96377 5.99593381e-03
60.17134 5.94837161e-03
60.37963 5.90021581e-03
60.58864 5.85244585e-03
60.79837 5.80505679e-03
61.00883 5.75804861e-03
61.22002 5.71141639e-03
61.43194 5.66515516e-03
61.64459 5.61926988e-03
61.85797 5.57374571e-03
62.07210 5.52859253e-03
62.28697 5.48379552e-03
62.50258 5.43935961e-03
62.71894 5.39527987e-03
62.93605 5.35155628e-03
63.15390 5.30817896e-03
63.37252 5.26515285e-03
63.59189 5.22246807e-03
63.81201 5.18012955e-03
64.03290 5.13812740e-03
64.25456 5.09646163e-03
64.47698 5.05513223e-03
64.70017 5.01413425e-03
64.92414 4.97346771e-03
65.14888 4.93723189e-03
65.37440 4.90333881e-03
65.60070 4.86967675e-03
65.82778 4.83624421e-03
66.05565 4.80303921e-03
66.28430 4.77006077e-03
66.51375 4.73730691e-03
66.74400 4.70477665e-03
66.97504 4.67246799e-03
67.20688 4.64037995e-03
67.43952 4.60851055e-03
67.67297 4.57685832e-03
67.90722 4.54542225e-03
68.14229 4.51420087e-03
68.37817 4.48319220e-03
68.61486 4.45239474e-03
68.85238 4.42180802e-03
69.09072 4.39143005e-03
69.32988 4.36125884e-03
69.56987 4.33129391e-03
69.81069 4.30153378e-03
70.05235 4.27198684e-03
70.29484 4.24267784e-03
70.53817 4.21356918e-03
70.78235 4.18465888e-03
71.02737 4.15594546e-03
71.27323 4.12742793e-03
71.51995 4.09910480e-03
71.76752 4.07097459e-03
72.01595 4.04303681e-03
72.26524 4.01528897e-03
72.51539 3.98773060e-03
72.76641 3.96036020e-03
73.01830 3.93317678e-03
73.27106 3.90617886e-03
73.52469 3.87936447e-03
73.77920 3.85273359e-03
74.03460 3.82628476e-03
74.29087 3.80001598e-03
74.54804 3.77392627e-03
74.80609 3.74801513e-03
75.06504 3.72234737e-03
75.32488 3.69705111e-03
75.58563 3.67192650e-03
75.84727 3.64697106e-03
76.10982 3.62218479e-03
76.37328 3.59756573e-03
76.63766 3.57311337e-03
76.90295 3.54882622e-03
77.16915 3.52470281e-03
77.43628 3.50074314e-03
77.70433 3.47694522e-03
77.97331 3.45330856e-03
78.24322 3.42983168e-03
78.51407 3.40651310e-03
78.78585 3.38335280e-03
79.05857 3.36034882e-03
79.33224 3.33750067e-03
79.60686 3.31480734e-03
79.88242 3.29226686e-03
80.15894 3.26969868e-03
80.43642 3.24715128e-03
80.71486 3.22475822e-03
80.99426 3.20251899e-03
81.27463 3.18043262e-03
81.55596 3.15849762e-03
81.83828 3.13671349e-03
82.12157 3.11507875e-03
82.40584 3.09359240e-03
82.69109 3.07225347e-03
82.97733 3.05106096e-03
83.26457 3.03001438e-03
83.55279 3.00911175e-03
83.84202 2.98835306e-03
84.13225 2.96773684e-03
84.42348 2.94726258e-03
84.71572 2.92692832e-03
85.00897 2.90673405e-03
85.30323 2.88667828e-03
85.59852 2.86676053e-03
85.89482 2.84697931e-03
86.19215 2.82733461e-03
86.49052 2.80782446e-03
86.78991 2.78844837e-03
87.09034 2.76920534e-03
87.39181 2.75009439e-03
87.69432 2.73111502e-03
87.99789 2.71226624e-03
88.30250 2.69354706e-03
88.60816 2.67495650e-03
88.91489 2.65649356e-03
89.22267 2.63815726e-03
89.53153 2.61994759e-03
89.84145 2.60186257e-03
90.15244 2.58390222e-03
90.46451 2.56606553e-03
90.77766 2.54835102e-03
91.09190 2.53075869e-03
91.40722 2.51328756e-03
91.72363 2.49593614e-03
92.04114 2.47870442e-03
92.35975 2.46159094e-03
92.67946 2.44459518e-03
93.00028 2.42771616e-03
93.32221 2.41095389e-03
93.64525 2.39430638e-03
93.96941 2.37777363e-03
94.29469 2.36135465e-03
94.62110 2.34504846e-03
94.94864 2.32885456e-03
95.27731 2.31277195e-03
95.60712 2.29680016e-03
95.93807 2.28093817e-03
96.27017 2.26518551e-03
96.60342 2.24954168e-03
96.93782 2.23400470e-03
97.27338 2.21857505e-03
97.61010 2.20325176e-03
97.94798 2.18803384e-03
98.28704 2.17292078e-03
98.62727 2.15791161e-03
98.96867 2.14300582e-03
99.31126 2.12820242e-03
99.65504 2.11350142e-03
100.00000 2.09890134e-03
