        2000  1.000000 3.710000
0.10000 1.55446477e+00
0.10035 1.41446866e+00
0.10069 1.41412833e+00
0.10104 1.41407936e+00
0.10139 1.41368066e+00
0.10174 1.41347488e+00
0.10210 1.41326415e+00
0.10245 1.26836342e+00
0.10280 1.26784996e+00
0.10316 1.26732165e+00
0.10352 1.26731621e+00
0.10387 1.26683738e+00
0.10423 1.16115333e+00
0.10459 1.16066361e+00
0.10496 1.16016053e+00
0.10532 1.15964410e+00
0.10568 1.15911431e+00
0.10605 1.15857067e+00
0.10642 1.26301707e+00
0.10679 1.26239675e+00
0.10716 1.26176160e+00
0.10753 1.26111260e+00
0.10790 1.26044826e+00
0.10827 1.25976809e+00
0.10865 1.25907408e+00
0.10902 1.25836522e+00
0.10940 1.25764004e+00
0.10978 1.25690101e+00
0.11016 1.25614664e+00
0.11054 1.25537644e+00
0.11092 1.25459240e+00
0.11131 1.25379351e+00
0.11169 1.25297682e+00
0.11208 1.25214726e+00
0.11247 1.25130385e+00
0.11286 1.25013693e+00
0.11325 1.24893044e+00
0.11364 1.24769971e+00
0.11403 1.24644177e+00
0.11443 1.24515811e+00
0.11482 1.24385022e+00
0.11522 1.24251462e+00
0.11562 1.24115329e+00
0.11602 1.23976872e+00
0.11642 1.23835694e+00
0.11682 1.23691746e+00
0.11723 1.23545374e+00
0.11763 1.23396579e+00
0.11804 1.23245062e+00
0.11845 1.23090825e+00
0.11886 1.22934016e+00
0.11927 1.22775079e+00
0.11968 1.22613175e+00
0.12010 1.22448550e+00
0.12051 1.22281600e+00
0.12093 1.22112375e+00
0.12135 1.21939983e+00
0.12177 1.21765119e+00
0.12219 1.33371285e+00
0.12262 1.33173022e+00
0.12304 1.32972633e+00
0.12347 1.32768632e+00
0.12389 1.32951115e+00
0.12432 1.33976015e+00
0.12475 1.34945512e+00
0.12518 1.35600797e+00
0.12562 1.35880283e+00
0.12605 1.36155516e+00
0.12649 1.36271169e+00
0.12693 1.36230903e+00
0.12737 1.36189500e+00
0.12781 1.36188016e+00
0.12825 1.36204884e+00
0.12869 1.36222345e+00
0.12914 1.36233772e+00
0.12959 1.36231744e+00
0.13003 1.36228183e+00
0.13048 1.36210473e+00
0.13094 1.36171543e+00
0.13139 1.36125984e+00
0.13184 1.36103378e+00
0.13230 1.36086708e+00
0.13276 1.36061480e+00
0.13322 1.36035213e+00
0.13368 1.36006720e+00
0.13414 1.35971005e+00
0.13461 1.35935439e+00
0.13507 1.35880036e+00
0.13554 1.35817510e+00
0.13601 1.35755430e+00
0.13648 1.35661295e+00
0.13695 1.35559690e+00
0.13743 1.35455019e+00
0.13790 1.35335012e+00
0.13838 1.35209417e+00
0.13886 1.35084266e+00
0.13934 1.34907324e+00
0.13982 1.34687296e+00
0.14031 1.34466130e+00
0.14079 1.34226019e+00
0.14128 1.33918435e+00
0.14177 1.33613177e+00
0.14226 1.33309006e+00
0.14275 1.32981982e+00
0.14324 1.32649517e+00
0.14374 1.32326796e+00
0.14424 1.31893963e+00
0.14474 1.31395190e+00
0.14524 1.43861879e+00
0.14574 1.43141743e+00
0.14625 1.42158692e+00
0.14675 1.41087145e+00
0.14726 1.40038006e+00
0.14777 1.39350766e+00
0.14828 1.38594965e+00
0.14879 1.37879924e+00
0.14931 1.36772069e+00
0.14983 1.35332094e+00
0.15034 1.33885095e+00
0.15087 1.32286777e+00
0.15139 1.30829737e+00
0.15191 1.29445016e+00
0.15244 1.27779029e+00
0.15297 1.26172450e+00
0.15349 1.24673066e+00
0.15403 1.22791057e+00
0.15456 1.21018518e+00
0.15509 1.19224758e+00
0.15563 1.17024481e+00
0.15617 1.14695540e+00
0.15671 1.12713708e+00
0.15725 1.10293155e+00
0.15780 1.07850294e+00
0.15834 1.05686819e+00
0.15889 1.03199833e+00
0.15944 1.00846308e+00
0.15999 9.85379463e-01
0.16055 9.62590169e-01
0.16110 9.38757624e-01
0.16166 9.21790063e-01
0.16222 9.02165152e-01
0.16278 8.81530132e-01
0.16335 8.50337936e-01
0.16391 8.15157737e-01
0.16448 7.81340840e-01
0.16505 7.50089284e-01
0.16562 7.39951091e-01
0.16619 7.27714521e-01
0.16677 7.18359385e-01
0.16734 7.02167956e-01
0.16792 6.46905775e-01
0.16851 5.96958292e-01
0.16909 5.49814580e-01
0.16967 5.15568312e-01
0.17026 4.98773389e-01
0.17085 4.81051066e-01
0.17144 4.66030908e-01
0.17204 4.53422943e-01
0.17263 4.41658929e-01
0.17323 4.29562845e-01
0.17383 4.16390762e-01
0.17443 4.02299885e-01
0.17503 3.60529292e-01
0.17564 3.20927020e-01
0.17625 2.86156307e-01
0.17686 2.68581493e-01
0.17747 2.58605055e-01
0.17808 2.44409012e-01
0.17870 2.37198454e-01
0.17932 2.25851741e-01
0.17994 2.29000393e-01
0.18056 1.97511496e-01
0.18119 1.73251311e-01
0.18182 1.51690424e-01
0.18244 1.37370219e-01
0.18308 1.37135005e-01
0.18371 1.28181737e-01
0.18435 1.24149412e-01
0.18498 1.18819032e-01
0.18562 1.03915171e-01
0.18627 9.41986313e-02
0.18691 8.45973492e-02
0.18756 7.26614383e-02
0.18821 6.55037600e-02
0.18886 5.90986181e-02
0.18951 5.45298273e-02
0.19017 4.78452483e-02
0.19083 4.54359248e-02
0.19149 4.44459781e-02
0.19215 4.45680964e-02
0.19282 4.33024769e-02
0.19348 4.30206060e-02
0.19415 4.25023388e-02
0.19483 4.37813588e-02
0.19550 4.29349445e-02
0.19618 4.25800608e-02
0.19686 4.35447894e-02
0.19754 4.08110982e-02
0.19822 4.04206479e-02
0.19891 4.27772992e-02
0.19960 3.97764039e-02
0.20029 3.31485532e-02
0.20098 2.84148207e-02
0.20168 2.39418914e-02
0.20237 2.13666369e-02
0.20307 1.89374081e-02
0.20378 2.02521381e-02
0.20448 1.98861837e-02
0.20519 1.99778801e-02
0.20590 1.95252452e-02
0.20661 1.63016905e-02
0.20733 1.01449950e-02
0.20805 6.51247959e-03
0.20877 4.29434083e-03
0.20949 3.95818812e-03
0.21021 3.13410363e-03
0.21094 3.18744601e-03
0.21167 3.29040988e-03
0.21240 3.50921282e-03
0.21314 3.74781232e-03
0.21388 4.87534216e-04
0.21462 4.74882226e-04
0.21536 4.74770679e-04
0.21611 4.75126690e-04
0.21685 4.75390100e-04
0.21760 4.75782470e-04
0.21836 4.75915881e-04
0.21911 4.74911164e-04
0.21987 4.75194756e-04
0.22063 4.74413975e-04
0.22140 5.03121509e-04
0.22216 1.16856739e-03
0.22293 4.52839929e-03
0.22370 2.06096683e-02
0.22448 8.81533595e-02
0.22526 2.14120424e-01
0.22604 4.87427764e-02
0.22682 1.06063409e-02
0.22760 2.29329940e-03
0.22839 6.22275332e-04
0.22918 5.48759456e-04
0.22998 5.47703343e-04
0.23077 5.51294128e-04
0.23157 5.54007869e-04
0.23237 5.53498857e-04
0.23318 5.54741955e-04
0.23398 5.53806045e-04
0.23479 1.00577902e-03
0.23561 5.59144983e-04
0.23642 5.54319509e-04
0.23724 5.55094652e-04
0.23806 5.53516665e-04
0.23889 5.50688656e-04
0.23971 5.49727519e-04
0.24054 5.48551696e-04
0.24137 5.48507671e-04
0.24221 5.85119435e-04
0.24305 6.53604056e-04
0.24389 5.50047073e-04
0.24473 5.41059969e-04
0.24558 6.00535227e-04
0.24643 5.37519640e-04
0.24728 5.34686684e-04
0.24814 5.49895705e-04
0.24900 5.39151545e-04
0.24986 5.35700256e-04
0.25073 5.33376312e-04
0.25159 5.35785339e-04
0.25246 5.73469540e-04
0.25334 5.39457744e-04
0.25422 5.60055169e-04
0.25510 5.38719701e-04
0.25598 5.39931140e-04
0.25687 6.05266219e-04
0.25775 5.41280096e-04
0.25865 5.40159181e-04
0.25954 5.43013408e-04
0.26044 5.40000888e-04
0.26134 6.73856204e-04
0.26225 5.41919700e-04
0.26315 5.67922348e-04
0.26406 5.40981317e-04
0.26498 5.40056291e-04
0.26590 6.70089317e-04
0.26682 6.12686713e-04
0.26774 1.04770697e-03
0.26867 1.02231276e-02
0.26960 1.19510230e-02
0.27053 1.42844893e-02
0.27147 1.61960545e-02
0.27241 1.63953507e-02
0.27335 2.77321807e-02
0.27430 2.07772565e-02
0.27525 2.63229595e-02
0.27620 2.38570808e-02
0.27715 2.63791536e-02
0.27811 2.87625516e-02
0.27908 3.28882794e-02
0.28004 3.06328863e-02
0.28101 3.36845839e-02
0.28198 3.29738963e-02
0.28296 4.37079799e-02
0.28394 3.58133225e-02
0.28492 3.86580467e-02
0.28591 3.77659598e-02
0.28690 4.01172589e-02
0.28789 4.22317957e-02
0.28889 4.80816297e-02
0.28989 4.18181406e-02
0.29089 4.29205497e-02
0.29190 5.29155816e-02
0.29291 5.06877019e-02
0.29392 4.86734143e-02
0.29494 5.13002971e-02
0.29596 5.20229061e-02
0.29699 5.38973960e-02
0.29801 5.32338996e-02
0.29905 5.74940679e-02
0.30008 5.62612101e-02
0.30112 6.23924551e-02
0.30216 6.35600663e-02
0.30321 5.77472383e-02
0.30426 6.24353427e-02
0.30531 6.58791625e-02
0.30637 6.40814449e-02
0.30743 6.40342537e-02
0.30849 6.65442913e-02
0.30956 7.02393029e-02
0.31063 6.96897777e-02
0.31171 6.72612117e-02
0.31279 7.02604747e-02
0.31387 7.12416460e-02
0.31496 7.00450968e-02
0.31605 7.11604712e-02
0.31714 7.63177175e-02
0.31824 7.64112095e-02
0.31934 7.47886533e-02
0.32044 7.39626589e-02
0.32155 7.84742168e-02
0.32267 7.75917809e-02
0.32378 8.73593205e-02
0.32490 8.09836608e-02
0.32603 7.87789315e-02
0.32716 7.71919913e-02
0.32829 7.87965416e-02
0.32943 8.92716029e-02
0.33057 9.11345176e-02
0.33171 9.13062659e-02
0.33286 8.46966783e-02
0.33401 8.35370312e-02
0.33517 8.83168963e-02
0.33633 8.82901843e-02
0.33749 1.01169771e-01
0.33866 9.30003508e-02
0.33983 9.37657980e-02
0.34101 9.19037737e-02
0.34219 9.39280487e-02
0.34337 9.72284647e-02
0.34456 1.03651810e-01
0.34576 1.01850036e-01
0.34695 9.91395104e-02
0.34815 9.85294380e-02
0.34936 1.00576814e-01
0.35057 9.64860689e-02
0.35178 1.04490270e-01
0.35300 1.02158214e-01
0.35422 1.04793056e-01
0.35545 1.07126250e-01
0.35668 1.05494988e-01
0.35791 1.05537331e-01
0.35915 1.00717200e-01
0.36039 1.10784607e-01
0.36164 1.16996680e-01
0.36289 1.03575236e-01
0.36415 1.05178401e-01
0.36541 1.11905175e-01
0.36668 1.14003551e-01
0.36795 1.11552626e-01
0.36922 1.16095299e-01
0.37050 1.12161759e-01
0.37178 1.10439379e-01
0.37307 1.13967342e-01
0.37436 1.17264889e-01
0.37565 1.19742278e-01
0.37695 1.24192102e-01
0.37826 1.11905769e-01
0.37957 1.14060735e-01
0.38088 1.22003696e-01
0.38220 1.23991861e-01
0.38352 1.19694543e-01
0.38485 1.20085280e-01
0.38618 1.22571029e-01
0.38752 1.33382711e-01
0.38886 1.22313308e-01
0.39021 1.20239369e-01
0.39156 1.21737021e-01
0.39291 1.20312975e-01
0.39427 1.26338312e-01
0.39564 1.37747155e-01
0.39701 1.30260079e-01
0.39838 1.17841373e-01
0.39976 1.19196859e-01
0.40115 1.27913429e-01
0.40253 1.29474894e-01
0.40393 1.33665611e-01
0.40533 1.35078379e-01
0.40673 1.24980996e-01
0.40814 1.30491583e-01
0.40955 1.29593021e-01
0.41097 1.33334432e-01
0.41239 1.26620025e-01
0.41382 1.26226715e-01
0.41525 1.34862111e-01
0.41669 1.30162926e-01
0.41813 1.31927996e-01
0.41958 1.36259099e-01
0.42103 1.35814740e-01
0.42249 1.33104857e-01
0.42395 1.35425141e-01
0.42542 1.34766739e-01
0.42689 1.29039093e-01
0.42837 1.31323711e-01
0.42985 1.34110861e-01
0.43134 1.42841431e-01
0.43283 1.33786261e-01
0.43433 1.33991893e-01
0.43583 1.43913670e-01
0.43734 1.39595131e-01
0.43886 1.41476893e-01
0.44037 1.36565446e-01
0.44190 1.30986299e-01
0.44343 1.31581630e-01
0.44496 1.39639750e-01
0.44650 1.49091099e-01
0.44805 1.51407326e-01
0.44960 1.40893186e-01
0.45116 1.32971297e-01
0.45272 1.30566178e-01
0.45429 1.34309816e-01
0.45586 1.41685444e-01
0.45744 1.47505742e-01
0.45902 1.46700424e-01
0.46061 1.41979276e-01
0.46220 1.38423167e-01
0.46380 1.38048853e-01
0.46541 1.43867815e-01
0.46702 1.46203977e-01
0.46864 1.39015530e-01
0.47026 1.35689886e-01
0.47189 1.40222863e-01
0.47352 1.47398844e-01
0.47516 1.50498277e-01
0.47680 1.50691989e-01
0.47845 1.42897229e-01
0.48011 1.40057298e-01
0.48177 1.36612143e-01
0.48344 1.37464750e-01
0.48511 1.42749818e-01
0.48679 1.57241375e-01
0.48848 1.51714563e-01
0.49017 1.49866687e-01
0.49186 1.46418909e-01
0.49357 1.39140533e-01
0.49528 1.43376066e-01
0.49699 1.47267312e-01
0.49871 1.48734840e-01
0.50044 1.44000435e-01
0.50217 1.47843203e-01
0.50391 1.49026297e-01
0.50565 1.45585841e-01
0.50740 1.50452421e-01
0.50916 1.48315758e-01
0.51092 1.54233703e-01
0.51269 1.48240371e-01
0.51446 1.52212693e-01
0.51625 1.49919319e-01
0.51803 1.50048031e-01
0.51983 1.52090906e-01
0.52163 1.50710242e-01
0.52343 1.51542321e-01
0.52524 1.56475285e-01
0.52706 1.50874273e-01
0.52889 1.44026553e-01
0.53072 1.47329146e-01
0.53255 1.54680733e-01
0.53440 1.53959707e-01
0.53625 1.48974456e-01
0.53810 1.52789474e-01
0.53997 1.55716565e-01
0.54183 1.59005653e-01
0.54371 1.53604536e-01
0.54559 1.52814504e-01
0.54748 1.54292964e-01
0.54938 1.54322248e-01
0.55128 1.55421398e-01
0.55319 1.54080801e-01
0.55510 1.62091335e-01
0.55702 1.49083085e-01
0.55895 1.52080320e-01
0.56089 1.54852580e-01
0.56283 1.55315440e-01
0.56478 1.66761928e-01
0.56673 1.55535517e-01
0.56869 1.55633214e-01
0.57066 1.61758226e-01
0.57264 1.55037190e-01
0.57462 1.56796818e-01
0.57661 1.63101543e-01
0.57860 1.55190735e-01
0.58061 1.54607572e-01
0.58262 1.63758262e-01
0.58463 1.59287811e-01
0.58666 1.62713477e-01
0.58869 1.70950518e-01
0.59073 1.68195422e-01
0.59277 1.59961498e-01
0.59482 1.52042676e-01
0.59688 1.45849103e-01
0.59895 1.52420354e-01
0.60102 1.67482410e-01
0.60310 1.84796535e-01
0.60519 1.77416157e-01
0.60728 1.65443839e-01
0.60939 1.59277473e-01
0.61150 1.59827789e-01
0.61361 1.55417688e-01
0.61574 1.60367372e-01
0.61787 1.69560010e-01
0.62001 1.73347425e-01
0.62215 1.65300435e-01
0.62431 1.64031170e-01
0.62647 1.72020779e-01
0.62864 1.78823088e-01
0.63081 1.76417673e-01
0.63300 1.72111995e-01
0.63519 1.72432737e-01
0.63739 1.65985301e-01
0.63959 1.54510667e-01
0.64181 1.52595911e-01
0.64403 1.64448223e-01
0.64626 1.76930048e-01
0.64849 1.77128954e-01
0.65074 1.71800751e-01
0.65299 1.78764817e-01
0.65525 1.85834345e-01
0.65752 1.79617820e-01
0.65980 1.76720508e-01
0.66208 1.69368871e-01
0.66437 1.67570658e-01
0.66667 1.64911330e-01
0.66898 1.70050818e-01
0.67130 1.76066806e-01
0.67362 1.77210277e-01
0.67595 1.70273171e-01
0.67829 1.62528620e-01
0.68064 1.65730943e-01
0.68299 1.83130101e-01
0.68536 1.93083092e-01
0.68773 1.97788856e-01
0.69011 1.88625898e-01
0.69250 1.74953261e-01
0.69490 1.66938276e-01
0.69730 1.68048259e-01
0.69972 1.75480081e-01
0.70214 1.75271431e-01
0.70457 1.71712304e-01
0.70701 1.72007571e-01
0.70946 1.73870535e-01
0.71191 1.78265302e-01
0.71438 1.88067765e-01
0.71685 1.95956116e-01
0.71933 1.94638571e-01
0.72182 1.82087245e-01
0.72432 1.77086165e-01
0.72683 1.80122627e-01
0.72934 1.75659794e-01
0.73187 1.79086399e-01
0.73440 1.80988887e-01
0.73694 1.81573039e-01
0.73949 1.80524939e-01
0.74205 1.72166458e-01
0.74462 1.68320672e-01
0.74720 1.73983764e-01
0.74979 1.87888251e-01
0.75238 1.97924642e-01
0.75499 2.08471529e-01
0.75760 2.10560555e-01
0.76022 1.84631712e-01
0.76285 1.70963874e-01
0.76549 1.71531652e-01
0.76814 1.80051741e-01
0.77080 1.78613547e-01
0.77347 1.70192243e-01
0.77615 1.66059402e-01
0.77884 1.71643150e-01
0.78153 1.85245445e-01
0.78424 1.95450368e-01
0.78695 2.00777829e-01
0.78968 2.00811219e-01
0.79241 1.95077588e-01
0.79515 1.86852221e-01
0.79790 1.84118396e-01
0.80067 1.81539155e-01
0.80344 1.77437280e-01
0.80622 1.78450011e-01
0.80901 1.84354896e-01
0.81181 1.88072168e-01
0.81462 1.92697252e-01
0.81744 1.85498021e-01
0.82027 1.74155265e-01
0.82311 1.69019092e-01
0.82596 1.70462974e-01
0.82882 1.76510423e-01
0.83169 1.85856012e-01
0.83457 1.96426840e-01
0.83745 2.02811998e-01
0.84035 1.97513722e-01
0.84326 1.85241636e-01
0.84618 1.79398336e-01
0.84911 1.77177530e-01
0.85205 1.75285282e-01
0.85500 1.75641293e-01
0.85796 1.75235370e-01
0.86093 1.75336331e-01
0.86391 1.80819959e-01
0.86690 1.90293271e-01
0.86990 1.92877162e-01
0.87291 1.86972821e-01
0.87593 1.84169495e-01
0.87897 1.85141911e-01
0.88201 1.83675224e-01
0.88506 1.79208186e-01
0.88813 1.76405801e-01
0.89120 1.76389031e-01
0.89428 1.78504820e-01
0.89738 1.82126472e-01
0.90049 1.84295635e-01
0.90360 1.84539506e-01
0.90673 1.84433301e-01
0.90987 1.80785431e-01
0.91302 1.73578682e-01
0.91618 1.67550426e-01
0.91935 1.65306767e-01
0.92253 1.67031422e-01
0.92573 1.72329945e-01
0.92893 1.80168334e-01
0.93215 1.87455813e-01
0.93537 1.90174105e-01
0.93861 1.87208579e-01
0.94186 1.80967864e-01
0.94512 1.75485226e-01
0.94839 1.72501792e-01
0.95168 1.72159631e-01
0.95497 1.74161003e-01
0.95828 1.77328997e-01
0.96159 1.79690338e-01
0.96492 1.80666859e-01
0.96826 1.80244463e-01
0.97161 1.77566388e-01
0.97498 1.73755575e-01
0.97835 1.71291195e-01
0.98174 1.70968474e-01
0.98514 1.71836466e-01
0.98855 1.72327670e-01
0.99197 1.71672879e-01
0.99540 1.71083435e-01
0.99885 1.71600905e-01
1.00231 1.72405530e-01
1.00578 1.72144198e-01
1.00926 1.70896500e-01
1.01275 1.69900192e-01
1.01626 1.69782758e-01
1.01978 1.69868335e-01
1.02330 1.69158687e-01
1.02685 1.67546469e-01
1.03040 1.65599956e-01
1.03397 1.64146279e-01
1.03755 1.63899440e-01
1.04114 1.65047463e-01
1.04474 1.67315015e-01
1.04836 1.70098850e-01
1.05199 1.72411120e-01
1.05563 1.73074864e-01
1.05928 1.71627815e-01
1.06295 1.68918674e-01
1.06663 1.66300898e-01
1.07032 1.64650591e-01
1.07403 1.64209052e-01
1.07775 1.64784250e-01
1.08148 1.65903384e-01
1.08522 1.66870111e-01
1.08898 1.66935853e-01
1.09275 1.65744448e-01
1.09653 1.63586217e-01
1.10032 1.61144938e-01
1.10413 1.59126006e-01
1.10796 1.57993417e-01
1.11179 1.57809203e-01
1.11564 1.58207360e-01
1.11950 1.58560701e-01
1.12338 1.58366247e-01
1.12726 1.57600948e-01
1.13117 1.56662071e-01
1.13508 1.55974781e-01
1.13901 1.55703259e-01
1.14295 1.55725123e-01
1.14691 1.55775876e-01
1.15088 1.55650230e-01
1.15487 1.55317171e-01
1.15886 1.54875879e-01
1.16287 1.54462981e-01
1.16690 1.54192942e-01
1.17094 1.54099549e-01
1.17499 1.54103012e-01
1.17906 1.54076003e-01
1.18314 1.53971282e-01
1.18724 1.53861466e-01
1.19135 1.53847665e-01
1.19547 1.53955750e-01
1.19961 1.54111768e-01
1.20376 1.54176272e-01
1.20793 1.54000616e-01
1.21211 1.53494720e-01
1.21630 1.52685693e-01
1.22052 1.51718768e-01
1.22474 1.50785085e-01
1.22898 1.50030768e-01
1.23323 1.49500485e-01
1.23750 1.49130672e-01
1.24179 1.48786582e-01
1.24609 1.48330945e-01
1.25040 1.47693072e-01
1.25473 1.46894977e-01
1.25907 1.46020505e-01
1.26343 1.45157905e-01
1.26780 1.44363025e-01
1.27219 1.43658521e-01
1.27659 1.43049092e-01
1.28101 1.42526674e-01
1.28545 1.42065398e-01
1.28990 1.41621781e-01
1.29436 1.41149967e-01
1.29884 1.40625571e-01
1.30334 1.40062937e-01
1.30785 1.39511038e-01
1.31238 1.39027600e-01
1.31692 1.38647053e-01
1.32148 1.38362768e-01
1.32605 1.38133292e-01
1.33064 1.37907774e-01
1.33525 1.37655098e-01
1.33987 1.37380311e-01
1.34451 1.37118236e-01
1.34916 1.36910773e-01
1.35383 1.36782951e-01
1.35852 1.36731209e-01
1.36322 1.36727351e-01
1.36794 1.36733039e-01
1.37268 1.36716023e-01
1.37743 1.36659383e-01
1.38220 1.36560549e-01
1.38698 1.36423230e-01
1.39178 1.36248909e-01
1.39660 1.36032888e-01
1.40144 1.35765818e-01
1.40629 1.35439041e-01
1.41115 1.35050084e-01
1.41604 1.34605033e-01
1.42094 1.34117143e-01
1.42586 1.33601898e-01
1.43080 1.33072506e-01
1.43575 1.32536584e-01
1.44072 1.31996655e-01
1.44571 1.31451731e-01
1.45071 1.30899336e-01
1.45573 1.30337395e-01
1.46077 1.29765610e-01
1.46583 1.29186108e-01
1.47090 1.28603588e-01
1.47599 1.28023987e-01
1.48110 1.27452400e-01
1.48623 1.26891052e-01
1.49137 1.26339450e-01
1.49654 1.25795267e-01
1.50172 1.25256872e-01
1.50692 1.24724511e-01
1.51213 1.24200363e-01
1.51737 1.23687245e-01
1.52262 1.23187335e-01
1.52789 1.22701572e-01
1.53318 1.22230006e-01
1.53849 1.21773281e-01
1.54381 1.21332780e-01
1.54916 1.20752091e-01
1.55452 1.19629445e-01
1.55990 1.18539743e-01
1.56530 1.17483877e-01
1.57072 1.16462143e-01
1.57615 1.15474443e-01
1.58161 1.14521071e-01
1.58709 1.13602426e-01
1.59258 1.12718605e-01
1.59809 1.11868916e-01
1.60362 1.11051183e-01
1.60918 1.10261596e-01
1.61475 1.09495209e-01
1.62034 1.08746085e-01
1.62594 1.08007845e-01
1.63157 1.07274353e-01
1.63722 1.06539674e-01
1.64289 1.05798664e-01
1.64857 1.05046919e-01
1.65428 1.04280927e-01
1.66001 1.03498216e-01
1.66575 1.02697252e-01
1.67152 1.01877441e-01
1.67731 1.01039129e-01
1.68311 1.00183257e-01
1.68894 9.93111103e-02
1.69478 9.84243213e-02
1.70065 9.75247205e-02
1.70654 9.66139897e-02
1.71245 9.56938108e-02
1.71837 9.47656677e-02
1.72432 9.38310940e-02
1.73029 9.28914252e-02
1.73628 9.19479475e-02
1.74229 9.10017985e-02
1.74832 9.00542645e-02
1.75437 8.91063843e-02
1.76045 8.81591965e-02
1.76654 8.72137896e-02
1.77266 8.62712023e-02
1.77879 8.53323744e-02
1.78495 8.43984437e-02
1.79113 8.34704491e-02
1.79733 8.25494787e-02
1.80355 8.16366703e-02
1.80979 8.07331616e-02
1.81606 7.98401893e-02
1.82234 7.89589407e-02
1.82865 7.80906523e-02
1.83498 7.72365608e-02
1.84133 7.63980019e-02
1.84771 7.55761627e-02
1.85410 7.47721809e-02
1.86052 7.39872439e-02
1.86696 7.32223903e-02
1.87342 7.24786095e-02
1.87991 7.17567919e-02
1.88642 7.10576300e-02
1.89295 7.03818164e-02
1.89950 6.97296973e-02
1.90607 6.91014707e-02
1.91267 6.84972353e-02
1.91929 6.79166451e-02
1.92594 6.73593536e-02
1.93260 6.68245695e-02
1.93929 6.63113033e-02
1.94601 6.58182691e-02
1.95274 6.53439332e-02
1.95950 6.48865149e-02
1.96629 6.44440356e-02
1.97309 6.40142692e-02
1.97992 6.35948908e-02
1.98678 6.31835260e-02
1.99365 6.27776520e-02
2.00055 6.23748944e-02
2.00748 6.19728788e-02
2.01443 6.15693792e-02
2.02140 6.11623180e-02
2.02840 6.07498155e-02
2.03542 6.03303876e-02
2.04247 5.99025504e-02
2.04954 5.94652156e-02
2.05663 5.90175917e-02
2.06375 5.85590357e-02
2.07090 5.80892013e-02
2.07806 5.76079401e-02
2.08526 5.71153016e-02
2.09247 5.66114836e-02
2.09972 5.60969313e-02
2.10699 5.55721395e-02
2.11428 5.50377016e-02
2.12160 5.44944587e-02
2.12894 5.39431527e-02
2.13631 5.33847729e-02
2.14371 5.28201604e-02
2.15113 5.22503539e-02
2.15857 5.16763427e-02
2.16605 5.10992645e-02
2.17354 5.05200099e-02
2.18107 4.99397659e-02
2.18862 4.93594872e-02
2.19619 4.87802078e-02
2.20380 4.82029269e-02
2.21143 4.76286139e-02
2.21908 4.70581940e-02
2.22676 4.64925674e-02
2.23447 4.59325800e-02
2.24220 4.53790431e-02
2.24997 4.48327134e-02
2.25775 4.42942984e-02
2.26557 4.37644511e-02
2.27341 4.32437748e-02
2.28128 4.27328188e-02
2.28918 4.22320826e-02
2.29710 4.17419965e-02
2.30505 4.12629514e-02
2.31303 4.07952787e-02
2.32104 4.03392604e-02
2.32908 3.98951140e-02
2.33714 3.94630227e-02
2.34523 3.90431001e-02
2.35335 3.86354157e-02
2.36149 3.82399940e-02
2.36967 3.78568054e-02
2.37787 3.74857658e-02
2.38610 3.71267466e-02
2.39436 3.67795797e-02
2.40265 3.64440374e-02
2.41097 3.61198526e-02
2.41931 3.58067088e-02
2.42769 3.55042400e-02
2.43609 3.52120503e-02
2.44452 3.49296896e-02
2.45298 3.46566731e-02
2.46148 3.43924717e-02
2.47000 3.41365213e-02
2.47855 3.38882332e-02
2.48713 3.36469744e-02
2.49574 3.34121017e-02
2.50438 3.31829325e-02
2.51304 3.29587892e-02
2.52174 3.27389593e-02
2.53047 3.25227405e-02
2.53923 3.23094353e-02
2.54802 3.20983363e-02
2.55684 3.18887708e-02
2.56569 3.16800659e-02
2.57457 3.14715936e-02
2.58349 3.12627503e-02
2.59243 3.10529770e-02
2.60140 3.08417494e-02
2.61041 3.06286074e-02
2.61944 3.04131257e-02
2.62851 3.01949529e-02
2.63761 2.99737776e-02
2.64674 2.97493572e-02
2.65590 2.95215039e-02
2.66510 2.92900889e-02
2.67432 2.90550431e-02
2.68358 2.88163417e-02
2.69287 2.85740292e-02
2.70219 2.83281749e-02
2.71154 2.80789075e-02
2.72093 2.78263900e-02
2.73035 2.75708254e-02
2.73980 2.73124462e-02
2.74928 2.70515046e-02
2.75880 2.67882875e-02
2.76835 2.65230868e-02
2.77793 2.62562141e-02
2.78755 2.59879861e-02
2.79720 2.57187390e-02
2.80688 2.54487945e-02
2.81660 2.51784839e-02
2.82635 2.49081238e-02
2.83613 2.46380457e-02
2.84595 2.43685513e-02
2.85580 2.40999423e-02
2.86569 2.38325107e-02
2.87561 2.35665334e-02
2.88556 2.33022775e-02
2.89555 2.30399805e-02
2.90557 2.27798848e-02
2.91563 2.25222080e-02
2.92572 2.22671529e-02
2.93585 2.20149026e-02
2.94601 2.17656301e-02
2.95621 2.15194939e-02
2.96644 2.12766323e-02
2.97671 2.10371741e-02
2.98702 2.08012231e-02
2.99736 2.05688831e-02
3.00773 2.03402382e-02
3.01814 2.01153578e-02
3.02859 1.98943061e-02
3.03907 1.96771178e-02
3.04960 1.94638373e-02
3.06015 1.92544894e-02
3.07074 1.90490890e-02
3.08137 1.88476409e-02
3.09204 1.86501403e-02
3.10274 1.81506556e-02
3.11348 1.74960830e-02
3.12426 1.68679008e-02
3.13508 1.62649813e-02
3.14593 1.56862263e-02
3.15682 1.51305870e-02
3.16775 1.45970395e-02
3.17871 1.40492011e-02
3.18972 1.34667806e-02
3.20076 1.29098502e-02
3.21184 1.23772278e-02
3.22295 1.18678052e-02
3.23411 1.13805041e-02
3.24531 1.09143105e-02
3.25654 1.04682448e-02
3.26781 9.90190096e-03
3.27912 9.35717403e-03
3.29047 8.84319063e-03
3.30187 8.35814523e-03
3.31330 7.90035596e-03
3.32476 7.46822011e-03
3.33627 7.06024377e-03
3.34782 6.60827673e-03
3.35941 6.03447824e-03
3.37104 5.51079937e-03
3.38271 5.03281287e-03
3.39442 4.59648917e-03
3.40617 4.19816131e-03
3.41796 3.83448633e-03
3.42979 3.50242055e-03
3.44166 1.44436038e-03
3.45358 2.16914747e-04
3.46553 1.47184752e-04
3.47753 1.46206549e-04
3.48957 1.45296511e-04
3.50164 1.44376332e-04
3.51377 1.43445369e-04
3.52593 1.42503178e-04
3.53814 1.41549312e-04
3.55038 1.40583426e-04
3.56267 1.39605321e-04
3.57500 1.38614702e-04
3.58738 1.37611518e-04
3.59980 1.36595670e-04
3.61226 1.35567159e-04
3.62476 1.34525985e-04
3.63731 1.33430595e-04
3.64990 1.31810859e-04
3.66254 1.30180635e-04
3.67521 1.28540964e-04
3.68794 1.26892932e-04
3.70070 1.25237580e-04
3.71351 1.23576242e-04
3.72637 1.21910056e-04
3.73927 1.20240407e-04
3.75221 1.18853065e-04
3.76520 1.17710682e-04
3.77823 1.16562363e-04
3.79131 1.15408751e-04
3.80443 1.14250588e-04
3.81760 1.13088517e-04
3.83082 1.11923231e-04
3.84408 1.10755471e-04
3.85739 1.09585980e-04
3.87074 1.08415401e-04
3.88414 1.07244475e-04
3.89758 1.06073896e-04
3.91107 1.04904356e-04
3.92461 1.03736497e-04
3.93820 1.02571063e-04
3.95183 1.01408596e-04
3.96551 1.00249790e-04
3.97924 9.90952872e-05
3.99301 9.79455829e-05
4.00683 9.68013200e-05
4.02070 9.56629931e-05
4.03462 9.45310968e-05
4.04859 9.34062248e-05
4.06260 9.22887728e-05
4.07667 9.11791860e-05
4.09078 9.00779096e-05
4.10494 8.89852899e-05
4.11915 8.79017225e-05
4.13341 8.67971813e-05
4.14771 8.53690787e-05
4.16207 8.39619004e-05
4.17648 8.25757949e-05
4.19094 8.12109601e-05
4.20545 7.98675444e-05
4.22000 7.85455972e-05
4.23461 7.72451680e-05
4.24927 7.59663063e-05
4.26398 7.47089625e-05
4.27874 7.35828044e-05
4.29355 7.26713811e-05
4.30841 7.17712361e-05
4.32332 7.08824191e-05
4.33829 7.00049299e-05
4.35331 6.91388180e-05
4.36838 6.82839845e-05
4.38350 6.74405284e-05
4.39867 6.66083012e-05
4.41390 6.57873029e-05
4.42918 6.49775336e-05
4.44451 6.41788448e-05
4.45990 6.33912365e-05
4.47533 6.26146099e-05
4.49083 6.18488164e-05
4.50637 6.10938067e-05
4.52197 6.03495312e-05
4.53762 5.96157921e-05
4.55333 5.88925895e-05
4.56909 5.81796759e-05
4.58491 5.74770513e-05
4.60078 5.66084661e-05
4.61670 5.57270691e-05
4.63269 5.48621444e-05
4.64872 5.40133459e-05
4.66481 5.31803272e-05
4.68096 5.23628411e-05
4.69717 5.15604917e-05
4.71343 5.07730319e-05
4.72974 5.00001152e-05
4.74611 4.92414400e-05
4.76254 4.85033330e-05
4.77903 4.79404320e-05
4.79557 4.73855446e-05
4.81217 4.68385422e-05
4.82883 4.62992863e-05
4.84555 4.57676483e-05
4.86232 4.52435044e-05
4.87915 4.47267212e-05
4.89604 4.42171651e-05
4.91299 4.37147173e-05
4.92999 4.32192493e-05
4.94706 4.27306373e-05
4.96418 4.20338053e-05
4.98137 4.12975088e-05
4.99861 4.05762947e-05
5.01591 3.98697574e-05
5.03328 3.91775307e-05
5.05070 3.84992685e-05
5.06818 3.78347630e-05
5.08573 3.74383372e-05
5.10333 5.85546827e-05
5.12100 2.23031399e-04
5.13873 8.50781157e-04
5.15651 2.83343781e-03
5.17436 2.98000853e-03
5.19228 3.13429605e-03
5.21025 3.29671144e-03
5.22828 3.46768803e-03
5.24638 3.64768239e-03
5.26454 3.83717633e-03
5.28277 4.03667589e-03
5.30105 4.24671531e-03
5.31940 4.46785802e-03
5.33782 4.70069565e-03
5.35629 4.94585442e-03
5.37484 5.20399227e-03
5.39344 5.34953804e-03
5.41211 5.48802492e-03
5.43084 5.63029600e-03
5.44965 5.77646505e-03
5.46851 5.92663101e-03
5.48744 6.08090765e-03
5.50643 6.23940875e-03
5.52550 6.40225796e-03
5.54462 6.56956907e-03
5.56381 6.74146573e-03
5.58308 6.91808152e-03
5.60240 7.09954009e-03
5.62179 7.27151096e-03
5.64125 7.38756471e-03
5.66078 7.50569605e-03
5.68038 7.62592973e-03
5.70004 7.74831027e-03
5.71977 7.87287228e-03
5.73957 7.99965535e-03
5.75944 8.12869409e-03
5.77938 8.26003304e-03
5.79938 8.39370681e-03
5.81946 8.52976488e-03
5.83960 8.66824187e-03
5.85982 8.80918229e-03
5.88010 8.95263068e-03
5.90045 9.05301833e-03
5.92088 9.14907271e-03
5.94137 9.24642805e-03
5.96194 9.34509921e-03
5.98258 9.44510103e-03
6.00329 9.54645328e-03
6.02407 9.64916092e-03
6.04492 9.75324373e-03
6.06585 9.85871656e-03
6.08684 9.96559919e-03
6.10791 1.00739015e-02
6.12906 1.01836384e-02
6.15027 1.02948345e-02
6.17156 1.04074998e-02
6.19293 1.04870174e-02
6.21436 1.05651105e-02
6.23588 1.06439603e-02
6.25746 1.07235720e-02
6.27912 1.08039553e-02
6.30086 1.08851103e-02
6.32267 1.09670519e-02
6.34455 1.10497750e-02
6.36652 1.11332945e-02
6.38856 1.12176055e-02
6.41067 1.13027228e-02
6.43286 1.13886513e-02
6.45513 1.14753911e-02
6.47747 1.15629570e-02
6.49990 1.16397392e-02
6.52240 1.16878603e-02
6.54497 1.17363228e-02
6.56763 1.17851217e-02
6.59037 1.18342619e-02
6.61318 1.18837434e-02
6.63607 1.19335662e-02
6.65904 1.19837254e-02
6.68209 1.20342259e-02
6.70522 1.20850727e-02
6.72843 1.21362559e-02
6.75172 1.21877853e-02
6.77510 1.22396610e-02
6.79855 1.22918780e-02
6.82208 1.23444413e-02
6.84570 1.23973508e-02
6.86939 1.24506067e-02
6.89317 1.25042137e-02
6.91704 1.25515236e-02
6.94098 1.25980322e-02
6.96500 1.26448326e-02
6.98911 1.26919298e-02
7.01331 1.27393189e-02
7.03759 1.27870047e-02
7.06195 1.28349874e-02
7.08639 1.28832619e-02
7.11092 1.29318332e-02
7.13554 1.29807013e-02
7.16024 1.30298663e-02
7.18502 1.30793280e-02
7.20990 1.31290915e-02
7.23485 1.31791517e-02
7.25990 1.32295088e-02
7.28503 1.32801676e-02
7.31025 1.33226248e-02
7.33555 1.33542439e-02
7.36094 1.33860411e-02
7.38642 1.34180114e-02
7.41199 1.34501549e-02
7.43765 1.34824813e-02
7.46340 1.35149760e-02
7.48923 1.35476487e-02
7.51516 1.35804946e-02
7.54117 1.36135136e-02
7.56727 1.36467107e-02
7.59347 1.36800809e-02
7.61975 1.37136193e-02
7.64613 1.37473407e-02
7.67260 1.37812303e-02
7.69916 1.38152931e-02
7.72581 1.38495339e-02
7.75255 1.38836065e-02
7.77939 1.39034773e-02
7.80632 1.39234569e-02
7.83334 1.39435502e-02
7.86046 1.39637574e-02
7.88767 1.39840733e-02
7.91497 1.40045031e-02
7.94237 1.40250416e-02
7.96986 1.40456939e-02
7.99745 1.40664502e-02
8.02513 1.40873201e-02
8.05291 1.41082990e-02
8.08079 1.41293866e-02
8.10876 1.41505831e-02
8.13683 1.41718884e-02
8.16500 1.41933025e-02
8.19326 1.42148254e-02
8.22162 1.42364572e-02
8.25008 1.42581978e-02
8.27864 1.52049552e-02
8.30730 1.72825255e-02
8.33605 1.96441581e-02
8.36491 2.23286152e-02
8.39386 2.53799220e-02
8.42292 2.88480597e-02
8.45208 3.27897566e-02
8.48133 3.72693788e-02
8.51069 4.23599242e-02
8.54016 4.81441555e-02
8.56972 5.47158220e-02
8.59938 6.21811829e-02
8.62915 7.06603137e-02
8.65902 8.02891488e-02
8.68899 9.12212327e-02
8.71907 1.03629649e-01
8.74925 1.17709594e-01
8.77954 1.33680699e-01
8.80993 1.51789505e-01
8.84043 1.72312236e-01
8.87103 1.86425373e-01
8.90174 1.97609737e-01
8.93255 2.09453195e-01
8.96347 2.21992747e-01
8.99450 2.35267226e-01
9.02563 2.49317293e-01
9.05688 2.64185538e-01
9.08823 2.79916433e-01
9.11969 2.96556426e-01
9.15126 3.14153945e-01
9.18294 3.32759348e-01
9.21472 3.52424920e-01
9.24662 3.73205026e-01
9.27863 3.95155859e-01
9.31075 4.18335395e-01
9.34298 4.42803686e-01
9.37532 4.68622318e-01
9.40777 4.95854856e-01
9.44034 5.24566793e-01
9.47302 5.54824564e-01
9.50581 5.86698411e-01
9.53871 6.12858363e-01
9.57173 6.30908749e-01
9.60487 6.49486451e-01
9.63811 6.68606801e-01
9.67148 6.88286125e-01
9.70495 7.08540252e-01
9.73855 7.29386989e-01
9.77226 7.50843651e-01
9.80609 7.72928044e-01
9.84003 7.95659461e-01
9.87409 8.19057689e-01
9.90827 8.40189849e-01
9.94257 8.50760381e-01
9.97699 8.61466452e-01
10.01153 8.72306577e-01
10.04618 8.83278284e-01
10.08096 8.94379593e-01
10.11585 9.05608527e-01
10.15087 9.16962611e-01
10.18601 9.28439867e-01
10.22127 9.40037327e-01
10.25665 9.51753012e-01
10.29215 9.63584449e-01
10.32778 9.69641643e-01
10.36353 9.70234748e-01
10.39941 9.70782344e-01
10.43540 9.71284431e-01
10.47153 9.71740019e-01
10.50777 9.72148613e-01
10.54415 9.72508731e-01
10.58065 9.72819876e-01
10.61727 9.61514764e-01
10.65403 9.49843599e-01
10.69091 9.38258505e-01
10.72791 9.26758989e-01
10.76505 9.15346535e-01
10.80231 9.04021636e-01
10.83971 8.92785283e-01
10.87723 8.81637969e-01
10.91488 8.70579696e-01
10.95266 8.59611947e-01
10.99058 8.48734227e-01
11.02862 8.37948020e-01
11.06680 8.27252832e-01
11.10511 8.16649652e-01
11.14355 8.06138480e-01
11.18212 7.95719811e-01
11.22083 7.85393644e-01
11.25967 7.67320503e-01
11.29865 7.30690931e-01
11.33776 6.95707609e-01
11.37701 6.62307221e-01
11.41639 6.30427439e-01
11.45591 6.00007417e-01
11.49556 5.70988292e-01
11.53536 5.43311197e-01
11.57529 5.16921225e-01
11.61536 4.91764012e-01
11.65556 4.67786579e-01
11.69591 4.44938222e-01
11.73640 4.23169822e-01
11.77702 4.02434039e-01
11.81779 3.82685164e-01
11.85870 3.63879174e-01
11.89975 3.45973676e-01
11.94094 3.28928056e-01
11.98227 3.12703088e-01
12.02375 2.97261178e-01
12.06537 2.82566412e-01
12.10714 2.68584065e-01
12.14905 2.55281093e-01
12.19110 2.42625789e-01
12.23330 2.30587679e-01
12.27565 2.19137729e-01
12.31814 2.08248137e-01
12.36078 1.97892290e-01
12.40357 1.92369931e-01
12.44651 1.89427307e-01
12.48959 1.86533210e-01
12.53283 1.83686651e-01
12.57621 1.80886739e-01
12.61974 1.78132583e-01
12.66343 1.75423244e-01
12.70726 1.72757980e-01
12.75125 1.70135901e-01
12.79539 1.67556165e-01
12.83968 1.65018079e-01
12.88413 1.62520804e-01
12.92873 1.60063646e-01
12.97348 1.57645864e-01
13.01839 1.55266715e-01
13.06345 1.52925507e-01
13.10867 1.50621597e-01
13.15405 1.48354342e-01
13.19959 1.46123049e-01
13.24528 1.43927125e-01
13.29113 1.41765926e-01
13.33713 1.39638860e-01
13.38330 1.37545331e-01
13.42963 1.35484797e-01
13.47612 1.33456615e-01
13.52277 1.31460338e-01
13.56958 1.29495373e-01
13.61655 1.27561227e-01
13.66368 1.25657304e-01
13.71098 1.23783210e-01
13.75844 1.22237278e-01
13.80607 1.24759929e-01
13.85386 1.27335857e-01
13.90182 1.29966296e-01
13.94994 1.32652336e-01
13.99823 1.35395114e-01
14.04668 1.38195917e-01
14.09531 1.41055931e-01
14.14410 1.43976443e-01
14.19306 1.46958690e-01
14.24219 1.50004006e-01
14.29149 1.53113679e-01
14.34096 1.56289142e-01
14.39060 1.59531781e-01
14.44042 1.62842931e-01
14.49041 1.66224176e-01
14.54057 1.69676850e-01
14.59090 1.73202537e-01
14.64141 1.76802721e-01
14.69209 1.80479034e-01
14.74295 1.84233010e-01
14.79398 1.88066331e-01
14.84519 1.91980628e-01
14.89658 1.95977535e-01
14.94814 2.00058831e-01
14.99989 2.04226250e-01
15.05181 2.08481521e-01
15.10392 2.12826524e-01
15.15620 2.17263091e-01
15.20866 2.21793050e-01
15.26131 2.26418283e-01
15.31414 2.31140766e-01
15.36715 2.35962431e-01
15.42034 2.40885304e-01
15.47372 2.45911365e-01
15.52729 2.50440533e-01
15.58103 2.54972965e-01
15.63497 2.59586771e-01
15.68909 2.64283482e-01
15.74340 2.69064634e-01
15.79790 2.73931659e-01
15.85258 2.78886191e-01
15.90746 2.83929763e-01
15.96252 2.89064056e-01
16.01778 2.94290704e-01
16.07323 2.99611389e-01
16.12886 3.05027890e-01
16.18470 3.10541889e-01
16.24072 3.16155218e-01
16.29694 3.21869707e-01
16.35335 3.27687283e-01
16.40996 3.33609779e-01
16.46677 3.39639222e-01
16.52377 3.45777590e-01
16.58097 3.52026961e-01
16.63836 3.58389364e-01
16.69596 3.64867024e-01
16.75375 3.71462019e-01
16.81175 3.78176723e-01
16.86994 3.85013313e-01
16.92834 3.91974262e-01
16.98694 3.99061846e-01
17.04574 4.06278588e-01
17.10474 4.13627059e-01
17.16395 4.21109783e-01
17.22337 4.28729430e-01
17.28299 4.36488722e-01
17.34281 4.44390429e-01
17.40285 4.52437419e-01
17.46309 4.60632660e-01
17.52354 4.68979121e-01
17.58420 4.77479869e-01
17.64507 4.86138119e-01
17.70615 4.90036389e-01
17.76744 4.91034033e-01
17.82894 4.92032121e-01
17.89066 4.93030656e-01
17.95259 4.94029635e-01
18.01473 4.95029257e-01
18.07709 4.96028979e-01
18.13967 4.97029195e-01
18.20246 4.98029411e-01
18.26547 4.99030616e-01
18.32870 5.00031821e-01
18.39214 5.01033521e-01
18.45581 5.02035221e-01
18.51969 5.03037416e-01
18.58380 5.04039611e-01
18.64813 5.05042300e-01
18.71268 5.06044989e-01
18.77746 5.07047679e-01
18.84246 5.08050863e-01
18.90768 5.09054047e-01
18.97313 5.10057231e-01
19.03881 5.11060909e-01
19.10472 5.12064588e-01
19.17085 5.13067772e-01
19.23721 5.14071451e-01
19.30380 5.15075129e-01
19.37062 5.16078808e-01
19.43768 5.17082487e-01
19.50496 5.18086165e-01
19.57248 5.19089349e-01
19.64023 5.20092533e-01
19.70822 5.21095717e-01
19.77644 5.22098901e-01
19.84490 5.23102085e-01
19.91359 5.24104775e-01
19.98252 5.25106969e-01
20.05169 5.26109659e-01
20.12110 5.27111359e-01
20.19076 5.28113059e-01
20.26065 5.29114759e-01
20.33078 5.30115469e-01
20.40116 5.31116180e-01
20.47178 5.32116891e-01
20.54264 5.33116612e-01
20.61375 5.34116333e-01
20.68511 5.32650141e-01
20.75671 5.31007848e-01
20.82856 5.29367533e-01
20.90066 5.27730187e-01
20.97301 5.26094819e-01
21.04561 5.24461429e-01
21.11846 5.22831008e-01
21.19157 5.21202565e-01
21.26492 5.19576596e-01
21.33853 5.17953100e-01
21.41240 5.16331583e-01
21.48652 5.14713033e-01
21.56090 5.13096463e-01
21.63553 5.11482860e-01
21.71043 5.09871236e-01
21.78558 5.08262580e-01
21.86099 5.06655903e-01
21.93666 5.05052193e-01
22.01260 5.03450957e-01
22.08880 5.01852195e-01
22.16526 5.00255905e-01
22.24199 4.98662584e-01
22.31898 4.97071241e-01
22.39624 4.95482867e-01
22.47377 4.93897262e-01
22.55156 4.92314131e-01
22.62962 4.90733671e-01
22.70796 4.89155932e-01
22.78656 4.87580814e-01
22.86544 4.86008417e-01
22.94459 4.84438741e-01
23.02402 4.82871785e-01
23.10372 4.81307550e-01
23.18369 4.79746085e-01
23.26394 4.78187391e-01
23.34447 4.76631466e-01
23.42528 4.75078361e-01
23.50637 4.73528027e-01
23.58774 4.71980511e-01
23.66939 4.70435816e-01
23.75133 4.68893989e-01
23.83354 4.67354982e-01
23.91604 4.65818844e-01
23.99883 4.64285576e-01
24.08191 4.62755176e-01
24.16527 4.61227645e-01
24.24892 4.59703083e-01
24.33286 4.58181389e-01
24.41709 4.56662663e-01
24.50161 4.55146807e-01
24.58642 4.53633968e-01
24.67153 4.52124047e-01
24.75693 4.50597061e-01
24.84263 4.48710847e-01
24.92863 4.46831460e-01
25.01492 4.44958949e-01
25.10151 4.43093264e-01
25.18840 4.41234356e-01
25.27559 4.39382225e-01
25.36309 4.37536921e-01
25.45088 4.35698344e-01
25.53898 4.33866494e-01
25.62739 4.32041421e-01
25.71610 4.30223027e-01
25.80512 4.28411310e-01
25.89444 4.26606321e-01
25.98408 4.24807960e-01
26.07403 4.23016278e-01
26.16428 4.21231223e-01
26.25485 4.19452798e-01
26.34574 4.17680951e-01
26.43694 4.15915733e-01
26.52845 4.14157045e-01
26.62028 4.12404936e-01
26.71243 4.10659356e-01
26.80489 4.08920306e-01
26.89768 4.07187785e-01
26.99079 4.05461695e-01
27.08422 4.03742135e-01
27.17798 4.02029005e-01
27.27205 4.00322307e-01
27.36646 3.98622088e-01
27.46119 3.96928201e-01
27.55625 3.95240744e-01
27.65164 3.93559669e-01
27.74736 3.91884926e-01
27.84341 3.90216563e-01
27.93979 3.88554483e-01
28.03650 3.86898735e-01
28.13355 3.85249269e-01
28.23094 3.83606085e-01
28.32867 3.81969134e-01
28.42673 3.80338416e-01
28.52513 3.78713931e-01
28.62387 3.77095629e-01
28.72295 3.75483560e-01
28.82238 3.73877624e-01
28.92215 3.72277823e-01
29.02227 3.70684205e-01
29.12273 3.69096671e-01
29.22354 3.67515222e-01
29.32470 3.65939906e-01
29.42621 3.64370626e-01
29.52807 3.62807380e-01
29.63029 3.61250169e-01
29.73286 3.59698994e-01
29.83578 3.58153803e-01
29.93906 3.56614549e-01
30.04269 3.55081280e-01
30.14669 3.53553948e-01
30.25104 3.52032551e-01
30.35576 3.50517041e-01
30.46084 3.49007466e-01
30.56628 3.47503729e-01
30.67209 3.46005829e-01
30.77826 3.44513766e-01
30.88481 3.43027540e-01
30.99172 3.41481954e-01
31.09900 3.39790639e-01
31.20665 3.38107486e-01
31.31467 3.36432347e-01
31.42307 3.34765271e-01
31.53184 3.33106208e-01
31.64099 3.31455110e-01
31.75052 3.29811926e-01
31.86043 3.28176657e-01
31.97072 3.26549253e-01
32.08139 3.24929665e-01
32.19244 3.23317893e-01
32.30388 3.21713837e-01
32.41570 3.20117548e-01
32.52791 3.18528926e-01
32.64051 3.16947971e-01
32.75349 3.15374634e-01
32.86687 3.13808866e-01
32.98064 3.12250666e-01
33.09481 3.10699985e-01
33.20937 3.09156773e-01
33.32433 3.07621031e-01
33.43968 3.06092660e-01
33.55544 3.04571708e-01
33.67159 3.03058077e-01
33.78815 3.01551817e-01
33.90511 3.00052780e-01
34.02247 2.98561013e-01
34.14024 2.97076420e-01
34.25842 2.95599048e-01
34.37701 2.94128800e-01
34.49601 2.92665724e-01
34.61542 2.91209673e-01
34.73525 2.89760695e-01
34.85549 2.88318742e-01
34.97614 2.86883764e-01
35.09721 2.85455710e-01
35.21871 2.84034632e-01
35.34062 2.82620380e-01
35.46295 2.81213053e-01
35.58571 2.79812504e-01
35.70889 2.78418780e-01
35.83250 2.77031834e-01
35.95654 2.75651565e-01
36.08101 2.74278025e-01
36.20590 2.72911162e-01
36.33123 2.71550927e-01
36.45700 2.70197321e-01
36.58320 2.68850295e-01
36.70983 2.67509797e-01
36.83691 2.66175780e-01
36.96442 2.64848293e-01
37.09238 2.63527285e-01
37.22077 2.62212659e-01
37.34962 2.60904464e-01
37.47890 2.59602600e-01
37.60864 2.58307068e-01
37.73883 2.57017868e-01
37.86946 2.55734950e-01
38.00055 2.54458265e-01
38.13209 2.53187812e-01
38.26409 2.51923543e-01
38.39654 2.50665408e-01
38.52946 2.49413456e-01
38.66283 2.48167589e-01
38.79667 2.46927756e-01
38.93096 2.45694008e-01
39.06573 2.44466295e-01
39.20096 2.43244518e-01
39.33665 2.42028726e-01
39.47282 2.40818870e-01
39.60946 2.39614950e-01
39.74657 2.38416868e-01
39.88416 2.37224672e-01
40.02222 2.36038263e-01
40.16076 2.34857642e-01
40.29978 2.33682809e-01
40.43928 2.32513714e-01
40.57926 2.31350307e-01
40.71973 2.30192639e-01
40.86069 2.29040609e-01
41.00213 2.27894170e-01
41.14406 2.26753370e-01
41.28648 2.25618159e-01
41.42940 2.24309914e-01
41.57281 2.22949729e-01
41.71672 2.21597805e-01
41.86113 2.20254093e-01
42.00603 2.18918542e-01
42.15144 2.17591055e-01
42.29735 2.16271680e-01
42.44377 2.14960269e-01
42.59069 2.13656822e-01
42.73812 2.12361340e-01
42.88606 2.11073673e-01
43.03451 2.09793822e-01
43.18348 2.08521737e-01
43.33297 2.07257369e-01
43.48297 2.06000669e-01
43.63349 2.04751586e-01
43.78453 2.03510071e-01
43.93609 2.02276125e-01
44.08818 2.01049649e-01
44.24079 1.99830592e-01
44.39394 1.98618956e-01
44.54761 1.97414690e-01
44.70182 1.96217695e-01
44.85655 1.95027973e-01
45.01183 1.93845472e-01
45.16764 1.92670144e-01
45.32399 1.91501939e-01
45.48089 1.90340857e-01
45.63832 1.89186800e-01
45.79630 1.88039718e-01
45.95483 1.86899610e-01
46.11391 1.85766378e-01
46.27353 1.84640071e-01
46.43371 1.83520591e-01
46.59445 1.82407888e-01
46.75574 1.81301912e-01
46.91759 1.80202664e-01
47.08000 1.79110094e-01
47.24297 1.78024152e-01
47.40650 1.76944789e-01
47.57060 1.75871956e-01
47.73527 1.74805653e-01
47.90051 1.73745780e-01
48.06633 1.72692387e-01
48.23271 1.71645327e-01
48.39967 1.70604647e-01
48.56721 1.69570249e-01
48.73533 1.68542134e-01
48.90403 1.67520301e-01
49.07332 1.66504602e-01
49.24319 1.65495086e-01
49.41365 1.64491655e-01
49.58470 1.63494358e-01
49.75634 1.62503095e-01
49.92858 1.61517818e-01
50.10141 1.60538526e-01
50.27484 1.59565171e-01
50.44887 1.58597751e-01
50.62350 1.57636119e-01
50.79874 1.56680374e-01
50.97458 1.55730416e-01
51.15104 1.54786196e-01
51.32810 1.53847715e-01
51.50578 1.52914922e-01
51.68407 1.51987768e-01
51.86298 1.51066204e-01
52.04250 1.50150279e-01
52.22265 1.49239895e-01
52.40343 1.48335001e-01
52.58482 1.47435598e-01
52.76685 1.46541686e-01
52.94951 1.45653116e-01
53.13280 1.44769988e-01
53.31672 1.43892202e-01
53.50128 1.43019709e-01
53.68648 1.42152508e-01
53.87232 1.41290601e-01
54.05880 1.40433888e-01
54.24593 1.39582369e-01
54.43371 1.38735994e-01
54.62214 1.37894764e-01
54.81122 1.37058629e-01
55.00095 1.36227539e-01
55.19134 1.35401496e-01
55.38239 1.34580448e-01
55.57410 1.33764396e-01
55.76647 1.32953242e-01
55.95951 1.32147034e-01
56.15322 1.31345724e-01
56.34760 1.30549211e-01
56.54265 1.29757596e-01
56.73838 1.28970730e-01
56.93479 1.28188613e-01
57.13187 1.27411244e-01
57.32964 1.26638624e-01
57.52809 1.25870654e-01
57.72723 1.25107334e-01
57.92705 1.24348614e-01
58.12757 1.23594495e-01
58.32879 1.22844976e-01
58.53070 1.22099958e-01
58.73331 1.21359492e-01
58.93662 1.20623477e-01
59.14063 1.19891915e-01
59.34535 1.19164804e-01
59.55078 1.18442096e-01
59.75692 1.17723741e-01
59.96377 1.17009739e-01
60.17134 1.16300041e-01
60.37963 1.15594696e-01
60.58864 1.14893555e-01
60.79837 1.14196719e-01
61.00883 1.13504037e-01
61.22002 1.12815609e-01
61.43194 1.12131337e-01
61.64459 1.11451170e-01
61.85797 1.10775159e-01
62.07210 1.10103203e-01
62.28697 1.09435305e-01
62.50258 1.08771511e-01
62.71894 1.08111675e-01
62.93605 1.07455846e-01
63.15390 1.06804024e-01
63.37252 1.06156110e-01
63.59189 1.05512153e-01
63.81201 1.04872054e-01
64.03290 1.04235814e-01
64.25456 1.03603481e-01
64.47698 1.02974908e-01
64.70017 1.02350194e-01
64.92414 1.01729239e-01
65.14888 1.01112043e-01
65.37440 1.00498558e-01
65.60070 9.98888315e-02
65.82778 9.92827659e-02
66.05565 9.86803608e-02
66.28430 9.80816163e-02
66.51375 9.74864828e-02
66.74400 9.68949604e-02
66.97504 9.63069996e-02
67.20688 9.57226004e-02
67.43952 9.51417628e-02
67.67297 9.45644373e-02
67.90722 9.39905745e-02
68.14229 9.34201744e-02
68.37817 9.28532864e-02
68.61486 9.22897621e-02
68.85238 9.17296511e-02
69.09072 9.11729532e-02
69.32988 9.06196191e-02
69.56987 9.00696487e-02
69.81069 8.95229925e-02
70.05235 8.89796507e-02
70.29484 8.84395736e-02
70.53817 8.79027613e-02
70.78235 8.73692139e-02
71.02737 8.68388817e-02
71.27323 8.63117649e-02
71.51995 8.57878140e-02
71.76752 8.52670784e-02
72.01595 8.47494592e-02
72.26524 8.42350059e-02
72.51539 8.37236195e-02
72.76641 8.32153495e-02
73.01830 8.27101464e-02
73.27106 8.22080103e-02
73.52469 8.17088916e-02
73.77920 8.12127904e-02
74.03460 8.07197067e-02
74.29087 8.02295909e-02
74.54804 7.97424432e-02
74.80609 7.92582635e-02
75.06504 7.87769528e-02
75.32488 7.82986101e-02
75.58563 7.78231365e-02
75.84727 7.73505320e-02
76.10982 7.68807965e-02
76.37328 7.64139301e-02
76.63766 7.59498339e-02
76.90295 7.54886067e-02
77.16915 7.50301001e-02
77.43628 7.45744132e-02
77.70433 7.41214469e-02
77.97331 7.36712508e-02
78.24322 7.32237753e-02
78.51407 7.27790205e-02
78.78585 7.23368875e-02
79.05857 7.18974751e-02
79.33224 7.14607339e-02
79.60686 7.10266144e-02
79.88242 7.05951167e-02
80.15894 7.01662407e-02
80.43642 6.97399369e-02
80.71486 6.93162549e-02
80.99426 6.88950957e-02
81.27463 6.84765088e-02
81.55596 6.80604447e-02
81.83828 6.76468539e-02
82.12157 6.72358353e-02
82.40584 6.68272407e-02
82.69109 6.64211688e-02
82.97733 6.60175208e-02
83.26457 6.56162967e-02
83.55279 6.52175459e-02
83.84202 6.48211695e-02
84.13225 6.44272169e-02
84.42348 6.40356388e-02
84.71572 6.36464351e-02
85.00897 6.32595563e-02
85.30323 6.28750519e-02
85.59852 6.24928229e-02
85.89482 6.21129684e-02
86.19215 6.17353399e-02
86.49052 6.13600363e-02
86.78991 6.09870081e-02
87.09034 6.06162555e-02
87.39181 6.02477288e-02
87.69432 5.98813787e-02
87.99789 5.95173040e-02
88.30250 5.91554059e-02
88.60816 5.87957337e-02
88.91489 5.84381887e-02
89.22267 5.80828201e-02
89.53153 5.77296281e-02
89.84145 5.73785137e-02
90.15244 5.70295759e-02
90.46451 5.66827156e-02
90.77766 5.63379824e-02
91.09190 5.59953268e-02
91.40722 5.56546993e-02
91.72363 5.53161989e-02
92.04114 5.49797267e-02
92.35975 5.46452825e-02
92.67946 5.43128171e-02
93.00028 5.39824292e-02
93.32221 5.36540200e-02
93.64525 5.33275895e-02
93.96941 5.30031376e-02
94.29469 5.26806149e-02
94.62110 5.23600709e-02
94.94864 5.20415056e-02
95.27731 5.17248200e-02
95.60712 5.14100636e-02
95.93807 5.10971869e-02
96.27017 5.07862395e-02
96.60342 5.04771717e-02
96.93782 5.01699343e-02
97.27338 4.98645765e-02
97.61010 4.95610985e-02
97.94798 4.92594112e-02
98.28704 4.89595641e-02
98.62727 4.86615324e-02
98.96867 4.83653012e-02
99.31126 4.80708657e-02
99.65504 4.77782110e-02
100.00000 4.74873273e-02
