        2000  0.100000 3.700000
0.10000 2.79184339e-04
0.10035 2.78760467e-04
0.10069 2.78343304e-04
0.10104 2.78236892e-04
0.10139 2.78423717e-04
0.10174 2.78850303e-04
0.10210 2.80033365e-04
0.10245 2.81366155e-04
0.10280 2.82750251e-04
0.10316 2.83877863e-04
0.10352 2.84447367e-04
0.10387 2.84361280e-04
0.10423 2.83751273e-04
0.10459 2.82841863e-04
0.10496 2.81846661e-04
0.10532 2.80923339e-04
0.10568 2.80165480e-04
0.10605 2.79599232e-04
0.10642 2.79249409e-04
0.10679 2.79052421e-04
0.10716 2.78942112e-04
0.10753 2.78860367e-04
0.10790 2.79107823e-04
0.10827 2.79476195e-04
0.10865 2.79947673e-04
0.10902 2.80543817e-04
0.10940 2.81253231e-04
0.10978 2.82012027e-04
0.11016 2.82679852e-04
0.11054 2.83216155e-04
0.11092 2.83452067e-04
0.11131 2.83388624e-04
0.11169 2.83081228e-04
0.11208 2.82616804e-04
0.11247 2.82079761e-04
0.11286 2.81531224e-04
0.11325 2.81005627e-04
0.11364 2.80510172e-04
0.11403 2.80221671e-04
0.11443 2.80152900e-04
0.11482 2.80159412e-04
0.11522 2.80246831e-04
0.11562 2.80402724e-04
0.11602 2.80602869e-04
0.11642 2.80809231e-04
0.11682 2.80780815e-04
0.11723 2.81050569e-04
0.11763 2.80993145e-04
0.11804 2.80773661e-04
0.11845 2.80468732e-04
0.11886 2.80065975e-04
0.11927 2.77897725e-04
0.11968 2.79082416e-04
0.12010 2.78585876e-04
0.12051 2.78128112e-04
0.12093 2.77487420e-04
0.12135 2.77416775e-04
0.12177 2.77176719e-04
0.12219 2.77019937e-04
0.12262 2.76924280e-04
0.12304 2.76870951e-04
0.12347 2.76837996e-04
0.12389 2.76802081e-04
0.12432 2.76743868e-04
0.12475 2.76652009e-04
0.12518 2.76524384e-04
0.12562 2.76367652e-04
0.12605 2.76194295e-04
0.12649 2.76019408e-04
0.12693 2.75857447e-04
0.12737 2.75719807e-04
0.12781 2.75633917e-04
0.12825 2.75581032e-04
0.12869 2.75558191e-04
0.12914 2.75559079e-04
0.12959 2.75574964e-04
0.13003 2.75596621e-04
0.13048 2.75615911e-04
0.13094 2.75627307e-04
0.13139 2.75628639e-04
0.13184 2.75620844e-04
0.13230 2.75607376e-04
0.13276 2.75592921e-04
0.13322 2.75582265e-04
0.13368 2.75579059e-04
0.13414 2.75585423e-04
0.13461 2.75601801e-04
0.13507 2.75627011e-04
0.13554 2.75658732e-04
0.13601 2.75694449e-04
0.13648 2.75731795e-04
0.13695 2.75769140e-04
0.13743 2.75805844e-04
0.13790 2.75841857e-04
0.13838 2.75878019e-04
0.13886 2.75915216e-04
0.13934 2.75954337e-04
0.13982 2.75995827e-04
0.14031 2.76039931e-04
0.14079 2.76086353e-04
0.14128 2.76134601e-04
0.14177 2.76184033e-04
0.14226 2.76234107e-04
0.14275 2.76284328e-04
0.14324 2.76334401e-04
0.14374 2.76384129e-04
0.14424 2.76433413e-04
0.14474 2.76482056e-04
0.14524 2.76529811e-04
0.14574 2.76576480e-04
0.14625 2.76621719e-04
0.14675 2.76665083e-04
0.14726 2.76706128e-04
0.14777 2.76744411e-04
0.14828 2.76779437e-04
0.14879 2.76810665e-04
0.14931 2.76837700e-04
0.14983 2.76859949e-04
0.15034 2.76876871e-04
0.15087 2.76887921e-04
0.15139 2.76892559e-04
0.15191 2.76890141e-04
0.15244 2.76880225e-04
0.15297 2.76862169e-04
0.15349 2.76835480e-04
0.15403 2.76799713e-04
0.15456 2.76754425e-04
0.15509 2.76699320e-04
0.15563 2.76634101e-04
0.15617 2.76558621e-04
0.15671 2.76472781e-04
0.15725 2.76376581e-04
0.15780 2.76270219e-04
0.15834 2.76153940e-04
0.15889 2.76028091e-04
0.15944 2.75893115e-04
0.15999 2.75749555e-04
0.16055 2.75597953e-04
0.16110 2.75439051e-04
0.16166 2.75273537e-04
0.16222 2.75102055e-04
0.16278 2.74925392e-04
0.16335 2.74744240e-04
0.16391 2.74559240e-04
0.16448 2.74371033e-04
0.16505 2.74180311e-04
0.16562 2.73987615e-04
0.16619 2.73793389e-04
0.16677 2.73598128e-04
0.16734 2.73402225e-04
0.16792 2.73206027e-04
0.16851 2.73009828e-04
0.16909 2.72813925e-04
0.16967 2.72618467e-04
0.17026 2.72423699e-04
0.17085 2.72229671e-04
0.17144 2.72036481e-04
0.17204 2.71844279e-04
0.17263 2.71653063e-04
0.17323 2.71462883e-04
0.17383 2.71273689e-04
0.17443 2.71085532e-04
0.17503 2.70898361e-04
0.17564 2.70712128e-04
0.17625 2.70526832e-04
0.17686 2.70342375e-04
0.17747 2.70158707e-04
0.17808 2.69975779e-04
0.17870 2.69793492e-04
0.17932 2.69611847e-04
0.17994 2.69430695e-04
0.18056 2.69250036e-04
0.18119 2.69069723e-04
0.18182 2.68889705e-04
0.18244 2.68709935e-04
0.18308 2.68530361e-04
0.18371 2.68350837e-04
0.18435 2.68171313e-04
0.18498 2.67991740e-04
0.18562 2.67812068e-04
0.18627 2.67632199e-04
0.18691 2.67452033e-04
0.18756 2.67271621e-04
0.18821 2.67090815e-04
0.18886 2.66909564e-04
0.18951 2.66727820e-04
0.19017 2.66545533e-04
0.19083 2.66362655e-04
0.19149 2.66179135e-04
0.19215 2.65994924e-04
0.19282 2.65809924e-04
0.19348 2.65624184e-04
0.19415 2.65437605e-04
0.19483 2.65250188e-04
0.19550 2.65061784e-04
0.19618 2.59149480e-04
0.19686 2.37591356e-04
0.19754 2.30499788e-04
0.19822 2.29883220e-04
0.19891 2.29571483e-04
0.19960 2.29255947e-04
0.20029 2.28936612e-04
0.20098 2.28613479e-04
0.20168 2.28286497e-04
0.20237 2.27955619e-04
0.20307 2.27620843e-04
0.20378 2.27282120e-04
0.20448 2.26939451e-04
0.20519 2.26592785e-04
0.20590 2.26242124e-04
0.20661 2.25887368e-04
0.20733 2.25528616e-04
0.20805 2.25165720e-04
0.20877 2.24798729e-04
0.20949 2.24427644e-04
0.21021 2.24052415e-04
0.21094 2.23673041e-04
0.21167 2.23289475e-04
0.21240 2.22901715e-04
0.21314 2.22509761e-04
0.21388 2.22113615e-04
0.21462 2.21713275e-04
0.21536 2.21308692e-04
0.21611 2.20899916e-04
0.21685 2.20486897e-04
0.21760 2.20069587e-04
0.21836 2.19648083e-04
0.21911 2.19222336e-04
0.21987 2.18792347e-04
0.22063 2.18358164e-04
0.22140 2.17919689e-04
0.22216 2.17477021e-04
0.22293 2.17030061e-04
0.22370 2.16578957e-04
0.22448 2.16123611e-04
0.22526 2.15664071e-04
0.22604 2.15200288e-04
0.22682 2.14732361e-04
0.22760 2.14260291e-04
0.22839 2.13784027e-04
0.22918 2.13303619e-04
0.22998 2.12819067e-04
0.23077 2.12330420e-04
0.23157 2.11837679e-04
0.23237 2.11340892e-04
0.23318 2.10840011e-04
0.23398 2.10335084e-04
0.23479 2.09826161e-04
0.23561 2.09313243e-04
0.23642 2.08796377e-04
0.23724 2.08275565e-04
0.23806 2.07750807e-04
0.23889 2.07222151e-04
0.23971 2.06689647e-04
0.24054 2.06153295e-04
0.24137 2.05613095e-04
0.24221 2.05069195e-04
0.24305 2.04521447e-04
0.24389 2.03970048e-04
0.24473 2.03414949e-04
0.24558 2.02856151e-04
0.24643 2.02293751e-04
0.24728 2.01727799e-04
0.24814 2.01158245e-04
0.24900 2.00585140e-04
0.24986 2.00008631e-04
0.25073 1.99428619e-04
0.25159 1.98845203e-04
0.25246 1.98258383e-04
0.25334 1.97668257e-04
0.25422 1.97074827e-04
0.25510 1.96478140e-04
0.25598 1.95878197e-04
0.25687 1.95275097e-04
0.25775 1.94668840e-04
0.25865 1.94059524e-04
0.25954 1.93447100e-04
0.26044 1.92831716e-04
0.26134 1.92213323e-04
0.26225 1.91591969e-04
0.26315 1.90967755e-04
0.26406 1.90340679e-04
0.26498 1.89710840e-04
0.26590 1.89078189e-04
0.26682 1.88442875e-04
0.26774 1.87804847e-04
0.26867 1.87164204e-04
0.26960 1.86520996e-04
0.27053 1.85875272e-04
0.27147 1.85227032e-04
0.27241 1.84576325e-04
0.27335 1.83923251e-04
0.27430 1.83267808e-04
0.27525 1.82610047e-04
0.27620 1.81950065e-04
0.27715 1.81287864e-04
0.27811 1.80623492e-04
0.27908 1.79956999e-04
0.28004 1.79288384e-04
0.28101 1.78617796e-04
0.28198 1.77945235e-04
0.28296 1.77270749e-04
0.28394 1.76594340e-04
0.28492 1.75916105e-04
0.28591 1.75236095e-04
0.28690 1.74554357e-04
0.28789 1.73870893e-04
0.28889 1.73185801e-04
0.28989 1.72499131e-04
0.29089 1.71810881e-04
0.29190 1.71121103e-04
0.29291 1.70429893e-04
0.29392 1.69737303e-04
0.29494 1.69043281e-04
0.29596 1.68347977e-04
0.29699 1.67651391e-04
0.29801 1.66953620e-04
0.29905 1.66254665e-04
0.30008 1.65554527e-04
0.30112 1.64853352e-04
0.30216 1.64151141e-04
0.30321 1.63447895e-04
0.30426 1.62743760e-04
0.30531 1.62038688e-04
0.30637 1.61332777e-04
0.30743 1.60626028e-04
0.30849 1.59918539e-04
0.30956 1.59210359e-04
0.31063 1.58501488e-04
0.31171 1.57791976e-04
0.31279 1.57081872e-04
0.31387 1.56371225e-04
0.31496 1.55660085e-04
0.31605 1.54948501e-04
0.31714 1.54236523e-04
0.31824 1.53524149e-04
0.31934 1.52811480e-04
0.32044 1.52098515e-04
0.32155 1.51385303e-04
0.32267 1.50671893e-04
0.32378 1.49958336e-04
0.32490 1.49244680e-04
0.32603 1.48530925e-04
0.32716 1.47817171e-04
0.32829 1.47103416e-04
0.32943 1.46389711e-04
0.33057 1.45676104e-04
0.33171 1.44962596e-04
0.33286 1.44249285e-04
0.33401 1.43536172e-04
0.33517 1.42823305e-04
0.33633 1.42110735e-04
0.33749 1.41398460e-04
0.33866 1.40686580e-04
0.33983 1.39975095e-04
0.34101 1.39264053e-04
0.34219 1.38553456e-04
0.34337 1.37843401e-04
0.34456 1.37133840e-04
0.34576 1.36424920e-04
0.34695 1.35716592e-04
0.34815 1.35008905e-04
0.34936 1.34301909e-04
0.35057 1.33595604e-04
0.35178 1.32890088e-04
0.35300 1.32185361e-04
0.35422 1.31481424e-04
0.35545 1.30778375e-04
0.35668 1.30076164e-04
0.35791 1.29374940e-04
0.35915 1.28674604e-04
0.36039 1.27975255e-04
0.36164 1.27276941e-04
0.36289 1.26579664e-04
0.36415 1.25883472e-04
0.36541 1.25188316e-04
0.36668 1.24494344e-04
0.36795 1.23801556e-04
0.36922 1.23109903e-04
0.37050 1.22419483e-04
0.37178 1.21730296e-04
0.37307 1.21042392e-04
0.37436 1.20355820e-04
0.37565 1.19670531e-04
0.37695 1.18986623e-04
0.37826 1.18304047e-04
0.37957 1.17622951e-04
0.38088 1.16943236e-04
0.38220 1.16264952e-04
0.38352 1.15588197e-04
0.38485 1.14912923e-04
0.38618 1.14239128e-04
0.38752 1.13566961e-04
0.38886 1.12896324e-04
0.39021 1.12227265e-04
0.39156 1.11559884e-04
0.39291 1.65885849e-03
0.39427 1.64911861e-03
0.39564 1.63912565e-03
0.39701 1.55139372e-03
0.39838 1.54150091e-03
0.39976 1.53142359e-03
0.40115 1.52116225e-03
0.40253 1.51076229e-03
0.40393 1.50020249e-03
0.40533 1.48952873e-03
0.40673 1.47872868e-03
0.40814 1.39447425e-03
0.40955 1.38401608e-03
0.41097 1.37351005e-03
0.41239 1.36292065e-03
0.41382 1.35226416e-03
0.41525 1.34158991e-03
0.41669 1.33086533e-03
0.41813 1.32012399e-03
0.41958 1.24048025e-03
0.42103 1.23027023e-03
0.42249 1.22007796e-03
0.42395 1.20988076e-03
0.42542 1.19971020e-03
0.42689 1.18956825e-03
0.42837 1.17943913e-03
0.42985 1.16938007e-03
0.43134 1.15933580e-03
0.43283 1.14934876e-03
0.43433 1.13942881e-03
0.43583 1.12956165e-03
0.43734 1.05756360e-03
0.43886 1.04837033e-03
0.44037 1.03924663e-03
0.44190 1.03019495e-03
0.44343 1.02122072e-03
0.44496 1.01232247e-03
0.44650 1.00350660e-03
0.44805 9.94774600e-04
0.44960 9.86135347e-04
0.45116 9.77570587e-04
0.45272 9.12109200e-04
0.45429 9.04224253e-04
0.45586 8.96426627e-04
0.45744 8.88720267e-04
0.45902 8.81107640e-04
0.46061 8.73572467e-04
0.46220 8.66134480e-04
0.46380 8.58783813e-04
0.46541 8.51523920e-04
0.46702 8.44354800e-04
0.46864 8.37285333e-04
0.47026 7.81730080e-04
0.47189 7.71948760e-04
0.47352 7.65568480e-04
0.47516 7.59271080e-04
0.47680 7.53058533e-04
0.47845 7.46928867e-04
0.48011 7.40884547e-04
0.48177 7.34916693e-04
0.48344 7.29041093e-04
0.48511 7.23237520e-04
0.48679 7.17513867e-04
0.48848 7.11871613e-04
0.49017 7.06302867e-04
0.49186 7.00813053e-04
0.49357 6.95401187e-04
0.49528 6.90067267e-04
0.49699 6.84802413e-04
0.49871 6.34309747e-04
0.50044 6.29532307e-04
0.50217 6.24823440e-04
0.50391 6.20175747e-04
0.50565 6.15596627e-04
0.50740 6.11071773e-04
0.50916 6.06617960e-04
0.51092 6.02220387e-04
0.51269 5.97882507e-04
0.51446 5.93605800e-04
0.51625 5.89386813e-04
0.51803 5.85222587e-04
0.51983 5.81114107e-04
0.52163 5.77059893e-04
0.52343 5.73059947e-04
0.52524 5.28468040e-04
0.52706 5.24850427e-04
0.52889 5.21281160e-04
0.53072 5.17757280e-04
0.53255 5.14279773e-04
0.53440 5.10844693e-04
0.53625 5.07455987e-04
0.53810 5.04107733e-04
0.53997 5.00800920e-04
0.54183 4.97535053e-04
0.54371 4.94312600e-04
0.54559 4.91126555e-04
0.54748 4.87979384e-04
0.54938 4.84869213e-04
0.55128 4.81798115e-04
0.55319 4.78762437e-04
0.55510 4.75761343e-04
0.55702 4.40964421e-04
0.55895 4.33723275e-04
0.56089 4.31048421e-04
0.56283 4.28402181e-04
0.56478 4.25787219e-04
0.56673 4.23199143e-04
0.56869 4.20641357e-04
0.57066 4.18109373e-04
0.57264 4.15606792e-04
0.57462 4.13129420e-04
0.57661 4.10678195e-04
0.57860 4.08252573e-04
0.58061 4.05853444e-04
0.58262 4.03477501e-04
0.58463 4.01125337e-04
0.58666 3.98797100e-04
0.58869 3.96491507e-04
0.59073 3.94209495e-04
0.59277 3.91948795e-04
0.59482 3.89710196e-04
0.59688 3.87493403e-04
0.59895 3.85297527e-04
0.60102 3.83120940e-04
0.60310 3.80966257e-04
0.60519 3.78830321e-04
0.60728 3.76713773e-04
0.60939 3.74616712e-04
0.61150 3.72537411e-04
0.61361 3.70476856e-04
0.61574 3.37733385e-04
0.61787 3.35877416e-04
0.62001 3.34036740e-04
0.62215 3.32212788e-04
0.62431 3.30403587e-04
0.62647 3.28608741e-04
0.62864 3.26829831e-04
0.63081 3.25064585e-04
0.63300 3.23314288e-04
0.63519 3.21577607e-04
0.63739 3.19854936e-04
0.63959 3.18145881e-04
0.64181 3.16450097e-04
0.64403 3.14767535e-04
0.64626 3.13097848e-04
0.64849 3.11440939e-04
0.65074 3.09796609e-04
0.65299 3.08164219e-04
0.65525 3.06544704e-04
0.65752 3.04936487e-04
0.65980 3.03340455e-04
0.66208 3.01756361e-04
0.66437 3.00182973e-04
0.66667 2.98621672e-04
0.66898 2.97070681e-04
0.67130 2.95531136e-04
0.67362 2.94002691e-04
0.67595 2.92484359e-04
0.67829 2.90976831e-04
0.68064 2.89479515e-04
0.68299 2.61812740e-04
0.68536 2.60470183e-04
0.68773 2.59136555e-04
0.69011 2.57812251e-04
0.69250 2.56496580e-04
0.69490 2.55189789e-04
0.69730 2.53891583e-04
0.69972 2.52601861e-04
0.70214 2.51320773e-04
0.70457 2.50047924e-04
0.70701 2.48783363e-04
0.70946 2.47526941e-04
0.71191 2.46278611e-04
0.71438 2.45038272e-04
0.71685 2.43805876e-04
0.71933 2.42581225e-04
0.72182 2.41364369e-04
0.72432 2.40155160e-04
0.72683 2.38953548e-04
0.72934 2.37759385e-04
0.73187 2.36572672e-04
0.73440 2.35393309e-04
0.73694 2.34221248e-04
0.73949 2.33056389e-04
0.74205 2.31898684e-04
0.74462 2.30748033e-04
0.74720 2.29604437e-04
0.74979 2.28467797e-04
0.75238 2.27338015e-04
0.75499 2.26215089e-04
0.75760 2.25098923e-04
0.76022 2.23989465e-04
0.76285 2.22886668e-04
0.76549 2.21790481e-04
0.76814 2.20700807e-04
0.77080 2.19617644e-04
0.77347 2.18540895e-04
0.77615 2.17470559e-04
0.77884 2.16406488e-04
0.78153 2.15348831e-04
0.78424 2.14297340e-04
0.78695 2.13251967e-04
0.78968 2.12212809e-04
0.79241 2.11179720e-04
0.79515 2.10152699e-04
0.79790 2.09131597e-04
0.80067 2.08116564e-04
0.80344 2.07107303e-04
0.80622 2.06104011e-04
0.80901 2.05106540e-04
0.81181 2.04114891e-04
0.81462 2.03128964e-04
0.81744 2.02148711e-04
0.82027 2.01174032e-04
0.82311 2.00205027e-04
0.82596 1.99241744e-04
0.82882 1.98283839e-04
0.83169 1.97331557e-04
0.83457 1.96384555e-04
0.83745 1.95443324e-04
0.84035 1.94507175e-04
0.84326 1.93576551e-04
0.84618 1.92651107e-04
0.84911 1.91731089e-04
0.85205 1.90816252e-04
0.85500 1.89906743e-04
0.85796 1.89002364e-04
0.86093 1.88102919e-04
0.86391 1.87209048e-04
0.86690 1.86319815e-04
0.86990 1.85435811e-04
0.87291 1.84556888e-04
0.87593 1.83682948e-04
0.87897 1.82813941e-04
0.88201 1.81949819e-04
0.88506 1.81090629e-04
0.88813 1.80236324e-04
0.89120 1.79386607e-04
0.89428 1.78541921e-04
0.89738 1.77701972e-04
0.90049 1.76866660e-04
0.90360 1.76036429e-04
0.90673 1.75210540e-04
0.90987 1.74389436e-04
0.91302 1.73572624e-04
0.91618 1.72760992e-04
0.91935 1.71953603e-04
0.92253 1.71150555e-04
0.92573 1.70352391e-04
0.92893 1.69558519e-04
0.93215 1.68769087e-04
0.93537 1.67984095e-04
0.93861 1.67203789e-04
0.94186 1.66427579e-04
0.94512 1.65655611e-04
0.94839 1.64888132e-04
0.95168 1.64124896e-04
0.95497 1.63365952e-04
0.95828 1.62611300e-04
0.96159 1.61860792e-04
0.96492 1.61114477e-04
0.96826 1.60372356e-04
0.97161 1.59634329e-04
0.97498 1.58900447e-04
0.97835 1.58170757e-04
0.98174 1.57444867e-04
0.98514 1.56723169e-04
0.98855 1.56005567e-04
0.99197 1.55291763e-04
0.99540 1.54582004e-04
0.99885 1.53876241e-04
1.00231 1.53174573e-04
1.00578 1.52476408e-04
1.00926 1.51782140e-04
1.01275 1.51092016e-04
1.01626 1.50405345e-04
1.01978 1.49722868e-04
1.02330 1.49044140e-04
1.02685 1.62350080e-04
1.03040 1.62467049e-04
1.03397 1.61732377e-04
1.03755 1.61002096e-04
1.04114 1.60275811e-04
1.04474 1.59553176e-04
1.04836 1.58834883e-04
1.05199 1.58120536e-04
1.05563 1.57409741e-04
1.05928 1.56703140e-04
1.06295 1.56000140e-04
1.06663 1.55301580e-04
1.07032 1.54606276e-04
1.07403 1.53915067e-04
1.07775 1.53227409e-04
1.08148 1.52543995e-04
1.08522 1.51863885e-04
1.08898 1.51187427e-04
1.09275 1.50514865e-04
1.09653 1.49846152e-04
1.10032 1.49180744e-04
1.10413 1.48519135e-04
1.10796 1.47860781e-04
1.11179 1.47206621e-04
1.11564 1.50830500e-04
1.11950 1.59172125e-04
1.12338 1.58469619e-04
1.12726 1.57771157e-04
1.13117 1.57076544e-04
1.13508 1.56385433e-04
1.13901 1.55697776e-04
1.14295 1.55014115e-04
1.14691 1.54334400e-04
1.15088 1.53658040e-04
1.15487 1.52985331e-04
1.15886 1.52316223e-04
1.16287 1.51651160e-04
1.16690 1.50989205e-04
1.17094 1.50330852e-04
1.17499 1.49675952e-04
1.17906 1.49024949e-04
1.18314 1.48377104e-04
1.18724 1.47732663e-04
1.19135 1.47091675e-04
1.19547 1.46454239e-04
1.19961 1.45820305e-04
1.20376 1.45397272e-04
1.20793 1.56609160e-04
1.21211 1.55932997e-04
1.21630 1.55260633e-04
1.22052 1.54592167e-04
1.22474 1.53926857e-04
1.22898 1.53264853e-04
1.23323 1.52606845e-04
1.23750 1.51952340e-04
1.24179 1.51300745e-04
1.24609 1.50652752e-04
1.25040 1.50008360e-04
1.25473 1.49366977e-04
1.25907 1.53564997e-04
1.26343 1.59487168e-04
1.26780 1.58807799e-04
1.27219 1.58131439e-04
1.27659 1.57459617e-04
1.28101 1.56790361e-04
1.28545 1.56125052e-04
1.28990 1.55462703e-04
1.29436 1.54804300e-04
1.29884 1.54149893e-04
1.30334 1.53497805e-04
1.30785 1.62683327e-04
1.31238 1.63076415e-04
1.31692 1.62389053e-04
1.32148 1.61705293e-04
1.32605 1.61025085e-04
1.33064 1.60348331e-04
1.33525 1.59675079e-04
1.33987 1.59005280e-04
1.34451 1.58339379e-04
1.34916 1.57676388e-04
1.35383 1.67109069e-04
1.35852 1.66784555e-04
1.36322 1.66088461e-04
1.36794 1.65395328e-04
1.37268 1.64706635e-04
1.37743 1.64020852e-04
1.38220 1.63338523e-04
1.38698 1.62660288e-04
1.39178 1.61985457e-04
1.39660 1.61313488e-04
1.40144 1.60645515e-04
1.40629 1.69978937e-04
1.41115 1.69275937e-04
1.41604 1.68576687e-04
1.42094 1.67881136e-04
1.42586 1.67189137e-04
1.43080 1.66499951e-04
1.43575 1.65814859e-04
1.44072 1.70193340e-04
1.44571 1.74128561e-04
1.45071 1.73414017e-04
1.45573 1.72702581e-04
1.46077 1.71994993e-04
1.46583 1.71291500e-04
1.47090 1.70590621e-04
1.47599 1.75570821e-04
1.48110 1.78600332e-04
1.48623 1.77871679e-04
1.49137 1.77146972e-04
1.49654 1.76426360e-04
1.50172 1.75708708e-04
1.50692 1.77703797e-04
1.51213 1.83456853e-04
1.51737 1.82712561e-04
1.52262 1.81972167e-04
1.52789 1.81235472e-04
1.53318 1.80502033e-04
1.53849 1.79772689e-04
1.54381 1.79047095e-04
1.54916 1.79630264e-04
1.55452 1.86486167e-04
1.55990 1.85734820e-04
1.56530 1.84987075e-04
1.57072 1.84244065e-04
1.57615 1.83503671e-04
1.58161 1.91469771e-04
1.58709 1.90702687e-04
1.59258 1.89938513e-04
1.59809 1.89177991e-04
1.60362 1.88421415e-04
1.60918 1.96198815e-04
1.61475 1.95414661e-04
1.62034 1.94635885e-04
1.62594 1.93860020e-04
1.63157 1.93087608e-04
1.63722 1.92319636e-04
1.64289 1.99007016e-04
1.64857 1.99089156e-04
1.65428 1.98299132e-04
1.66001 1.97512167e-04
1.66575 1.97943389e-04
1.67152 2.03572421e-04
1.67731 2.03307748e-04
1.68311 2.02503615e-04
1.68894 2.02775935e-04
1.69478 2.08880787e-04
1.70065 2.08120116e-04
1.70654 2.07300048e-04
1.71245 2.06484371e-04
1.71837 2.13581809e-04
1.72432 2.12742699e-04
1.73029 2.11907239e-04
1.73628 2.11075380e-04
1.74229 2.11068671e-04
1.74832 2.16360953e-04
1.75437 2.16329873e-04
1.76045 2.15483165e-04
1.76654 2.16835737e-04
1.77266 2.21438685e-04
1.77879 2.20575253e-04
1.78495 2.19714387e-04
1.79113 2.25542676e-04
1.79733 2.25522943e-04
1.80355 2.24645599e-04
1.80979 2.27758581e-04
1.81606 2.30333041e-04
1.82234 2.29439171e-04
1.82865 2.28548852e-04
1.83498 2.28186203e-04
1.84133 2.34096928e-04
1.84771 2.33190675e-04
1.85410 2.33218153e-04
1.86052 2.37434624e-04
1.86696 2.37701172e-04
1.87342 2.36783424e-04
1.87991 2.41776944e-04
1.88642 2.42081775e-04
1.89295 2.42125829e-04
1.89950 2.47287329e-04
1.90607 2.46337367e-04
1.91267 2.45389772e-04
1.91929 2.45398553e-04
1.92594 2.49813640e-04
1.93260 2.49507872e-04
1.93929 2.50684028e-04
1.94601 2.54478255e-04
1.95274 2.53505105e-04
1.95950 2.56813991e-04
1.96629 2.58370852e-04
1.97309 2.57384136e-04
1.97992 2.57966960e-04
1.98678 2.62146973e-04
1.99365 2.62305333e-04
2.00055 2.66824957e-04
2.00748 2.65810220e-04
2.01443 2.67874129e-04
2.02140 2.70388847e-04
2.02840 2.71709549e-04
2.03542 2.74885432e-04
2.04247 2.73843216e-04
2.04954 2.75677281e-04
2.05663 2.78244391e-04
2.06375 2.80067504e-04
2.07090 2.82564708e-04
2.07806 2.83030119e-04
2.08526 2.86504271e-04
2.09247 2.86217348e-04
2.09972 2.90974611e-04
2.10699 2.89877487e-04
2.11428 2.90352320e-04
2.12160 2.93118884e-04
2.12894 2.97048679e-04
2.13631 2.97956116e-04
2.14371 2.99350424e-04
2.15113 3.01883345e-04
2.15857 3.01779005e-04
2.16605 3.05738992e-04
2.17354 3.05353403e-04
2.18107 3.07850557e-04
2.18862 3.11092596e-04
2.19619 3.12941017e-04
2.20380 3.12215867e-04
2.21143 3.17002631e-04
2.21908 3.18361172e-04
2.22676 3.20452017e-04
2.23447 3.20995177e-04
2.24220 3.23612015e-04
2.24997 3.26427419e-04
2.25775 3.28441847e-04
2.26557 3.31283447e-04
2.27341 3.33839604e-04
2.28128 3.35325919e-04
2.28918 3.35026811e-04
2.29710 3.38398497e-04
2.30505 3.39940953e-04
2.31303 3.42547727e-04
2.32104 3.46116007e-04
2.32908 3.49670967e-04
2.33714 3.49260859e-04
2.34523 3.51969061e-04
2.35335 3.53199632e-04
2.36149 3.57815259e-04
2.36967 3.60891883e-04
2.37787 3.62601677e-04
2.38610 3.64546200e-04
2.39436 3.66682333e-04
2.40265 3.68486848e-04
2.41097 3.73001341e-04
2.41931 3.74921789e-04
2.42769 3.76993592e-04
2.43609 3.78437431e-04
2.44452 3.82242264e-04
2.45298 3.84783177e-04
2.46148 3.86774221e-04
2.47000 3.91387036e-04
2.47855 3.91806320e-04
2.48713 3.94914221e-04
2.49574 3.94834055e-04
2.50438 3.99405923e-04
2.51304 4.03543065e-04
2.52174 4.05804851e-04
2.53047 4.07596193e-04
2.53923 4.10896149e-04
2.54802 4.12416997e-04
2.55684 4.15388147e-04
2.56569 4.19598895e-04
2.57457 4.21569071e-04
2.58349 4.22794264e-04
2.59243 4.26861600e-04
2.60140 4.30183756e-04
2.61041 4.31714273e-04
2.61944 4.33749668e-04
2.62851 4.37622927e-04
2.63761 4.41445273e-04
2.64674 4.45216461e-04
2.65590 4.48935455e-04
2.66510 4.52604967e-04
2.67432 4.56225737e-04
2.68358 4.59449720e-04
2.69287 4.61070320e-04
2.70219 4.61964635e-04
2.71154 4.65407756e-04
2.72093 4.68803764e-04
2.73035 4.72153793e-04
2.73980 4.75589071e-04
2.74928 4.79617976e-04
2.75880 4.82377732e-04
2.76835 4.85098268e-04
2.77793 4.87773516e-04
2.78755 4.94460600e-04
2.79720 4.97663320e-04
2.80688 5.00205467e-04
2.81660 5.05773720e-04
2.82635 5.09784027e-04
2.83613 5.12194453e-04
2.84595 5.14567880e-04
2.85580 5.18488893e-04
2.86569 5.23750787e-04
2.87561 5.25999893e-04
2.88556 5.28572133e-04
2.89555 5.34817240e-04
2.90557 5.37007640e-04
2.91563 5.39096907e-04
2.92572 5.44150120e-04
2.93585 5.50108107e-04
2.94601 5.53988173e-04
2.95621 5.57405493e-04
2.96644 5.62184907e-04
2.97671 5.64478907e-04
2.98702 5.70103893e-04
2.99736 5.71948467e-04
3.00773 5.76792507e-04
3.01814 5.82209800e-04
3.02859 5.87560493e-04
3.03907 5.91505187e-04
3.04960 5.93801653e-04
3.06015 5.98966853e-04
3.07074 6.04054107e-04
3.08137 6.09069827e-04
3.09204 6.11607533e-04
3.10274 6.14726387e-04
3.11348 6.19572400e-04
3.12426 6.24354773e-04
3.13508 6.29066107e-04
3.14593 6.33705907e-04
3.15682 6.38286013e-04
3.16775 6.42807413e-04
3.17871 6.47271093e-04
3.18972 6.51939507e-04
3.20076 6.59584200e-04
3.21184 6.64324640e-04
3.22295 6.68525867e-04
3.23411 6.72672333e-04
3.24531 6.76765520e-04
3.25654 6.80793587e-04
3.26781 6.87642040e-04
3.27912 6.94696707e-04
3.29047 7.00411480e-04
3.30187 7.04192387e-04
3.31330 7.07911133e-04
3.32476 7.14258853e-04
3.33627 7.20905533e-04
3.34782 7.26484640e-04
3.35941 7.30114093e-04
3.37104 7.36508187e-04
3.38271 7.40583120e-04
3.39442 7.46605240e-04
3.40617 7.54768427e-04
3.41796 7.57945493e-04
3.42979 7.63534960e-04
3.44166 7.69467293e-04
3.45358 7.75333027e-04
3.46553 7.81119827e-04
3.47753 7.86806973e-04
3.48957 7.94019013e-04
3.50164 8.01690840e-04
3.51377 8.07155000e-04
3.52593 8.12526413e-04
3.53814 8.19311227e-04
3.55038 8.26739347e-04
3.56267 8.31893200e-04
3.57500 8.36962693e-04
3.58738 8.43189053e-04
3.59980 8.50768133e-04
3.61226 8.58210067e-04
3.62476 8.63737867e-04
3.63731 8.69272080e-04
3.64990 8.76476720e-04
3.66254 8.85880147e-04
3.67521 8.92753760e-04
3.68794 8.97468547e-04
3.70070 9.04271120e-04
3.71351 9.10985387e-04
3.72637 9.18322240e-04
3.73927 9.27307320e-04
3.75221 9.34089667e-04
3.76520 9.40458107e-04
3.77823 9.46758467e-04
3.79131 9.55219133e-04
3.80443 9.63661053e-04
3.81760 9.71867160e-04
3.83082 9.77763973e-04
3.84408 9.86352413e-04
3.85739 9.96094760e-04
3.87074 1.00173109e-03
3.88414 1.01021149e-03
3.89758 1.01982705e-03
3.91107 1.02742735e-03
3.92461 1.03492453e-03
3.93820 1.04236055e-03
3.95183 1.04965793e-03
3.96551 1.05967803e-03
3.97924 1.07052199e-03
3.99301 1.07750561e-03
4.00683 1.08569149e-03
4.02070 1.09464253e-03
4.03462 1.10340216e-03
4.04859 1.11318003e-03
4.06260 1.12386217e-03
4.07667 1.13027748e-03
4.09078 1.13831191e-03
4.10494 1.14859347e-03
4.11915 1.15695892e-03
4.13341 1.16554687e-03
4.14771 1.17542735e-03
4.16207 1.18651403e-03
4.17648 1.19794308e-03
4.19094 1.20739683e-03
4.20545 1.21676967e-03
4.22000 1.22606160e-03
4.23461 1.23682613e-03
4.24927 1.24775149e-03
4.26398 1.25849284e-03
4.27874 1.26909260e-03
4.29355 1.27964845e-03
4.30841 1.28992853e-03
4.32332 1.30016915e-03
4.33829 1.31026965e-03
4.35331 1.32144020e-03
4.36838 1.33312431e-03
4.38350 1.34451537e-03
4.39867 1.35647673e-03
4.41390 1.36941045e-03
4.42918 1.37985876e-03
4.44451 1.38908607e-03
4.45990 1.40137253e-03
4.47533 1.41417799e-03
4.49083 1.42799971e-03
4.50637 1.44076865e-03
4.52197 1.45267032e-03
4.53762 1.46431891e-03
4.55333 1.47608787e-03
4.56909 1.48904872e-03
4.58491 1.50250044e-03
4.60078 1.51681747e-03
4.61670 1.53004669e-03
4.63269 1.54249744e-03
4.64872 1.55594275e-03
4.66481 1.56970033e-03
4.68096 1.58308249e-03
4.69717 1.59682183e-03
4.71343 1.61145557e-03
4.72974 1.62597881e-03
4.74611 1.64031755e-03
4.76254 1.65444365e-03
4.77903 1.66848639e-03
4.79557 1.68339640e-03
4.81217 1.69862807e-03
4.82883 1.71482025e-03
4.84555 1.73095965e-03
4.86232 1.74541925e-03
4.87915 1.76057593e-03
4.89604 1.77755055e-03
4.91299 1.79389715e-03
4.92999 1.80911451e-03
4.94706 1.82553511e-03
4.96418 1.84318904e-03
4.98137 1.86058397e-03
4.99861 1.87785853e-03
5.01591 1.89573348e-03
5.03328 1.91397497e-03
5.05070 1.93079715e-03
5.06818 1.94729471e-03
5.08573 1.96556925e-03
5.10333 1.98433368e-03
5.12100 2.00258899e-03
5.13873 2.02092767e-03
5.15651 2.03991952e-03
5.17436 2.05912647e-03
5.19228 2.07894613e-03
5.21025 2.09897695e-03
5.22828 2.11838961e-03
5.24638 2.13795620e-03
5.26454 2.15926228e-03
5.28277 2.18083525e-03
5.30105 2.20174765e-03
5.31940 2.22281644e-03
5.33782 2.24434501e-03
5.35629 2.26610447e-03
5.37484 2.28828128e-03
5.39344 2.31070377e-03
5.41211 2.33348837e-03
5.43084 2.35652951e-03
5.44965 2.38074033e-03
5.46851 2.40552293e-03
5.48744 2.42909095e-03
5.50643 2.45212172e-03
5.52550 2.47664532e-03
5.54462 2.50244320e-03
5.56381 2.52799885e-03
5.58308 2.55314997e-03
5.60240 2.57885708e-03
5.62179 2.60553359e-03
5.64125 2.63245775e-03
5.66078 2.65950277e-03
5.68038 2.68682555e-03
5.70004 2.71421985e-03
5.71977 2.74189092e-03
5.73957 2.77129408e-03
5.75944 2.80137015e-03
5.77938 2.83090503e-03
5.79938 2.86017992e-03
5.81946 2.89038031e-03
5.83960 2.92188852e-03
5.85982 2.95365425e-03
5.88010 2.98529715e-03
5.90045 3.01727896e-03
5.92088 3.04997512e-03
5.94137 3.08306545e-03
5.96194 3.11668612e-03
5.98258 3.15077249e-03
6.00329 3.18563340e-03
6.02407 3.22163045e-03
6.04492 3.25803451e-03
6.06585 3.29487269e-03
6.08684 3.33212725e-03
6.10791 3.36910061e-03
6.12906 3.40621457e-03
6.15027 3.44439019e-03
6.17156 3.48405616e-03
6.19293 3.52419228e-03
6.21436 3.56536835e-03
6.23588 3.60702541e-03
6.25746 3.64944567e-03
6.27912 3.69251959e-03
6.30086 3.73617120e-03
6.32267 3.78055689e-03
6.34455 3.82546947e-03
6.36652 3.87102584e-03
6.38856 3.91714807e-03
6.41067 3.96477200e-03
6.43286 4.01452812e-03
6.45513 4.06490683e-03
6.47747 4.11485831e-03
6.49990 4.16533173e-03
6.52240 4.21731821e-03
6.54497 4.27110536e-03
6.56763 4.32557627e-03
6.59037 4.38083651e-03
6.61318 4.43680764e-03
6.63607 4.49409943e-03
6.65904 4.55301181e-03
6.68209 4.61269331e-03
6.70522 4.67414192e-03
6.72843 4.73656388e-03
6.75172 4.79984079e-03
6.77510 4.86401803e-03
6.79855 4.92905021e-03
6.82208 4.99640600e-03
6.84570 5.06530987e-03
6.86939 5.13523493e-03
6.89317 5.20697053e-03
6.91704 5.27970760e-03
6.94098 5.35431440e-03
6.96500 5.43107213e-03
6.98911 5.50892507e-03
7.01331 5.58905720e-03
7.03759 5.67068907e-03
7.06195 5.75371707e-03
7.08639 5.84017373e-03
7.11092 5.92791800e-03
7.13554 6.01763560e-03
7.16024 6.10982973e-03
7.18502 6.20342987e-03
7.20990 6.30005413e-03
7.23485 6.39912040e-03
7.25990 6.49973080e-03
7.28503 6.60461347e-03
7.31025 6.71160760e-03
7.33555 6.82048133e-03
7.36094 6.93324253e-03
7.38642 7.04785373e-03
7.41199 7.16518320e-03
7.43765 7.28697733e-03
7.46340 7.41083360e-03
7.48923 7.53845893e-03
7.51516 7.67080053e-03
7.54117 7.80545093e-03
7.56727 7.94432427e-03
7.59347 8.08737613e-03
7.61975 8.23298347e-03
7.64613 8.38448613e-03
7.67260 8.54080867e-03
7.69916 8.70002707e-03
7.72581 8.86554040e-03
7.75255 9.03574040e-03
7.77939 9.20918160e-03
7.80632 9.39237600e-03
7.83334 9.58173213e-03
7.86046 9.77487707e-03
7.88767 9.97776040e-03
7.91497 1.01871015e-02
7.94237 1.04007937e-02
7.96986 1.06246388e-02
7.99745 1.08557951e-02
8.02513 1.10919340e-02
8.05291 1.13399376e-02
8.08079 1.15973688e-02
8.10876 1.18605917e-02
8.13683 1.21363700e-02
8.16500 1.24241511e-02
8.19326 1.27186908e-02
8.22162 1.30257464e-02
8.25008 1.33480608e-02
8.27864 1.36782685e-02
8.30730 1.40210020e-02
8.33605 1.43851511e-02
8.36491 1.47586587e-02
8.39386 1.51430344e-02
8.42292 1.55555795e-02
8.45208 1.59792541e-02
8.48133 1.64143544e-02
8.51069 1.68798095e-02
8.54016 1.73620872e-02
8.56972 1.78580105e-02
8.59938 1.83850632e-02
8.62915 1.89408180e-02
8.65902 1.95132179e-02
8.68899 2.01129780e-02
8.71907 2.07600932e-02
8.74925 2.14278495e-02
8.77954 2.21169079e-02
8.80993 2.28624628e-02
8.84043 2.36359009e-02
8.87103 2.44353180e-02
8.90174 2.52835455e-02
8.93255 2.61801640e-02
8.96347 2.71084101e-02
8.99450 2.80744752e-02
9.02563 2.91126212e-02
9.05688 3.01890400e-02
9.08823 3.13051721e-02
9.11969 3.24856793e-02
9.15126 3.37231172e-02
9.18294 3.50077473e-02
9.21472 3.63437039e-02
9.24662 3.77436605e-02
9.27863 3.91978691e-02
9.31075 4.07084952e-02
9.34298 4.22619131e-02
9.37532 4.38646741e-02
9.40777 4.55289736e-02
9.44034 4.72617181e-02
9.47302 4.93021201e-02
9.50581 5.14315293e-02
9.53871 5.36540453e-02
9.57173 5.56222480e-02
9.60487 5.70797520e-02
9.63811 5.85741573e-02
9.67148 6.01063027e-02
9.70495 6.13211853e-02
9.73855 6.24034107e-02
9.77226 6.35017187e-02
9.80609 6.46161587e-02
9.84003 6.53051973e-02
9.87409 6.59836293e-02
9.90827 6.66641827e-02
9.94257 6.72580080e-02
9.97699 6.74786267e-02
10.01153 6.76940160e-02
10.04618 6.79040773e-02
10.08096 6.80254373e-02
10.11585 6.79968240e-02
10.15087 6.79634747e-02
10.18601 6.79254880e-02
10.22127 6.77932253e-02
10.25665 6.75618520e-02
10.29215 6.73265320e-02
10.32778 6.70872653e-02
10.36353 6.67568800e-02
10.39941 6.63533827e-02
10.43540 6.59477147e-02
10.47153 6.55399747e-02
10.50777 6.49794493e-02
10.54415 6.43057040e-02
10.58065 6.36355107e-02
10.61727 6.29688200e-02
10.65403 6.22257120e-02
10.69091 6.14164973e-02
10.72791 6.06149787e-02
10.76505 5.98210080e-02
10.80231 5.89625093e-02
10.83971 5.80177760e-02
10.87723 5.70862147e-02
10.91488 5.61676280e-02
10.95266 5.52376947e-02
10.99058 5.42564053e-02
11.02862 5.32916920e-02
11.06680 5.23432587e-02
11.10511 5.14119440e-02
11.14355 5.05174813e-02
11.18212 4.96380160e-02
11.22083 4.87732865e-02
11.25967 4.79230315e-02
11.29865 4.70662644e-02
11.33776 4.62181405e-02
11.37701 4.53848759e-02
11.41639 4.45662188e-02
11.45591 4.37071725e-02
11.49556 4.27902928e-02
11.53536 4.18923028e-02
11.57529 4.10128128e-02
11.61536 4.01509891e-02
11.65556 3.92511935e-02
11.69591 3.83713384e-02
11.73640 3.75109799e-02
11.77702 3.66696887e-02
11.81779 3.57112357e-02
11.85870 3.46596661e-02
11.89975 3.36387967e-02
11.94094 3.26477443e-02
11.98227 3.16856555e-02
12.02375 3.04752917e-02
12.06537 2.93046167e-02
12.10714 2.81786080e-02
12.14905 2.70955884e-02
12.19110 2.60589323e-02
12.23330 2.50699667e-02
12.27565 2.41176557e-02
12.31814 2.32007020e-02
12.36078 2.23178573e-02
12.40357 2.16473187e-02
12.44651 2.10883079e-02
12.48959 2.05429377e-02
12.53283 2.00109123e-02
12.57621 1.94919355e-02
12.61974 1.91243824e-02
12.66343 1.87817624e-02
12.70726 1.84445148e-02
12.75125 1.81125755e-02
12.79539 1.77908333e-02
12.83968 1.76824036e-02
12.88413 1.75737617e-02
12.92873 1.74649225e-02
12.97348 1.73559057e-02
13.01839 1.72745501e-02
13.06345 1.74984149e-02
13.10867 1.77245441e-02
13.15405 1.79529575e-02
13.19959 1.81836599e-02
13.24528 1.84152503e-02
13.29113 1.86260664e-02
13.33713 1.88387819e-02
13.38330 1.90533967e-02
13.42963 1.92699305e-02
13.47612 1.94883983e-02
13.52277 1.98162035e-02
13.56958 2.01554392e-02
13.61655 2.05000769e-02
13.66368 2.08502005e-02
13.71098 2.12058889e-02
13.75844 2.15369403e-02
13.80607 2.18619137e-02
13.85386 2.21913568e-02
13.90182 2.25253336e-02
13.94994 2.28639033e-02
13.99823 2.32678891e-02
14.04668 2.37579368e-02
14.09531 2.42579104e-02
14.14410 2.47680023e-02
14.19306 2.52884245e-02
14.24219 2.58194140e-02
14.29149 2.63619721e-02
14.34096 2.69156204e-02
14.39060 2.74805907e-02
14.44042 2.80571197e-02
14.49041 2.86454493e-02
14.54057 2.92234979e-02
14.59090 2.97933620e-02
14.64141 3.03742127e-02
14.69209 3.09662719e-02
14.74295 3.15697616e-02
14.79398 3.21849187e-02
14.84519 3.28469227e-02
14.89658 3.35254040e-02
14.94814 3.42179749e-02
14.99989 3.49249413e-02
15.05181 3.56466288e-02
15.10392 3.63814143e-02
15.15620 3.71238908e-02
15.20866 3.78817692e-02
15.26131 3.86553948e-02
15.31414 3.94451327e-02
15.36715 4.02513479e-02
15.42034 4.10430295e-02
15.47372 4.17965616e-02
15.52729 4.25643313e-02
15.58103 4.33466297e-02
15.63497 4.41437577e-02
15.68909 4.49560261e-02
15.74340 4.57714568e-02
15.79790 4.65845491e-02
15.85258 4.74125153e-02
15.90746 4.82556368e-02
15.96252 4.91142095e-02
16.01778 4.99885293e-02
16.07323 5.07446120e-02
16.12886 5.12421387e-02
16.18470 5.17431680e-02
16.24072 5.22477000e-02
16.29694 5.27557347e-02
16.35335 5.32672227e-02
16.40996 5.37690413e-02
16.46677 5.41809747e-02
16.52377 5.45942400e-02
16.58097 5.50086893e-02
16.63836 5.54242240e-02
16.69596 5.58407947e-02
16.75375 5.62583027e-02
16.81175 5.64396027e-02
16.86994 5.65511453e-02
16.92834 5.66609120e-02
16.98694 5.67689027e-02
17.04574 5.68749693e-02
17.10474 5.69791613e-02
17.16395 5.70864613e-02
17.22337 5.72043680e-02
17.28299 5.73204000e-02
17.34281 5.74344093e-02
17.40285 5.75464947e-02
17.46309 5.76565080e-02
17.52354 5.77644000e-02
17.58420 5.77245387e-02
17.64507 5.76031787e-02
17.70615 5.74795000e-02
17.76744 5.73535027e-02
17.82894 5.72252360e-02
17.89066 5.70946013e-02
17.95259 5.69616973e-02
18.01473 5.68085173e-02
18.07709 5.66507000e-02
18.13967 5.64914520e-02
18.20246 5.63307733e-02
18.26547 5.61687133e-02
18.32870 5.60052720e-02
18.39214 5.58404000e-02
18.45581 5.56050800e-02
18.51969 5.53612747e-02
18.58380 5.51171733e-02
18.64813 5.48727760e-02
18.71268 5.46280827e-02
18.77746 5.43830933e-02
18.84246 5.41378573e-02
18.90768 5.39228627e-02
18.97313 5.37169947e-02
19.03881 5.35110280e-02
19.10472 5.33049133e-02
19.17085 5.30986507e-02
19.23721 5.28922893e-02
19.30380 5.26858293e-02
19.37062 5.25019640e-02
19.43768 5.23447880e-02
19.50496 5.21871680e-02
19.57248 5.20290053e-02
19.64023 5.18703987e-02
19.70822 5.17113480e-02
19.77644 5.15518533e-02
19.84490 5.13918653e-02
19.91359 5.12277333e-02
19.98252 5.10629107e-02
20.05169 5.08975947e-02
20.12110 5.07317360e-02
20.19076 5.05654333e-02
20.26065 5.03985880e-02
20.33078 5.02312493e-02
20.40116 5.00574480e-02
20.47178 4.98661827e-02
20.54264 4.96745227e-02
20.61375 4.94825173e-02
20.68511 4.92901075e-02
20.75671 4.90973424e-02
20.82856 4.89042271e-02
20.90066 4.87107664e-02
20.97301 4.85217161e-02
21.04561 4.83408404e-02
21.11846 4.81592197e-02
21.19157 4.79768591e-02
21.26492 4.77937732e-02
21.33853 4.76099769e-02
21.41240 4.74254752e-02
21.48652 4.72402877e-02
21.56090 4.70318791e-02
21.63553 4.67427709e-02
21.71043 4.64535839e-02
21.78558 4.61643376e-02
21.86099 4.58750617e-02
21.93666 4.55857809e-02
22.01260 4.52965248e-02
22.08880 4.50073131e-02
22.16526 4.47181704e-02
22.24199 4.43090195e-02
22.31898 4.38815856e-02
22.39624 4.34567763e-02
22.47377 4.30346013e-02
22.55156 4.26150608e-02
22.62962 4.21981547e-02
22.70796 4.17838928e-02
22.78656 4.13722703e-02
22.86544 4.09524387e-02
22.94459 4.05012064e-02
23.02402 4.00538468e-02
23.10372 3.96103451e-02
23.18369 3.91706765e-02
23.26394 3.87348165e-02
23.34447 3.83027503e-02
23.42528 3.78744531e-02
23.50637 3.74499003e-02
23.58774 3.70088553e-02
23.66939 3.65363111e-02
23.75133 3.60689863e-02
23.83354 3.56068316e-02
23.91604 3.51497977e-02
23.99883 3.46978403e-02
24.08191 3.42509099e-02
24.16527 3.38089572e-02
24.24892 3.33719329e-02
24.33286 3.29441587e-02
24.41709 3.25388261e-02
24.50161 3.21379879e-02
24.58642 3.17415995e-02
24.67153 3.13496165e-02
24.75693 3.09619996e-02
24.84263 3.05787043e-02
24.92863 3.01996911e-02
25.01492 2.98249205e-02
25.10151 2.94543433e-02
25.18840 2.90905791e-02
25.27559 2.87318517e-02
25.36309 2.83771747e-02
25.45088 2.80265133e-02
25.53898 2.76798233e-02
25.62739 2.73370652e-02
25.71610 2.69982044e-02
25.80512 2.66632015e-02
25.89444 2.63320219e-02
25.98408 2.60046212e-02
26.07403 2.56968256e-02
26.16428 2.53931148e-02
26.25485 2.50927241e-02
26.34574 2.47956339e-02
26.43694 2.45018095e-02
26.52845 2.42112213e-02
26.62028 2.39238349e-02
26.71243 2.36396256e-02
26.80489 2.33585588e-02
26.89768 2.30806049e-02
26.99079 2.28197204e-02
27.08422 2.25643316e-02
27.17798 2.23116167e-02
27.27205 2.20615559e-02
27.36646 2.18141245e-02
27.46119 2.15692980e-02
27.55625 2.13270565e-02
27.65164 2.10873705e-02
27.74736 2.08502203e-02
27.84341 2.06155811e-02
27.93979 2.03893236e-02
28.03650 2.01764453e-02
28.13355 1.99656687e-02
28.23094 1.97569739e-02
28.32867 1.95503511e-02
28.42673 1.93457707e-02
28.52513 1.91432277e-02
28.62387 1.89426927e-02
28.72295 1.87441605e-02
28.82238 1.85476017e-02
28.92215 1.83530064e-02
29.02227 1.81658801e-02
29.12273 1.79869432e-02
29.22354 1.78096935e-02
29.32470 1.76341063e-02
29.42621 1.74601767e-02
29.52807 1.72878849e-02
29.63029 1.71172261e-02
29.73286 1.69481756e-02
29.83578 1.67807235e-02
29.93906 1.66148599e-02
30.04269 1.64505651e-02
30.14669 1.62892648e-02
30.25104 1.61373280e-02
30.35576 1.59867577e-02
30.46084 1.58375343e-02
30.56628 1.56896477e-02
30.67209 1.55430932e-02
30.77826 1.53978608e-02
30.88481 1.52539357e-02
30.99172 1.51113032e-02
31.09900 1.49699583e-02
31.20665 1.48298911e-02
31.31467 1.46910917e-02
31.42307 1.45576253e-02
31.53184 1.44318155e-02
31.64099 1.43070564e-02
31.75052 1.41833432e-02
31.86043 1.40606611e-02
31.97072 1.39390149e-02
32.08139 1.38183851e-02
32.19244 1.36987665e-02
32.30388 1.35801544e-02
32.41570 1.34625437e-02
32.52791 1.33459148e-02
32.64051 1.32302725e-02
32.75349 1.31172104e-02
32.86687 1.30172019e-02
32.98064 1.29179432e-02
33.09481 1.28194196e-02
33.20937 1.27216311e-02
33.32433 1.26245776e-02
33.43968 1.25282444e-02
33.55544 1.24326315e-02
33.67159 1.23377289e-02
33.78815 1.22435417e-02
33.90511 1.21500551e-02
34.02247 1.20572640e-02
34.14024 1.19651735e-02
34.25842 1.18731717e-02
34.37701 1.17805139e-02
34.49601 1.16885664e-02
34.61542 1.15973244e-02
34.73525 1.15067780e-02
34.85549 1.14169223e-02
34.97614 1.13277572e-02
35.09721 1.12392779e-02
35.21871 1.11514744e-02
35.34062 1.10643419e-02
35.46295 1.09778803e-02
35.58571 1.08920797e-02
35.70889 1.08069353e-02
35.83250 1.07224471e-02
35.95654 1.06404156e-02
36.08101 1.05591981e-02
36.20590 1.04785875e-02
36.33123 1.03985836e-02
36.45700 1.03191767e-02
36.58320 1.02403716e-02
36.70983 1.01621536e-02
36.83691 1.00845227e-02
36.96442 1.00074788e-02
37.09238 9.93101213e-03
37.22077 9.85511773e-03
37.34962 9.77979560e-03
37.47890 9.70504080e-03
37.60864 9.63084840e-03
37.73883 9.56116013e-03
37.86946 9.49269533e-03
38.00055 9.42470907e-03
38.13209 9.35720133e-03
38.26409 9.29017213e-03
38.39654 9.22361653e-03
38.52946 9.15752960e-03
38.66283 9.09191133e-03
38.79667 9.02675680e-03
38.93096 8.96206600e-03
39.06573 8.89782907e-03
39.20096 8.83404600e-03
39.33665 8.77071680e-03
39.47282 8.70783160e-03
39.60946 8.64554827e-03
39.74657 8.58565267e-03
39.88416 8.52616653e-03
40.02222 8.46708987e-03
40.16076 8.40841773e-03
40.29978 8.35014520e-03
40.43928 8.29227227e-03
40.57926 8.23479893e-03
40.71973 8.17771533e-03
40.86069 8.12102640e-03
41.00213 8.06472720e-03
41.14406 8.00880787e-03
41.28648 7.95327827e-03
41.42940 7.89812853e-03
41.57281 7.84335373e-03
41.71672 7.78895880e-03
41.86113 7.73416920e-03
42.00603 7.67900467e-03
42.15144 7.62422987e-03
42.29735 7.56984480e-03
42.44377 7.51583960e-03
42.59069 7.46221920e-03
42.73812 7.40897373e-03
42.88606 7.35610320e-03
43.03451 7.30360760e-03
43.18348 7.25148693e-03
43.33297 7.19973133e-03
43.48297 7.14833587e-03
43.63349 7.09731040e-03
43.78453 7.04664507e-03
43.93609 6.99633493e-03
44.08818 6.94638000e-03
44.24079 6.89678027e-03
44.39394 6.84751107e-03
44.54761 6.79859213e-03
44.70182 6.75002347e-03
44.85655 6.70179520e-03
45.01183 6.65390733e-03
45.16764 6.60635987e-03
45.32399 6.55914787e-03
45.48089 6.51226640e-03
45.63832 6.46572040e-03
45.79630 6.41950493e-03
45.95483 6.37361507e-03
46.11391 6.32805080e-03
46.27353 6.28281213e-03
46.43371 6.23788920e-03
46.59445 6.19328693e-03
46.75574 6.14900040e-03
46.91759 6.10502960e-03
47.08000 6.06070360e-03
47.24297 6.01626413e-03
47.40650 5.97215027e-03
47.57060 5.92835707e-03
47.73527 5.88487960e-03
47.90051 5.84172280e-03
48.06633 5.79887187e-03
48.23271 5.75633667e-03
48.39967 5.71411227e-03
48.56721 5.67219373e-03
48.73533 5.63058107e-03
48.90403 5.58926933e-03
49.07332 5.54825853e-03
49.24319 5.50754373e-03
49.41365 5.46712987e-03
49.58470 5.42700707e-03
49.75634 5.38717533e-03
49.92858 5.34763467e-03
50.10141 5.30845413e-03
50.27484 5.27133080e-03
50.44887 5.23446400e-03
50.62350 5.19785373e-03
50.79874 5.16150000e-03
50.97458 5.12539787e-03
51.15104 5.08954733e-03
51.32810 5.05394347e-03
51.50578 5.01858627e-03
51.68407 4.98347573e-03
51.86298 4.94861187e-03
52.04250 4.91398677e-03
52.22265 4.87960341e-03
52.40343 4.84545883e-03
52.58482 4.81155153e-03
52.76685 4.77788005e-03
52.94951 4.74444241e-03
53.13280 4.71123763e-03
53.31672 4.67826323e-03
53.50128 4.64551823e-03
53.68648 4.61292320e-03
53.87232 4.58024184e-03
54.05880 4.54779037e-03
54.24593 4.51556732e-03
54.43371 4.48357120e-03
54.62214 4.45180053e-03
54.81122 4.42025335e-03
55.00095 4.38892816e-03
55.19134 4.35782349e-03
55.38239 4.32693836e-03
55.57410 4.29627029e-03
55.76647 4.26581831e-03
55.95951 4.23558043e-03
56.15322 4.20555616e-03
56.34760 4.17574304e-03
56.54265 4.14614008e-03
56.73838 4.11674580e-03
56.93479 4.08755872e-03
57.13187 4.05857736e-03
57.32964 4.02979975e-03
57.52809 4.00122539e-03
57.72723 3.97285280e-03
57.92705 3.94473675e-03
58.12757 3.91682543e-03
58.32879 3.88910996e-03
58.53070 3.86158985e-03
58.73331 3.83426363e-03
58.93662 3.80712931e-03
59.14063 3.78018591e-03
59.34535 3.75343244e-03
59.55078 3.72686693e-03
59.75692 3.70048840e-03
59.96377 3.67429585e-03
60.17134 3.64828781e-03
60.37963 3.62246231e-03
60.58864 3.59681933e-03
60.79837 3.57135643e-03
61.00883 3.54607309e-03
61.22002 3.52096785e-03
61.43194 3.49603923e-03
61.64459 3.47128623e-03
61.85797 3.44670737e-03
62.07210 3.42230217e-03
62.28697 3.39806865e-03
62.50258 3.37400583e-03
62.71894 3.35032139e-03
62.93605 3.32682392e-03
63.15390 3.30349024e-03
63.37252 3.28031985e-03
63.59189 3.25731128e-03
63.81201 3.23446304e-03
64.03290 3.21177464e-03
64.25456 3.18924411e-03
64.47698 3.16687144e-03
64.70017 3.14465467e-03
64.92414 3.12259329e-03
65.14888 3.10068584e-03
65.37440 3.07893132e-03
65.60070 3.05732875e-03
65.82778 3.03587713e-03
66.05565 3.01457549e-03
66.28430 2.99342284e-03
66.51375 2.97241769e-03
66.74400 2.95155907e-03
66.97504 2.93084647e-03
67.20688 2.91027891e-03
67.43952 2.88985441e-03
67.67297 2.86957299e-03
67.90722 2.84943364e-03
68.14229 2.82943440e-03
68.37817 2.80962460e-03
68.61486 2.78995639e-03
68.85238 2.77042532e-03
69.09072 2.75103041e-03
69.32988 2.73177117e-03
69.56987 2.71264612e-03
69.81069 2.69365427e-03
70.05235 2.67479463e-03
70.29484 2.65606671e-03
70.53817 2.63746952e-03
70.78235 2.61900208e-03
71.02737 2.60066340e-03
71.27323 2.58245249e-03
71.51995 2.56436887e-03
71.76752 2.54641104e-03
72.01595 2.52857901e-03
72.26524 2.51087081e-03
72.51539 2.49328644e-03
72.76641 2.47582491e-03
73.01830 2.45848523e-03
73.27106 2.44126641e-03
73.52469 2.42416797e-03
73.77920 2.40718892e-03
74.03460 2.39032777e-03
74.29087 2.37358503e-03
74.54804 2.35695871e-03
74.80609 2.34044881e-03
75.06504 2.32408593e-03
75.32488 2.30786020e-03
75.58563 2.29174744e-03
75.84727 2.27574667e-03
76.10982 2.25985739e-03
76.37328 2.24407861e-03
76.63766 2.22840985e-03
76.90295 2.21285012e-03
77.16915 2.19739843e-03
77.43628 2.18205428e-03
77.70433 2.16681719e-03
77.97331 2.15168567e-03
78.24322 2.13665972e-03
78.51407 2.12173885e-03
78.78585 2.10692159e-03
79.05857 2.09220743e-03
79.33224 2.07759539e-03
79.60686 2.06308547e-03
79.88242 2.04867668e-03
80.15894 2.03436804e-03
80.43642 2.02015905e-03
80.71486 2.00604873e-03
80.99426 1.99203708e-03
81.27463 1.97812311e-03
81.55596 1.96430583e-03
81.83828 1.95058475e-03
82.12157 1.93695888e-03
82.40584 1.92342872e-03
82.69109 1.90999229e-03
82.97733 1.89664960e-03
83.26457 1.88343813e-03
83.55279 1.87037861e-03
83.84202 1.85740888e-03
84.13225 1.84452893e-03
84.42348 1.83173828e-03
84.71572 1.81903643e-03
85.00897 1.80642189e-03
85.30323 1.79389468e-03
85.59852 1.78145429e-03
85.89482 1.76909975e-03
86.19215 1.75683104e-03
86.49052 1.74464669e-03
86.78991 1.73254671e-03
87.09034 1.72053059e-03
87.39181 1.70859784e-03
87.69432 1.69674748e-03
87.99789 1.68497901e-03
88.30250 1.67329195e-03
88.60816 1.66168579e-03
88.91489 1.65016004e-03
89.22267 1.63871421e-03
89.53153 1.62734732e-03
89.84145 1.61605887e-03
90.15244 1.60484885e-03
90.46451 1.59371629e-03
90.77766 1.58266119e-03
91.09190 1.57168205e-03
91.40722 1.56077939e-03
91.72363 1.54995171e-03
92.04114 1.53919901e-03
92.35975 1.52852131e-03
92.67946 1.51791711e-03
93.00028 1.50738592e-03
93.32221 1.49692824e-03
93.64525 1.48655689e-03
93.96941 1.47626349e-03
94.29469 1.46604163e-03
94.62110 1.45589031e-03
94.94864 1.44580904e-03
95.27731 1.43579733e-03
95.60712 1.42585519e-03
95.93807 1.41598161e-03
96.27017 1.40617612e-03
96.60342 1.39643821e-03
96.93782 1.38676789e-03
97.27338 1.37716417e-03
97.61010 1.36762705e-03
97.94798 1.35815604e-03
98.28704 1.34875015e-03
98.62727 1.33940937e-03
98.96867 1.33013323e-03
99.31126 1.32092121e-03
99.65504 1.31177284e-03
100.00000 1.30268761e-03
