        2000  5.000000 3.710000
0.10000 1.13756416e+00
0.10035 1.13735640e+00
0.10069 1.13714295e+00
0.10104 1.13692406e+00
0.10139 1.13669948e+00
0.10174 1.13646921e+00
0.10210 1.13623326e+00
0.10245 1.13599161e+00
0.10280 1.13574428e+00
0.10316 1.13546430e+00
0.10352 1.13505644e+00
0.10387 1.13463573e+00
0.10423 1.13420265e+00
0.10459 1.13375671e+00
0.10496 1.13329790e+00
0.10532 1.12728523e+00
0.10568 1.08735599e+00
0.10605 1.04113854e+00
0.10642 9.73399378e-01
0.10679 8.87939528e-01
0.10716 8.42435883e-01
0.10753 7.36364757e-01
0.10790 7.23998091e-01
0.10827 7.23627833e-01
0.10865 7.23249413e-01
0.10902 7.22862336e-01
0.10940 7.22466850e-01
0.10978 7.22063202e-01
0.11016 7.21650897e-01
0.11054 7.21230183e-01
0.11092 7.20801060e-01
0.11131 7.20363280e-01
0.11169 7.19917091e-01
0.11208 7.19462492e-01
0.11247 7.18999237e-01
0.11286 7.18379667e-01
0.11325 7.17738331e-01
0.11364 7.17082403e-01
0.11403 7.16411883e-01
0.11443 7.15726769e-01
0.11482 7.15027063e-01
0.11522 7.14313012e-01
0.11562 7.13584121e-01
0.11602 7.12840637e-01
0.11642 7.12082807e-01
0.11682 7.11310138e-01
0.11723 7.10522876e-01
0.11763 7.09720774e-01
0.11804 7.08904327e-01
0.11845 7.08073039e-01
0.11886 7.07227159e-01
0.11927 7.06366934e-01
0.11968 7.05491621e-01
0.12010 7.04601963e-01
0.12051 7.03697713e-01
0.12093 7.02778869e-01
0.12135 7.01845186e-01
0.12177 7.00897157e-01
0.12219 6.99934536e-01
0.12262 6.98957322e-01
0.12304 6.97965763e-01
0.12347 6.96959363e-01
0.12389 6.97765423e-01
0.12432 7.02521148e-01
0.12475 7.06960287e-01
0.12518 7.09899349e-01
0.12562 7.11131069e-01
0.12605 7.12334345e-01
0.12649 7.12788449e-01
0.12693 7.12561892e-01
0.12737 7.12333851e-01
0.12781 7.12257177e-01
0.12825 7.12291062e-01
0.12869 7.12325441e-01
0.12914 7.12306891e-01
0.12959 7.12254704e-01
0.13003 7.12202269e-01
0.13048 7.12044471e-01
0.13094 7.11818408e-01
0.13139 7.11591109e-01
0.13184 7.11414265e-01
0.13230 7.11273780e-01
0.13276 7.11132800e-01
0.13322 7.10961645e-01
0.13368 7.10761800e-01
0.13414 7.10560965e-01
0.13461 7.10354689e-01
0.13507 7.10034393e-01
0.13554 7.09711623e-01
0.13601 7.09386132e-01
0.13648 7.08895423e-01
0.13695 7.08381464e-01
0.13743 7.07862064e-01
0.13790 7.07268464e-01
0.13838 7.06643205e-01
0.13886 7.06010032e-01
0.13934 7.05160689e-01
0.13982 7.04112491e-01
0.14031 7.03045989e-01
0.14079 7.01866209e-01
0.14128 7.00434891e-01
0.14177 6.98973151e-01
0.14226 6.97480989e-01
0.14275 6.95941834e-01
0.14324 6.94372009e-01
0.14374 6.92771268e-01
0.14424 6.90689216e-01
0.14474 6.88368487e-01
0.14524 6.85990625e-01
0.14574 6.82894011e-01
0.14625 6.78482079e-01
0.14675 6.73903939e-01
0.14726 6.69162312e-01
0.14777 6.65967755e-01
0.14828 6.62759841e-01
0.14879 6.59485890e-01
0.14931 6.54540707e-01
0.14983 6.48040045e-01
0.15034 6.41326182e-01
0.15087 6.34436217e-01
0.15139 6.27766132e-01
0.15191 6.20928355e-01
0.15244 6.13930800e-01
0.15297 6.06539985e-01
0.15349 5.98798205e-01
0.15403 5.90903325e-01
0.15456 5.82864991e-01
0.15509 5.73761641e-01
0.15563 5.63722381e-01
0.15617 5.53485996e-01
0.15671 5.42951327e-01
0.15725 5.31680842e-01
0.15780 4.37111953e-01
0.15834 3.33628675e-01
0.15889 2.50872673e-01
0.15944 3.75116616e-01
0.15999 4.75427349e-01
0.16055 4.63541003e-01
0.16110 4.53614775e-01
0.16166 4.57025254e-01
0.16222 4.46400309e-01
0.16278 4.08730700e-01
0.16335 4.02907484e-01
0.16391 4.03871342e-01
0.16448 4.19723925e-01
0.16505 1.87080485e-01
0.16562 3.60763863e-01
0.16619 3.92429455e-01
0.16677 3.68017655e-01
0.16734 3.56845608e-01
0.16792 3.30473197e-01
0.16851 3.14596623e-01
0.16909 3.24834244e-01
0.16967 2.75930755e-01
0.17026 2.12210689e-01
0.17085 2.73925377e-01
0.17144 2.91878561e-01
0.17204 2.84348993e-01
0.17263 2.77855256e-01
0.17323 2.62215380e-01
0.17383 2.65174229e-01
0.17443 2.54894808e-01
0.17503 2.44801728e-01
0.17564 2.53299013e-01
0.17625 2.36723673e-01
0.17686 2.24019693e-01
0.17747 2.18301198e-01
0.17808 2.12713716e-01
0.17870 1.77336615e-01
0.17932 1.76424029e-01
0.17994 1.62634355e-01
0.18056 1.19996759e-01
0.18119 6.06678987e-02
0.18182 1.19849151e-01
0.18244 1.05458185e-01
0.18308 1.02548704e-01
0.18371 7.02679194e-02
0.18435 4.80502134e-02
0.18498 4.62482664e-02
0.18562 4.37322186e-02
0.18627 7.50498126e-02
0.18691 4.68106529e-02
0.18756 3.83451255e-02
0.18821 5.19482115e-02
0.18886 7.53502484e-02
0.18951 7.61317723e-02
0.19017 7.80130638e-02
0.19083 7.53378817e-02
0.19149 6.78976251e-02
0.19215 4.08595161e-02
0.19282 4.00615693e-02
0.19348 4.88482097e-02
0.19415 4.94662215e-02
0.19483 5.00282865e-02
0.19550 4.98371225e-02
0.19618 4.96414571e-02
0.19686 5.14513683e-02
0.19754 4.80415815e-02
0.19822 4.71610501e-02
0.19891 4.62904120e-02
0.19960 4.54295931e-02
0.20029 4.14561089e-02
0.20098 3.78502857e-02
0.20168 2.03602747e-02
0.20237 1.57160101e-02
0.20307 3.49631389e-02
0.20378 2.44799824e-02
0.20448 1.39289773e-02
0.20519 1.38071583e-02
0.20590 1.37032832e-02
0.20661 1.15070349e-02
0.20733 1.07821158e-02
0.20805 7.03957165e-03
0.20877 5.13687342e-03
0.20949 4.56448720e-03
0.21021 3.77151180e-03
0.21094 3.61389616e-03
0.21167 7.41259731e-03
0.21240 4.72919141e-03
0.21314 8.25753003e-03
0.21388 1.27203261e-02
0.21462 1.19259904e-02
0.21536 2.04022299e-03
0.21611 1.97832559e-04
0.21685 1.97075645e-04
0.21760 1.99225096e-04
0.21836 2.01719502e-04
0.21911 2.03847830e-04
0.21987 7.96677980e-04
0.22063 1.47639920e-03
0.22140 1.48303441e-02
0.22216 5.34196222e-02
0.22293 1.32088614e-01
0.22370 1.34250876e-01
0.22448 2.07632425e-01
0.22526 6.61256797e-01
0.22604 1.82336161e-01
0.22682 3.81158722e-02
0.22760 7.57215699e-03
0.22839 1.44753787e-03
0.22918 3.60580589e-04
0.22998 3.23937661e-04
0.23077 3.21539022e-04
0.23157 3.19118865e-04
0.23237 3.20336240e-04
0.23318 3.23690575e-04
0.23398 3.25177790e-04
0.23479 3.25756303e-04
0.23561 3.28520005e-04
0.23642 3.30077463e-04
0.23724 3.28419835e-04
0.23806 3.26313545e-04
0.23889 3.25460492e-04
0.23971 3.26835913e-04
0.24054 3.25231214e-04
0.24137 3.20119081e-04
0.24221 3.18699141e-04
0.24305 3.16882972e-04
0.24389 3.13628313e-04
0.24473 3.11947435e-04
0.24558 3.12889281e-04
0.24643 3.16518403e-04
0.24728 3.21759643e-04
0.24814 3.26681824e-04
0.24900 3.27170802e-04
0.24986 3.28463861e-04
0.25073 3.29234057e-04
0.25159 3.25939577e-04
0.25246 3.22659937e-04
0.25334 3.23365084e-04
0.25422 3.26636809e-04
0.25510 3.28574666e-04
0.25598 3.28392876e-04
0.25687 3.26027133e-04
0.25775 3.22787808e-04
0.25865 3.24027690e-04
0.25954 3.25082072e-04
0.26044 3.22791765e-04
0.26134 3.18917041e-04
0.26225 3.17956893e-04
0.26315 3.18207937e-04
0.26406 3.16805557e-04
0.26498 3.13800951e-04
0.26590 3.13262259e-04
0.26682 4.08901607e-04
0.26774 3.13407197e-03
0.26867 3.16701677e-02
0.26960 4.84332338e-02
0.27053 5.43387871e-02
0.27147 6.00655431e-02
0.27241 6.72359590e-02
0.27335 7.46725056e-02
0.27430 8.16687741e-02
0.27525 8.86658836e-02
0.27620 9.53174684e-02
0.27715 1.01274393e-01
0.27811 1.07650151e-01
0.27908 1.14477442e-01
0.28004 1.23022240e-01
0.28101 1.25628416e-01
0.28198 1.29653988e-01
0.28296 1.33739242e-01
0.28394 1.37129218e-01
0.28492 1.42484875e-01
0.28591 1.44017525e-01
0.28690 1.49061988e-01
0.28789 1.54432955e-01
0.28889 1.58669478e-01
0.28989 1.63023979e-01
0.29089 1.65860868e-01
0.29190 1.69853495e-01
0.29291 1.76158492e-01
0.29392 1.81306117e-01
0.29494 1.85912849e-01
0.29596 1.89537717e-01
0.29699 1.93555548e-01
0.29801 1.97619680e-01
0.29905 2.01407491e-01
0.30008 2.05450377e-01
0.30112 2.10039746e-01
0.30216 2.14740909e-01
0.30321 2.16748514e-01
0.30426 2.20240786e-01
0.30531 2.22995041e-01
0.30637 2.28815907e-01
0.30743 2.32012864e-01
0.30849 2.35212219e-01
0.30956 2.38880865e-01
0.31063 2.42076387e-01
0.31171 2.44320665e-01
0.31279 2.45894125e-01
0.31387 2.48295460e-01
0.31496 2.52315121e-01
0.31605 2.54103341e-01
0.31714 2.56473784e-01
0.31824 2.59958711e-01
0.31934 2.63152773e-01
0.32044 2.64417141e-01
0.32155 2.68280241e-01
0.32267 2.69495637e-01
0.32378 2.72807925e-01
0.32490 2.75941143e-01
0.32603 2.77282679e-01
0.32716 2.82362164e-01
0.32829 2.83730165e-01
0.32943 2.86556195e-01
0.33057 2.89640442e-01
0.33171 2.93009122e-01
0.33286 2.94512909e-01
0.33401 2.98532323e-01
0.33517 3.01278959e-01
0.33633 3.04914017e-01
0.33749 3.07387598e-01
0.33866 3.10354361e-01
0.33983 3.13325824e-01
0.34101 3.18451313e-01
0.34219 3.19087454e-01
0.34337 3.23883742e-01
0.34456 3.25330642e-01
0.34576 3.26537381e-01
0.34695 3.28139854e-01
0.34815 3.29013435e-01
0.34936 3.32438755e-01
0.35057 3.33669485e-01
0.35178 3.34978373e-01
0.35300 3.36264259e-01
0.35422 3.36943437e-01
0.35545 3.40326462e-01
0.35668 3.41844594e-01
0.35791 3.43754255e-01
0.35915 3.45661195e-01
0.36039 3.47335641e-01
0.36164 3.48056371e-01
0.36289 3.50053587e-01
0.36415 3.51388693e-01
0.36541 3.52770297e-01
0.36668 3.55886449e-01
0.36795 3.55930227e-01
0.36922 3.59111181e-01
0.37050 3.60954804e-01
0.37178 3.60979537e-01
0.37307 3.64579227e-01
0.37436 3.65668730e-01
0.37565 3.67996137e-01
0.37695 3.68956037e-01
0.37826 3.71594837e-01
0.37957 3.72861431e-01
0.38088 3.75412921e-01
0.38220 3.76572173e-01
0.38352 3.79675464e-01
0.38485 3.80429583e-01
0.38618 3.83100783e-01
0.38752 3.84236043e-01
0.38886 3.84610753e-01
0.39021 3.86585463e-01
0.39156 3.86565181e-01
0.39291 3.88637340e-01
0.39427 3.88995973e-01
0.39564 3.89099606e-01
0.39701 3.91345640e-01
0.39838 3.89442905e-01
0.39976 3.92699295e-01
0.40115 3.91892741e-01
0.40253 3.93078457e-01
0.40393 3.94642099e-01
0.40533 3.94528078e-01
0.40673 3.95768207e-01
0.40814 3.96714999e-01
0.40955 3.97742175e-01
0.41097 3.98086957e-01
0.41239 3.98939021e-01
0.41382 4.00319883e-01
0.41525 4.01237489e-01
0.41669 4.01636933e-01
0.41813 4.03584435e-01
0.41958 4.03350953e-01
0.42103 4.05684295e-01
0.42249 4.05270012e-01
0.42395 4.07548941e-01
0.42542 4.09106894e-01
0.42689 4.08608270e-01
0.42837 4.11078388e-01
0.42985 4.11804806e-01
0.43134 4.12413493e-01
0.43283 4.13747609e-01
0.43433 4.13840607e-01
0.43583 4.15959511e-01
0.43734 4.15595189e-01
0.43886 4.17621591e-01
0.44037 4.16641904e-01
0.44190 4.18073717e-01
0.44343 4.18394013e-01
0.44496 4.18664101e-01
0.44650 4.18482311e-01
0.44805 4.19804061e-01
0.44960 4.18166961e-01
0.45116 4.19597290e-01
0.45272 4.20810460e-01
0.45429 4.19058598e-01
0.45586 4.20921760e-01
0.45744 4.21677116e-01
0.45902 4.20834699e-01
0.46061 4.22584582e-01
0.46220 4.22579883e-01
0.46380 4.23329055e-01
0.46541 4.24658719e-01
0.46702 4.23553387e-01
0.46864 4.25583004e-01
0.47026 4.25879062e-01
0.47189 4.25603780e-01
0.47352 4.27486976e-01
0.47516 4.27995493e-01
0.47680 4.28059800e-01
0.47845 4.28308123e-01
0.48011 4.28848051e-01
0.48177 4.29475783e-01
0.48344 4.29956352e-01
0.48511 4.29563834e-01
0.48679 4.30462396e-01
0.48848 4.30261561e-01
0.49017 4.30471300e-01
0.49186 4.31308771e-01
0.49357 4.32342377e-01
0.49528 4.31545469e-01
0.49699 4.32244680e-01
0.49871 4.33570881e-01
0.50044 4.33374746e-01
0.50217 4.32979260e-01
0.50391 4.35541633e-01
0.50565 4.33975024e-01
0.50740 4.35820625e-01
0.50916 4.35729112e-01
0.51092 4.35780063e-01
0.51269 4.37150289e-01
0.51446 4.37636547e-01
0.51625 4.38114889e-01
0.51803 4.37411473e-01
0.51983 4.37986771e-01
0.52163 4.38663475e-01
0.52343 4.37442885e-01
0.52524 4.38210607e-01
0.52706 4.39038927e-01
0.52889 4.37715941e-01
0.53072 4.39393603e-01
0.53255 4.36916559e-01
0.53440 4.39530625e-01
0.53625 4.38593232e-01
0.53810 4.39246934e-01
0.53997 4.37964511e-01
0.54183 4.39315198e-01
0.54371 4.38720361e-01
0.54559 4.39007763e-01
0.54748 4.38830672e-01
0.54938 4.38997375e-01
0.55128 4.38846749e-01
0.55319 4.37636794e-01
0.55510 4.38932326e-01
0.55702 4.38814348e-01
0.55895 4.37609093e-01
0.56089 4.37914055e-01
0.56283 4.37640751e-01
0.56478 4.38755730e-01
0.56673 4.36562625e-01
0.56869 4.38464619e-01
0.57066 4.37102307e-01
0.57264 4.36254448e-01
0.57462 4.38832898e-01
0.57661 4.37871266e-01
0.57860 4.36684313e-01
0.58061 4.38252901e-01
0.58262 4.36556442e-01
0.58463 4.39438370e-01
0.58666 4.37235372e-01
0.58869 4.37704069e-01
0.59073 4.39565747e-01
0.59277 4.38204919e-01
0.59482 4.37206187e-01
0.59688 4.39549670e-01
0.59895 4.39237288e-01
0.60102 4.38708242e-01
0.60310 4.37327627e-01
0.60519 4.39389151e-01
0.60728 4.38954586e-01
0.60939 4.38355297e-01
0.61150 4.37784947e-01
0.61361 4.37674389e-01
0.61574 4.38769333e-01
0.61787 4.37382535e-01
0.62001 4.36715477e-01
0.62215 4.37144601e-01
0.62431 4.36558421e-01
0.62647 4.35340057e-01
0.62864 4.35410794e-01
0.63081 4.36945992e-01
0.63300 4.34709604e-01
0.63519 4.34971035e-01
0.63739 4.33272845e-01
0.63959 4.35601735e-01
0.64181 4.34478347e-01
0.64403 4.33689107e-01
0.64626 4.34519405e-01
0.64849 4.34598057e-01
0.65074 4.34379661e-01
0.65299 4.32481873e-01
0.65525 4.33534029e-01
0.65752 4.34363585e-01
0.65980 4.33809063e-01
0.66208 4.32806127e-01
0.66437 4.31829407e-01
0.66667 4.34022512e-01
0.66898 4.32578085e-01
0.67130 4.30872227e-01
0.67362 4.31397069e-01
0.67595 4.32575365e-01
0.67829 4.30315233e-01
0.68064 4.30402294e-01
0.68299 4.30048607e-01
0.68536 4.29493344e-01
0.68773 4.29337524e-01
0.69011 4.30305339e-01
0.69250 4.28060295e-01
0.69490 4.27341049e-01
0.69730 4.29599697e-01
0.69972 4.29936071e-01
0.70214 4.24892697e-01
0.70457 4.27616579e-01
0.70701 4.29178736e-01
0.70946 4.27260171e-01
0.71191 4.27152334e-01
0.71438 4.27136010e-01
0.71685 4.26471673e-01
0.71933 4.28545810e-01
0.72182 4.27218619e-01
0.72432 4.25498416e-01
0.72683 4.25034171e-01
0.72934 4.28035067e-01
0.73187 4.28313811e-01
0.73440 4.24714617e-01
0.73694 4.24660698e-01
0.73949 4.25181087e-01
0.74205 4.26768720e-01
0.74462 4.25098973e-01
0.74720 4.24473219e-01
0.74979 4.23032750e-01
0.75238 4.25431389e-01
0.75499 4.24417075e-01
0.75760 4.22546987e-01
0.76022 4.23200689e-01
0.76285 4.22698850e-01
0.76549 4.22544019e-01
0.76814 4.25120491e-01
0.77080 4.22456463e-01
0.77347 4.19454084e-01
0.77615 4.21668954e-01
0.77884 4.23871210e-01
0.78153 4.21264811e-01
0.78424 4.21389962e-01
0.78695 4.17925317e-01
0.78968 4.19847344e-01
0.79241 4.23526427e-01
0.79515 4.19584923e-01
0.79790 4.17254301e-01
0.80067 4.17329738e-01
0.80344 4.18816459e-01
0.80622 4.20613583e-01
0.80901 4.18085589e-01
0.81181 4.15182637e-01
0.81462 4.13713725e-01
0.81744 4.17824899e-01
0.82027 4.19650961e-01
0.82311 4.13757255e-01
0.82596 4.12012071e-01
0.82882 4.14813121e-01
0.83169 4.14549711e-01
0.83457 4.13153020e-01
0.83745 4.13016245e-01
0.84035 4.12142416e-01
0.84326 4.11247069e-01
0.84618 4.10171664e-01
0.84911 4.10757102e-01
0.85205 4.12483489e-01
0.85500 4.10184525e-01
0.85796 4.06185393e-01
0.86093 4.08137100e-01
0.86391 4.11638845e-01
0.86690 4.09982454e-01
0.86990 4.05217825e-01
0.87291 4.05527239e-01
0.87593 4.08430437e-01
0.87897 4.06653595e-01
0.88201 4.05555435e-01
0.88506 4.07662467e-01
0.88813 4.05753054e-01
0.89120 4.02276784e-01
0.89428 4.01839004e-01
0.89738 4.06252915e-01
0.90049 4.06488129e-01
0.90360 4.02241168e-01
0.90673 4.00208583e-01
0.90987 3.99790342e-01
0.91302 4.02739545e-01
0.91618 4.04073908e-01
0.91935 4.00638448e-01
0.92253 3.98678826e-01
0.92573 3.96836687e-01
0.92893 3.98202215e-01
0.93215 4.02929744e-01
0.93537 4.02007438e-01
0.93861 3.94375473e-01
0.94186 3.94406390e-01
0.94512 3.97498799e-01
0.94839 3.99069118e-01
0.95168 3.98702075e-01
0.95497 3.94972783e-01
0.95828 3.95201319e-01
0.96159 3.95821384e-01
0.96492 3.94113547e-01
0.96826 3.95882475e-01
0.97161 3.95741001e-01
0.97498 3.92988428e-01
0.97835 3.93503376e-01
0.98174 3.93175412e-01
0.98514 3.91204165e-01
0.98855 3.94350987e-01
0.99197 3.94449426e-01
0.99540 3.90124555e-01
0.99885 3.90439163e-01
1.00231 3.91745578e-01
1.00578 3.89154514e-01
1.00926 3.89951669e-01
1.01275 3.89190625e-01
1.01626 3.90999126e-01
1.01978 3.89326905e-01
1.02330 3.87063805e-01
1.02685 3.87628962e-01
1.03040 3.86383391e-01
1.03397 3.86969077e-01
1.03755 3.88216626e-01
1.04114 3.88000951e-01
1.04474 3.83729752e-01
1.04836 3.83099052e-01
1.05199 3.83845504e-01
1.05563 3.83716643e-01
1.05928 3.82510893e-01
1.06295 3.83974859e-01
1.06663 3.84207600e-01
1.07032 3.80123879e-01
1.07403 3.76336464e-01
1.07775 3.77736371e-01
1.08148 3.82654347e-01
1.08522 3.83184382e-01
1.08898 3.78730403e-01
1.09275 3.74174276e-01
1.09653 3.75244982e-01
1.10032 3.76340916e-01
1.10413 3.75692161e-01
1.10796 3.76147254e-01
1.11179 3.75898931e-01
1.11564 3.72701901e-01
1.11950 3.73813911e-01
1.12338 3.75439881e-01
1.12726 3.70885732e-01
1.13117 3.67938755e-01
1.13508 3.70089071e-01
1.13901 3.74097108e-01
1.14295 3.75378542e-01
1.14691 3.67220499e-01
1.15088 3.64958883e-01
1.15487 3.67153472e-01
1.15886 3.70278529e-01
1.16287 3.72969515e-01
1.16690 3.67234103e-01
1.17094 3.62793480e-01
1.17499 3.63690558e-01
1.17906 3.66805227e-01
1.18314 3.67604113e-01
1.18724 3.66504222e-01
1.19135 3.64513683e-01
1.19547 3.62783587e-01
1.19961 3.61647090e-01
1.20376 3.64114982e-01
1.20793 3.65035309e-01
1.21211 3.63385843e-01
1.21630 3.59489601e-01
1.22052 3.59778487e-01
1.22474 3.61202137e-01
1.22898 3.62157091e-01
1.23323 3.60692383e-01
1.23750 3.59194285e-01
1.24179 3.58927413e-01
1.24609 3.58427057e-01
1.25040 3.59951373e-01
1.25473 3.59571716e-01
1.25907 3.57528001e-01
1.26343 3.53927817e-01
1.26780 3.54879555e-01
1.27219 3.59777745e-01
1.27659 3.59575426e-01
1.28101 3.54965133e-01
1.28545 3.51952365e-01
1.28990 3.53172461e-01
1.29436 3.56740244e-01
1.29884 3.57796110e-01
1.30334 3.52827925e-01
1.30785 3.48357623e-01
1.31238 3.51838592e-01
1.31692 3.56726888e-01
1.32148 3.52068612e-01
1.32605 3.50304631e-01
1.33064 3.51356539e-01
1.33525 3.52155179e-01
1.33987 3.51889790e-01
1.34451 3.47637635e-01
1.34916 3.47144205e-01
1.35383 3.47819178e-01
1.35852 3.49294274e-01
1.36322 3.50547759e-01
1.36794 3.48230741e-01
1.37268 3.45632999e-01
1.37743 3.45433401e-01
1.38220 3.47482310e-01
1.38698 3.46648302e-01
1.39178 3.46082403e-01
1.39660 3.43068894e-01
1.40144 3.41461475e-01
1.40629 3.43244995e-01
1.41115 3.45853867e-01
1.41604 3.45757902e-01
1.42094 3.43881384e-01
1.42586 3.39047254e-01
1.43080 3.39233496e-01
1.43575 3.40926493e-01
1.44072 3.39136789e-01
1.44571 3.40736541e-01
1.45071 3.42744640e-01
1.45573 3.40682622e-01
1.46077 3.38235506e-01
1.46583 3.35232632e-01
1.47090 3.33830499e-01
1.47599 3.38151165e-01
1.48110 3.40657147e-01
1.48623 3.38667845e-01
1.49137 3.34927670e-01
1.49654 3.31621318e-01
1.50172 3.31191453e-01
1.50692 3.34707543e-01
1.51213 3.38331471e-01
1.51737 3.36215782e-01
1.52262 3.31769223e-01
1.52789 3.29790804e-01
1.53318 3.29264973e-01
1.53849 3.29619897e-01
1.54381 3.32687325e-01
1.54916 3.32276009e-01
1.55452 3.29495983e-01
1.55990 3.25172596e-01
1.56530 3.22435605e-01
1.57072 3.23154603e-01
1.57615 3.23094749e-01
1.58161 3.19450292e-01
1.58709 3.11831683e-01
1.59258 3.08070733e-01
1.59809 3.08857253e-01
1.60362 3.13405713e-01
1.60918 3.15736087e-01
1.61475 3.10630633e-01
1.62034 3.01965062e-01
1.62594 2.98866223e-01
1.63157 2.97235801e-01
1.63722 2.99059390e-01
1.64289 2.97253362e-01
1.64857 2.95799042e-01
1.65428 2.96042418e-01
1.66001 2.94135725e-01
1.66575 2.86817379e-01
1.67152 2.82224894e-01
1.67731 2.87238835e-01
1.68311 2.89928585e-01
1.68894 2.85346983e-01
1.69478 2.82107658e-01
1.70065 2.75571133e-01
1.70654 2.75454639e-01
1.71245 2.74949831e-01
1.71837 2.74857081e-01
1.72432 2.72406503e-01
1.73029 2.72951131e-01
1.73628 2.66919660e-01
1.74229 2.67056683e-01
1.74832 2.70437729e-01
1.75437 2.67559511e-01
1.76045 2.63380567e-01
1.76654 2.56404036e-01
1.77266 2.57335246e-01
1.77879 2.59987401e-01
1.78495 2.55525755e-01
1.79113 2.55484451e-01
1.79733 2.53519140e-01
1.80355 2.50770772e-01
1.80979 2.52779861e-01
1.81606 2.53143935e-01
1.82234 2.43851548e-01
1.82865 2.41204413e-01
1.83498 2.40995788e-01
1.84133 2.45252889e-01
1.84771 2.48372381e-01
1.85410 2.43770274e-01
1.86052 2.32358215e-01
1.86696 2.27138097e-01
1.87342 2.32607156e-01
1.87991 2.41603634e-01
1.88642 2.33982033e-01
1.89295 2.28412506e-01
1.89950 2.29664112e-01
1.90607 2.26423526e-01
1.91267 2.29691319e-01
1.91929 2.26373738e-01
1.92594 2.18019337e-01
1.93260 2.15860859e-01
1.93929 2.21623850e-01
1.94601 2.19991202e-01
1.95274 2.20310806e-01
1.95950 2.17163663e-01
1.96629 2.12331413e-01
1.97309 2.09073884e-01
1.97992 2.08501035e-01
1.98678 2.08212373e-01
1.99365 2.12354983e-01
2.00055 2.12759942e-01
2.00748 2.08304529e-01
2.01443 2.02686501e-01
2.02140 1.96769249e-01
2.02840 1.97155262e-01
2.03542 2.00065534e-01
2.04247 2.01968690e-01
2.04954 1.95354898e-01
2.05663 1.91606883e-01
2.06375 1.93502594e-01
2.07090 1.94870149e-01
2.07806 2.00370546e-01
2.08526 1.94839876e-01
2.09247 1.84554123e-01
2.09972 1.78237428e-01
2.10699 1.79717891e-01
2.11428 1.86893303e-01
2.12160 1.87667530e-01
2.12894 1.84826412e-01
2.13631 1.80915825e-01
2.14371 1.78504721e-01
2.15113 1.73258781e-01
2.15857 1.74721090e-01
2.16605 1.79536150e-01
2.17354 1.76934179e-01
2.18107 1.69776105e-01
2.18862 1.70667098e-01
2.19619 1.69344483e-01
2.20380 1.73363922e-01
2.21143 1.69925890e-01
2.21908 1.66619810e-01
2.22676 1.63207723e-01
2.23447 1.61036953e-01
2.24220 1.59280935e-01
2.24997 1.61454600e-01
2.25775 1.59719235e-01
2.26557 1.64358837e-01
2.27341 1.59220660e-01
2.28128 1.56250088e-01
2.28918 1.55906641e-01
2.29710 1.55555180e-01
2.30505 1.54700693e-01
2.31303 1.51042930e-01
2.32104 1.50559146e-01
2.32908 1.48934364e-01
2.33714 1.50575964e-01
2.34523 1.46643389e-01
2.35335 1.46794955e-01
2.36149 1.46085257e-01
2.36967 1.45516341e-01
2.37787 1.45852714e-01
2.38610 1.40673876e-01
2.39436 1.40260186e-01
2.40265 1.41083212e-01
2.41097 1.43514870e-01
2.41931 1.38331753e-01
2.42769 1.34738989e-01
2.43609 1.38915657e-01
2.44452 1.39284555e-01
2.45298 1.39292865e-01
2.46148 1.32349946e-01
2.47000 1.31671239e-01
2.47855 1.29674468e-01
2.48713 1.29102682e-01
2.49574 1.34165695e-01
2.50438 1.26183085e-01
2.51304 1.29361368e-01
2.52174 1.29173197e-01
2.53047 1.28446878e-01
2.53923 1.31800174e-01
2.54802 1.27638667e-01
2.55684 1.24458232e-01
2.56569 1.28033460e-01
2.57457 1.21692947e-01
2.58349 1.24809990e-01
2.59243 1.23979815e-01
2.60140 1.20808557e-01
2.61041 1.14401065e-01
2.61944 1.17537697e-01
2.62851 1.21938994e-01
2.63761 1.20115826e-01
2.64674 1.23766713e-01
2.65590 1.17322344e-01
2.66510 1.11710400e-01
2.67432 1.10802712e-01
2.68358 1.21010826e-01
2.69287 1.23519874e-01
2.70219 1.18397898e-01
2.71154 1.11753486e-01
2.72093 1.07021554e-01
2.73035 1.06706377e-01
2.73980 1.10901497e-01
2.74928 1.20232295e-01
2.75880 1.24529514e-01
2.76835 1.03564427e-01
2.77793 1.05896434e-01
2.78755 1.11639960e-01
2.79720 1.07430693e-01
2.80688 1.07909332e-01
2.81660 1.13456079e-01
2.82635 1.11973711e-01
2.83613 1.02240205e-01
2.84595 1.07754353e-01
2.85580 1.08940885e-01
2.86569 1.08963665e-01
2.87561 1.00301878e-01
2.88556 1.07659476e-01
2.89555 1.09814615e-01
2.90557 1.06692749e-01
2.91563 1.06565100e-01
2.92572 9.66664986e-02
2.93585 1.02612194e-01
2.94601 9.74037251e-02
2.95621 1.16439537e-01
2.96644 1.04765404e-01
2.97671 9.49280173e-02
2.98702 9.78052213e-02
2.99736 9.28079255e-02
3.00773 9.74096858e-02
3.01814 1.11161122e-01
3.02859 1.08526181e-01
3.03907 8.98885512e-02
3.04960 1.06342500e-01
3.06015 9.17854495e-02
3.07074 9.55085829e-02
3.08137 1.06313859e-01
3.09204 9.63248076e-02
3.10274 9.63137518e-02
3.11348 9.52802200e-02
3.12426 8.94865851e-02
3.13508 9.17457030e-02
3.14593 8.62355121e-02
3.15682 7.23505403e-02
3.16775 8.09068391e-02
3.17871 8.35697534e-02
3.18972 8.67830339e-02
3.20076 8.61072697e-02
3.21184 7.36346207e-02
3.22295 6.45337929e-02
3.23411 6.09985339e-02
3.24531 5.56510883e-02
3.25654 6.82526969e-02
3.26781 7.08909026e-02
3.27912 6.60447027e-02
3.29047 5.06989555e-02
3.30187 4.59595295e-02
3.31330 4.23504909e-02
3.32476 5.87463660e-02
3.33627 4.77425060e-02
3.34782 4.26158549e-02
3.35941 3.46485062e-02
3.37104 4.22267253e-02
3.38271 3.05046341e-02
3.39442 3.44444315e-02
3.40617 3.30015383e-02
3.41796 2.92566148e-02
3.42979 2.08839066e-02
3.44166 7.89534499e-03
3.45358 1.17047136e-03
3.46553 4.66923534e-04
3.47753 4.42476118e-04
3.48957 4.44305643e-04
3.50164 4.38292475e-04
3.51377 4.31010734e-04
3.52593 4.31006777e-04
3.53814 4.33485057e-04
3.55038 4.35698443e-04
3.56267 4.40244429e-04
3.57500 4.43109291e-04
3.58738 4.46220745e-04
3.59980 4.38272441e-04
3.61226 4.36063012e-04
3.62476 4.35832992e-04
3.63731 4.38037227e-04
3.64990 4.38252901e-04
3.66254 4.37640009e-04
3.67521 4.46792332e-04
3.68794 4.45085732e-04
3.70070 4.36267062e-04
3.71351 4.37051851e-04
3.72637 4.43124873e-04
3.73927 4.43744196e-04
3.75221 4.43023961e-04
3.76520 4.45691699e-04
3.77823 4.47421795e-04
3.79131 4.46185871e-04
3.80443 4.45071881e-04
3.81760 4.48706939e-04
3.83082 4.44434503e-04
3.84408 4.42229279e-04
3.85739 4.45045911e-04
3.87074 4.48150687e-04
3.88414 4.49984663e-04
3.89758 4.51901744e-04
3.91107 4.47895191e-04
3.92461 4.47704992e-04
3.93820 4.50459049e-04
3.95183 4.47235306e-04
3.96551 4.46923171e-04
3.97924 4.50302239e-04
3.99301 4.54856883e-04
4.00683 4.58741500e-04
4.02070 4.54845011e-04
4.03462 4.54184136e-04
4.04859 4.57701463e-04
4.06260 4.55845969e-04
4.07667 4.54909070e-04
4.09078 4.56281523e-04
4.10494 4.60251717e-04
4.11915 4.63708943e-04
4.13341 4.62272431e-04
4.14771 4.61806455e-04
4.16207 4.62457931e-04
4.17648 4.60196315e-04
4.19094 4.61785926e-04
4.20545 4.68284115e-04
4.22000 4.73334661e-04
4.23461 4.68651405e-04
4.24927 4.67045469e-04
4.26398 4.67896791e-04
4.27874 4.67964560e-04
4.29355 4.69479477e-04
4.30841 4.73701951e-04
4.32332 4.77106247e-04
4.33829 4.75375656e-04
4.35331 4.73455607e-04
4.36838 4.74135527e-04
4.38350 4.76133238e-04
4.39867 4.78808643e-04
4.41390 4.82428366e-04
4.42918 4.85786163e-04
4.44451 4.86505656e-04
4.45990 4.85287045e-04
4.47533 4.84903183e-04
4.49083 4.85890538e-04
4.50637 4.86353546e-04
4.52197 4.86617451e-04
4.53762 4.88607989e-04
4.55333 4.91277705e-04
4.56909 4.92176267e-04
4.58491 4.92182945e-04
4.60078 4.92082281e-04
4.61670 4.91726121e-04
4.63269 4.93067904e-04
4.64872 4.96702962e-04
4.66481 5.00997411e-04
4.68096 5.03388135e-04
4.69717 5.03622112e-04
4.71343 5.02345872e-04
4.72974 5.02045857e-04
4.74611 5.04123209e-04
4.76254 5.07695445e-04
4.77903 5.10585782e-04
4.79557 5.12392799e-04
4.81217 5.12744260e-04
4.82883 5.12069040e-04
4.84555 5.11525401e-04
4.86232 5.11936222e-04
4.87915 5.13618089e-04
4.89604 5.16324163e-04
4.91299 5.19156129e-04
4.92999 5.20825629e-04
4.94706 5.20601298e-04
4.96418 5.19538012e-04
4.98137 5.19914206e-04
4.99861 5.22336094e-04
5.01591 5.25559837e-04
5.03328 5.27790041e-04
5.05070 5.28464519e-04
5.06818 5.28790257e-04
5.08573 5.30096425e-04
5.10333 6.16125389e-04
5.12100 1.81899692e-03
5.13873 6.94792476e-03
5.15651 2.28937694e-02
5.17436 2.39887141e-02
5.19228 2.51905043e-02
5.21025 2.65003816e-02
5.22828 2.78314801e-02
5.24638 2.91372023e-02
5.26454 3.04876917e-02
5.28277 3.19691689e-02
5.30105 3.35916014e-02
5.31940 3.53009963e-02
5.33782 3.70490988e-02
5.35629 3.88467175e-02
5.37484 4.07433684e-02
5.39344 4.18084847e-02
5.41211 4.28622483e-02
5.43084 4.39816790e-02
5.44965 4.51440962e-02
5.46851 4.63211803e-02
5.48744 4.75088749e-02
5.50643 4.87408175e-02
5.52550 5.00630863e-02
5.54462 5.14925245e-02
5.56381 5.30023956e-02
5.58308 5.45492183e-02
5.60240 5.61112519e-02
5.62179 5.75876588e-02
5.64125 5.86365747e-02
5.66078 5.97019136e-02
5.68038 6.07578538e-02
5.70004 6.17758531e-02
5.71977 6.27459933e-02
5.73957 6.36801713e-02
5.75944 6.45979017e-02
5.77938 6.55112295e-02
5.79938 6.64208967e-02
5.81946 6.73233913e-02
5.83960 6.82192327e-02
5.85982 6.91154945e-02
5.88010 7.00224411e-02
5.90045 7.05632601e-02
5.92088 7.10723463e-02
5.94137 7.15970887e-02
5.96194 7.21386003e-02
5.98258 7.27012589e-02
6.00329 7.32904069e-02
6.02407 7.39096059e-02
6.04492 7.45602410e-02
6.06585 7.52433757e-02
6.08684 7.59604939e-02
6.10791 7.67130056e-02
6.12906 7.75011827e-02
6.15027 7.83240855e-02
6.17156 7.91796609e-02
6.19293 7.98363309e-02
6.21436 8.04974035e-02
6.23588 8.11726482e-02
6.25746 8.18565001e-02
6.27912 8.25430975e-02
6.30086 8.32268010e-02
6.32267 8.39025404e-02
6.34455 8.45660368e-02
6.36652 8.52139512e-02
6.38856 8.58439587e-02
6.41067 8.64548720e-02
6.43286 8.70464933e-02
6.45513 8.76196141e-02
6.47747 8.81756937e-02
6.49990 8.86354863e-02
6.52240 8.88772052e-02
6.54497 8.91063348e-02
6.56763 8.93251506e-02
6.59037 8.95359281e-02
6.61318 8.97409179e-02
6.63607 8.99422720e-02
6.65904 9.01421421e-02
6.68209 9.03425315e-02
6.70522 9.05452954e-02
6.72843 9.07522639e-02
6.75172 9.09651437e-02
6.77510 9.11855425e-02
6.79855 9.14149194e-02
6.82208 9.16546843e-02
6.84570 9.19060987e-02
6.86939 9.21702754e-02
6.89317 9.24481544e-02
6.91704 9.26875236e-02
6.94098 9.29331751e-02
6.96500 9.31941117e-02
6.98911 9.34702347e-02
7.01331 9.37612471e-02
7.03759 9.40663822e-02
7.06195 9.43846260e-02
7.08639 9.47146181e-02
7.11092 9.50546273e-02
7.13554 9.54027737e-02
7.16024 9.57568808e-02
7.18502 9.61146732e-02
7.20990 9.64738259e-02
7.23485 9.68320141e-02
7.25990 9.71870116e-02
7.28503 9.75367409e-02
7.31025 9.78207291e-02
7.33555 9.80193872e-02
7.36094 9.82076079e-02
7.38642 9.83845254e-02
7.41199 9.85494473e-02
7.43765 9.87021261e-02
7.46340 9.88424383e-02
7.48923 9.89706559e-02
7.51516 9.90871747e-02
7.54117 9.91926623e-02
7.56727 9.92879351e-02
7.59347 9.93739082e-02
7.61975 9.94516945e-02
7.64613 9.95224319e-02
7.67260 9.95874063e-02
7.69916 9.96478546e-02
7.72581 9.97051617e-02
7.75255 9.97584126e-02
7.77939 9.97164649e-02
7.80632 9.96752097e-02
7.83334 9.96358837e-02
7.86046 9.95996988e-02
7.88767 9.95677681e-02
7.91497 9.95411303e-02
7.94237 9.95207995e-02
7.96986 9.95075919e-02
7.99745 9.95022989e-02
8.02513 9.95055637e-02
8.05291 9.95178809e-02
8.08079 9.95396463e-02
8.10876 9.95711071e-02
8.13683 9.96124117e-02
8.16500 9.96635108e-02
8.19326 9.97242311e-02
8.22162 9.97943007e-02
8.25008 9.98732742e-02
8.27864 1.05961087e-01
8.30730 1.19255650e-01
8.33605 1.34159214e-01
8.36491 1.50836085e-01
8.39386 1.69461917e-01
8.42292 1.90224042e-01
8.45208 2.13321686e-01
8.48133 2.38965428e-01
8.51069 2.67376237e-01
8.54016 2.98782624e-01
8.56972 3.33417453e-01
8.59938 3.71513217e-01
8.62915 4.13294000e-01
8.65902 4.58967563e-01
8.68899 5.08714211e-01
8.71907 5.62675171e-01
8.74925 6.20937259e-01
8.77954 6.83518528e-01
8.80993 7.50351457e-01
8.84043 8.21267613e-01
8.87103 8.67191724e-01
8.90174 9.02044206e-01
8.93255 9.37620880e-01
8.96347 9.73873269e-01
8.99450 1.01074671e+00
9.02563 1.04818036e+00
9.05688 1.08610670e+00
9.08823 1.12445104e+00
9.11969 1.16313274e+00
9.15126 1.20206424e+00
9.18294 1.24115181e+00
9.21472 1.28029552e+00
9.24662 1.31938928e+00
9.27863 1.35832177e+00
9.31075 1.39697651e+00
9.34298 1.43523254e+00
9.37532 1.47296473e+00
9.40777 1.51004469e+00
9.44034 1.54634210e+00
9.47302 1.58172387e+00
9.50581 1.61605720e+00
9.53871 1.64410431e+00
9.57173 1.66526170e+00
9.60487 1.68588410e+00
9.63811 1.70594284e+00
9.67148 1.72541069e+00
9.70495 1.74426145e+00
9.73855 1.76247062e+00
9.77226 1.78001521e+00
9.80609 1.79687469e+00
9.84003 1.81302902e+00
9.87409 1.82846113e+00
9.90827 1.84210132e+00
9.94257 1.85136222e+00
9.97699 1.86031000e+00
10.01153 1.86893773e+00
10.04618 1.87723823e+00
10.08096 1.88520509e+00
10.11585 1.89283186e+00
10.15087 1.90011311e+00
10.18601 1.90704314e+00
10.22127 1.91361751e+00
10.25665 1.91983200e+00
10.29215 1.92568267e+00
10.32778 1.92964273e+00
10.36353 1.93200080e+00
10.39941 1.93422334e+00
10.43540 1.93630737e+00
10.47153 1.93824943e+00
10.50777 1.94004656e+00
10.54415 1.94169503e+00
10.58065 1.94319140e+00
10.61727 1.94194484e+00
10.65403 1.94049769e+00
10.69091 1.93895136e+00
10.72791 1.93730511e+00
10.76505 1.93555770e+00
10.80231 1.93370814e+00
10.83971 1.93175446e+00
10.87723 1.92969541e+00
10.91488 1.92752827e+00
10.95266 1.92525083e+00
10.99058 1.92286010e+00
11.02862 1.92035289e+00
11.06680 1.91772546e+00
11.10511 1.91497438e+00
11.14355 1.91209542e+00
11.18212 1.90908413e+00
11.22083 1.90593583e+00
11.25967 1.90011583e+00
11.29865 1.88711277e+00
11.33776 1.87289852e+00
11.37701 1.85748298e+00
11.41639 1.84088073e+00
11.45591 1.82311131e+00
11.49556 1.80419996e+00
11.53536 1.78417635e+00
11.57529 1.76307609e+00
11.61536 1.74093927e+00
11.65556 1.71781088e+00
11.69591 1.69373966e+00
11.73640 1.66877704e+00
11.77702 1.64297820e+00
11.81779 1.61639852e+00
11.85870 1.58909540e+00
11.89975 1.56112595e+00
11.94094 1.53254609e+00
11.98227 1.50341146e+00
12.02375 1.47377475e+00
12.06537 1.44368763e+00
12.10714 1.41319885e+00
12.14905 1.38235515e+00
12.19110 1.35120030e+00
12.23330 1.31977685e+00
12.27565 1.28812560e+00
12.31814 1.25628564e+00
12.36078 1.22429580e+00
12.40357 1.20258364e+00
12.44651 1.18632914e+00
12.48959 1.16971131e+00
12.53283 1.15289041e+00
12.57621 1.13602278e+00
12.61974 1.11925630e+00
12.66343 1.10272157e+00
12.70726 1.08652915e+00
12.75125 1.07076635e+00
12.79539 1.05549451e+00
12.83968 1.04074874e+00
12.88413 1.02653870e+00
12.92873 1.01285053e+00
12.97348 9.99648123e-01
13.01839 9.86877561e-01
13.06345 9.74469837e-01
13.10867 9.62346546e-01
13.15405 9.50422853e-01
13.19959 9.38612934e-01
13.24528 9.26834921e-01
13.29113 9.15013871e-01
13.33713 9.03085974e-01
13.38330 8.91000773e-01
13.42963 8.78722651e-01
13.47612 8.66231081e-01
13.52277 8.53520621e-01
13.56958 8.40599928e-01
13.61655 8.27489035e-01
13.66368 8.14217871e-01
13.71098 8.00823534e-01
13.75844 7.88802887e-01
13.80607 7.96361888e-01
13.85386 8.03949085e-01
13.90182 8.11591685e-01
13.94994 8.19314174e-01
13.99823 8.27137327e-01
14.04668 8.35079201e-01
14.09531 8.43154634e-01
14.14410 8.51375252e-01
14.19306 8.59750453e-01
14.24219 8.68286669e-01
14.29149 8.76988103e-01
14.34096 8.85857476e-01
14.39060 8.94895036e-01
14.44042 9.04100288e-01
14.49041 9.13471253e-01
14.54057 9.23005211e-01
14.59090 9.32698947e-01
14.64141 9.42548749e-01
14.69209 9.52550662e-01
14.74295 9.62700233e-01
14.79398 9.72993504e-01
14.84519 9.83426766e-01
14.89658 9.93996556e-01
14.94814 1.00469916e+00
14.99989 1.01553187e+00
15.05181 1.02649195e+00
15.10392 1.03757718e+00
15.15620 1.04878559e+00
15.20866 1.06011568e+00
15.26131 1.07156647e+00
15.31414 1.08313697e+00
15.36715 1.09482619e+00
15.42034 1.10663413e+00
15.47372 1.11856005e+00
15.52729 1.13325190e+00
15.58103 1.14837436e+00
15.63497 1.16357794e+00
15.68909 1.17885943e+00
15.74340 1.19421561e+00
15.79790 1.20964303e+00
15.85258 1.22513821e+00
15.90746 1.24069771e+00
15.96252 1.25631779e+00
16.01778 1.27199452e+00
16.07323 1.28772443e+00
16.12886 1.30350331e+00
16.18470 1.31932720e+00
16.24072 1.33519215e+00
16.29694 1.35109395e+00
16.35335 1.36702815e+00
16.40996 1.38299105e+00
16.46677 1.39897768e+00
16.52377 1.41498386e+00
16.58097 1.43100512e+00
16.63836 1.44703702e+00
16.69596 1.46307486e+00
16.75375 1.47911418e+00
16.81175 1.49515028e+00
16.86994 1.51117847e+00
16.92834 1.52719380e+00
16.98694 1.54319206e+00
17.04574 1.55916782e+00
17.10474 1.57511686e+00
17.16395 1.59103424e+00
17.22337 1.60691502e+00
17.28299 1.62275474e+00
17.34281 1.63854821e+00
17.40285 1.65429098e+00
17.46309 1.66997834e+00
17.52354 1.68560536e+00
17.58420 1.70116732e+00
17.64507 1.71666004e+00
17.70615 1.72497711e+00
17.76744 1.72905440e+00
17.82894 1.73313664e+00
17.89066 1.73722407e+00
17.95259 1.74131620e+00
18.01473 1.74541278e+00
18.07709 1.74951382e+00
18.13967 1.75361881e+00
18.20246 1.75772800e+00
18.26547 1.76184116e+00
18.32870 1.76595777e+00
18.39214 1.77007761e+00
18.45581 1.77420090e+00
18.51969 1.77832691e+00
18.58380 1.78245590e+00
18.64813 1.78658735e+00
18.71268 1.79072128e+00
18.77746 1.79485744e+00
18.84246 1.79899557e+00
18.90768 1.80313568e+00
18.97313 1.80727728e+00
19.03881 1.81142011e+00
19.10472 1.81556443e+00
19.17085 1.81970974e+00
19.23721 1.82385603e+00
19.30380 1.82800282e+00
19.37062 1.83215011e+00
19.43768 1.83629789e+00
19.50496 1.84044567e+00
19.57248 1.84459345e+00
19.64023 1.84874123e+00
19.70822 1.85288852e+00
19.77644 1.85703555e+00
19.84490 1.86118185e+00
19.91359 1.86532740e+00
19.98252 1.86947197e+00
20.05169 1.87361530e+00
20.12110 1.87775763e+00
20.19076 1.88189874e+00
20.26065 1.88603835e+00
20.33078 1.89017649e+00
20.40116 1.89431289e+00
20.47178 1.89844732e+00
20.54264 1.90258001e+00
20.61375 1.90671072e+00
20.68511 1.90761077e+00
20.75671 1.90827486e+00
20.82856 1.90893672e+00
20.90066 1.90959636e+00
20.97301 1.91025427e+00
21.04561 1.91091044e+00
21.11846 1.91156513e+00
21.19157 1.91221834e+00
21.26492 1.91287031e+00
21.33853 1.91352129e+00
21.41240 1.91417128e+00
21.48652 1.91482078e+00
21.56090 1.91546954e+00
21.63553 1.91611805e+00
21.71043 1.91676655e+00
21.78558 1.91741481e+00
21.86099 1.91806307e+00
21.93666 1.91871158e+00
22.01260 1.91936059e+00
22.08880 1.92001008e+00
22.16526 1.92066007e+00
22.24199 1.92131081e+00
22.31898 1.92196253e+00
22.39624 1.92261500e+00
22.47377 1.92326870e+00
22.55156 1.92392314e+00
22.62962 1.92457882e+00
22.70796 1.92523574e+00
22.78656 1.92589390e+00
22.86544 1.92655329e+00
22.94459 1.92721391e+00
23.02402 1.92787578e+00
23.10372 1.92853888e+00
23.18369 1.92920322e+00
23.26394 1.92986854e+00
23.34447 1.93053511e+00
23.42528 1.93120266e+00
23.50637 1.93187095e+00
23.58774 1.93254024e+00
23.66939 1.93321002e+00
23.75133 1.93388054e+00
23.83354 1.93455130e+00
23.91604 1.93522232e+00
23.99883 1.93589333e+00
24.08191 1.93656410e+00
24.16527 1.93723462e+00
24.24892 1.93790440e+00
24.33286 1.93857319e+00
24.41709 1.93924074e+00
24.50161 1.93990681e+00
24.58642 1.94057115e+00
24.67153 1.94123326e+00
24.75693 1.94182760e+00
24.84263 1.94122386e+00
24.92863 1.94060553e+00
25.01492 1.93997186e+00
25.10151 1.93932187e+00
25.18840 1.93865555e+00
25.27559 1.93797143e+00
25.36309 1.93726950e+00
25.45088 1.93654852e+00
25.53898 1.93580800e+00
25.62739 1.93504745e+00
25.71610 1.93426563e+00
25.80512 1.93346205e+00
25.89444 1.93263595e+00
25.98408 1.93178636e+00
26.07403 1.93091278e+00
26.16428 1.93001422e+00
26.25485 1.92908994e+00
26.34574 1.92813919e+00
26.43694 1.92716098e+00
26.52845 1.92615483e+00
26.62028 1.92511974e+00
26.71243 1.92405472e+00
26.80489 1.92295904e+00
26.89768 1.92183219e+00
26.99079 1.92067294e+00
27.08422 1.91948054e+00
27.17798 1.91825451e+00
27.27205 1.91699361e+00
27.36646 1.91569733e+00
27.46119 1.91436470e+00
27.55625 1.91299521e+00
27.65164 1.91158764e+00
27.74736 1.91014148e+00
27.84341 1.90865600e+00
27.93979 1.90713020e+00
28.03650 1.90556359e+00
28.13355 1.90395543e+00
28.23094 1.90230473e+00
28.32867 1.90061074e+00
28.42673 1.89887322e+00
28.52513 1.89709094e+00
28.62387 1.89526364e+00
28.72295 1.89339059e+00
28.82238 1.89147078e+00
28.92215 1.88950399e+00
29.02227 1.88748946e+00
29.12273 1.88542670e+00
29.22354 1.88331497e+00
29.32470 1.88115402e+00
29.42621 1.87894286e+00
29.52807 1.87668124e+00
29.63029 1.87436892e+00
29.73286 1.87200491e+00
29.83578 1.86958896e+00
29.93906 1.86712082e+00
30.04269 1.86460000e+00
30.14669 1.86202625e+00
30.25104 1.85939882e+00
30.35576 1.85671773e+00
30.46084 1.85398247e+00
30.56628 1.85119280e+00
30.67209 1.84834871e+00
30.77826 1.84544972e+00
30.88481 1.84249557e+00
30.99172 1.83912615e+00
31.09900 1.83485050e+00
31.20665 1.83051153e+00
31.31467 1.82610924e+00
31.42307 1.82164388e+00
31.53184 1.81711620e+00
31.64099 1.81252619e+00
31.75052 1.80787434e+00
31.86043 1.80316091e+00
31.97072 1.79838664e+00
32.08139 1.79355176e+00
32.19244 1.78865704e+00
32.30388 1.78370270e+00
32.41570 1.77868950e+00
32.52791 1.77361818e+00
32.64051 1.76848898e+00
32.75349 1.76330290e+00
32.86687 1.75806042e+00
32.98064 1.75276254e+00
33.09481 1.74740951e+00
33.20937 1.74200255e+00
33.32433 1.73654217e+00
33.43968 1.73102911e+00
33.55544 1.72546436e+00
33.67159 1.71984890e+00
33.78815 1.71418324e+00
33.90511 1.70846836e+00
34.02247 1.70270549e+00
34.14024 1.69689513e+00
34.25842 1.69103828e+00
34.37701 1.68513592e+00
34.49601 1.67918904e+00
34.61542 1.67319862e+00
34.73525 1.66716542e+00
34.85549 1.66109067e+00
34.97614 1.65497535e+00
35.09721 1.64882046e+00
35.21871 1.64262699e+00
35.34062 1.63639592e+00
35.46295 1.63012800e+00
35.58571 1.62382471e+00
35.70889 1.61748704e+00
35.83250 1.61111573e+00
35.95654 1.60471202e+00
36.08101 1.59827690e+00
36.20590 1.59181136e+00
36.33123 1.58531664e+00
36.45700 1.57879372e+00
36.58320 1.57224334e+00
36.70983 1.56566675e+00
36.83691 1.55906517e+00
36.96442 1.55243936e+00
37.09238 1.54579054e+00
37.22077 1.53911947e+00
37.34962 1.53242762e+00
37.47890 1.52571549e+00
37.60864 1.51898431e+00
37.73883 1.51223508e+00
37.86946 1.50546903e+00
38.00055 1.49868665e+00
38.13209 1.49188919e+00
38.26409 1.48507788e+00
38.39654 1.47825321e+00
38.52946 1.47141642e+00
38.66283 1.46456826e+00
38.79667 1.45770970e+00
38.93096 1.45084200e+00
39.06573 1.44396564e+00
39.20096 1.43708161e+00
39.33665 1.43019090e+00
39.47282 1.42329426e+00
39.60946 1.41639267e+00
39.74657 1.40948712e+00
39.88416 1.40257811e+00
40.02222 1.39566688e+00
40.16076 1.38875366e+00
40.29978 1.38183996e+00
40.43928 1.37492600e+00
40.57926 1.36801279e+00
40.71973 1.36110106e+00
40.86069 1.35419155e+00
41.00213 1.34728502e+00
41.14406 1.34038219e+00
41.28648 1.33348382e+00
41.42940 1.32548085e+00
41.57281 1.31712395e+00
41.71672 1.30878808e+00
41.86113 1.30047421e+00
42.00603 1.29218286e+00
42.15144 1.28391475e+00
42.29735 1.27567113e+00
42.44377 1.26745225e+00
42.59069 1.25925933e+00
42.73812 1.25109263e+00
42.88606 1.24295314e+00
43.03451 1.23484135e+00
43.18348 1.22675800e+00
43.33297 1.21870384e+00
43.48297 1.21067911e+00
43.63349 1.20268480e+00
43.78453 1.19472091e+00
43.93609 1.18678844e+00
44.08818 1.17888787e+00
44.24079 1.17101945e+00
44.39394 1.16318369e+00
44.54761 1.15538131e+00
44.70182 1.14761232e+00
44.85655 1.13987747e+00
45.01183 1.13217699e+00
45.16764 1.12451114e+00
45.32399 1.11688066e+00
45.48089 1.10928555e+00
45.63832 1.10172605e+00
45.79630 1.09420267e+00
45.95483 1.08671589e+00
46.11391 1.07926546e+00
46.27353 1.07185190e+00
46.43371 1.06447567e+00
46.59445 1.05713655e+00
46.75574 1.04983502e+00
46.91759 1.04257134e+00
47.08000 1.03534574e+00
47.24297 1.02815799e+00
47.40650 1.02100857e+00
47.57060 1.01389749e+00
47.73527 1.00682499e+00
47.90051 9.99791081e-01
48.06633 9.92796000e-01
48.23271 9.85839750e-01
48.39967 9.78922331e-01
48.56721 9.72043991e-01
48.73533 9.65204977e-01
48.90403 9.58404795e-01
49.07332 9.51643938e-01
49.24319 9.44922160e-01
49.41365 9.38239708e-01
49.58470 9.31596582e-01
49.75634 9.24992535e-01
49.92858 9.18428061e-01
50.10141 9.11902665e-01
50.27484 9.05416596e-01
50.44887 8.98969605e-01
50.62350 8.92561941e-01
50.79874 8.86193355e-01
50.97458 8.79864095e-01
51.15104 8.73573913e-01
51.32810 8.67322563e-01
51.50578 8.61110292e-01
51.68407 8.54936852e-01
51.86298 8.48802243e-01
52.04250 8.42706466e-01
52.22265 8.36649520e-01
52.40343 8.30630911e-01
52.58482 8.24650885e-01
52.76685 8.18709197e-01
52.94951 8.12806092e-01
53.13280 8.06940829e-01
53.31672 8.01113903e-01
53.50128 7.95324819e-01
53.68648 7.89573577e-01
53.87232 7.83859930e-01
54.05880 7.78184125e-01
54.24593 7.72545667e-01
54.43371 7.66944556e-01
54.62214 7.61380793e-01
54.81122 7.55854129e-01
55.00095 7.50364071e-01
55.19134 7.44911113e-01
55.38239 7.39494761e-01
55.57410 7.34115013e-01
55.76647 7.28771377e-01
55.95951 7.23464098e-01
56.15322 7.18192683e-01
56.34760 7.12957378e-01
56.54265 7.07757689e-01
56.73838 7.02593617e-01
56.93479 6.97464913e-01
57.13187 6.92371577e-01
57.32964 6.87313116e-01
57.52809 6.82289776e-01
57.72723 6.77301063e-01
57.92705 6.72346976e-01
58.12757 6.67427269e-01
58.32879 6.62541693e-01
58.53070 6.57690497e-01
58.73331 6.52872939e-01
58.93662 6.48089017e-01
59.14063 6.43338733e-01
59.34535 6.38621839e-01
59.55078 6.33938088e-01
59.75692 6.29287479e-01
59.96377 6.24669519e-01
60.17134 6.20084453e-01
60.37963 6.15531541e-01
60.58864 6.11011277e-01
60.79837 6.06522919e-01
61.00883 6.02066467e-01
61.22002 5.97641674e-01
61.43194 5.93248539e-01
61.64459 5.88886816e-01
61.85797 5.84556257e-01
62.07210 5.80256861e-01
62.28697 5.75988135e-01
62.50258 5.71750079e-01
62.71894 5.67542691e-01
62.93605 5.63365231e-01
63.15390 5.59218193e-01
63.37252 5.55101083e-01
63.59189 5.51013405e-01
63.81201 5.46955654e-01
64.03290 5.42927089e-01
64.25456 5.38927709e-01
64.47698 5.34957514e-01
64.70017 5.31016010e-01
64.92414 5.27103197e-01
65.14888 5.23218827e-01
65.37440 5.19362900e-01
65.60070 5.15534922e-01
65.82778 5.11734893e-01
66.05565 5.07962812e-01
66.28430 5.04218185e-01
66.51375 5.00500765e-01
66.74400 4.96810799e-01
66.97504 4.93147793e-01
67.20688 4.89511745e-01
67.43952 4.85902410e-01
67.67297 4.82319539e-01
67.90722 4.78762886e-01
68.14229 4.75232450e-01
68.37817 4.71727984e-01
68.61486 4.68249488e-01
68.85238 4.64796715e-01
69.09072 4.61369169e-01
69.32988 4.57967099e-01
69.56987 4.54590010e-01
69.81069 4.51237901e-01
70.05235 4.47910773e-01
70.29484 4.44608131e-01
70.53817 4.41329975e-01
70.78235 4.38076058e-01
71.02737 4.34846379e-01
71.27323 4.31640445e-01
71.51995 4.28458501e-01
71.76752 4.25300055e-01
72.01595 4.22165105e-01
72.26524 4.19053404e-01
72.51539 4.15964953e-01
72.76641 4.12899503e-01
73.01830 4.09856809e-01
73.27106 4.06836621e-01
73.52469 4.03839189e-01
73.77920 4.00864016e-01
74.03460 3.97910856e-01
74.29087 3.94979956e-01
74.54804 3.92070821e-01
74.80609 3.89183205e-01
75.06504 3.86317353e-01
75.32488 3.83472773e-01
75.58563 3.80649710e-01
75.84727 3.77847423e-01
76.10982 3.75066407e-01
76.37328 3.72305920e-01
76.63766 3.69566209e-01
76.90295 3.66846779e-01
77.16915 3.64147877e-01
77.43628 3.61469257e-01
77.70433 3.58810424e-01
77.97331 3.56171872e-01
78.24322 3.53552859e-01
78.51407 3.50953386e-01
78.78585 3.48373452e-01
79.05857 3.45813057e-01
79.33224 3.43271707e-01
79.60686 3.40749402e-01
79.88242 3.38245894e-01
80.15894 3.35761183e-01
80.43642 3.33295270e-01
80.71486 3.30847907e-01
80.99426 3.28418599e-01
81.27463 3.26007841e-01
81.55596 3.23614891e-01
81.83828 3.21240243e-01
82.12157 3.18883157e-01
82.40584 3.16543878e-01
82.69109 3.14222160e-01
82.97733 3.11917755e-01
83.26457 3.09630664e-01
83.55279 3.07360886e-01
83.84202 3.05108174e-01
84.13225 3.02872281e-01
84.42348 3.00653206e-01
84.71572 2.98450703e-01
85.00897 2.96264771e-01
85.30323 2.94095410e-01
85.59852 2.91942373e-01
85.89482 2.89805413e-01
86.19215 2.87684283e-01
86.49052 2.85579476e-01
86.78991 2.83490251e-01
87.09034 2.81416856e-01
87.39181 2.79358795e-01
87.69432 2.77316317e-01
87.99789 2.75289420e-01
88.30250 2.73277363e-01
88.60816 2.71280641e-01
88.91489 2.69299007e-01
89.22267 2.67331965e-01
89.53153 2.65380010e-01
89.84145 2.63442401e-01
90.15244 2.61519631e-01
90.46451 2.59611207e-01
90.77766 2.57716881e-01
91.09190 2.55837148e-01
91.40722 2.53971265e-01
91.72363 2.52119481e-01
92.04114 2.50281547e-01
92.35975 2.48457463e-01
92.67946 2.46647033e-01
93.00028 2.44850206e-01
93.32221 2.43066858e-01
93.64525 2.41296867e-01
93.96941 2.39540182e-01
94.29469 2.37796655e-01
94.62110 2.36066187e-01
94.94864 2.34348729e-01
95.27731 2.32644108e-01
95.60712 2.30952298e-01
95.93807 2.29273152e-01
96.27017 2.27606571e-01
96.60342 2.25952504e-01
96.93782 2.24310805e-01
97.27338 2.22681422e-01
97.61010 2.21064233e-01
97.94798 2.19459139e-01
98.28704 2.17866065e-01
98.62727 2.16284937e-01
98.96867 2.14715607e-01
99.31126 2.13158050e-01
99.65504 2.11612118e-01
100.00000 2.10077761e-01
