        2000  5.000000 3.710000
0.10000 8.91769237e-01
0.10035 8.91823156e-01
0.10069 8.91877322e-01
0.10104 8.91931488e-01
0.10139 8.91985901e-01
0.10174 8.92040315e-01
0.10210 8.92094728e-01
0.10245 8.92149389e-01
0.10280 8.92204049e-01
0.10316 8.92258957e-01
0.10352 8.92313865e-01
0.10387 8.92368773e-01
0.10423 8.92423929e-01
0.10459 8.92479084e-01
0.10496 8.92534239e-01
0.10532 8.92589642e-01
0.10568 8.92645045e-01
0.10605 8.92700447e-01
0.10642 8.92756097e-01
0.10679 8.92811995e-01
0.10716 8.92867645e-01
0.10753 8.92923542e-01
0.10790 8.92979439e-01
0.10827 8.93035337e-01
0.10865 8.93091481e-01
0.10902 8.93147626e-01
0.10940 8.93203771e-01
0.10978 8.93260163e-01
0.11016 8.93316555e-01
0.11054 8.93372947e-01
0.11092 8.93429339e-01
0.11131 8.93485978e-01
0.11169 8.93542370e-01
0.11208 8.93599009e-01
0.11247 8.93655896e-01
0.11286 8.93712535e-01
0.11325 8.93769175e-01
0.11364 8.93826061e-01
0.11403 8.93882948e-01
0.11443 8.93940082e-01
0.11482 8.93996969e-01
0.11522 8.94053855e-01
0.11562 8.94110989e-01
0.11602 8.94168123e-01
0.11642 8.94225010e-01
0.11682 8.94282391e-01
0.11723 8.94339278e-01
0.11763 8.94396412e-01
0.11804 8.94453793e-01
0.11845 8.94510680e-01
0.11886 8.94567814e-01
0.11927 8.94625195e-01
0.11968 8.94682329e-01
0.12010 8.94739463e-01
0.12051 8.94796845e-01
0.12093 8.94853979e-01
0.12135 8.94910865e-01
0.12177 8.94968247e-01
0.12219 8.95025628e-01
0.12262 8.95082515e-01
0.12304 8.95139401e-01
0.12347 8.95197030e-01
0.12389 8.95253917e-01
0.12432 8.95310556e-01
0.12475 8.95367690e-01
0.12518 8.95425071e-01
0.12562 8.95481958e-01
0.12605 8.95538103e-01
0.12649 8.95594989e-01
0.12693 8.95652371e-01
0.12737 8.95708763e-01
0.12781 8.95764907e-01
0.12825 8.95821052e-01
0.12869 8.95878186e-01
0.12914 8.95934825e-01
0.12959 8.95990723e-01
0.13003 8.96046125e-01
0.13048 8.96102517e-01
0.13094 8.96159404e-01
0.13139 8.96215549e-01
0.13184 8.96270951e-01
0.13230 8.96325859e-01
0.13276 8.96381262e-01
0.13322 8.96437407e-01
0.13368 8.96493304e-01
0.13414 8.96548212e-01
0.13461 8.96602131e-01
0.13507 8.96656297e-01
0.13554 8.96711452e-01
0.13601 8.96767102e-01
0.13648 8.96822505e-01
0.13695 8.96876671e-01
0.13743 8.96929847e-01
0.13790 8.96982529e-01
0.13838 8.97035459e-01
0.13886 8.97089377e-01
0.13934 8.97143791e-01
0.13982 8.97198204e-01
0.14031 8.97251875e-01
0.14079 8.97304063e-01
0.14128 8.97355261e-01
0.14177 8.97406211e-01
0.14226 8.97457162e-01
0.14275 8.97509102e-01
0.14324 8.97561537e-01
0.14374 8.97613971e-01
0.14424 8.97665911e-01
0.14474 8.97717109e-01
0.14524 8.97767813e-01
0.14574 8.97818269e-01
0.14625 8.97867983e-01
0.14675 8.97916707e-01
0.14726 8.97964690e-01
0.14777 8.98011931e-01
0.14828 8.98059666e-01
0.14879 8.98108143e-01
0.14931 8.98156373e-01
0.14983 8.98203861e-01
0.15034 8.98251102e-01
0.15087 8.98298343e-01
0.15139 8.98346078e-01
0.15191 8.98393813e-01
0.15244 8.98440065e-01
0.15297 8.98485574e-01
0.15349 8.98531083e-01
0.15403 8.98577087e-01
0.15456 8.98622349e-01
0.15509 8.98665880e-01
0.15563 8.98708916e-01
0.15617 8.98752694e-01
0.15671 8.98796225e-01
0.15725 8.98838271e-01
0.15780 8.98878834e-01
0.15834 8.98919891e-01
0.15889 8.98961691e-01
0.15944 8.99001759e-01
0.15999 8.99039601e-01
0.16055 8.99077937e-01
0.16110 8.99117263e-01
0.16166 8.99154363e-01
0.16222 8.99189485e-01
0.16278 8.99225101e-01
0.16335 8.99261459e-01
0.16391 8.99295838e-01
0.16448 8.99328486e-01
0.16505 8.99363113e-01
0.16562 8.99398976e-01
0.16619 8.99432366e-01
0.16677 8.99465756e-01
0.16734 8.99502361e-01
0.16792 8.99538719e-01
0.16851 8.99571367e-01
0.16909 8.99604757e-01
0.16967 8.99638395e-01
0.17026 8.99666591e-01
0.17085 8.99690829e-01
0.17144 8.99716057e-01
0.17204 8.99738565e-01
0.17263 8.99757609e-01
0.17323 8.99781353e-01
0.17383 8.99809797e-01
0.17443 8.99836509e-01
0.17503 8.99866683e-01
0.17564 8.99898837e-01
0.17625 8.99922581e-01
0.17686 8.99939647e-01
0.17747 8.99955723e-01
0.17808 8.99965369e-01
0.17870 8.99975510e-01
0.17932 8.99997523e-01
0.17994 9.00022256e-01
0.18056 9.00046495e-01
0.18119 9.00072217e-01
0.18182 9.00084337e-01
0.18244 9.00083842e-01
0.18308 9.00088047e-01
0.18371 9.00094972e-01
0.18435 9.00110801e-01
0.18498 9.00139492e-01
0.18562 9.00156063e-01
0.18627 9.00157053e-01
0.18691 9.00153343e-01
0.18756 9.00143697e-01
0.18821 9.00151611e-01
0.18886 9.00177087e-01
0.18951 9.00188959e-01
0.19017 9.00188959e-01
0.19083 9.00173624e-01
0.19149 9.00155074e-01
0.19215 9.00167935e-01
0.19282 9.00185743e-01
0.19348 9.00187969e-01
0.19415 9.00173871e-01
0.19483 9.00141718e-01
0.19550 9.00138997e-01
0.19618 8.97009983e-01
0.19686 8.90585747e-01
0.19754 8.82438835e-01
0.19822 8.72997627e-01
0.19891 8.61441719e-01
0.19960 8.49331042e-01
0.20029 8.37694256e-01
0.20098 8.25929104e-01
0.20168 8.13414779e-01
0.20237 8.00524508e-01
0.20307 7.87384430e-01
0.20378 7.74288377e-01
0.20448 7.60896267e-01
0.20519 7.48776191e-01
0.20590 7.36417439e-01
0.20661 7.24703238e-01
0.20733 7.12973702e-01
0.20805 7.01819463e-01
0.20877 6.89102325e-01
0.20949 6.77204108e-01
0.21021 6.64386305e-01
0.21094 6.52818773e-01
0.21167 6.41085774e-01
0.21240 6.31068279e-01
0.21314 6.22355963e-01
0.21388 6.14650045e-01
0.21462 6.03585836e-01
0.21536 5.92449653e-01
0.21611 5.79913563e-01
0.21685 5.70818621e-01
0.21760 5.65047840e-01
0.21836 5.57250657e-01
0.21911 5.47441911e-01
0.21987 5.35764563e-01
0.22063 5.28105639e-01
0.22140 5.21118967e-01
0.22216 5.14512693e-01
0.22293 5.05374716e-01
0.22370 4.94559077e-01
0.22448 4.89445460e-01
0.22526 4.82631674e-01
0.22604 4.75785487e-01
0.22682 4.65428899e-01
0.22760 4.60171087e-01
0.22839 4.54801233e-01
0.22918 4.46189086e-01
0.22998 4.39094577e-01
0.23077 4.33392059e-01
0.23157 4.28177283e-01
0.23237 4.17563963e-01
0.23318 4.14155709e-01
0.23398 4.08395811e-01
0.23479 4.04458017e-01
0.23561 3.93156367e-01
0.23642 3.92249396e-01
0.23724 3.84634745e-01
0.23806 3.76512813e-01
0.23889 3.75983025e-01
0.23971 3.67854662e-01
0.24054 3.64966551e-01
0.24137 3.57636580e-01
0.24221 3.55448422e-01
0.24305 3.49177038e-01
0.24389 3.42478262e-01
0.24473 3.41832722e-01
0.24558 3.30796709e-01
0.24643 3.29270909e-01
0.24728 3.26455267e-01
0.24814 3.19113671e-01
0.24900 3.18583141e-01
0.24986 3.11604137e-01
0.25073 3.05522210e-01
0.25159 3.04782683e-01
0.25246 3.00306939e-01
0.25334 2.95015243e-01
0.25422 2.92064803e-01
0.25510 2.89937242e-01
0.25598 2.84307193e-01
0.25687 2.77186714e-01
0.25775 2.77998709e-01
0.25865 2.74117060e-01
0.25954 2.65529152e-01
0.26044 2.64267010e-01
0.26134 2.66226385e-01
0.26225 2.61402643e-01
0.26315 2.55058295e-01
0.26406 2.49750769e-01
0.26498 2.54286615e-01
0.26590 2.46798252e-01
0.26682 2.43183303e-01
0.26774 2.38509544e-01
0.26867 2.40384182e-01
0.26960 2.38279548e-01
0.27053 2.29230932e-01
0.27147 2.27104064e-01
0.27241 2.24399696e-01
0.27335 2.25243622e-01
0.27430 2.23306013e-01
0.27525 2.20662415e-01
0.27620 2.14249557e-01
0.27715 2.09179149e-01
0.27811 2.10738635e-01
0.27908 2.10392938e-01
0.28004 2.09358590e-01
0.28101 2.01048288e-01
0.28198 2.02168758e-01
0.28296 1.95123320e-01
0.28394 1.94145636e-01
0.28492 1.94235096e-01
0.28591 1.95250919e-01
0.28690 1.91840192e-01
0.28789 1.92337060e-01
0.28889 1.85816809e-01
0.28989 1.80269147e-01
0.29089 1.79920630e-01
0.29190 1.74515951e-01
0.29291 1.75434473e-01
0.29392 1.73834029e-01
0.29494 1.76738365e-01
0.29596 1.73877807e-01
0.29699 1.75544240e-01
0.29801 1.70188261e-01
0.29905 1.70192045e-01
0.30008 1.61808954e-01
0.30112 1.65350199e-01
0.30216 1.55492382e-01
0.30321 1.59340271e-01
0.30426 1.53631446e-01
0.30531 1.53725532e-01
0.30637 1.49157458e-01
0.30743 1.51648352e-01
0.30849 1.44944852e-01
0.30956 1.47961503e-01
0.31063 1.40663636e-01
0.31171 1.44322413e-01
0.31279 1.39844542e-01
0.31387 1.43833707e-01
0.31496 1.36102117e-01
0.31605 1.39726638e-01
0.31714 1.32814884e-01
0.31824 1.35568916e-01
0.31934 1.31151666e-01
0.32044 1.31257376e-01
0.32155 1.27138584e-01
0.32267 1.29656486e-01
0.32378 1.26886155e-01
0.32490 1.24529761e-01
0.32603 1.24089285e-01
0.32716 1.22804834e-01
0.32829 1.24396498e-01
0.32943 1.18121429e-01
0.33057 1.23454850e-01
0.33171 1.17194646e-01
0.33286 1.20274490e-01
0.33401 1.16581333e-01
0.33517 1.20923616e-01
0.33633 1.23301825e-01
0.33749 1.14671945e-01
0.33866 1.18395548e-01
0.33983 1.18586762e-01
0.34101 1.15293518e-01
0.34219 1.06849979e-01
0.34337 1.08931684e-01
0.34456 1.03533956e-01
0.34576 1.06767171e-01
0.34695 1.02912754e-01
0.34815 1.02092003e-01
0.34936 1.09694955e-01
0.35057 1.09168308e-01
0.35178 1.08957160e-01
0.35300 1.05565131e-01
0.35422 9.92886029e-02
0.35545 9.70594865e-02
0.35668 9.52900144e-02
0.35791 1.00409221e-01
0.35915 9.22342358e-02
0.36039 9.77875864e-02
0.36164 1.00135497e-01
0.36289 9.90380048e-02
0.36415 9.49881688e-02
0.36541 8.64893008e-02
0.36668 9.14115062e-02
0.36795 8.78463199e-02
0.36922 9.16946534e-02
0.37050 9.59268235e-02
0.37178 8.93181758e-02
0.37307 8.66807863e-02
0.37436 8.18362930e-02
0.37565 8.46561898e-02
0.37695 9.43160652e-02
0.37826 8.26443063e-02
0.37957 8.41617457e-02
0.38088 7.82818657e-02
0.38220 7.93090410e-02
0.38352 8.53465219e-02
0.38485 8.62061783e-02
0.38618 8.32459446e-02
0.38752 7.60712251e-02
0.38886 7.43291080e-02
0.39021 8.06113747e-02
0.39156 8.65377781e-02
0.39291 7.83065743e-02
0.39427 7.56387875e-02
0.39564 6.99150984e-02
0.39701 7.59496855e-02
0.39838 8.03351775e-02
0.39976 7.13486671e-02
0.40115 7.23496746e-02
0.40253 6.96860677e-02
0.40393 7.26806066e-02
0.40533 7.46393629e-02
0.40673 6.51906360e-02
0.40814 6.86341096e-02
0.40955 7.14713692e-02
0.41097 7.37226714e-02
0.41239 6.87481550e-02
0.41382 6.43450775e-02
0.41525 7.08912489e-02
0.41669 7.28120890e-02
0.41813 6.16589633e-02
0.41958 6.22891934e-02
0.42103 7.43292564e-02
0.42249 7.14806442e-02
0.42395 6.23101673e-02
0.42542 6.28193771e-02
0.42689 6.89259877e-02
0.42837 6.15688845e-02
0.42985 5.82425975e-02
0.43134 5.72923675e-02
0.43283 6.35880397e-02
0.43433 5.90141291e-02
0.43583 5.60830559e-02
0.43734 6.31311655e-02
0.43886 6.46414076e-02
0.44037 5.30668754e-02
0.44190 5.83718539e-02
0.44343 6.10957359e-02
0.44496 5.26243713e-02
0.44650 5.69644035e-02
0.44805 6.32312613e-02
0.44960 5.22638335e-02
0.45116 5.60796675e-02
0.45272 6.81398139e-02
0.45429 4.96953758e-02
0.45586 5.16124070e-02
0.45744 5.96002596e-02
0.45902 5.01944450e-02
0.46061 5.06080605e-02
0.46220 5.76774408e-02
0.46380 5.10045606e-02
0.46541 4.97565661e-02
0.46702 5.85613359e-02
0.46864 5.08847771e-02
0.47026 4.88254055e-02
0.47189 5.96071602e-02
0.47352 4.98615096e-02
0.47516 4.54026832e-02
0.47680 5.43314660e-02
0.47845 4.61495557e-02
0.48011 4.47713896e-02
0.48177 5.08241557e-02
0.48344 4.52094169e-02
0.48511 4.45607853e-02
0.48679 4.82230005e-02
0.48848 4.47601854e-02
0.49017 4.61277161e-02
0.49186 4.54610786e-02
0.49357 4.28944511e-02
0.49528 5.13015337e-02
0.49699 4.10476626e-02
0.49871 4.45757984e-02
0.50044 4.85085715e-02
0.50217 4.01538989e-02
0.50391 4.43914609e-02
0.50565 4.45878435e-02
0.50740 4.00763351e-02
0.50916 5.19857072e-02
0.51092 4.14644687e-02
0.51269 4.19916597e-02
0.51446 3.78167473e-02
0.51625 3.96006637e-02
0.51803 4.59319271e-02
0.51983 3.69900851e-02
0.52163 3.85261487e-02
0.52343 4.02027225e-02
0.52524 3.71150873e-02
0.52706 5.45743968e-02
0.52889 3.74409243e-02
0.53072 4.75164681e-02
0.53255 3.64214163e-02
0.53440 3.86515962e-02
0.53625 4.00099261e-02
0.53810 3.58825759e-02
0.53997 3.82111203e-02
0.54183 3.40942322e-02
0.54371 4.23852165e-02
0.54559 3.38118270e-02
0.54748 3.68989922e-02
0.54938 3.55135298e-02
0.55128 3.41375403e-02
0.55319 4.20372927e-02
0.55510 3.28160630e-02
0.55702 3.86427417e-02
0.55895 3.30219680e-02
0.56089 4.61221759e-02
0.56283 3.29176923e-02
0.56478 3.78475403e-02
0.56673 3.62489755e-02
0.56869 3.23126655e-02
0.57066 3.37387895e-02
0.57264 3.31318087e-02
0.57462 3.83305823e-02
0.57661 3.15642101e-02
0.57860 3.45314681e-02
0.58061 3.00603492e-02
0.58262 4.62274409e-02
0.58463 2.91408628e-02
0.58666 3.49417693e-02
0.58869 3.03476021e-02
0.59073 3.13401261e-02
0.59277 2.89808629e-02
0.59482 3.11098093e-02
0.59688 3.07266899e-02
0.59895 2.94729078e-02
0.60102 2.93071203e-02
0.60310 3.01145152e-02
0.60519 3.12068629e-02
0.60728 2.87496804e-02
0.60939 2.86538882e-02
0.61150 2.93341538e-02
0.61361 3.10338779e-02
0.61574 2.84175859e-02
0.61787 2.84517179e-02
0.62001 2.66441317e-02
0.62215 2.80798770e-02
0.62431 2.63428550e-02
0.62647 2.62210186e-02
0.62864 2.62170118e-02
0.63081 2.70112733e-02
0.63300 2.67367581e-02
0.63519 2.57094591e-02
0.63739 2.59270135e-02
0.63959 2.60533266e-02
0.64181 2.91923823e-02
0.64403 2.49974853e-02
0.64626 2.57898177e-02
0.64849 2.52788517e-02
0.65074 3.24379893e-02
0.65299 2.45093878e-02
0.65525 2.74977780e-02
0.65752 2.47026244e-02
0.65980 2.79409251e-02
0.66208 2.48681795e-02
0.66437 3.41971476e-02
0.66667 2.46289933e-02
0.66898 2.53126869e-02
0.67130 2.89645636e-02
0.67362 2.30336364e-02
0.67595 4.71537785e-02
0.67829 2.23191300e-02
0.68064 2.55144862e-02
0.68299 2.18355067e-02
0.68536 2.59354475e-02
0.68773 2.18534829e-02
0.69011 2.28945955e-02
0.69250 2.40042540e-02
0.69490 2.34931471e-02
0.69730 2.28929309e-02
0.69972 2.15596930e-02
0.70214 2.44417768e-02
0.70457 2.16710894e-02
0.70701 2.63447842e-02
0.70946 2.11657330e-02
0.71191 2.16351618e-02
0.71438 2.30533291e-02
0.71685 2.17397986e-02
0.71933 2.94894544e-02
0.72182 2.07912580e-02
0.72432 2.22783818e-02
0.72683 2.17743140e-02
0.72934 2.33093240e-02
0.73187 2.11680406e-02
0.73440 2.04748271e-02
0.73694 3.73854969e-02
0.73949 2.11458548e-02
0.74205 2.42627050e-02
0.74462 2.02066881e-02
0.74720 2.02012888e-02
0.74979 2.19659825e-02
0.75238 2.08152567e-02
0.75499 2.55935339e-02
0.75760 1.97430000e-02
0.76022 2.01858973e-02
0.76285 2.09155430e-02
0.76549 2.32166062e-02
0.76814 2.39489478e-02
0.77080 1.77962616e-02
0.77347 1.85895684e-02
0.77615 1.88019684e-02
0.77884 1.86060581e-02
0.78153 2.23671399e-02
0.78424 1.76689690e-02
0.78695 1.77967735e-02
0.78968 1.86586164e-02
0.79241 1.82522131e-02
0.79515 2.03549917e-02
0.79790 1.81970182e-02
0.80067 1.72073906e-02
0.80344 1.95538221e-02
0.80622 1.81192393e-02
0.80901 1.87695207e-02
0.81181 2.03602772e-02
0.81462 1.71554555e-02
0.81744 2.68103645e-02
0.82027 3.59950878e-02
0.82311 1.76572924e-02
0.82596 2.14485241e-02
0.82882 2.18726809e-02
0.83169 1.88885721e-02
0.83457 1.76395957e-02
0.83745 1.70269980e-02
0.84035 1.84984632e-02
0.84326 1.86915167e-02
0.84618 1.64316444e-02
0.84911 2.01534991e-02
0.85205 1.66773132e-02
0.85500 1.70324987e-02
0.85796 1.91531866e-02
0.86093 1.70765760e-02
0.86391 1.81041446e-02
0.86690 2.50580573e-02
0.86990 1.62227863e-02
0.87291 1.70401067e-02
0.87593 1.91363977e-02
0.87897 1.63411105e-02
0.88201 2.04794622e-02
0.88506 1.63825611e-02
0.88813 1.58288906e-02
0.89120 1.68513518e-02
0.89428 1.88568219e-02
0.89738 1.66710928e-02
0.90049 1.96482787e-02
0.90360 1.55498887e-02
0.90673 1.55225584e-02
0.90987 1.65877019e-02
0.91302 1.70464953e-02
0.91618 1.61263139e-02
0.91935 2.02626918e-02
0.92253 1.50700002e-02
0.92573 1.50980157e-02
0.92893 1.63386644e-02
0.93215 1.65237217e-02
0.93537 1.59870232e-02
0.93861 2.06605052e-02
0.94186 1.48474076e-02
0.94512 1.45386491e-02
0.94839 1.58190467e-02
0.95168 1.61704233e-02
0.95497 1.57335857e-02
0.95828 1.88069917e-02
0.96159 1.52703006e-02
0.96492 1.40784607e-02
0.96826 1.49296855e-02
0.97161 1.65190298e-02
0.97498 1.53231681e-02
0.97835 1.74095114e-02
0.98174 1.95631095e-02
0.98514 1.51631336e-02
0.98855 1.53536817e-02
0.99197 2.48235605e-02
0.99540 1.62450784e-02
0.99885 1.67385356e-02
1.00231 2.51282257e-02
1.00578 1.57298682e-02
1.00926 1.46898959e-02
1.01275 1.77011100e-02
1.01626 1.59743078e-02
1.01978 1.59465792e-02
1.02330 1.73660450e-02
1.02685 2.08919721e-02
1.03040 1.48159765e-02
1.03397 1.45600657e-02
1.03755 2.76748687e-02
1.04114 1.52383575e-02
1.04474 2.16822912e-02
1.04836 1.80707793e-02
1.05199 1.80666909e-02
1.05563 1.44778817e-02
1.05928 1.49629222e-02
1.06295 1.83047962e-02
1.06663 1.47263009e-02
1.07032 1.53951941e-02
1.07403 1.77016145e-02
1.07775 1.76331576e-02
1.08148 1.43813698e-02
1.08522 1.59783047e-02
1.08898 1.75467838e-02
1.09275 1.55799521e-02
1.09653 1.60233614e-02
1.10032 1.78438188e-02
1.10413 1.94166882e-02
1.10796 1.56798030e-02
1.11179 1.59099220e-02
1.11564 2.12608500e-02
1.11950 1.53355274e-02
1.12338 1.53646855e-02
1.12726 1.64888872e-02
1.13117 1.88417767e-02
1.13508 1.63962436e-02
1.13901 1.56474568e-02
1.14295 2.06559048e-02
1.14691 1.53473103e-02
1.15088 1.47350119e-02
1.15487 1.52122565e-02
1.15886 1.67968914e-02
1.16287 1.74879977e-02
1.16690 4.98353665e-02
1.17094 1.72318914e-02
1.17499 1.96036103e-02
1.17906 2.10562410e-02
1.18314 1.51896353e-02
1.18724 1.60435141e-02
1.19135 1.75229755e-02
1.19547 1.79509587e-02
1.19961 1.64497418e-02
1.20376 1.81983266e-02
1.20793 1.81844364e-02
1.21211 1.51617312e-02
1.21630 1.47454544e-02
1.22052 1.54936674e-02
1.22474 1.74322784e-02
1.22898 5.26020619e-02
1.23323 1.72843830e-02
1.23750 1.90213011e-02
1.24179 2.30883391e-02
1.24609 1.57519675e-02
1.25040 1.52555670e-02
1.25473 1.58377946e-02
1.25907 1.73134199e-02
1.26343 2.69743712e-02
1.26780 1.70393894e-02
1.27219 1.79338457e-02
1.27659 2.43576488e-02
1.28101 1.69363602e-02
1.28545 1.56483150e-02
1.28990 1.59064494e-02
1.29436 1.68639757e-02
1.29884 6.03829707e-02
1.30334 1.78156500e-02
1.30785 1.80710019e-02
1.31238 2.10791441e-02
1.31692 1.94940639e-02
1.32148 1.55868576e-02
1.32605 1.51068331e-02
1.33064 1.55346332e-02
1.33525 1.95013677e-02
1.33987 1.83866240e-02
1.34451 1.82118236e-02
1.34916 1.93659081e-02
1.35383 3.88927215e-02
1.35852 1.81526516e-02
1.36322 1.60350256e-02
1.36794 1.56712725e-02
1.37268 1.63036049e-02
1.37743 5.00219547e-02
1.38220 1.82174133e-02
1.38698 1.85669399e-02
1.39178 2.03007144e-02
1.39660 3.90881890e-02
1.40144 1.87988421e-02
1.40629 1.69109269e-02
1.41115 1.61712494e-02
1.41604 1.80081594e-02
1.42094 3.63761048e-02
1.42586 1.83821324e-02
1.43080 1.87432588e-02
1.43575 2.04637268e-02
1.44072 3.36721826e-02
1.44571 2.07814389e-02
1.45071 1.82864465e-02
1.45573 1.75376548e-02
1.46077 1.80237266e-02
1.46583 4.32275844e-02
1.47090 1.88818298e-02
1.47599 1.85982943e-02
1.48110 2.27627273e-02
1.48623 2.50769783e-02
1.49137 2.95610327e-02
1.49654 2.08799023e-02
1.50172 1.86520522e-02
1.50692 1.81000759e-02
1.51213 2.11563814e-02
1.51737 2.60356670e-02
1.52262 1.91769158e-02
1.52789 2.05408528e-02
1.53318 2.11834990e-02
1.53849 2.66335459e-02
1.54381 3.32535215e-02
1.54916 2.12557821e-02
1.55452 2.00727547e-02
1.55990 1.98165149e-02
1.56530 2.50028772e-02
1.57072 2.63470597e-02
1.57615 1.95604976e-02
1.58161 2.03799600e-02
1.58709 2.16708149e-02
1.59258 2.55285347e-02
1.59809 3.00298035e-02
1.60362 2.37959944e-02
1.60918 2.19328893e-02
1.61475 2.12640381e-02
1.62034 2.40275899e-02
1.62594 3.61317642e-02
1.63157 2.19045400e-02
1.63722 2.02835940e-02
1.64289 2.14654738e-02
1.64857 2.39280630e-02
1.65428 2.77655905e-02
1.66001 2.81810363e-02
1.66575 2.47011033e-02
1.67152 2.29708335e-02
1.67731 2.30246087e-02
1.68311 2.93864153e-02
1.68894 3.11547003e-02
1.69478 2.29151563e-02
1.70065 2.18232440e-02
1.70654 2.26115027e-02
1.71245 2.56749808e-02
1.71837 2.80092386e-02
1.72432 2.92669533e-02
1.73029 2.66181617e-02
1.73628 2.53540658e-02
1.74229 2.54031615e-02
1.74832 3.02541843e-02
1.75437 3.91462134e-02
1.76045 2.47255176e-02
1.76654 2.33133556e-02
1.77266 2.45590573e-02
1.77879 2.47011231e-02
1.78495 2.69140219e-02
1.79113 2.91287929e-02
1.79733 2.91825879e-02
1.80355 2.83894394e-02
1.80979 2.75058905e-02
1.81606 2.91602537e-02
1.82234 3.92644882e-02
1.82865 3.23260215e-02
1.83498 2.63535645e-02
1.84133 2.62945013e-02
1.84771 2.65218996e-02
1.85410 2.60215195e-02
1.86052 2.73771288e-02
1.86696 2.95173041e-02
1.87342 3.02837654e-02
1.87991 2.97029031e-02
1.88642 2.97160612e-02
1.89295 3.94459072e-02
1.89950 3.61045575e-02
1.90607 3.53015651e-02
1.91267 3.00275033e-02
1.91929 5.74308000e-02
1.92594 2.76106362e-02
1.93260 2.72949647e-02
1.93929 2.86267063e-02
1.94601 2.98198917e-02
1.95274 3.08675463e-02
1.95950 3.19912805e-02
1.96629 3.24629947e-02
1.97309 8.72066169e-02
1.97992 3.58926176e-02
1.98678 3.82694415e-02
1.99365 3.65129049e-02
2.00055 4.82697465e-02
2.00748 3.10396408e-02
2.01443 2.92311395e-02
2.02140 2.90791531e-02
2.02840 3.02304156e-02
2.03542 3.11787163e-02
2.04247 3.23680434e-02
2.04954 3.39790738e-02
2.05663 3.88672214e-02
2.06375 3.81460221e-02
2.07090 3.76464088e-02
2.07806 4.04070445e-02
2.08526 4.16355987e-02
2.09247 1.11335270e-01
2.09972 3.44488587e-02
2.10699 3.20182151e-02
2.11428 3.12867763e-02
2.12160 3.17320010e-02
2.12894 3.22819961e-02
2.13631 3.37809598e-02
2.14371 3.55367791e-02
2.15113 4.48626556e-02
2.15857 4.16648582e-02
2.16605 3.97267295e-02
2.17354 4.19013089e-02
2.18107 4.51565865e-02
2.18862 7.51911141e-02
2.19619 4.57931483e-02
2.20380 3.77967133e-02
2.21143 3.54749953e-02
2.21908 3.46848889e-02
2.22676 3.42615532e-02
2.23447 3.48973235e-02
2.24220 3.60055995e-02
2.24997 3.91196498e-02
2.25775 1.24090942e-01
2.26557 4.21702591e-02
2.27341 4.17564457e-02
2.28128 4.40807855e-02
2.28918 4.86557101e-02
2.29710 8.41525449e-02
2.30505 5.73366649e-02
2.31303 4.44523296e-02
2.32104 4.12464197e-02
2.32908 3.96178781e-02
2.33714 3.85038145e-02
2.34523 3.84300103e-02
2.35335 3.94112805e-02
2.36149 4.16267441e-02
2.36967 6.52531619e-02
2.37787 5.46049919e-02
2.38610 4.44702118e-02
2.39436 4.52002903e-02
2.40265 4.83718209e-02
2.41097 5.64461413e-02
2.41931 1.16364422e-01
2.42769 6.32927484e-02
2.43609 5.07173077e-02
2.44452 4.71974081e-02
2.45298 4.50987105e-02
2.46148 4.37447089e-02
2.47000 4.35524567e-02
2.47855 4.39594932e-02
2.48713 4.68254682e-02
2.49574 6.82570747e-02
2.50438 8.01708740e-02
2.51304 4.98923026e-02
2.52174 4.89609937e-02
2.53047 5.11940674e-02
2.53923 5.61307418e-02
2.54802 7.37133717e-02
2.55684 1.19656800e-01
2.56569 6.76569451e-02
2.57457 5.73392372e-02
2.58349 5.35839505e-02
2.59243 5.12745991e-02
2.60140 5.00100827e-02
2.61041 4.95385665e-02
2.61944 5.03522684e-02
2.62851 5.45782552e-02
2.63761 8.17124037e-02
2.64674 1.06385660e-01
2.65590 5.83017101e-02
2.66510 5.41392880e-02
2.67432 5.54081575e-02
2.68358 5.94927933e-02
2.69287 6.93092059e-02
2.70219 9.93719790e-02
2.71154 1.08916449e-01
2.72093 7.43053145e-02
2.73035 6.48691769e-02
2.73980 6.15031681e-02
2.74928 5.96373843e-02
2.75880 5.90203866e-02
2.76835 5.87669441e-02
2.77793 5.99122953e-02
2.78755 6.59521011e-02
2.79720 9.77373530e-02
2.80688 1.31955301e-01
2.81660 7.19765228e-02
2.82635 6.24319789e-02
2.83613 6.16364807e-02
2.84595 6.44896686e-02
2.85580 7.03099166e-02
2.86569 8.39785459e-02
2.87561 1.10738628e-01
2.88556 1.09264546e-01
2.89555 8.51855573e-02
2.90557 7.52047175e-02
2.91563 7.12479530e-02
2.92572 6.94501117e-02
2.93585 6.91395600e-02
2.94601 6.95003699e-02
2.95621 7.19534713e-02
2.96644 8.04166244e-02
2.97671 1.09369217e-01
2.98702 1.55182894e-01
2.99736 9.78707893e-02
3.00773 7.71874651e-02
3.01814 7.24123489e-02
3.02859 7.28351899e-02
3.03907 7.60292526e-02
3.04960 8.32854932e-02
3.06015 9.58856920e-02
3.07074 1.13915698e-01
3.08137 1.17473242e-01
3.09204 1.01957997e-01
3.10274 8.96473270e-02
3.11348 8.38990035e-02
3.12426 8.15639543e-02
3.13508 8.12339869e-02
3.14593 8.20692315e-02
3.15682 8.53967800e-02
3.16775 9.35453745e-02
3.17871 1.13894848e-01
3.18972 1.55395996e-01
3.20076 1.44830510e-01
3.21184 1.06484395e-01
3.22295 9.14779399e-02
3.23411 8.66467779e-02
3.24531 8.69050434e-02
3.25654 9.00150375e-02
3.26781 9.58209649e-02
3.27912 1.04495860e-01
3.29047 1.16258514e-01
3.30187 1.25213588e-01
3.31330 1.22998001e-01
3.32476 1.13484621e-01
3.33627 1.05076475e-01
3.34782 1.00103220e-01
3.35941 9.82343199e-02
3.37104 9.86722730e-02
3.38271 1.01065520e-01
3.39442 1.06825913e-01
3.40617 1.18630119e-01
3.41796 1.41501255e-01
3.42979 1.70190883e-01
3.44166 1.62806128e-01
3.45358 1.32200582e-01
3.46553 1.13784711e-01
3.47753 1.05763542e-01
3.48957 1.03111486e-01
3.50164 1.04066613e-01
3.51377 1.07426265e-01
3.52593 1.12876255e-01
3.53814 1.20065197e-01
3.55038 1.27950406e-01
3.56267 1.34155974e-01
3.57500 1.36285218e-01
3.58738 1.33596012e-01
3.59980 1.28961653e-01
3.61226 1.24974491e-01
3.62476 1.22649731e-01
3.63731 1.22531703e-01
3.64990 1.24898733e-01
3.66254 1.30685072e-01
3.67521 1.40899716e-01
3.68794 1.57248795e-01
3.70070 1.78201094e-01
3.71351 1.89798035e-01
3.72637 1.78175471e-01
3.73927 1.56820538e-01
3.75221 1.40587754e-01
3.76520 1.31344536e-01
3.77823 1.27307784e-01
3.79131 1.26186523e-01
3.80443 1.27326483e-01
3.81760 1.30399476e-01
3.83082 1.34772576e-01
3.84408 1.39908329e-01
3.85739 1.45387233e-01
3.87074 1.49771068e-01
3.88414 1.52824398e-01
3.89758 1.53939104e-01
3.91107 1.53598551e-01
3.92461 1.52828157e-01
3.93820 1.52667885e-01
3.95183 1.53916077e-01
3.96551 1.57176698e-01
3.97924 1.63289244e-01
3.99301 1.72491281e-01
4.00683 1.85101843e-01
4.02070 2.00043942e-01
4.03462 2.11805310e-01
4.04859 2.13826246e-01
4.06260 2.04095509e-01
4.07667 1.89530396e-01
4.09078 1.76733468e-01
4.10494 1.67361835e-01
4.11915 1.61823448e-01
4.13341 1.58922970e-01
4.14771 1.58039470e-01
4.16207 1.58783672e-01
4.17648 1.60960576e-01
4.19094 1.64008737e-01
4.20545 1.67620051e-01
4.22000 1.71469077e-01
4.23461 1.75230547e-01
4.24927 1.78885169e-01
4.26398 1.81829573e-01
4.27874 1.84327912e-01
4.29355 1.86758110e-01
4.30841 1.89350312e-01
4.32332 1.92589414e-01
4.33829 1.96960141e-01
4.35331 2.02917337e-01
4.36838 2.10916171e-01
4.38350 2.20430639e-01
4.39867 2.30873152e-01
4.41390 2.40547793e-01
4.42918 2.46991717e-01
4.44451 2.47889586e-01
4.45990 2.42938739e-01
4.47533 2.34236192e-01
4.49083 2.24384040e-01
4.50637 2.15785027e-01
4.52197 2.09272245e-01
4.53762 2.04967260e-01
4.55333 2.02273652e-01
4.56909 2.01126124e-01
4.58491 2.01319465e-01
4.60078 2.02877962e-01
4.61670 2.05062805e-01
4.63269 2.07889133e-01
4.64872 2.11311682e-01
4.66481 2.15041345e-01
4.68096 2.18884806e-01
4.69717 2.22811470e-01
4.71343 2.27226321e-01
4.72974 2.31785441e-01
4.74611 2.36570599e-01
4.76254 2.41685205e-01
4.77903 2.47272959e-01
4.79557 2.53542884e-01
4.81217 2.60646297e-01
4.82883 2.68357161e-01
4.84555 2.76509763e-01
4.86232 2.84612650e-01
4.87915 2.91674017e-01
4.89604 2.96824239e-01
4.91299 2.99262945e-01
4.92999 2.98485329e-01
4.94706 2.94862638e-01
4.96418 2.89261775e-01
4.98137 2.82890963e-01
4.99861 2.76646291e-01
5.01591 2.71194075e-01
5.03328 2.66616924e-01
5.05070 2.63318239e-01
5.06818 2.61440732e-01
5.08573 2.60665095e-01
5.10333 2.60951012e-01
5.12100 2.62250996e-01
5.13873 2.64339726e-01
5.15651 2.67136571e-01
5.17436 2.70514403e-01
5.19228 2.74592187e-01
5.21025 2.79312297e-01
5.22828 2.84432839e-01
5.24638 2.90014657e-01
5.26454 2.96064183e-01
5.28277 3.02562125e-01
5.30105 3.09458767e-01
5.31940 3.16638359e-01
5.33782 3.24171638e-01
5.35629 3.31988113e-01
5.37484 3.39983905e-01
5.39344 3.47951749e-01
5.41211 3.55657666e-01
5.43084 3.62777156e-01
5.44965 3.68954801e-01
5.46851 3.73853732e-01
5.48744 3.77190011e-01
5.50643 3.78834778e-01
5.52550 3.78813507e-01
5.54462 3.77329507e-01
5.56381 3.74700601e-01
5.58308 3.71337857e-01
5.60240 3.67637998e-01
5.62179 3.64023716e-01
5.64125 3.60790327e-01
5.66078 3.58074113e-01
5.68038 3.56028666e-01
5.70004 3.54597101e-01
5.71977 3.54034417e-01
5.73957 3.54438807e-01
5.75944 3.55689572e-01
5.77938 3.57761731e-01
5.79938 3.60469783e-01
5.81946 3.63872348e-01
5.83960 3.68035215e-01
5.85982 3.72868109e-01
5.88010 3.78366329e-01
5.90045 3.84466558e-01
5.92088 3.91131202e-01
5.94137 3.98310299e-01
5.96194 4.05935339e-01
5.98258 4.13949433e-01
6.00329 4.22250929e-01
6.02407 4.30866291e-01
6.04492 4.39545465e-01
6.06585 4.48096768e-01
6.08684 4.56487799e-01
6.10791 4.64607010e-01
6.12906 4.72269644e-01
6.15027 4.79339420e-01
6.17156 4.85628365e-01
6.19293 4.91045459e-01
6.21436 4.95577843e-01
6.23588 4.99197566e-01
6.25746 5.02014198e-01
6.27912 5.04043568e-01
6.30086 5.05370759e-01
6.32267 5.06141697e-01
6.34455 5.06568347e-01
6.36652 5.06748653e-01
6.38856 5.06705369e-01
6.41067 5.06716499e-01
6.43286 5.07057819e-01
6.45513 5.07664033e-01
6.47747 5.08616267e-01
6.49990 5.09991935e-01
6.52240 5.11886261e-01
6.54497 5.14273769e-01
6.56763 5.17153719e-01
6.59037 5.20579533e-01
6.61318 5.24622691e-01
6.63607 5.29194895e-01
6.65904 5.34290209e-01
6.68209 5.39895524e-01
6.70522 5.46133023e-01
6.72843 5.52801377e-01
6.75172 5.59828859e-01
6.77510 5.67202113e-01
6.79855 5.75001523e-01
6.82208 5.83040351e-01
6.84570 5.91398981e-01
6.86939 5.99883998e-01
6.89317 6.08466712e-01
6.91704 6.17040522e-01
6.94098 6.25548047e-01
6.96500 6.33914591e-01
6.98911 6.42166868e-01
7.01331 6.50223009e-01
7.03759 6.58030828e-01
7.06195 6.65563859e-01
7.08639 6.72785498e-01
7.11092 6.79721714e-01
7.13554 6.86320567e-01
7.16024 6.92624599e-01
7.18502 6.98624659e-01
7.20990 7.04465435e-01
7.23485 7.10077676e-01
7.25990 7.15635503e-01
7.28503 7.21091182e-01
7.31025 7.26490469e-01
7.33555 7.31871205e-01
7.36094 7.37268266e-01
7.38642 7.42752635e-01
7.41199 7.48307742e-01
7.43765 7.54052801e-01
7.46340 7.59918063e-01
7.48923 7.66026207e-01
7.51516 7.72316636e-01
7.54117 7.78796275e-01
7.56727 7.85470565e-01
7.59347 7.92347421e-01
7.61975 7.99528497e-01
7.64613 8.06865145e-01
7.67260 8.14485485e-01
7.69916 8.22256451e-01
7.72581 8.30275987e-01
7.75255 8.38510456e-01
7.77939 8.46853751e-01
7.80632 8.55412474e-01
7.83334 8.64008049e-01
7.86046 8.72745347e-01
7.88767 8.81514797e-01
7.91497 8.90343113e-01
7.94237 8.99259480e-01
7.96986 9.08128111e-01
7.99745 9.17090977e-01
8.02513 9.25989288e-01
8.05291 9.34906891e-01
8.08079 9.43829441e-01
8.10876 9.52674576e-01
8.13683 9.61609740e-01
8.16500 9.70449681e-01
8.19326 9.79307429e-01
8.22162 9.88151080e-01
8.25008 9.96925725e-01
8.27864 1.00597244e+00
8.30730 1.01491700e+00
8.33605 1.02388654e+00
8.36491 1.03285757e+00
8.39386 1.04172323e+00
8.42292 1.05072938e+00
8.45208 1.05962522e+00
8.48133 1.06851017e+00
8.51069 1.07741690e+00
8.54016 1.08620168e+00
8.56972 1.09507501e+00
8.59938 1.10386054e+00
8.62915 1.11256939e+00
8.65902 1.12136160e+00
8.68899 1.13000590e+00
8.71907 1.13866850e+00
8.74925 1.14730217e+00
8.77954 1.15577333e+00
8.80993 1.16438325e+00
8.84043 1.17285195e+00
8.87103 1.18127191e+00
8.90174 1.18999957e+00
8.93255 1.19852218e+00
8.96347 1.20708684e+00
8.99450 1.21569082e+00
9.02563 1.22406825e+00
9.05688 1.23261757e+00
9.08823 1.24105758e+00
9.11969 1.24924876e+00
9.15126 1.25790493e+00
9.18294 1.26629572e+00
9.21472 1.27480843e+00
9.24662 1.28479699e+00
9.27863 1.29432254e+00
9.31075 1.30392946e+00
9.34298 1.31399420e+00
9.37532 1.32350416e+00
9.40777 1.33285460e+00
9.44034 1.34203685e+00
9.47302 1.35066779e+00
9.50581 1.35966677e+00
9.53871 1.36860713e+00
9.57173 1.37692346e+00
9.60487 1.38510896e+00
9.63811 1.39295833e+00
9.67148 1.40028904e+00
9.70495 1.40668236e+00
9.73855 1.41261119e+00
9.77226 1.41821428e+00
9.80609 1.42355495e+00
9.84003 1.42861168e+00
9.87409 1.43337037e+00
9.90827 1.43789781e+00
9.94257 1.44225656e+00
9.97699 1.44644120e+00
10.01153 1.45030998e+00
10.04618 1.45401900e+00
10.08096 1.45761250e+00
10.11585 1.46114813e+00
10.15087 1.46463603e+00
10.18601 1.46805912e+00
10.22127 1.47142904e+00
10.25665 1.47477372e+00
10.29215 1.47809220e+00
10.32778 1.48143070e+00
10.36353 1.48481595e+00
10.39941 1.48820590e+00
10.43540 1.49162900e+00
10.47153 1.49513420e+00
10.50777 1.49865969e+00
10.54415 1.50220917e+00
10.58065 1.50581381e+00
10.61727 1.50943848e+00
10.65403 1.51308096e+00
10.69091 1.51675089e+00
10.72791 1.52041736e+00
10.76505 1.52407394e+00
10.80231 1.52758805e+00
10.83971 1.53098863e+00
10.87723 1.53433975e+00
10.91488 1.53757413e+00
10.95266 1.54058443e+00
10.99058 1.54346734e+00
11.02862 1.54621076e+00
11.06680 1.54847832e+00
11.10511 1.55056729e+00
11.14355 1.55247176e+00
11.18212 1.55406533e+00
11.22083 1.55536259e+00
11.25967 1.55642711e+00
11.29865 1.55724604e+00
11.33776 1.55782381e+00
11.37701 1.55817007e+00
11.41639 1.55827692e+00
11.45591 1.55828063e+00
11.49556 1.55810750e+00
11.53536 1.55769396e+00
11.57529 1.55701379e+00
11.61536 1.55592626e+00
11.65556 1.55446304e+00
11.69591 1.55261521e+00
11.73640 1.54946592e+00
11.77702 1.54517419e+00
11.81779 1.54017385e+00
11.85870 1.53440876e+00
11.89975 1.52704490e+00
11.94094 1.51889379e+00
11.98227 1.50997148e+00
12.02375 1.49848359e+00
12.06537 1.48296169e+00
12.10714 1.46577500e+00
12.14905 1.44699869e+00
12.19110 1.42444362e+00
12.23330 1.40009365e+00
12.27565 1.37521860e+00
12.31814 1.35013652e+00
12.36078 1.33026527e+00
12.40357 1.31101853e+00
12.44651 1.29239507e+00
12.48959 1.27558877e+00
12.53283 1.26400665e+00
12.57621 1.25296544e+00
12.61974 1.24228237e+00
12.66343 1.23334127e+00
12.70726 1.22697145e+00
12.75125 1.22029221e+00
12.79539 1.21309902e+00
12.83968 1.20942636e+00
12.88413 1.20939619e+00
12.92873 1.20855946e+00
12.97348 1.20687908e+00
13.01839 1.20554100e+00
13.06345 1.20443864e+00
13.10867 1.20265635e+00
13.15405 1.20023570e+00
13.19959 1.19888922e+00
13.24528 1.19840222e+00
13.29113 1.19754966e+00
13.33713 1.19638547e+00
13.38330 1.19548394e+00
13.42963 1.19488613e+00
13.47612 1.19414735e+00
13.52277 1.19330889e+00
13.56958 1.19217189e+00
13.61655 1.19064733e+00
13.66368 1.18909878e+00
13.71098 1.18755022e+00
13.75844 1.18598263e+00
13.80607 1.18433266e+00
13.85386 1.18274701e+00
13.90182 1.18124199e+00
13.94994 1.17977753e+00
13.99823 1.17568935e+00
14.04668 1.17167959e+00
14.09531 1.16776009e+00
14.14410 1.16394077e+00
14.19306 1.16005665e+00
14.24219 1.15625786e+00
14.29149 1.15261785e+00
14.34096 1.14913985e+00
14.39060 1.14606599e+00
14.44042 1.14358400e+00
14.49041 1.14131497e+00
14.54057 1.13925048e+00
14.59090 1.13738212e+00
14.64141 1.13632007e+00
14.69209 1.13546776e+00
14.74295 1.13478784e+00
14.79398 1.13426646e+00
14.84519 1.13653154e+00
14.89658 1.14183709e+00
14.94814 1.14725344e+00
14.99989 1.15276230e+00
15.05181 1.15834684e+00
15.10392 1.16649053e+00
15.15620 1.17486895e+00
15.20866 1.18325305e+00
15.26131 1.19163840e+00
15.31414 1.20091117e+00
15.36715 1.21234341e+00
15.42034 1.22372099e+00
15.47372 1.23504268e+00
15.52729 1.24630797e+00
15.58103 1.25803083e+00
15.63497 1.27003985e+00
15.68909 1.28195835e+00
15.74340 1.29378385e+00
15.79790 1.30551363e+00
15.85258 1.31603297e+00
15.90746 1.32619095e+00
15.96252 1.33626681e+00
16.01778 1.34625834e+00
16.07323 1.35616428e+00
16.12886 1.36513086e+00
16.18470 1.37396239e+00
16.24072 1.38271601e+00
16.29694 1.39139073e+00
16.35335 1.39998433e+00
16.40996 1.40813075e+00
16.46677 1.41618813e+00
16.52377 1.42415894e+00
16.58097 1.43204145e+00
16.63836 1.43983418e+00
16.69596 1.44712779e+00
16.75375 1.45431060e+00
16.81175 1.46139967e+00
16.86994 1.46839351e+00
16.92834 1.47529040e+00
16.98694 1.48150292e+00
17.04574 1.48751040e+00
17.10474 1.49342884e+00
17.16395 1.49925700e+00
17.22337 1.50499316e+00
17.28299 1.51010900e+00
17.34281 1.51482021e+00
17.40285 1.51945227e+00
17.46309 1.52400394e+00
17.52354 1.52847424e+00
17.58420 1.53254090e+00
17.64507 1.53582598e+00
17.70615 1.53905244e+00
17.76744 1.54221955e+00
17.82894 1.54532679e+00
17.89066 1.54837073e+00
17.95259 1.55038946e+00
18.01473 1.55226004e+00
18.07709 1.55409056e+00
18.13967 1.55588125e+00
18.20246 1.55763262e+00
18.26547 1.55897316e+00
18.32870 1.55970057e+00
18.39214 1.56040646e+00
18.45581 1.56109157e+00
18.51969 1.56175740e+00
18.58380 1.56240491e+00
18.64813 1.56245784e+00
18.71268 1.56232824e+00
18.77746 1.56219221e+00
18.84246 1.56205123e+00
18.90768 1.56190678e+00
18.97313 1.56174602e+00
19.03881 1.56120807e+00
19.10472 1.56067358e+00
19.17085 1.56014453e+00
19.23721 1.55962241e+00
19.30380 1.55910895e+00
19.37062 1.55853068e+00
19.43768 1.55764845e+00
19.50496 1.55677858e+00
19.57248 1.55592206e+00
19.64023 1.55507989e+00
19.70822 1.55425281e+00
19.77644 1.55355162e+00
19.84490 1.55324542e+00
19.91359 1.55295653e+00
19.98252 1.55268496e+00
20.05169 1.55243120e+00
20.12110 1.55219524e+00
20.19076 1.55204288e+00
20.26065 1.55233721e+00
20.33078 1.55264712e+00
20.40116 1.55297236e+00
20.47178 1.55331269e+00
20.54264 1.55366811e+00
20.61375 1.55403763e+00
20.68511 1.55499407e+00
20.75671 1.55601976e+00
20.82856 1.55705683e+00
20.90066 1.55810552e+00
20.97301 1.55916559e+00
21.04561 1.56023704e+00
21.11846 1.56170521e+00
21.19157 1.56349689e+00
21.26492 1.56529401e+00
21.33853 1.56709658e+00
21.41240 1.56890508e+00
21.48652 1.57071927e+00
21.56090 1.57251640e+00
21.63553 1.57382998e+00
21.71043 1.57515915e+00
21.78558 1.57650390e+00
21.86099 1.57786473e+00
21.93666 1.57924114e+00
22.01260 1.58063338e+00
22.08880 1.58212802e+00
22.16526 1.58377303e+00
22.24199 1.58543462e+00
22.31898 1.58711302e+00
22.39624 1.58880849e+00
22.47377 1.59052078e+00
22.55156 1.59225013e+00
22.62962 1.59373290e+00
22.70796 1.59505118e+00
22.78656 1.59639470e+00
22.86544 1.59776319e+00
22.94459 1.59915667e+00
23.02402 1.60057438e+00
23.10372 1.60201609e+00
23.18369 1.60336455e+00
23.26394 1.60466305e+00
23.34447 1.60598554e+00
23.42528 1.60733178e+00
23.50637 1.60870077e+00
23.58774 1.61009202e+00
23.66939 1.61150404e+00
23.75133 1.61283346e+00
23.83354 1.61406246e+00
23.91604 1.61530927e+00
23.99883 1.61657314e+00
24.08191 1.61785260e+00
24.16527 1.61914640e+00
24.24892 1.62045306e+00
24.33286 1.62173103e+00
24.41709 1.62276538e+00
24.50161 1.62380789e+00
24.58642 1.62485658e+00
24.67153 1.62590973e+00
24.75693 1.62696534e+00
24.84263 1.62802220e+00
24.92863 1.62907757e+00
25.01492 1.62973053e+00
25.10151 1.63011662e+00
25.18840 1.63047352e+00
25.27559 1.63079852e+00
25.36309 1.63108839e+00
25.45088 1.63134092e+00
25.53898 1.63155264e+00
25.62739 1.63172107e+00
25.71610 1.63130382e+00
25.80512 1.63074460e+00
25.89444 1.63009634e+00
25.98408 1.62935533e+00
26.07403 1.62851786e+00
26.16428 1.62758096e+00
26.25485 1.62654092e+00
26.34574 1.62539428e+00
26.43694 1.62424171e+00
26.52845 1.62298674e+00
26.62028 1.62162369e+00
26.71243 1.62014909e+00
26.80489 1.61856022e+00
26.89768 1.61685139e+00
26.99079 1.61502409e+00
27.08422 1.61307288e+00
27.17798 1.61033267e+00
27.27205 1.60728652e+00
27.36646 1.60407118e+00
27.46119 1.60068445e+00
27.55625 1.59712408e+00
27.65164 1.59338762e+00
27.74736 1.58947357e+00
27.84341 1.58537995e+00
27.93979 1.58089704e+00
28.03650 1.57594790e+00
28.13355 1.57079842e+00
28.23094 1.56544835e+00
28.32867 1.55989745e+00
28.42673 1.55414596e+00
28.52513 1.54819438e+00
28.62387 1.54204320e+00
28.72295 1.53569341e+00
28.82238 1.52875447e+00
28.92215 1.52150216e+00
29.02227 1.51403764e+00
29.12273 1.50636339e+00
29.22354 1.49848186e+00
29.32470 1.49039653e+00
29.42621 1.48211013e+00
29.52807 1.47362659e+00
29.63029 1.46494940e+00
29.73286 1.45616585e+00
29.83578 1.44721955e+00
29.93906 1.43810532e+00
30.04269 1.42882834e+00
30.14669 1.41939381e+00
30.25104 1.40980717e+00
30.35576 1.40007386e+00
30.46084 1.39019982e+00
30.56628 1.38019024e+00
30.67209 1.36977157e+00
30.77826 1.35911398e+00
30.88481 1.34834410e+00
30.99172 1.33746860e+00
31.09900 1.32649467e+00
31.20665 1.31542898e+00
31.31467 1.30427845e+00
31.42307 1.29304976e+00
31.53184 1.28174984e+00
31.64099 1.27049840e+00
31.75052 1.25961030e+00
31.86043 1.24867618e+00
31.97072 1.23770200e+00
32.08139 1.22669320e+00
32.19244 1.21565545e+00
32.30388 1.20459396e+00
32.41570 1.19351442e+00
32.52791 1.18242177e+00
32.64051 1.17132095e+00
32.75349 1.15981377e+00
32.86687 1.14771398e+00
32.98064 1.13562754e+00
33.09481 1.12356014e+00
33.20937 1.11151674e+00
33.32433 1.09950277e+00
33.43968 1.08752318e+00
33.55544 1.07558242e+00
33.67159 1.06368544e+00
33.78815 1.05183595e+00
33.90511 1.04024764e+00
34.02247 1.02934717e+00
34.14024 1.01850012e+00
34.25842 1.00770921e+00
34.37701 9.96977417e-01
34.49601 9.86307210e-01
34.61542 9.75700815e-01
34.73525 9.65160705e-01
34.85549 9.54688611e-01
34.97614 9.44287008e-01
35.09721 9.33957379e-01
35.21871 9.23699229e-01
35.34062 9.13516763e-01
35.46295 9.03412454e-01
35.58571 8.93388034e-01
35.70889 8.83444492e-01
35.83250 8.73583065e-01
35.95654 8.63804494e-01
36.08101 8.54109769e-01
36.20590 8.44500127e-01
36.33123 8.34975815e-01
36.45700 8.25537575e-01
36.58320 8.16184418e-01
36.70983 8.06919311e-01
36.83691 7.97742997e-01
36.96442 7.88655723e-01
37.09238 7.79657489e-01
37.22077 7.70748790e-01
37.34962 7.61929625e-01
37.47890 7.53199748e-01
37.60864 7.44559405e-01
37.73883 7.36008350e-01
37.86946 7.27546829e-01
38.00055 7.19196114e-01
38.13209 7.10961645e-01
38.26409 7.02815722e-01
38.39654 6.94758097e-01
38.52946 6.86788522e-01
38.66283 6.78906751e-01
38.79667 6.71112041e-01
38.93096 6.63403897e-01
39.06573 6.55782073e-01
39.20096 6.48245827e-01
39.33665 6.40794415e-01
39.47282 6.33427839e-01
39.60946 6.26166133e-01
39.74657 6.18999897e-01
39.88416 6.11916270e-01
40.02222 6.04914758e-01
40.16076 5.97994619e-01
40.29978 5.91154863e-01
40.43928 5.84395243e-01
40.57926 5.77714769e-01
40.71973 5.71112701e-01
40.86069 5.64588542e-01
41.00213 5.58141304e-01
41.14406 5.51770492e-01
41.28648 5.45491441e-01
41.42940 5.39321216e-01
41.57281 5.33224449e-01
41.71672 5.27200399e-01
41.86113 5.21248569e-01
42.00603 5.15367972e-01
42.15144 5.09557617e-01
42.29735 5.03817011e-01
42.44377 4.98145657e-01
42.59069 4.92542073e-01
42.73812 4.87006259e-01
42.88606 4.81536729e-01
43.03451 4.76133485e-01
43.18348 4.70809635e-01
43.33297 4.65567158e-01
43.48297 4.60387998e-01
43.63349 4.55271166e-01
43.78453 4.50216415e-01
43.93609 4.45222507e-01
44.08818 4.40289197e-01
44.24079 4.35415246e-01
44.39394 4.30600408e-01
44.54761 4.25843693e-01
44.70182 4.21144360e-01
44.85655 4.16501913e-01
45.01183 4.11915364e-01
45.16764 4.07384465e-01
45.32399 4.02940379e-01
45.48089 3.98549965e-01
45.63832 3.94212481e-01
45.79630 3.89927183e-01
45.95483 3.85693579e-01
46.11391 3.81509935e-01
46.27353 3.77377490e-01
46.43371 3.73295006e-01
46.59445 3.69261494e-01
46.75574 3.65276459e-01
46.91759 3.61339160e-01
47.08000 3.57449101e-01
47.24297 3.53605789e-01
47.40650 3.49808233e-01
47.57060 3.46083640e-01
47.73527 3.42407277e-01
47.90051 3.38774693e-01
48.06633 3.35185144e-01
48.23271 3.31638384e-01
48.39967 3.28133918e-01
48.56721 3.24670757e-01
48.73533 3.21248900e-01
48.90403 3.17867359e-01
49.07332 3.14525885e-01
49.24319 3.11223985e-01
49.41365 3.07960917e-01
49.58470 3.04736432e-01
49.75634 3.01550037e-01
49.92858 2.98401731e-01
50.10141 2.95313279e-01
50.27484 2.92260939e-01
50.44887 2.89244461e-01
50.62350 2.86263105e-01
50.79874 2.83316376e-01
50.97458 2.80404273e-01
51.15104 2.77525808e-01
51.32810 2.74680980e-01
51.50578 2.71869047e-01
51.68407 2.69090010e-01
51.86298 2.66342879e-01
52.04250 2.63627406e-01
52.22265 2.60943592e-01
52.40343 2.58290695e-01
52.58482 2.55668219e-01
52.76685 2.53087791e-01
52.94951 2.50555592e-01
53.13280 2.48052331e-01
53.31672 2.45577563e-01
53.50128 2.43130843e-01
53.68648 2.40711898e-01
53.87232 2.38320358e-01
54.05880 2.35955852e-01
54.24593 2.33618082e-01
54.43371 2.31306653e-01
54.62214 2.29021293e-01
54.81122 2.26761631e-01
55.00095 2.24527370e-01
55.19134 2.22318164e-01
55.38239 2.20133691e-01
55.57410 2.17973655e-01
55.76647 2.15837758e-01
55.95951 2.13733669e-01
56.15322 2.11654387e-01
56.34760 2.09598206e-01
56.54265 2.07564805e-01
56.73838 2.05553935e-01
56.93479 2.03565276e-01
57.13187 2.01598556e-01
57.32964 1.99653502e-01
57.52809 1.97729867e-01
57.72723 1.95827354e-01
57.92705 1.93945691e-01
58.12757 1.92084681e-01
58.32879 1.90244002e-01
58.53070 1.88423431e-01
58.73331 1.86622695e-01
58.93662 1.84841574e-01
59.14063 1.83079819e-01
59.34535 1.81341708e-01
59.55078 1.79632610e-01
59.75692 1.77941939e-01
59.96377 1.76269421e-01
60.17134 1.74614885e-01
60.37963 1.72978057e-01
60.58864 1.71358741e-01
60.79837 1.69756739e-01
61.00883 1.68171827e-01
61.22002 1.66603783e-01
61.43194 1.65052434e-01
61.64459 1.63517533e-01
61.85797 1.61998931e-01
62.07210 1.60496381e-01
62.28697 1.59009734e-01
62.50258 1.57538769e-01
62.71894 1.56083286e-01
62.93605 1.54643139e-01
63.15390 1.53218128e-01
63.37252 1.51814090e-01
63.59189 1.50428306e-01
63.81201 1.49056967e-01
64.03290 1.47699874e-01
64.25456 1.46356878e-01
64.47698 1.45027783e-01
64.70017 1.43712464e-01
64.92414 1.42410724e-01
65.14888 1.41122415e-01
65.37440 1.39847386e-01
65.60070 1.38585467e-01
65.82778 1.37336508e-01
66.05565 1.36100336e-01
66.28430 1.34876827e-01
66.51375 1.33665834e-01
66.74400 1.32467207e-01
66.97504 1.31280799e-01
67.20688 1.30106460e-01
67.43952 1.28944043e-01
67.67297 1.27793423e-01
67.90722 1.26660909e-01
68.14229 1.25543086e-01
68.37817 1.24436516e-01
68.61486 1.23341003e-01
68.85238 1.22256471e-01
69.09072 1.21182772e-01
69.32988 1.20119783e-01
69.56987 1.19067404e-01
69.81069 1.18025488e-01
70.05235 1.16993910e-01
70.29484 1.15972547e-01
70.53817 1.14961325e-01
70.78235 1.13960095e-01
71.02737 1.12968758e-01
71.27323 1.11987166e-01
71.51995 1.11015245e-01
71.76752 1.10052896e-01
72.01595 1.09099970e-01
72.26524 1.08156393e-01
72.51539 1.07222042e-01
72.76641 1.06296818e-01
73.01830 1.05381264e-01
73.27106 1.04476890e-01
73.52469 1.03581296e-01
73.77920 1.02694383e-01
74.03460 1.01816028e-01
74.29087 1.00946181e-01
74.54804 1.00084744e-01
74.80609 9.92315679e-02
75.06504 9.83866277e-02
75.32488 9.75498001e-02
75.58563 9.67209861e-02
75.84727 9.59001363e-02
76.10982 9.50871021e-02
76.37328 9.42818590e-02
76.63766 9.34842832e-02
76.90295 9.26943005e-02
77.16915 9.19118368e-02
77.43628 9.11368178e-02
77.70433 9.03691199e-02
77.97331 8.96086935e-02
78.24322 8.88554646e-02
78.51407 8.81093589e-02
78.78585 8.73702774e-02
79.05857 8.66383686e-02
79.33224 8.59175898e-02
79.60686 8.52035137e-02
79.88242 8.44961157e-02
80.15894 8.37953214e-02
80.43642 8.31010567e-02
80.71486 8.24132227e-02
80.99426 8.17317947e-02
81.27463 8.10566736e-02
81.55596 8.03877853e-02
81.83828 7.97251051e-02
82.12157 7.90685093e-02
82.40584 7.84179979e-02
82.69109 7.77734473e-02
82.97733 7.71348326e-02
83.26457 7.65021045e-02
83.55279 7.58751392e-02
83.84202 7.52539368e-02
84.13225 7.46383983e-02
84.42348 7.40284743e-02
84.71572 7.34241401e-02
85.00897 7.28252719e-02
85.30323 7.22318697e-02
85.59852 7.16438595e-02
85.89482 7.10611669e-02
86.19215 7.04837672e-02
86.49052 6.99125756e-02
86.78991 6.93466769e-02
87.09034 6.87858981e-02
87.39181 6.82301401e-02
87.69432 6.76793782e-02
87.99789 6.71335630e-02
88.30250 6.65926450e-02
88.60816 6.60565500e-02
88.91489 6.55252533e-02
89.22267 6.49987053e-02
89.53153 6.44768567e-02
89.84145 6.39596333e-02
90.15244 6.34470349e-02
90.46451 6.29389628e-02
90.77766 6.24354169e-02
91.09190 6.19363229e-02
91.40722 6.14416315e-02
91.72363 6.09513427e-02
92.04114 6.04653574e-02
92.35975 5.99836510e-02
92.67946 5.95061987e-02
93.00028 5.90329264e-02
93.32221 5.85638340e-02
93.64525 5.80988226e-02
93.96941 5.76379169e-02
94.29469 5.71810181e-02
94.62110 5.67281260e-02
94.94864 5.62796859e-02
95.27731 5.58364151e-02
95.60712 5.53969533e-02
95.93807 5.49613251e-02
96.27017 5.45294811e-02
96.60342 5.41013471e-02
96.93782 5.36769231e-02
97.27338 5.32561843e-02
97.61010 5.28390319e-02
97.94798 5.24254906e-02
98.28704 5.20155109e-02
98.62727 5.16090433e-02
98.96867 5.12060631e-02
99.31126 5.08065208e-02
99.65504 5.04104165e-02
100.00000 5.00177006e-02
