        2000  1.000000 3.710000
0.10000 1.00296338e+00
0.10035 1.00280410e+00
0.10069 1.00263937e+00
0.10104 1.00246970e+00
0.10139 1.00229459e+00
0.10174 1.00211453e+00
0.10210 1.00192903e+00
0.10245 1.00173858e+00
0.10280 1.00154270e+00
0.10316 1.00130872e+00
0.10352 1.00091843e+00
0.10387 1.00051676e+00
0.10423 1.00010371e+00
0.10459 9.99678792e-01
0.10496 9.99242496e-01
0.10532 9.98794328e-01
0.10568 9.98334783e-01
0.10605 9.97863365e-01
0.10642 9.97380076e-01
0.10679 9.96885409e-01
0.10716 9.96378376e-01
0.10753 9.95859965e-01
0.10790 9.95329683e-01
0.10827 9.94787528e-01
0.10865 9.94233501e-01
0.10902 9.93667108e-01
0.10940 9.93089337e-01
0.10978 9.92499695e-01
0.11016 9.91897685e-01
0.11054 9.91283804e-01
0.11092 9.90658051e-01
0.11131 9.90020425e-01
0.11169 9.89370433e-01
0.11208 9.88708569e-01
0.11247 9.88034339e-01
0.11286 9.87100903e-01
0.11325 9.86134324e-01
0.11364 9.85147464e-01
0.11403 9.84140323e-01
0.11443 9.83112900e-01
0.11482 9.82064701e-01
0.11522 9.80996716e-01
0.11562 9.79907955e-01
0.11602 9.78798912e-01
0.11642 9.77669093e-01
0.11682 9.76519488e-01
0.11723 9.75349107e-01
0.11763 9.74158444e-01
0.11804 9.72947500e-01
0.11845 9.71715780e-01
0.11886 9.70464273e-01
0.11927 9.69191991e-01
0.11968 9.67899427e-01
0.12010 9.66586581e-01
0.12051 9.65253455e-01
0.12093 9.63900047e-01
0.12135 9.62526852e-01
0.12177 9.61132881e-01
0.12219 9.59719124e-01
0.12262 9.58285085e-01
0.12304 9.56830765e-01
0.12347 9.55356659e-01
0.12389 9.56716992e-01
0.12432 9.64310620e-01
0.12475 9.71500105e-01
0.12518 9.76355753e-01
0.12562 9.78470948e-01
0.12605 9.80551516e-01
0.12649 9.81408773e-01
0.12693 9.81147095e-01
0.12737 9.80883437e-01
0.12781 9.80868597e-01
0.12825 9.81036784e-01
0.12869 9.81204971e-01
0.12914 9.81286591e-01
0.12959 9.81313303e-01
0.13003 9.81340015e-01
0.13048 9.81193099e-01
0.13094 9.80934388e-01
0.13139 9.80673204e-01
0.13184 9.80496113e-01
0.13230 9.80378877e-01
0.13276 9.80260652e-01
0.13322 9.80092960e-01
0.13368 9.79879264e-01
0.13414 9.79663589e-01
0.13461 9.79439505e-01
0.13507 9.79028437e-01
0.13554 9.78613412e-01
0.13601 9.78195419e-01
0.13648 9.77506843e-01
0.13695 9.76781661e-01
0.13743 9.76049060e-01
0.13790 9.75196255e-01
0.13838 9.74293488e-01
0.13886 9.73379839e-01
0.13934 9.72117449e-01
0.13982 9.70536989e-01
0.14031 9.68930807e-01
0.14079 9.67146544e-01
0.14128 9.64965064e-01
0.14177 9.62742527e-01
0.14226 9.60477448e-01
0.14275 9.58145095e-01
0.14324 9.55770695e-01
0.14374 9.53354248e-01
0.14424 9.50188876e-01
0.14474 9.46660913e-01
0.14524 9.43056772e-01
0.14574 9.38350513e-01
0.14625 9.31636403e-01
0.14675 9.24705628e-01
0.14726 9.17563136e-01
0.14777 9.12803453e-01
0.14828 9.08036845e-01
0.14879 9.03184660e-01
0.14931 8.95834408e-01
0.14983 8.86189892e-01
0.15034 8.76276277e-01
0.15087 8.66148967e-01
0.15139 8.56389688e-01
0.15191 8.46422649e-01
0.15244 8.36259228e-01
0.15297 8.25559093e-01
0.15349 8.14387047e-01
0.15403 8.03032468e-01
0.15456 7.91507229e-01
0.15509 7.78492549e-01
0.15563 7.64205587e-01
0.15617 7.49738565e-01
0.15671 7.35116713e-01
0.15725 7.19698448e-01
0.15780 7.04124857e-01
0.15834 6.88460743e-01
0.15889 6.72790692e-01
0.15944 6.57223532e-01
0.15999 6.41641037e-01
0.16055 6.26066457e-01
0.16110 6.12027323e-01
0.16166 5.99047764e-01
0.16222 5.86113715e-01
0.16278 5.73238531e-01
0.16335 5.51742296e-01
0.16391 5.28976747e-01
0.16448 5.06551033e-01
0.16505 4.85329388e-01
0.16562 4.78451741e-01
0.16619 4.71624401e-01
0.16677 4.64835200e-01
0.16734 4.52082446e-01
0.16792 4.17437823e-01
0.16851 3.84343337e-01
0.16909 3.52881498e-01
0.16967 3.28790835e-01
0.17026 3.17974454e-01
0.17085 3.07416437e-01
0.17144 2.97108672e-01
0.17204 2.87867804e-01
0.17263 2.80251273e-01
0.17323 2.72837308e-01
0.17383 2.65570803e-01
0.17443 2.51221215e-01
0.17503 2.25450764e-01
0.17564 2.01792688e-01
0.17625 1.80195937e-01
0.17686 1.64388369e-01
0.17747 1.58104717e-01
0.17808 1.51981337e-01
0.17870 1.46270114e-01
0.17932 1.38278180e-01
0.17994 1.20789191e-01
0.18056 1.04878485e-01
0.18119 9.08623520e-02
0.18182 7.87737375e-02
0.18244 7.15913753e-02
0.18308 6.85343353e-02
0.18371 6.58550228e-02
0.18435 6.30692085e-02
0.18498 5.92811501e-02
0.18562 5.21873333e-02
0.18627 4.64200246e-02
0.18691 4.07685568e-02
0.18756 3.57894301e-02
0.18821 3.18175190e-02
0.18886 2.84741164e-02
0.18951 2.52306761e-02
0.19017 2.21836482e-02
0.19083 2.08319468e-02
0.19149 2.05443575e-02
0.19215 2.05403457e-02
0.19282 2.00205945e-02
0.19348 2.03592780e-02
0.19415 2.01828254e-02
0.19483 1.97880963e-02
0.19550 1.97284543e-02
0.19618 1.97369032e-02
0.19686 1.93702019e-02
0.19754 1.94958126e-02
0.19822 1.87054836e-02
0.19891 1.79168910e-02
0.19960 1.80560308e-02
0.20029 1.47529189e-02
0.20098 1.25406904e-02
0.20168 1.04165621e-02
0.20237 9.35743620e-03
0.20307 8.13788500e-03
0.20378 8.56433219e-03
0.20448 8.04390823e-03
0.20519 8.30813443e-03
0.20590 8.98767781e-03
0.20661 6.46166248e-03
0.20733 4.25647014e-03
0.20805 2.65390497e-03
0.20877 1.76262595e-03
0.20949 1.05972588e-03
0.21021 9.85290917e-04
0.21094 1.09006626e-03
0.21167 1.23995917e-03
0.21240 1.35138382e-03
0.21314 1.41207695e-03
0.21388 2.90563638e-04
0.21462 2.80276254e-04
0.21536 2.80297129e-04
0.21611 2.80043117e-04
0.21685 2.80347337e-04
0.21760 2.80347585e-04
0.21836 2.80400267e-04
0.21911 2.80591653e-04
0.21987 2.80401355e-04
0.22063 2.80457302e-04
0.22140 2.80292578e-04
0.22216 3.72415093e-04
0.22293 2.09563357e-03
0.22370 9.58279149e-03
0.22448 7.68130767e-02
0.22526 2.39324581e-01
0.22604 5.46795629e-02
0.22682 1.29070158e-02
0.22760 2.05574662e-03
0.22839 4.02815278e-04
0.22918 2.80670404e-04
0.22998 2.84317482e-04
0.23077 2.82743156e-04
0.23157 2.82676376e-04
0.23237 2.83445435e-04
0.23318 2.83250585e-04
0.23398 2.82257344e-04
0.23479 2.82891358e-04
0.23561 2.80325621e-04
0.23642 2.79949131e-04
0.23724 2.80583887e-04
0.23806 2.80171335e-04
0.23889 2.82048743e-04
0.23971 2.84979742e-04
0.24054 2.87300471e-04
0.24137 2.89310301e-04
0.24221 2.89768857e-04
0.24305 2.91284566e-04
0.24389 2.95324360e-04
0.24473 2.95297351e-04
0.24558 2.97212552e-04
0.24643 2.95771984e-04
0.24728 2.94975966e-04
0.24814 2.94254149e-04
0.24900 2.95545080e-04
0.24986 2.97639647e-04
0.25073 2.94479618e-04
0.25159 2.94802684e-04
0.25246 2.94763606e-04
0.25334 2.97338148e-04
0.25422 3.01031280e-04
0.25510 2.98526585e-04
0.25598 2.98649608e-04
0.25687 3.03336674e-04
0.25775 3.03557740e-04
0.25865 3.05434753e-04
0.25954 3.04384378e-04
0.26044 3.02648197e-04
0.26134 3.01993802e-04
0.26225 3.07145755e-04
0.26315 3.06229583e-04
0.26406 3.05069442e-04
0.26498 3.02437765e-04
0.26590 3.01449273e-04
0.26682 3.03783605e-04
0.26774 1.55604276e-03
0.26867 9.72153065e-03
0.26960 1.36534084e-02
0.27053 1.54336148e-02
0.27147 1.89690272e-02
0.27241 1.86132580e-02
0.27335 2.80376028e-02
0.27430 3.31127443e-02
0.27525 2.49269558e-02
0.27620 2.79777432e-02
0.27715 3.15888593e-02
0.27811 3.86155152e-02
0.27908 3.60128167e-02
0.28004 3.93860327e-02
0.28101 3.58478107e-02
0.28198 3.80504278e-02
0.28296 4.14237676e-02
0.28394 4.79551879e-02
0.28492 4.34766392e-02
0.28591 4.53744724e-02
0.28690 4.48226470e-02
0.28789 5.17088423e-02
0.28889 5.08793357e-02
0.28989 5.05378179e-02
0.29089 5.46969752e-02
0.29190 5.61070225e-02
0.29291 5.42534571e-02
0.29392 5.61724175e-02
0.29494 6.51640229e-02
0.29596 6.02129537e-02
0.29699 5.91260227e-02
0.29801 6.14894411e-02
0.29905 7.14033031e-02
0.30008 6.80779559e-02
0.30112 6.52098291e-02
0.30216 6.68239759e-02
0.30321 7.49392793e-02
0.30426 7.34544384e-02
0.30531 6.94899324e-02
0.30637 7.45673395e-02
0.30743 8.08095381e-02
0.30849 7.34216915e-02
0.30956 7.49240436e-02
0.31063 8.27051997e-02
0.31171 8.03583527e-02
0.31279 7.75362299e-02
0.31387 8.12398487e-02
0.31496 8.53353919e-02
0.31605 8.88197249e-02
0.31714 8.20846899e-02
0.31824 7.91684815e-02
0.31934 8.33876419e-02
0.32044 8.77972489e-02
0.32155 9.20529157e-02
0.32267 9.41377873e-02
0.32378 9.23211735e-02
0.32490 8.96367659e-02
0.32603 8.97605315e-02
0.32716 8.91563951e-02
0.32829 9.20199215e-02
0.32943 9.93584004e-02
0.33057 1.06290758e-01
0.33171 1.04291167e-01
0.33286 9.37675788e-02
0.33401 9.57693464e-02
0.33517 1.03593885e-01
0.33633 1.04439320e-01
0.33749 1.07213658e-01
0.33866 1.07815172e-01
0.33983 1.07535240e-01
0.34101 1.14324293e-01
0.34219 1.05294549e-01
0.34337 1.06523548e-01
0.34456 1.08225548e-01
0.34576 1.24606286e-01
0.34695 1.15086278e-01
0.34815 1.16844372e-01
0.34936 1.09046299e-01
0.35057 1.16603865e-01
0.35178 1.14686439e-01
0.35300 1.16188049e-01
0.35422 1.18428048e-01
0.35545 1.22879355e-01
0.35668 1.25283386e-01
0.35791 1.18859051e-01
0.35915 1.22449490e-01
0.36039 1.23669091e-01
0.36164 1.20740318e-01
0.36289 1.23529199e-01
0.36415 1.29608899e-01
0.36541 1.27785014e-01
0.36668 1.27410353e-01
0.36795 1.31079346e-01
0.36922 1.30508797e-01
0.37050 1.29491812e-01
0.37178 1.26550029e-01
0.37307 1.35854215e-01
0.37436 1.33725268e-01
0.37565 1.38642304e-01
0.37695 1.37801569e-01
0.37826 1.31861117e-01
0.37957 1.29730291e-01
0.38088 1.38344762e-01
0.38220 1.48390057e-01
0.38352 1.38037376e-01
0.38485 1.41522649e-01
0.38618 1.42700154e-01
0.38752 1.44709935e-01
0.38886 1.44999810e-01
0.39021 1.40179728e-01
0.39156 1.40940377e-01
0.39291 1.39250250e-01
0.39427 1.50837124e-01
0.39564 1.54879738e-01
0.39701 1.47023442e-01
0.39838 1.40018121e-01
0.39976 1.45277417e-01
0.40115 1.40186505e-01
0.40253 1.49109748e-01
0.40393 1.52859371e-01
0.40533 1.49771265e-01
0.40673 1.50362936e-01
0.40814 1.55405370e-01
0.40955 1.50193513e-01
0.41097 1.45943931e-01
0.41239 1.48182643e-01
0.41382 1.45127236e-01
0.41525 1.45806512e-01
0.41669 1.56007132e-01
0.41813 1.56040374e-01
0.41958 1.58635247e-01
0.42103 1.54937267e-01
0.42249 1.55991649e-01
0.42395 1.49117959e-01
0.42542 1.49942173e-01
0.42689 1.53113877e-01
0.42837 1.51616916e-01
0.42985 1.54761166e-01
0.43134 1.56725388e-01
0.43283 1.60176134e-01
0.43433 1.56642730e-01
0.43583 1.57008684e-01
0.43734 1.55401265e-01
0.43886 1.54629387e-01
0.44037 1.54835465e-01
0.44190 1.57943109e-01
0.44343 1.61344289e-01
0.44496 1.58988043e-01
0.44650 1.58543486e-01
0.44805 1.59309032e-01
0.44960 1.59454118e-01
0.45116 1.55941490e-01
0.45272 1.52468238e-01
0.45429 1.57076107e-01
0.45586 1.59304036e-01
0.45744 1.56624922e-01
0.45902 1.58654885e-01
0.46061 1.61580591e-01
0.46220 1.63947274e-01
0.46380 1.59680577e-01
0.46541 1.56047547e-01
0.46702 1.58188959e-01
0.46864 1.59048393e-01
0.47026 1.57550295e-01
0.47189 1.57086396e-01
0.47352 1.57870937e-01
0.47516 1.60585421e-01
0.47680 1.63303664e-01
0.47845 1.59859695e-01
0.48011 1.56124418e-01
0.48177 1.58001925e-01
0.48344 1.59632643e-01
0.48511 1.59338762e-01
0.48679 1.59452189e-01
0.48848 1.59096969e-01
0.49017 1.62131699e-01
0.49186 1.63774685e-01
0.49357 1.62844613e-01
0.49528 1.61465334e-01
0.49699 1.59750473e-01
0.49871 1.59752155e-01
0.50044 1.60609214e-01
0.50217 1.56191890e-01
0.50391 1.58188365e-01
0.50565 1.56724646e-01
0.50740 1.63933869e-01
0.50916 1.61873088e-01
0.51092 1.64739582e-01
0.51269 1.63009535e-01
0.51446 1.65057653e-01
0.51625 1.67396387e-01
0.51803 1.64235616e-01
0.51983 1.61844545e-01
0.52163 1.58162989e-01
0.52343 1.60318400e-01
0.52524 1.65820923e-01
0.52706 1.62877805e-01
0.52889 1.58463400e-01
0.53072 1.60260128e-01
0.53255 1.61975187e-01
0.53440 1.66031355e-01
0.53625 1.62370030e-01
0.53810 1.63728285e-01
0.53997 1.66938425e-01
0.54183 1.61843210e-01
0.54371 1.67741318e-01
0.54559 1.65868461e-01
0.54748 1.62434287e-01
0.54938 1.65219557e-01
0.55128 1.62587386e-01
0.55319 1.64373628e-01
0.55510 1.66786958e-01
0.55702 1.64680024e-01
0.55895 1.58076422e-01
0.56089 1.62420535e-01
0.56283 1.73406093e-01
0.56478 1.69666314e-01
0.56673 1.65810140e-01
0.56869 1.61652367e-01
0.57066 1.66159127e-01
0.57264 1.73943004e-01
0.57462 1.74378360e-01
0.57661 1.64953327e-01
0.57860 1.61519648e-01
0.58061 1.63571229e-01
0.58262 1.73060222e-01
0.58463 1.75023207e-01
0.58666 1.68935295e-01
0.58869 1.68437858e-01
0.59073 1.67535883e-01
0.59277 1.74876588e-01
0.59482 1.80215773e-01
0.59688 1.74698013e-01
0.59895 1.67631205e-01
0.60102 1.62679988e-01
0.60310 1.67169780e-01
0.60519 1.76485937e-01
0.60728 1.75024790e-01
0.60939 1.72431302e-01
0.61150 1.68362125e-01
0.61361 1.73304686e-01
0.61574 1.82405415e-01
0.61787 1.83827334e-01
0.62001 1.79882961e-01
0.62215 1.77006771e-01
0.62431 1.77190293e-01
0.62647 1.79475009e-01
0.62864 1.77806598e-01
0.63081 1.77662650e-01
0.63300 1.74864766e-01
0.63519 1.74953756e-01
0.63739 1.71245685e-01
0.63959 1.75867851e-01
0.64181 1.76919809e-01
0.64403 1.84551229e-01
0.64626 1.84636263e-01
0.64849 1.82950439e-01
0.65074 1.83823525e-01
0.65299 1.82727344e-01
0.65525 1.87575918e-01
0.65752 1.89488695e-01
0.65980 1.86011634e-01
0.66208 1.77477496e-01
0.66437 1.69659833e-01
0.66667 1.80273698e-01
0.66898 1.93108468e-01
0.67130 1.85399879e-01
0.67362 1.78844408e-01
0.67595 1.80887975e-01
0.67829 1.87341001e-01
0.68064 1.87499492e-01
0.68299 1.95636907e-01
0.68536 1.87416932e-01
0.68773 1.84852927e-01
0.69011 1.86915736e-01
0.69250 1.79523042e-01
0.69490 1.88138601e-01
0.69730 2.02290619e-01
0.69972 1.92819632e-01
0.70214 1.81923016e-01
0.70457 1.82467990e-01
0.70701 1.87125722e-01
0.70946 1.95247852e-01
0.71191 2.00419097e-01
0.71438 1.86285036e-01
0.71685 1.83784496e-01
0.71933 1.90364008e-01
0.72182 1.92002591e-01
0.72432 1.95876079e-01
0.72683 1.94129757e-01
0.72934 1.90507115e-01
0.73187 1.93436877e-01
0.73440 1.93415508e-01
0.73694 1.88653846e-01
0.73949 1.91981123e-01
0.74205 1.97046064e-01
0.74462 1.97215092e-01
0.74720 1.94919937e-01
0.74979 1.94033049e-01
0.75238 1.96944460e-01
0.75499 1.98106382e-01
0.75760 1.95849812e-01
0.76022 2.03186559e-01
0.76285 1.97191249e-01
0.76549 1.87701563e-01
0.76814 1.88683477e-01
0.77080 1.89862366e-01
0.77347 1.94873191e-01
0.77615 1.96279232e-01
0.77884 1.91322919e-01
0.78153 1.91710194e-01
0.78424 1.94058871e-01
0.78695 2.00829275e-01
0.78968 2.04965133e-01
0.79241 2.04128603e-01
0.79515 1.96140626e-01
0.79790 1.96324890e-01
0.80067 2.02653754e-01
0.80344 2.04087397e-01
0.80622 2.01800602e-01
0.80901 1.94957384e-01
0.81181 1.91524941e-01
0.81462 1.92471931e-01
0.81744 1.97688290e-01
0.82027 1.99347204e-01
0.82311 1.94319363e-01
0.82596 1.88790918e-01
0.82882 1.88375547e-01
0.83169 1.96526367e-01
0.83457 2.02183919e-01
0.83745 1.96375543e-01
0.84035 1.90399327e-01
0.84326 1.90586509e-01
0.84618 1.94423094e-01
0.84911 2.01601004e-01
0.85205 2.04763705e-01
0.85500 1.99325241e-01
0.85796 1.95247555e-01
0.86093 1.96368668e-01
0.86391 2.01150561e-01
0.86690 2.03319031e-01
0.86990 1.96748077e-01
0.87291 1.90013734e-01
0.87593 1.89374724e-01
0.87897 1.92981932e-01
0.88201 1.96154972e-01
0.88506 1.95892106e-01
0.88813 1.92268573e-01
0.89120 1.90428562e-01
0.89428 1.91812689e-01
0.89738 1.94357007e-01
0.90049 1.97093602e-01
0.90360 1.96188065e-01
0.90673 1.92701061e-01
0.90987 1.91499713e-01
0.91302 1.93369751e-01
0.91618 1.94668399e-01
0.91935 1.93017499e-01
0.92253 1.89287514e-01
0.92573 1.87264723e-01
0.92893 1.87478617e-01
0.93215 1.87851052e-01
0.93537 1.87513442e-01
0.93861 1.86870969e-01
0.94186 1.88359915e-01
0.94512 1.91830002e-01
0.94839 1.93896769e-01
0.95168 1.93023880e-01
0.95497 1.91424227e-01
0.95828 1.91939818e-01
0.96159 1.94362300e-01
0.96492 1.95192152e-01
0.96826 1.92871473e-01
0.97161 1.90676736e-01
0.97498 1.90633453e-01
0.97835 1.91516284e-01
0.98174 1.91530135e-01
0.98514 1.89976090e-01
0.98855 1.87726643e-01
0.99197 1.85837808e-01
0.99540 1.84735047e-01
0.99885 1.84045383e-01
1.00231 1.82708497e-01
1.00578 1.80611259e-01
1.00926 1.78809386e-01
1.01275 1.78273613e-01
1.01626 1.78803598e-01
1.01978 1.79238311e-01
1.02330 1.78989247e-01
1.02685 1.78589160e-01
1.03040 1.78869439e-01
1.03397 1.79845119e-01
1.03755 1.81114632e-01
1.04114 1.82247962e-01
1.04474 1.83032899e-01
1.04836 1.83668546e-01
1.05199 1.84491424e-01
1.05563 1.85542096e-01
1.05928 1.86335146e-01
1.06295 1.86211825e-01
1.06663 1.85188113e-01
1.07032 1.83934528e-01
1.07403 1.82881729e-01
1.07775 1.81816465e-01
1.08148 1.80278942e-01
1.08522 1.78214302e-01
1.08898 1.76097920e-01
1.09275 1.74416152e-01
1.09653 1.73249333e-01
1.10032 1.72306399e-01
1.10413 1.71314889e-01
1.10796 1.70359539e-01
1.11179 1.69726663e-01
1.11564 1.69492290e-01
1.11950 1.69406218e-01
1.12338 1.69203751e-01
1.12726 1.68916498e-01
1.13117 1.68763300e-01
1.13508 1.68817169e-01
1.13901 1.68914222e-01
1.14295 1.68872275e-01
1.14691 1.68701071e-01
1.15088 1.68553215e-01
1.15487 1.68518588e-01
1.15886 1.68527047e-01
1.16287 1.68443399e-01
1.16690 1.68232572e-01
1.17094 1.68001167e-01
1.17499 1.67862808e-01
1.17906 1.67801025e-01
1.18314 1.67695314e-01
1.18724 1.67464948e-01
1.19135 1.67146333e-01
1.19547 1.66817034e-01
1.19961 1.66485805e-01
1.20376 1.66090071e-01
1.20793 1.65585511e-01
1.21211 1.65004229e-01
1.21630 1.64413250e-01
1.22052 1.63840031e-01
1.22474 1.63261122e-01
1.22898 1.62651149e-01
1.23323 1.62018223e-01
1.23750 1.61388809e-01
1.24179 1.60775719e-01
1.24609 1.60169950e-01
1.25040 1.59557355e-01
1.25473 1.58935064e-01
1.25907 1.58311290e-01
1.26343 1.57691176e-01
1.26780 1.57067401e-01
1.27219 1.56426165e-01
1.27659 1.55761036e-01
1.28101 1.55076219e-01
1.28545 1.54375573e-01
1.28990 1.53652865e-01
1.29436 1.52897806e-01
1.29884 1.52110445e-01
1.30334 1.51304683e-01
1.30785 1.50497535e-01
1.31238 1.49700281e-01
1.31692 1.48922912e-01
1.32148 1.48185166e-01
1.32605 1.47516525e-01
1.33064 1.46945433e-01
1.33525 1.46489597e-01
1.33987 1.46157627e-01
1.34451 1.45955308e-01
1.34916 1.45886945e-01
1.35383 1.45949916e-01
1.35852 1.46130321e-01
1.36322 1.46404564e-01
1.36794 1.46743905e-01
1.37268 1.47117230e-01
1.37743 1.47491693e-01
1.38220 1.47834002e-01
1.38698 1.48113934e-01
1.39178 1.48308190e-01
1.39660 1.48401781e-01
1.40144 1.48386990e-01
1.40629 1.48261691e-01
1.41115 1.48027961e-01
1.41604 1.47690945e-01
1.42094 1.47257716e-01
1.42586 1.46736238e-01
1.43080 1.46134625e-01
1.43575 1.45461136e-01
1.44072 1.44723885e-01
1.44571 1.43930736e-01
1.45071 1.43089902e-01
1.45573 1.42209692e-01
1.46077 1.41298714e-01
1.46583 1.40365871e-01
1.47090 1.39420613e-01
1.47599 1.38472584e-01
1.48110 1.37531778e-01
1.48623 1.36607790e-01
1.49137 1.35709623e-01
1.49654 1.34845193e-01
1.50172 1.34021425e-01
1.50692 1.33243611e-01
1.51213 1.32515511e-01
1.51737 1.31839253e-01
1.52262 1.31215527e-01
1.52789 1.30644237e-01
1.53318 1.30124392e-01
1.53849 1.29654557e-01
1.54381 1.29233052e-01
1.54916 1.28690897e-01
1.55452 1.27600355e-01
1.55990 1.26562445e-01
1.56530 1.25575486e-01
1.57072 1.24637747e-01
1.57615 1.23747545e-01
1.58161 1.22902901e-01
1.58709 1.22101393e-01
1.59258 1.21339755e-01
1.59809 1.20613633e-01
1.60362 1.19917539e-01
1.60918 1.19244545e-01
1.61475 1.18586539e-01
1.62034 1.17934469e-01
1.62594 1.17278640e-01
1.63157 1.16609406e-01
1.63722 1.15917812e-01
1.64289 1.15196044e-01
1.64857 1.14438017e-01
1.65428 1.13639575e-01
1.66001 1.12798692e-01
1.66575 1.11915217e-01
1.67152 1.10990784e-01
1.67731 1.10028509e-01
1.68311 1.09032448e-01
1.68894 1.08007301e-01
1.69478 1.06958162e-01
1.70065 1.05890127e-01
1.70654 1.04808143e-01
1.71245 1.03716711e-01
1.71837 1.02619886e-01
1.72432 1.01521034e-01
1.73029 1.00423121e-01
1.73628 9.93283741e-02
1.74229 9.82385740e-02
1.74832 9.71550067e-02
1.75437 9.60786615e-02
1.76045 9.50101320e-02
1.76654 9.39498635e-02
1.77266 9.28981527e-02
1.77879 9.18552964e-02
1.78495 9.08215420e-02
1.79113 8.97972357e-02
1.79733 8.87827733e-02
1.80355 8.77787979e-02
1.80979 8.67859029e-02
1.81606 8.58050284e-02
1.82234 8.48370647e-02
1.82865 8.38831989e-02
1.83498 8.29446679e-02
1.84133 8.20228565e-02
1.84771 8.11191995e-02
1.85410 8.02351807e-02
1.86052 7.93723831e-02
1.86696 7.85323401e-02
1.87342 7.77165853e-02
1.87991 7.69265532e-02
1.88642 7.61636288e-02
1.89295 7.54289499e-02
1.89950 7.47236047e-02
1.90607 7.40483847e-02
1.91267 7.34037845e-02
1.91929 7.27901505e-02
1.92594 7.22072848e-02
1.93260 7.16547421e-02
1.93929 7.11316816e-02
1.94601 7.06367181e-02
1.95274 7.01682193e-02
1.95950 6.97240087e-02
1.96629 6.93015633e-02
1.97309 6.88980637e-02
1.97992 6.85103440e-02
1.98678 6.81350404e-02
1.99365 6.77686408e-02
2.00055 6.74076331e-02
2.00748 6.70484556e-02
2.01443 6.66876952e-02
2.02140 6.63222355e-02
2.02840 6.59490095e-02
2.03542 6.55653955e-02
2.04247 6.51690685e-02
2.04954 6.47580005e-02
2.05663 6.43306580e-02
2.06375 6.38856559e-02
2.07090 6.34222027e-02
2.07806 6.29395564e-02
2.08526 6.24375687e-02
2.09247 6.19160911e-02
2.09972 6.13754699e-02
2.10699 6.08161008e-02
2.11428 6.02387259e-02
2.12160 5.96442355e-02
2.12894 5.90335695e-02
2.13631 5.84079645e-02
2.14371 5.77686573e-02
2.15113 5.71170824e-02
2.15857 5.64547237e-02
2.16605 5.57830653e-02
2.17354 5.51037396e-02
2.18107 5.44183295e-02
2.18862 5.37285168e-02
2.19619 5.30358845e-02
2.20380 5.23421145e-02
2.21143 5.16487897e-02
2.21908 5.09575425e-02
2.22676 5.02699064e-02
2.23447 4.95873653e-02
2.24220 4.89113934e-02
2.24997 4.82433511e-02
2.25775 4.75845639e-02
2.26557 4.69362884e-02
2.27341 4.62996821e-02
2.28128 4.56758480e-02
2.28918 4.50657954e-02
2.29710 4.44704393e-02
2.30505 4.38906257e-02
2.31303 4.33271014e-02
2.32104 4.27805294e-02
2.32908 4.22514834e-02
2.33714 4.17404433e-02
2.34523 4.12477948e-02
2.35335 4.07738399e-02
2.36149 4.03187762e-02
2.36967 3.98827226e-02
2.37787 3.94656939e-02
2.38610 3.90676158e-02
2.39436 3.86883252e-02
2.40265 3.83275549e-02
2.41097 3.79849636e-02
2.41931 3.76601012e-02
2.42769 3.73524333e-02
2.43609 3.70613467e-02
2.44452 3.67861291e-02
2.45298 3.65259937e-02
2.46148 3.62800752e-02
2.47000 3.60474334e-02
2.47855 3.58270594e-02
2.48713 3.56178847e-02
2.49574 3.54187863e-02
2.50438 3.52285969e-02
2.51304 3.50461094e-02
2.52174 3.48701020e-02
2.53047 3.46993233e-02
2.53923 3.45325365e-02
2.54802 3.43684952e-02
2.55684 3.42059873e-02
2.56569 3.40438306e-02
2.57457 3.38808924e-02
2.58349 3.37160843e-02
2.59243 3.35483972e-02
2.60140 3.33768864e-02
2.61041 3.32007059e-02
2.61944 3.30190890e-02
2.62851 3.28313729e-02
2.63761 3.26369838e-02
2.64674 3.24354566e-02
2.65590 3.22264401e-02
2.66510 3.20096623e-02
2.67432 3.17849699e-02
2.68358 3.15522935e-02
2.69287 3.13116629e-02
2.70219 3.10631820e-02
2.71154 3.08070485e-02
2.72093 3.05435149e-02
2.73035 3.02729223e-02
2.73980 2.99956369e-02
2.74928 2.97121039e-02
2.75880 2.94227931e-02
2.76835 2.91282092e-02
2.77793 2.88288963e-02
2.78755 2.85253936e-02
2.79720 2.82182847e-02
2.80688 2.79081337e-02
2.81660 2.75955291e-02
2.82635 2.72810349e-02
2.83613 2.69652248e-02
2.84595 2.66486530e-02
2.85580 2.63318586e-02
2.86569 2.60153758e-02
2.87561 2.56996943e-02
2.88556 2.53853089e-02
2.89555 2.50726747e-02
2.90557 2.47622219e-02
2.91563 2.44543661e-02
2.92572 2.41494832e-02
2.93585 2.38479344e-02
2.94601 2.35500461e-02
2.95621 2.32561202e-02
2.96644 2.29664335e-02
2.97671 2.26812383e-02
2.98702 2.24007525e-02
2.99736 2.21251835e-02
3.00773 2.18547097e-02
3.01814 2.15894744e-02
3.02859 2.13296161e-02
3.03907 2.10752387e-02
3.04960 2.08264313e-02
3.06015 2.05832630e-02
3.07074 2.03457835e-02
3.08137 2.01140222e-02
3.09204 1.98879942e-02
3.10274 1.93406752e-02
3.11348 1.86302151e-02
3.12426 1.79506569e-02
3.13508 1.73005610e-02
3.14593 1.66785474e-02
3.15682 1.60832705e-02
3.16775 1.55134244e-02
3.17871 1.49300293e-02
3.18972 1.43109491e-02
3.20076 1.37199164e-02
3.21184 1.31555512e-02
3.22295 1.26165574e-02
3.23411 1.21016836e-02
3.24531 1.16097525e-02
3.25654 1.11396213e-02
3.26781 1.05418364e-02
3.27912 9.96710792e-03
3.29047 9.42507692e-03
3.30187 8.91376967e-03
3.31330 8.43132127e-03
3.32476 7.97599544e-03
3.33627 7.54615979e-03
3.34782 7.06893012e-03
3.35941 6.46079187e-03
3.37104 5.90548896e-03
3.38271 5.39833691e-03
3.39442 4.93509196e-03
3.40617 4.51188187e-03
3.41796 4.12518709e-03
3.42979 3.77180563e-03
3.44166 1.55728586e-03
3.45358 2.34136764e-04
3.46553 1.89603854e-04
3.47753 1.88558475e-04
3.48957 1.87493111e-04
3.50164 1.86406378e-04
3.51377 1.85297385e-04
3.52593 1.84165439e-04
3.53814 1.83009897e-04
3.55038 1.81830315e-04
3.56267 1.80626346e-04
3.57500 1.79397644e-04
3.58738 1.78144109e-04
3.59980 1.76865692e-04
3.61226 1.75562542e-04
3.62476 1.74234709e-04
3.63731 1.72829262e-04
3.64990 1.70744093e-04
3.66254 1.68633994e-04
3.67521 1.66500793e-04
3.68794 1.64346520e-04
3.70070 1.62173202e-04
3.71351 1.59983016e-04
3.72637 1.57778237e-04
3.73927 1.55561240e-04
3.75221 1.53704607e-04
3.76520 1.52161544e-04
3.77823 1.50606213e-04
3.79131 1.49039851e-04
3.80443 1.47463596e-04
3.81760 1.45878733e-04
3.83082 1.44286500e-04
3.84408 1.42688183e-04
3.85739 1.41084919e-04
3.87074 1.39478093e-04
3.88414 1.37868843e-04
3.89758 1.36258456e-04
3.91107 1.34648069e-04
3.92461 1.33038918e-04
3.93820 1.31432191e-04
3.95183 1.29828927e-04
3.96551 1.28230263e-04
3.97924 1.26637288e-04
3.99301 1.25050991e-04
4.00683 1.23472312e-04
4.02070 1.21902240e-04
4.03462 1.20341666e-04
4.04859 1.18791430e-04
4.06260 1.17252373e-04
4.07667 1.15725189e-04
4.09078 1.14210668e-04
4.10494 1.12709404e-04
4.11915 1.11222041e-04
4.13341 1.09709993e-04
4.14771 1.07784305e-04
4.16207 1.05889583e-04
4.17648 1.04026223e-04
4.19094 1.02194621e-04
4.20545 1.00394875e-04
4.22000 9.86271841e-05
4.23461 9.68916461e-05
4.24927 9.51882615e-05
4.26398 9.35169312e-05
4.27874 9.20165083e-05
4.29355 9.07915157e-05
4.30841 8.95841333e-05
4.32332 8.83944105e-05
4.33829 8.72222979e-05
4.35331 8.60678448e-05
4.36838 8.49310019e-05
4.38350 8.38116701e-05
4.39867 8.27098001e-05
4.41390 8.16252929e-05
4.42918 8.05580001e-05
4.44451 7.95078723e-05
4.45990 7.84746620e-05
4.47533 7.74582704e-05
4.49083 7.64584996e-05
4.50637 7.54752012e-05
4.52197 7.45081773e-05
4.53762 7.35571807e-05
4.55333 7.26220133e-05
4.56909 7.17024775e-05
4.58491 7.07983257e-05
4.60078 6.96948728e-05
4.61670 6.85793005e-05
4.63269 6.74871755e-05
4.64872 6.64180029e-05
4.66481 6.53711893e-05
4.68096 6.43462400e-05
4.69717 6.33426108e-05
4.71343 6.23597081e-05
4.72974 6.13970868e-05
4.74611 6.04542027e-05
4.76254 5.95385252e-05
4.77903 5.88352576e-05
4.79557 5.81434168e-05
4.81217 5.74627060e-05
4.82883 5.67929768e-05
4.84555 5.61339324e-05
4.86232 5.54853255e-05
4.87915 5.48470076e-05
4.89604 5.42186820e-05
4.91299 5.36001508e-05
4.92999 5.29912161e-05
4.94706 5.23916307e-05
4.96418 5.15461959e-05
4.98137 5.06553507e-05
4.99861 4.97837480e-05
5.01591 4.89308042e-05
5.03328 4.80959255e-05
5.05070 4.72786076e-05
5.06818 4.64784595e-05
5.08573 4.56955160e-05
5.10333 5.87773321e-05
5.12100 2.23469723e-04
5.13873 8.51694312e-04
5.15651 2.83393742e-03
5.17436 2.97808526e-03
5.19228 3.12978172e-03
5.21025 3.28942945e-03
5.22828 3.45745239e-03
5.24638 3.63429819e-03
5.26454 3.82043730e-03
5.28277 4.01636636e-03
5.30105 4.22260773e-03
5.31940 4.43971347e-03
5.33782 4.66826332e-03
5.35629 4.90886919e-03
5.37484 5.16217809e-03
5.39344 5.30368739e-03
5.41211 5.43816747e-03
5.43084 5.57635755e-03
5.44965 5.71837140e-03
5.46851 5.86431291e-03
5.48744 6.01429089e-03
5.50643 6.16842408e-03
5.52550 6.32681635e-03
5.54462 6.48959631e-03
5.56381 6.65688268e-03
5.58308 6.82880408e-03
5.60240 7.00548417e-03
5.62179 7.17278044e-03
5.64125 7.28492632e-03
5.66078 7.39913496e-03
5.68038 7.51545088e-03
5.70004 7.63390871e-03
5.71977 7.75453812e-03
5.73957 7.87738364e-03
5.75944 8.00247989e-03
5.77938 8.12986151e-03
5.79938 8.25957795e-03
5.81946 8.39165889e-03
5.83960 8.52614887e-03
5.85982 8.66309239e-03
5.88010 8.80252408e-03
5.90045 8.90014655e-03
5.92088 8.99364844e-03
5.94137 9.08850077e-03
5.96194 9.18471344e-03
5.98258 9.28230623e-03
6.00329 9.38128903e-03
6.02407 9.48167173e-03
6.04492 9.58346919e-03
6.06585 9.68670117e-03
6.08684 9.79137264e-03
6.10791 9.89750832e-03
6.12906 1.00051132e-02
6.15027 1.01142069e-02
6.17156 1.02247996e-02
6.19293 1.03021110e-02
6.21436 1.03780028e-02
6.23588 1.04546761e-02
6.25746 1.05321261e-02
6.27912 1.06103576e-02
6.30086 1.06893856e-02
6.32267 1.07692000e-02
6.34455 1.08498159e-02
6.36652 1.09312380e-02
6.38856 1.10134615e-02
6.41067 1.10965012e-02
6.43286 1.11803571e-02
6.45513 1.12650341e-02
6.47747 1.13505372e-02
6.49990 1.14254050e-02
6.52240 1.14719779e-02
6.54497 1.15188970e-02
6.56763 1.15661674e-02
6.59037 1.16137840e-02
6.61318 1.16617518e-02
6.63607 1.17100659e-02
6.65904 1.17587263e-02
6.68209 1.18077329e-02
6.70522 1.18570907e-02
6.72843 1.19067899e-02
6.75172 1.19568403e-02
6.77510 1.20072320e-02
6.79855 1.20579749e-02
6.82208 1.21090641e-02
6.84570 1.21604995e-02
6.86939 1.22122812e-02
6.89317 1.22644141e-02
6.91704 1.23104923e-02
6.94098 1.23558137e-02
6.96500 1.24014269e-02
6.98911 1.24473369e-02
7.01331 1.24935437e-02
7.03759 1.25400424e-02
7.06195 1.25868379e-02
7.08639 1.26339301e-02
7.11092 1.26813142e-02
7.13554 1.27289952e-02
7.16024 1.27769729e-02
7.18502 1.28252425e-02
7.20990 1.28738088e-02
7.23485 1.29226720e-02
7.25990 1.29718369e-02
7.28503 1.30212937e-02
7.31025 1.30626775e-02
7.33555 1.30933914e-02
7.36094 1.31242783e-02
7.38642 1.31553385e-02
7.41199 1.31865767e-02
7.43765 1.32179880e-02
7.46340 1.32495725e-02
7.48923 1.32813350e-02
7.51516 1.33132657e-02
7.54117 1.33453696e-02
7.56727 1.33776466e-02
7.59347 1.34100967e-02
7.61975 1.34427200e-02
7.64613 1.34755164e-02
7.67260 1.35084859e-02
7.69916 1.35416237e-02
7.72581 1.35749345e-02
7.75255 1.36080871e-02
7.77939 1.36272307e-02
7.80632 1.36464831e-02
7.83334 1.36658444e-02
7.86046 1.36853243e-02
7.88767 1.37049131e-02
7.91497 1.37246108e-02
7.94237 1.37444222e-02
7.96986 1.37643424e-02
7.99745 1.37843764e-02
8.02513 1.38045192e-02
8.05291 1.38247709e-02
8.08079 1.38451363e-02
8.10876 1.38656056e-02
8.13683 1.38861887e-02
8.16500 1.39068806e-02
8.19326 1.39276813e-02
8.22162 1.39485958e-02
8.25008 1.39696142e-02
8.27864 1.49029909e-02
8.30730 1.69526570e-02
8.33605 1.92840458e-02
8.36491 2.19357262e-02
8.39386 2.49515259e-02
8.42292 2.83811884e-02
8.45208 3.22811799e-02
8.48133 3.67155599e-02
8.51069 4.17569750e-02
8.54016 4.74877675e-02
8.56972 5.40012265e-02
8.59938 6.14029239e-02
8.62915 6.98123067e-02
8.65902 7.93644684e-02
8.68899 9.02117664e-02
8.71907 1.02526295e-01
8.74925 1.16501667e-01
8.77954 1.32355981e-01
8.80993 1.50334048e-01
8.84043 1.70710357e-01
8.87103 1.84722433e-01
8.90174 1.95826810e-01
8.93255 2.07587015e-01
8.96347 2.20040248e-01
8.99450 2.33225687e-01
9.02563 2.47184538e-01
9.05688 2.61960181e-01
9.08823 2.77598029e-01
9.11969 2.94145915e-01
9.15126 3.11653999e-01
9.18294 3.30174913e-01
9.21472 3.49763960e-01
9.24662 3.70478918e-01
9.27863 3.92380631e-01
9.31075 4.15532663e-01
9.34298 4.40001795e-01
9.37532 4.65858071e-01
9.40777 4.93175049e-01
9.44034 5.22030143e-01
9.47302 5.52504083e-01
9.50581 5.84684128e-01
9.53871 6.10886127e-01
9.57173 6.28529403e-01
9.60487 6.46656957e-01
9.63811 6.65281157e-01
9.67148 6.84414864e-01
9.70495 7.04072423e-01
9.73855 7.24266695e-01
9.77226 7.45011531e-01
9.80609 7.66322265e-01
9.84003 7.88213244e-01
9.87409 8.10699307e-01
9.90827 8.30665537e-01
9.94257 8.39302417e-01
9.97699 8.47944739e-01
10.01153 8.56588544e-01
10.04618 8.65227403e-01
10.08096 8.73856863e-01
10.11585 8.82471483e-01
10.15087 8.91064832e-01
10.18601 8.99632459e-01
10.22127 9.08167932e-01
10.25665 9.16665316e-01
10.29215 9.25119169e-01
10.32778 9.27975869e-01
10.36353 9.25595533e-01
10.39941 9.23107360e-01
10.43540 9.20511349e-01
10.47153 9.17807501e-01
10.50777 9.14996311e-01
10.54415 9.12077777e-01
10.58065 9.09052396e-01
10.61727 8.95790877e-01
10.65403 8.82246904e-01
10.69091 8.68817199e-01
10.72791 8.55502256e-01
10.76505 8.42303560e-01
10.80231 8.29221605e-01
10.83971 8.16257876e-01
10.87723 8.03412372e-01
10.91488 7.90686083e-01
10.95266 7.78079997e-01
10.99058 7.65594611e-01
11.02862 7.53230912e-01
11.06680 7.40988901e-01
11.10511 7.28869568e-01
11.14355 7.16873407e-01
11.18212 7.05001407e-01
11.22083 6.93253073e-01
11.25967 6.75351581e-01
11.29865 6.42713475e-01
11.33776 6.11551948e-01
11.37701 5.81812093e-01
11.41639 5.53438013e-01
11.45591 5.26375295e-01
11.49556 5.00571008e-01
11.53536 4.75973708e-01
11.57529 4.52532642e-01
11.61536 4.30198937e-01
11.65556 4.08925153e-01
11.69591 3.88665289e-01
11.73640 3.69374971e-01
11.77702 3.51011311e-01
11.81779 3.33532858e-01
11.85870 3.16899840e-01
11.89975 3.01073821e-01
11.94094 2.86018047e-01
11.98227 2.71696953e-01
12.02375 2.58076603e-01
12.06537 2.45124350e-01
12.10714 2.32808931e-01
12.14905 2.21100369e-01
12.19110 2.09969923e-01
12.23330 1.99390191e-01
12.27565 1.89334854e-01
12.31814 1.79778834e-01
12.36078 1.70698089e-01
12.40357 1.66124649e-01
12.44651 1.63952518e-01
12.48959 1.61810215e-01
12.53283 1.59697247e-01
12.57621 1.57613018e-01
12.61974 1.55557085e-01
12.66343 1.53528803e-01
12.70726 1.51527777e-01
12.75125 1.49553464e-01
12.79539 1.47605417e-01
12.83968 1.45683192e-01
12.88413 1.43786392e-01
12.92873 1.41914475e-01
12.97348 1.40067142e-01
13.01839 1.38243949e-01
13.06345 1.36444500e-01
13.10867 1.34668400e-01
13.15405 1.32915350e-01
13.19959 1.31184907e-01
13.24528 1.29476823e-01
13.29113 1.27790653e-01
13.33713 1.26126149e-01
13.38330 1.24482916e-01
13.42963 1.22860706e-01
13.47612 1.21259223e-01
13.52277 1.19678120e-01
13.56958 1.18117100e-01
13.61655 1.16575917e-01
13.66368 1.15054273e-01
13.71098 1.13551970e-01
13.75844 1.12341323e-01
13.80607 1.14842555e-01
13.85386 1.17399388e-01
13.90182 1.20013009e-01
13.94994 1.22684654e-01
13.99823 1.25415610e-01
14.04668 1.28207163e-01
14.09531 1.31060548e-01
14.14410 1.33977251e-01
14.19306 1.36958558e-01
14.24219 1.40005853e-01
14.29149 1.43120670e-01
14.34096 1.46304444e-01
14.39060 1.49558608e-01
14.44042 1.52884796e-01
14.49041 1.56284492e-01
14.54057 1.59759377e-01
14.59090 1.63311034e-01
14.64141 1.66941145e-01
14.69209 1.70651442e-01
14.74295 1.74443705e-01
14.79398 1.78319666e-01
14.84519 1.82281204e-01
14.89658 1.86330150e-01
14.94814 1.90468432e-01
14.99989 1.94697980e-01
15.05181 1.99020872e-01
15.10392 2.03439087e-01
15.15620 2.07954701e-01
15.20866 2.12569891e-01
15.26131 2.17286884e-01
15.31414 2.22107807e-01
15.36715 2.27035033e-01
15.42034 2.32070839e-01
15.47372 2.37217647e-01
15.52729 2.41499878e-01
15.58103 2.45728931e-01
15.63497 2.50030751e-01
15.68909 2.54406572e-01
15.74340 2.58857682e-01
15.79790 2.63385366e-01
15.85258 2.67990910e-01
15.90746 2.72675700e-01
15.96252 2.77441121e-01
16.01778 2.82288558e-01
16.07323 2.87219444e-01
16.12886 2.92235167e-01
16.18470 2.97337307e-01
16.24072 3.02527350e-01
16.29694 3.07806779e-01
16.35335 3.13177177e-01
16.40996 3.18640127e-01
16.46677 3.24197311e-01
16.52377 3.29850312e-01
16.58097 3.35600862e-01
16.63836 3.41450691e-01
16.69596 3.47401531e-01
16.75375 3.53455113e-01
16.81175 3.59613317e-01
16.86994 3.65878023e-01
16.92834 3.72251061e-01
16.98694 3.78734311e-01
17.04574 3.85329850e-01
17.10474 3.92039558e-01
17.16395 3.98865513e-01
17.22337 4.05809743e-01
17.28299 4.12874374e-01
17.34281 4.20061535e-01
17.40285 4.27373401e-01
17.46309 4.34812099e-01
17.52354 4.42379955e-01
17.58420 4.50079145e-01
17.64507 4.57911993e-01
17.70615 4.61185549e-01
17.76744 4.61684223e-01
17.82894 4.62178543e-01
17.89066 4.62668461e-01
17.95259 4.63153976e-01
18.01473 4.63634990e-01
18.07709 4.64111502e-01
18.13967 4.64583513e-01
18.20246 4.65050874e-01
18.26547 4.65513635e-01
18.32870 4.65971696e-01
18.39214 4.66425058e-01
18.45581 4.66873622e-01
18.51969 4.67317437e-01
18.58380 4.67756355e-01
18.64813 4.68190425e-01
18.71268 4.68619548e-01
18.77746 4.69043725e-01
18.84246 4.69462856e-01
18.90768 4.69876941e-01
18.97313 4.70285882e-01
19.03881 4.70689728e-01
19.10472 4.71088331e-01
19.17085 4.71481739e-01
19.23721 4.71869805e-01
19.30380 4.72252578e-01
19.37062 4.72630009e-01
19.43768 4.73001949e-01
19.50496 4.73368447e-01
19.57248 4.73729455e-01
19.64023 4.74084873e-01
19.70822 4.74434701e-01
19.77644 4.74778890e-01
19.84490 4.75117341e-01
19.91359 4.75450054e-01
19.98252 4.75776979e-01
20.05169 4.76098018e-01
20.12110 4.76413170e-01
20.19076 4.76722386e-01
20.26065 4.77025617e-01
20.33078 4.77322812e-01
20.40116 4.77613924e-01
20.47178 4.77898852e-01
20.54264 4.78177646e-01
20.61375 4.78450158e-01
20.68511 4.76533324e-01
20.75671 4.74462353e-01
20.82856 4.72395339e-01
20.90066 4.70332381e-01
20.97301 4.68273479e-01
21.04561 4.66218683e-01
21.11846 4.64168043e-01
21.19157 4.62121557e-01
21.26492 4.60079227e-01
21.33853 4.58041200e-01
21.41240 4.56007378e-01
21.48652 4.53977909e-01
21.56090 4.51952744e-01
21.63553 4.49931932e-01
21.71043 4.47915572e-01
21.78558 4.45903564e-01
21.86099 4.43896009e-01
21.93666 4.41892955e-01
22.01260 4.39894453e-01
22.08880 4.37900451e-01
22.16526 4.35911001e-01
22.24199 4.33926151e-01
22.31898 4.31945901e-01
22.39624 4.29970351e-01
22.47377 4.27999451e-01
22.55156 4.26033250e-01
22.62962 4.24071748e-01
22.70796 4.22115044e-01
22.78656 4.20163090e-01
22.86544 4.18215933e-01
22.94459 4.16273575e-01
23.02402 4.14336114e-01
23.10372 4.12403501e-01
23.18369 4.10475736e-01
23.26394 4.08552966e-01
23.34447 4.06635094e-01
23.42528 4.04722169e-01
23.50637 4.02814239e-01
23.58774 4.00911306e-01
23.66939 3.99013369e-01
23.75133 3.97120478e-01
23.83354 3.95232681e-01
23.91604 3.93349930e-01
23.99883 3.91472324e-01
24.08191 3.89599813e-01
24.16527 3.87732397e-01
24.24892 3.85870175e-01
24.33286 3.84013147e-01
24.41709 3.82161263e-01
24.50161 3.80314573e-01
24.58642 3.78473127e-01
24.67153 3.76636925e-01
24.75693 3.74798150e-01
24.84263 3.72823836e-01
24.92863 3.70858278e-01
25.01492 3.68901426e-01
25.10151 3.66953280e-01
25.18840 3.65013841e-01
25.27559 3.63083008e-01
25.36309 3.61160833e-01
25.45088 3.59247264e-01
25.53898 3.57342253e-01
25.62739 3.55445800e-01
25.71610 3.53557905e-01
25.80512 3.51678518e-01
25.89444 3.49807590e-01
25.98408 3.47945120e-01
26.07403 3.46091060e-01
26.16428 3.44245459e-01
26.25485 3.42408217e-01
26.34574 3.40579336e-01
26.43694 3.38758764e-01
26.52845 3.36946504e-01
26.62028 3.35142504e-01
26.71243 3.33346814e-01
26.80489 3.31559287e-01
26.89768 3.29780020e-01
26.99079 3.28008866e-01
27.08422 3.26245924e-01
27.17798 3.24491094e-01
27.27205 3.22744327e-01
27.36646 3.21005672e-01
27.46119 3.19275032e-01
27.55625 3.17552454e-01
27.65164 3.15837840e-01
27.74736 3.14131191e-01
27.84341 3.12432505e-01
27.93979 3.10741685e-01
28.03650 3.09058829e-01
28.13355 3.07383789e-01
28.23094 3.05716565e-01
28.32867 3.04057205e-01
28.42673 3.02405563e-01
28.52513 3.00761736e-01
28.62387 2.99125626e-01
28.72295 2.97497183e-01
28.82238 2.95876457e-01
28.92215 2.94263399e-01
29.02227 2.92657909e-01
29.12273 2.91060036e-01
29.22354 2.89469733e-01
29.32470 2.87886997e-01
29.42621 2.86311731e-01
29.52807 2.84743984e-01
29.63029 2.83183706e-01
29.73286 2.81630849e-01
29.83578 2.80085411e-01
29.93906 2.78547394e-01
30.04269 2.77016697e-01
30.14669 2.75493322e-01
30.25104 2.73977218e-01
30.35576 2.72468435e-01
30.46084 2.70966924e-01
30.56628 2.69472585e-01
30.67209 2.67985469e-01
30.77826 2.66505525e-01
30.88481 2.65032705e-01
30.99172 2.63542571e-01
31.09900 2.62003020e-01
31.20665 2.60472026e-01
31.31467 2.58949591e-01
31.42307 2.57435614e-01
31.53184 2.55930096e-01
31.64099 2.54432987e-01
31.75052 2.52944238e-01
31.86043 2.51463800e-01
31.97072 2.49991623e-01
32.08139 2.48527706e-01
32.19244 2.47071902e-01
32.30388 2.45624309e-01
32.41570 2.44184780e-01
32.52791 2.42753264e-01
32.64051 2.41329811e-01
32.75349 2.39914323e-01
32.86687 2.38506749e-01
32.98064 2.37107089e-01
33.09481 2.35715246e-01
33.20937 2.34331218e-01
33.32433 2.32954907e-01
33.43968 2.31586362e-01
33.55544 2.30225485e-01
33.67159 2.28872274e-01
33.78815 2.27526633e-01
33.90511 2.26188559e-01
34.02247 2.24858005e-01
34.14024 2.23534920e-01
34.25842 2.22219305e-01
34.37701 2.20911060e-01
34.49601 2.19610185e-01
34.61542 2.18316582e-01
34.73525 2.17030301e-01
34.85549 2.15751291e-01
34.97614 2.14479453e-01
35.09721 2.13214788e-01
35.21871 2.11957247e-01
35.34062 2.10706779e-01
35.46295 2.09463385e-01
35.58571 2.08227015e-01
35.70889 2.06997620e-01
35.83250 2.05775150e-01
35.95654 2.04559556e-01
36.08101 2.03350838e-01
36.20590 2.02148996e-01
36.33123 2.00953881e-01
36.45700 1.99765544e-01
36.58320 1.98583933e-01
36.70983 1.97409001e-01
36.83691 1.96240747e-01
36.96442 1.95079072e-01
37.09238 1.93923975e-01
37.22077 1.92775409e-01
37.34962 1.91633323e-01
37.47890 1.90497766e-01
37.60864 1.89368590e-01
37.73883 1.88245845e-01
37.86946 1.87129481e-01
38.00055 1.86019400e-01
38.13209 1.84915650e-01
38.26409 1.83818133e-01
38.39654 1.82726849e-01
38.52946 1.81641798e-01
38.66283 1.80562880e-01
38.79667 1.79490097e-01
38.93096 1.78423398e-01
39.06573 1.77362733e-01
39.20096 1.76308153e-01
39.33665 1.75259559e-01
39.47282 1.74216901e-01
39.60946 1.73180178e-01
39.74657 1.72149342e-01
39.88416 1.71124393e-01
40.02222 1.70105281e-01
40.16076 1.69091956e-01
40.29978 1.68084419e-01
40.43928 1.67082620e-01
40.57926 1.66086559e-01
40.71973 1.65096138e-01
40.86069 1.64111355e-01
41.00213 1.63132212e-01
41.14406 1.62158659e-01
41.28648 1.61190645e-01
41.42940 1.60141260e-01
41.57281 1.59069713e-01
41.71672 1.58005289e-01
41.86113 1.56947939e-01
42.00603 1.55897564e-01
42.15144 1.54854213e-01
42.29735 1.53817738e-01
42.44377 1.52788139e-01
42.59069 1.51765366e-01
42.73812 1.50749370e-01
42.88606 1.49740151e-01
43.03451 1.48737610e-01
43.18348 1.47741698e-01
43.33297 1.46752414e-01
43.48297 1.45769659e-01
43.63349 1.44793484e-01
43.78453 1.43823740e-01
43.93609 1.42860426e-01
44.08818 1.41903493e-01
44.24079 1.40952942e-01
44.39394 1.40008673e-01
44.54761 1.39070686e-01
44.70182 1.38138882e-01
44.85655 1.37213262e-01
45.01183 1.36293825e-01
45.16764 1.35380472e-01
45.32399 1.34473155e-01
45.48089 1.33571872e-01
45.63832 1.32676575e-01
45.79630 1.31787214e-01
45.95483 1.30903739e-01
46.11391 1.30026101e-01
46.27353 1.29154301e-01
46.43371 1.28288337e-01
46.59445 1.27428063e-01
46.75574 1.26573526e-01
46.91759 1.25724628e-01
47.08000 1.24881370e-01
47.24297 1.24043702e-01
47.40650 1.23211623e-01
47.57060 1.22385035e-01
47.73527 1.21563938e-01
47.90051 1.20748282e-01
48.06633 1.19938018e-01
48.23271 1.19133146e-01
48.39967 1.18333665e-01
48.56721 1.17539429e-01
48.73533 1.16750485e-01
48.90403 1.15966735e-01
49.07332 1.15188228e-01
49.24319 1.14414867e-01
49.41365 1.13646649e-01
49.58470 1.12883527e-01
49.75634 1.12125500e-01
49.92858 1.11372469e-01
50.10141 1.10624434e-01
50.27484 1.09881345e-01
50.44887 1.09143204e-01
50.62350 1.08410009e-01
50.79874 1.07681612e-01
50.97458 1.06958063e-01
51.15104 1.06239362e-01
51.32810 1.05525360e-01
51.50578 1.04816157e-01
51.68407 1.04111652e-01
51.86298 1.03411798e-01
52.04250 1.02716593e-01
52.22265 1.02025989e-01
52.40343 1.01340035e-01
52.58482 1.00658582e-01
52.76685 9.99816309e-02
52.94951 9.93092305e-02
53.13280 9.86412327e-02
53.31672 9.79777363e-02
53.50128 9.73185929e-02
53.68648 9.66638521e-02
53.87232 9.60134644e-02
54.05880 9.53673803e-02
54.24593 9.47255997e-02
54.43371 9.40880733e-02
54.62214 9.34547516e-02
54.81122 9.28256840e-02
55.00095 9.22007716e-02
55.19134 9.15800144e-02
55.38239 9.09633629e-02
55.57410 9.03508172e-02
55.76647 8.97423277e-02
55.95951 8.91378945e-02
56.15322 8.85374681e-02
56.34760 8.79410485e-02
56.54265 8.73485863e-02
56.73838 8.67600813e-02
56.93479 8.61754348e-02
57.13187 8.55946961e-02
57.32964 8.50178159e-02
57.52809 8.44447940e-02
57.72723 8.38755316e-02
57.92705 8.33100781e-02
58.12757 8.27483841e-02
58.32879 8.21904496e-02
58.53070 8.16361756e-02
58.73331 8.10856116e-02
58.93662 8.05387081e-02
59.14063 7.99954157e-02
59.34535 7.94557344e-02
59.55078 7.89196641e-02
59.75692 7.83871555e-02
59.96377 7.78582084e-02
60.17134 7.73327240e-02
60.37963 7.68107517e-02
60.58864 7.62922916e-02
60.79837 7.57772447e-02
61.00883 7.52656109e-02
61.22002 7.47573904e-02
61.43194 7.42525831e-02
61.64459 7.37510900e-02
61.85797 7.32529607e-02
62.07210 7.27581456e-02
62.28697 7.22665953e-02
62.50258 7.17783099e-02
62.71894 7.12932892e-02
62.93605 7.08115333e-02
63.15390 7.03329433e-02
63.37252 6.98575192e-02
63.59189 6.93853104e-02
63.81201 6.89162180e-02
64.03290 6.84502420e-02
64.25456 6.79873824e-02
64.47698 6.75275897e-02
64.70017 6.70708640e-02
64.92414 6.66171557e-02
65.14888 6.61665144e-02
65.37440 6.57188411e-02
65.60070 6.52741852e-02
65.82778 6.48324479e-02
66.05565 6.43936785e-02
66.28430 6.39577783e-02
66.51375 6.35248460e-02
66.74400 6.30947828e-02
66.97504 6.26675887e-02
67.20688 6.22432141e-02
67.43952 6.18216592e-02
67.67297 6.14029733e-02
67.90722 6.09870081e-02
68.14229 6.05738625e-02
68.37817 6.01634376e-02
68.61486 5.97557828e-02
68.85238 5.93507992e-02
69.09072 5.89485363e-02
69.32988 5.85489940e-02
69.56987 5.81520735e-02
69.81069 5.77578241e-02
70.05235 5.73661471e-02
70.29484 5.69771412e-02
70.53817 5.65907076e-02
70.78235 5.62068463e-02
71.02737 5.58255572e-02
71.27323 5.54468404e-02
71.51995 5.50705969e-02
71.76752 5.46968763e-02
72.01595 5.43256784e-02
72.26524 5.39569044e-02
72.51539 5.35906532e-02
72.76641 5.32268259e-02
73.01830 5.28653729e-02
73.27106 5.25063933e-02
73.52469 5.21497881e-02
73.77920 5.17955573e-02
74.03460 5.14437009e-02
74.29087 5.10942189e-02
74.54804 5.07470619e-02
74.80609 5.04021803e-02
75.06504 5.00596236e-02
75.32488 4.97193919e-02
75.58563 4.93813861e-02
75.84727 4.90456559e-02
76.10982 4.87121664e-02
76.37328 4.83809080e-02
76.63766 4.80518606e-02
76.90295 4.77250146e-02
77.16915 4.74003500e-02
77.43628 4.70778570e-02
77.70433 4.67575158e-02
77.97331 4.64393215e-02
78.24322 4.61232542e-02
78.51407 4.58092992e-02
78.78585 4.54974415e-02
79.05857 4.51876714e-02
79.33224 4.48799739e-02
79.60686 4.45743342e-02
79.88242 4.42707375e-02
80.15894 4.39691738e-02
80.43642 4.36696235e-02
80.71486 4.33720815e-02
80.99426 4.30765280e-02
81.27463 4.27829582e-02
81.55596 4.24913473e-02
81.83828 4.22016903e-02
82.12157 4.19139723e-02
82.40584 4.16281836e-02
82.69109 4.13443043e-02
82.97733 4.10623295e-02
83.26457 4.07822393e-02
83.55279 4.05040289e-02
83.84202 4.02276833e-02
84.13225 3.99531829e-02
84.42348 3.96805276e-02
84.71572 3.94096976e-02
85.00897 3.91406781e-02
85.30323 3.88734641e-02
85.59852 3.86080457e-02
85.89482 3.83444033e-02
86.19215 3.80825267e-02
86.49052 3.78224063e-02
86.78991 3.75640320e-02
87.09034 3.73073890e-02
87.39181 3.70524675e-02
87.69432 3.67992575e-02
87.99789 3.65477442e-02
88.30250 3.62979178e-02
88.60816 3.60497683e-02
88.91489 3.58032857e-02
89.22267 3.55584554e-02
89.53153 3.53152674e-02
89.84145 3.50737118e-02
90.15244 3.48337787e-02
90.46451 3.45954581e-02
90.77766 3.43587354e-02
91.09190 3.41236055e-02
91.40722 3.38900536e-02
91.72363 3.36580648e-02
92.04114 3.34276392e-02
92.35975 3.31987619e-02
92.67946 3.29714230e-02
93.00028 3.27456126e-02
93.32221 3.25213159e-02
93.64525 3.22985279e-02
93.96941 3.20772388e-02
94.29469 3.18574386e-02
94.62110 3.16391125e-02
94.94864 3.14222605e-02
95.27731 3.12068629e-02
95.60712 3.09929146e-02
95.93807 3.07804058e-02
96.27017 3.05693216e-02
96.60342 3.03596621e-02
96.93782 3.01514124e-02
97.27338 2.99445675e-02
97.61010 2.97391127e-02
97.94798 2.95350379e-02
98.28704 2.93323433e-02
98.62727 2.91310090e-02
98.96867 2.89310301e-02
99.31126 2.87323967e-02
99.65504 2.85351039e-02
100.00000 2.83391417e-02
