        2000  5.000000 2.710000
0.10000 1.17594343e-03
0.10035 1.42004036e-03
0.10069 1.21860154e-03
0.10104 1.68062782e-03
0.10139 1.22214080e-03
0.10174 1.20620131e-03
0.10210 1.15002879e-03
0.10245 1.49067073e-03
0.10280 1.16718128e-03
0.10316 1.15044215e-03
0.10352 1.17293660e-03
0.10387 1.14724562e-03
0.10423 1.14712800e-03
0.10459 3.50152415e-03
0.10496 1.30482056e-03
0.10532 1.11847228e-03
0.10568 1.49068012e-03
0.10605 1.10536383e-03
0.10642 1.36714206e-03
0.10679 1.10818007e-03
0.10716 1.13602983e-03
0.10753 1.31902132e-03
0.10790 1.09132639e-03
0.10827 1.16881613e-03
0.10865 1.10250135e-03
0.10902 1.11790933e-03
0.10940 1.09773392e-03
0.10978 1.07609294e-03
0.11016 1.08420343e-03
0.11054 1.11644051e-03
0.11092 1.09869199e-03
0.11131 1.06329885e-03
0.11169 1.05631012e-03
0.11208 1.14038552e-03
0.11247 1.12828953e-03
0.11286 1.04272507e-03
0.11325 1.05334213e-03
0.11364 1.05192318e-03
0.11403 1.11722623e-03
0.11443 1.15026095e-03
0.11482 1.10594901e-03
0.11522 1.04264630e-03
0.11562 1.03460537e-03
0.11602 1.02683797e-03
0.11642 1.00245845e-03
0.11682 1.01951410e-03
0.11723 1.01811231e-03
0.11763 9.90223702e-04
0.11804 1.01130425e-03
0.11845 1.01730419e-03
0.11886 9.90984128e-04
0.11927 9.77668995e-04
0.11968 9.97633023e-04
0.12010 9.96710177e-04
0.12051 9.78676031e-04
0.12093 9.68749481e-04
0.12135 1.00281599e-03
0.12177 1.01335211e-03
0.12219 1.03420176e-03
0.12262 9.96393107e-04
0.12304 9.87072514e-04
0.12347 9.70908087e-04
0.12389 1.42999618e-03
0.12432 9.62490827e-04
0.12475 1.04559081e-03
0.12518 9.90445380e-04
0.12562 9.42595091e-04
0.12605 9.30649953e-04
0.12649 1.04203348e-03
0.12693 9.60628876e-04
0.12737 9.47821235e-04
0.12781 9.75762600e-04
0.12825 1.08671687e-03
0.12869 9.06952990e-04
0.12914 9.27532188e-04
0.12959 9.63731645e-04
0.13003 9.21076065e-04
0.13048 9.53083513e-04
0.13094 9.12365583e-04
0.13139 8.87723553e-04
0.13184 9.36270312e-04
0.13230 9.16088942e-04
0.13276 9.49392855e-04
0.13322 9.04436845e-04
0.13368 8.86721395e-04
0.13414 8.80859484e-04
0.13461 8.70398342e-04
0.13507 8.98598602e-04
0.13554 8.99955951e-04
0.13601 9.33467269e-04
0.13648 9.06802856e-04
0.13695 8.79769522e-04
0.13743 8.84947248e-04
0.13790 8.46367869e-04
0.13838 9.64412397e-04
0.13886 8.44601310e-04
0.13934 8.73864432e-04
0.13982 1.08621642e-03
0.14031 8.64855127e-04
0.14079 9.09849619e-04
0.14128 8.73055587e-04
0.14177 8.49427459e-04
0.14226 9.79772677e-04
0.14275 8.28327941e-04
0.14324 8.31061066e-04
0.14374 9.58008125e-04
0.14424 8.21427558e-04
0.14474 8.07886591e-04
0.14524 8.18735263e-04
0.14574 8.34246400e-04
0.14625 8.21187633e-04
0.14675 8.06892563e-04
0.14726 8.19634080e-04
0.14777 8.39017265e-04
0.14828 8.28182865e-04
0.14879 8.40819957e-04
0.14931 8.06565557e-04
0.14983 8.05945147e-04
0.15034 8.32271894e-04
0.15087 8.54537435e-04
0.15139 8.44052445e-04
0.15191 8.34693911e-04
0.15244 8.15267005e-04
0.15297 8.10653682e-04
0.15349 7.87664752e-04
0.15403 7.79881451e-04
0.15456 7.77667020e-04
0.15509 7.78389145e-04
0.15563 7.82053968e-04
0.15617 7.85909937e-04
0.15671 7.86298370e-04
0.15725 7.82636979e-04
0.15780 7.77254016e-04
0.15834 7.70797893e-04
0.15889 7.62603033e-04
0.15944 7.53842326e-04
0.15999 7.46844383e-04
0.16055 7.41280211e-04
0.16110 7.36002938e-04
0.16166 7.32622123e-04
0.16222 7.32711372e-04
0.16278 7.35201862e-04
0.16335 7.41726639e-04
0.16391 7.78163311e-04
0.16448 9.50184355e-04
0.16505 8.38851593e-04
0.16562 7.40866665e-04
0.16619 7.17798423e-04
0.16677 7.19623698e-04
0.16734 7.67940649e-04
0.16792 7.27270415e-04
0.16851 7.23328268e-04
0.16909 7.11219265e-04
0.16967 7.05331881e-04
0.17026 7.10689370e-04
0.17085 8.96718946e-04
0.17144 7.45741233e-04
0.17204 6.90750274e-04
0.17263 9.03430893e-04
0.17323 7.10384947e-04
0.17383 7.02064343e-04
0.17443 6.87822751e-04
0.17503 7.00053704e-04
0.17564 7.78749575e-04
0.17625 7.15047050e-04
0.17686 6.89874763e-04
0.17747 7.20183403e-04
0.17808 6.76161983e-04
0.17870 6.84252055e-04
0.17932 6.88661225e-04
0.17994 6.63310440e-04
0.18056 6.95517164e-04
0.18119 6.85368575e-04
0.18182 7.07959858e-04
0.18244 6.78238565e-04
0.18308 6.60776048e-04
0.18371 6.83086033e-04
0.18435 6.55412958e-04
0.18498 6.60209116e-04
0.18562 6.78639645e-04
0.18627 6.52162403e-04
0.18691 6.59943355e-04
0.18756 6.33006317e-04
0.18821 7.73386665e-04
0.18886 6.61048313e-04
0.18951 6.60748587e-04
0.19017 6.37932555e-04
0.19083 7.36683148e-04
0.19149 6.15175420e-04
0.19215 6.79690403e-04
0.19282 6.39722058e-04
0.19348 6.33095927e-04
0.19415 6.20590361e-04
0.19483 6.16698079e-04
0.19550 6.54287224e-04
0.19618 6.22190887e-04
0.19686 6.26048663e-04
0.19754 5.99274585e-04
0.19822 6.14945793e-04
0.19891 6.31634515e-04
0.19960 6.07748033e-04
0.20029 9.37371837e-04
0.20098 6.07487331e-04
0.20168 5.97631964e-04
0.20237 5.89497628e-04
0.20307 6.21212397e-04
0.20378 6.24378038e-04
0.20448 6.07463483e-04
0.20519 5.93554498e-04
0.20590 6.26496355e-04
0.20661 6.51828170e-04
0.20733 5.67938494e-04
0.20805 5.80505306e-04
0.20877 6.15304958e-04
0.20949 5.92222985e-04
0.21021 2.33149069e-03
0.21094 5.95461073e-04
0.21167 5.64039888e-04
0.21240 5.72867803e-04
0.21314 6.18334377e-04
0.21388 5.72131767e-04
0.21462 5.66967953e-04
0.21536 5.67388545e-04
0.21611 5.74946193e-04
0.21685 6.04721505e-04
0.21760 5.53172969e-04
0.21836 5.65449449e-04
0.21911 5.60906586e-04
0.21987 5.88112999e-04
0.22063 5.45608817e-04
0.22140 6.73537619e-04
0.22216 5.42792223e-04
0.22293 5.49588903e-04
0.22370 5.43426544e-04
0.22448 5.58695768e-04
0.22526 5.54137367e-04
0.22604 5.35404041e-04
0.22682 5.87260433e-04
0.22760 5.31957643e-04
0.22839 1.70100828e-03
0.22918 5.26057793e-04
0.22998 5.76179243e-04
0.23077 5.21150344e-04
0.23157 5.29237165e-04
0.23237 5.23108771e-04
0.23318 5.39570937e-04
0.23398 5.18163563e-04
0.23479 5.24687436e-04
0.23561 5.11251256e-04
0.23642 5.23087813e-04
0.23724 5.09736547e-04
0.23806 6.06000444e-04
0.23889 5.07357347e-04
0.23971 6.93016557e-04
0.24054 4.98698717e-04
0.24137 5.34477040e-04
0.24221 4.98558339e-04
0.24305 5.70490772e-04
0.24389 5.18718390e-04
0.24473 4.90504761e-04
0.24558 6.67502629e-04
0.24643 4.95063342e-04
0.24728 5.53456073e-04
0.24814 4.96403347e-04
0.24900 4.84123072e-04
0.24986 5.91624255e-04
0.25073 4.80294023e-04
0.25159 4.95606245e-04
0.25246 4.89043890e-04
0.25334 4.73895532e-04
0.25422 1.16421600e-03
0.25510 4.78443635e-04
0.25598 4.69180493e-04
0.25687 4.97488250e-04
0.25775 4.72158964e-04
0.25865 4.66558117e-04
0.25954 4.86097397e-04
0.26044 4.76785837e-04
0.26134 4.61999355e-04
0.26225 6.35154624e-04
0.26315 5.16337926e-04
0.26406 4.57202835e-04
0.26498 4.55787131e-04
0.26590 4.89199083e-04
0.26682 4.92596519e-04
0.26774 4.55721730e-04
0.26867 4.48374017e-04
0.26960 5.04860895e-04
0.27053 4.61851750e-04
0.27147 4.43324925e-04
0.27241 4.42494943e-04
0.27335 4.67443564e-04
0.27430 4.76743561e-04
0.27525 4.55500775e-04
0.27620 4.34446423e-04
0.27715 4.40722783e-04
0.27811 6.63473221e-04
0.27908 8.75264599e-04
0.28004 4.36752272e-04
0.28101 4.30409788e-04
0.28198 4.27820835e-04
0.28296 4.62325277e-04
0.28394 4.53954629e-04
0.28492 4.59479235e-04
0.28591 4.53880556e-04
0.28690 4.40754400e-04
0.28789 4.18742154e-04
0.28889 4.18749381e-04
0.28989 4.71329343e-04
0.29089 8.58176603e-04
0.29190 4.46314597e-04
0.29291 4.20740147e-04
0.29392 4.22371567e-04
0.29494 4.13761897e-04
0.29596 4.06042913e-04
0.29699 4.09290758e-04
0.29801 4.14536595e-04
0.29905 4.30763353e-04
0.30008 4.82086055e-04
0.30112 5.57353234e-04
0.30216 7.04583740e-04
0.30321 9.64462442e-04
0.30426 1.16984467e-03
0.30531 1.51813730e-03
0.30637 1.87040406e-03
0.30743 2.70010850e-03
0.30849 3.09936377e-03
0.30956 3.99985883e-03
0.31063 5.16794471e-03
0.31171 6.89246585e-03
0.31279 8.68013000e-03
0.31387 1.20967300e-02
0.31496 1.50943694e-02
0.31605 1.95095610e-02
0.31714 3.19098164e-02
0.31824 3.14002280e-02
0.31934 4.12090369e-02
0.32044 4.51264503e-02
0.32155 4.43602068e-02
0.32267 4.11709162e-02
0.32378 4.17972875e-02
0.32490 3.75977270e-02
0.32603 4.06151494e-02
0.32716 3.43413910e-02
0.32829 3.72202963e-02
0.32943 3.11248559e-02
0.33057 3.08787156e-02
0.33171 2.79861158e-02
0.33286 2.66791189e-02
0.33401 2.52690337e-02
0.33517 2.41216377e-02
0.33633 2.55649476e-02
0.33749 2.28519847e-02
0.33866 2.09117511e-02
0.33983 2.03276377e-02
0.34101 2.23759461e-02
0.34219 1.92152369e-02
0.34337 1.85199774e-02
0.34456 2.08765934e-02
0.34576 1.76738738e-02
0.34695 1.59901635e-02
0.34815 1.55060708e-02
0.34936 1.47381381e-02
0.35057 1.58877165e-02
0.35178 1.56734747e-02
0.35300 1.38750663e-02
0.35422 1.34893863e-02
0.35545 1.27318709e-02
0.35668 1.20423873e-02
0.35791 1.13530482e-02
0.35915 1.18373505e-02
0.36039 1.82945596e-02
0.36164 1.08775389e-02
0.36289 1.06470787e-02
0.36415 1.49512543e-02
0.36541 9.71978175e-03
0.36668 9.81399400e-03
0.36795 1.31251081e-02
0.36922 1.03475117e-02
0.37050 1.01587855e-02
0.37178 8.73128757e-03
0.37307 8.51035753e-03
0.37436 8.44717298e-03
0.37565 8.45473930e-03
0.37695 8.40456275e-03
0.37826 7.68679757e-03
0.37957 7.62428690e-03
0.38088 7.33060781e-03
0.38220 7.41614987e-03
0.38352 7.51146057e-03
0.38485 7.15042895e-03
0.38618 7.08233026e-03
0.38752 1.00275673e-02
0.38886 6.90478913e-03
0.39021 7.05050763e-03
0.39156 6.72566535e-03
0.39291 6.64517474e-03
0.39427 6.77348963e-03
0.39564 6.44128699e-03
0.39701 6.65354322e-03
0.39838 6.16667185e-03
0.39976 6.16443881e-03
0.40115 8.09330660e-03
0.40253 6.46878626e-03
0.40393 6.28146022e-03
0.40533 6.00463191e-03
0.40673 1.12781835e-02
0.40814 6.33931149e-03
0.40955 1.03284893e-02
0.41097 5.89025546e-03
0.41239 6.35231227e-03
0.41382 6.31552853e-03
0.41525 5.98424368e-03
0.41669 6.03512664e-03
0.41813 7.60671707e-03
0.41958 6.07718223e-03
0.42103 6.25358697e-03
0.42249 5.76602364e-03
0.42395 6.55288117e-03
0.42542 6.36186592e-03
0.42689 5.65863718e-03
0.42837 5.87647421e-03
0.42985 6.10314945e-03
0.43134 5.58266143e-03
0.43283 5.90330682e-03
0.43433 6.37221270e-03
0.43583 5.75797133e-03
0.43734 5.78896831e-03
0.43886 6.69994926e-03
0.44037 8.09144393e-03
0.44190 5.73672673e-03
0.44343 6.06317695e-03
0.44496 6.08608729e-03
0.44650 5.73559576e-03
0.44805 5.78561513e-03
0.44960 5.62729693e-03
0.45116 5.70946775e-03
0.45272 5.52909015e-03
0.45429 5.46135099e-03
0.45586 5.68542643e-03
0.45744 5.46285955e-03
0.45902 5.51628991e-03
0.46061 5.63442785e-03
0.46220 5.46147926e-03
0.46380 5.85371563e-03
0.46541 5.55483695e-03
0.46702 5.48566872e-03
0.46864 6.26298163e-03
0.47026 5.46430127e-03
0.47189 5.49549699e-03
0.47352 6.11015389e-03
0.47516 5.40796037e-03
0.47680 5.48517189e-03
0.47845 5.76378518e-03
0.48011 5.39730465e-03
0.48177 5.45509450e-03
0.48344 5.63482170e-03
0.48511 5.23749957e-03
0.48679 5.38239965e-03
0.48848 5.72488042e-03
0.49017 5.11038069e-03
0.49186 5.30979695e-03
0.49357 5.74786664e-03
0.49528 5.13415823e-03
0.49699 5.53115336e-03
0.49871 5.50618342e-03
0.50044 5.53668718e-03
0.50217 6.97997175e-03
0.50391 5.48127491e-03
0.50565 5.91787759e-03
0.50740 5.10105649e-03
0.50916 5.13646535e-03
0.51092 5.53049935e-03
0.51269 5.31585651e-03
0.51446 5.32925655e-03
0.51625 5.20496873e-03
0.51803 5.86998466e-03
0.51983 5.58331002e-03
0.52163 6.10691815e-03
0.52343 5.39261455e-03
0.52524 5.14126927e-03
0.52706 5.14924209e-03
0.52889 5.07994197e-03
0.53072 6.25991391e-03
0.53255 5.70774961e-03
0.53440 5.24100992e-03
0.53625 5.21447541e-03
0.53810 5.20500667e-03
0.53997 5.62619306e-03
0.54183 4.89324465e-03
0.54371 1.15615465e-02
0.54559 5.31667673e-03
0.54748 8.48999459e-03
0.54938 4.95744455e-03
0.55128 5.21345825e-03
0.55319 6.16717229e-03
0.55510 4.87145445e-03
0.55702 6.19114857e-03
0.55895 5.14546074e-03
0.56089 5.55042869e-03
0.56283 4.84173297e-03
0.56478 5.37025885e-03
0.56673 5.50430991e-03
0.56869 6.16630329e-03
0.57066 4.93885757e-03
0.57264 5.03004184e-03
0.57462 5.56904097e-03
0.57661 5.06890143e-03
0.57860 5.26797984e-03
0.58061 4.99983979e-03
0.58262 5.51318425e-03
0.58463 4.95319889e-03
0.58666 8.53208993e-03
0.58869 5.16546596e-03
0.59073 5.60676959e-03
0.59277 4.96583291e-03
0.59482 5.64904197e-03
0.59688 5.32548062e-03
0.59895 5.74871216e-03
0.60102 6.64867606e-03
0.60310 5.21811945e-03
0.60519 5.06199635e-03
0.60728 5.74534273e-03
0.60939 5.06176329e-03
0.61150 5.13739217e-03
0.61361 5.07006131e-03
0.61574 5.59665587e-03
0.61787 5.09000330e-03
0.62001 5.19052985e-03
0.62215 4.97552567e-03
0.62431 5.42114543e-03
0.62647 5.12656843e-03
0.62864 5.35432225e-03
0.63081 4.95135428e-03
0.63300 5.27594363e-03
0.63519 5.20353062e-03
0.63739 5.73266173e-03
0.63959 4.97548412e-03
0.64181 5.14218525e-03
0.64403 5.34014895e-03
0.64626 6.08543689e-03
0.64849 5.37914043e-03
0.65074 5.01330849e-03
0.65299 5.81336373e-03
0.65525 5.60070461e-03
0.65752 9.60459953e-03
0.65980 4.90618400e-03
0.66208 6.86257817e-03
0.66437 5.18545673e-03
0.66667 1.13283709e-02
0.66898 4.87393861e-03
0.67130 5.07191676e-03
0.67362 5.04976883e-03
0.67595 5.61589506e-03
0.67829 5.19663999e-03
0.68064 4.85905349e-03
0.68299 5.16344611e-03
0.68536 5.20413405e-03
0.68773 6.48342929e-03
0.69011 4.80749845e-03
0.69250 6.18156059e-03
0.69490 4.89401429e-03
0.69730 5.48993787e-03
0.69972 5.25945960e-03
0.70214 4.83121637e-03
0.70457 5.16354909e-03
0.70701 4.94866235e-03
0.70946 5.49608054e-03
0.71191 4.95788357e-03
0.71438 5.14551675e-03
0.71685 4.90469711e-03
0.71933 5.45443145e-03
0.72182 5.80515604e-03
0.72432 4.90413343e-03
0.72683 5.62064659e-03
0.72934 4.85796949e-03
0.73187 5.16540815e-03
0.73440 5.88228445e-03
0.73694 4.92295890e-03
0.73949 6.30545095e-03
0.74205 4.85128663e-03
0.74462 5.03276087e-03
0.74720 5.70077407e-03
0.74979 4.98448313e-03
0.75238 6.46254784e-03
0.75499 4.88663948e-03
0.75760 4.98514798e-03
0.76022 5.53180015e-03
0.76285 5.08091396e-03
0.76549 6.49947972e-03
0.76814 4.95158011e-03
0.77080 4.96173719e-03
0.77347 5.35893105e-03
0.77615 5.40958276e-03
0.77884 6.05829353e-03
0.78153 5.60730797e-03
0.78424 4.93015485e-03
0.78695 5.20233822e-03
0.78968 5.62362217e-03
0.79241 5.54542422e-03
0.79515 5.13815277e-03
0.79790 4.92796879e-03
0.80067 5.05767300e-03
0.80344 5.40961709e-03
0.80622 5.19342232e-03
0.80901 5.49515191e-03
0.81181 5.24101173e-03
0.81462 4.93248365e-03
0.81744 5.16063493e-03
0.82027 5.09782978e-03
0.82311 8.66198926e-03
0.82596 9.02931711e-03
0.82882 4.89104413e-03
0.83169 4.99727794e-03
0.83457 6.06817599e-03
0.83745 5.21973100e-03
0.84035 5.42710562e-03
0.84326 5.06269915e-03
0.84618 4.87065409e-03
0.84911 5.29359657e-03
0.85205 5.03809596e-03
0.85500 5.47126236e-03
0.85796 7.75955926e-03
0.86093 4.83487125e-03
0.86391 4.88343084e-03
0.86690 7.72612328e-03
0.86990 5.11483413e-03
0.87291 5.47077275e-03
0.87593 7.69284629e-03
0.87897 4.79806945e-03
0.88201 4.97724020e-03
0.88506 5.17985606e-03
0.88813 5.00505383e-03
0.89120 5.45579910e-03
0.89428 5.62654717e-03
0.89738 4.77890975e-03
0.90049 5.21495237e-03
0.90360 5.11244933e-03
0.90673 4.98288061e-03
0.90987 5.47155685e-03
0.91302 5.61875321e-03
0.91618 4.74499681e-03
0.91935 5.36630767e-03
0.92253 5.14056829e-03
0.92573 4.93910147e-03
0.92893 5.56026237e-03
0.93215 6.13755741e-03
0.93537 4.73938892e-03
0.93861 5.17735744e-03
0.94186 5.23575613e-03
0.94512 4.86379237e-03
0.94839 5.61221307e-03
0.95168 6.39344284e-03
0.95497 4.84789009e-03
0.95828 4.91740340e-03
0.96159 6.36122817e-03
0.96492 4.82732481e-03
0.96826 5.11006453e-03
0.97161 5.56554687e-03
0.97498 5.29750077e-03
0.97835 4.76964878e-03
0.98174 2.20754793e-02
0.98514 4.94411497e-03
0.98855 4.88061967e-03
0.99197 5.13531269e-03
0.99540 5.73649729e-03
0.99885 4.90482177e-03
1.00231 5.09454345e-03
1.00578 5.94207789e-03
1.00926 4.80690586e-03
1.01275 5.57648443e-03
1.01626 5.20282421e-03
1.01978 5.39047003e-03
1.02330 4.82585418e-03
1.02685 5.85009326e-03
1.03040 5.04797301e-03
1.03397 4.92024890e-03
1.03755 4.88034505e-03
1.04114 5.15226465e-03
1.04474 5.14421775e-03
1.04836 5.31248346e-03
1.05199 6.04991421e-03
1.05563 4.87601086e-03
1.05928 2.12495617e-02
1.06295 4.79142092e-03
1.06663 5.00289848e-03
1.07032 5.02111691e-03
1.07403 6.17025627e-03
1.07775 5.77465409e-03
1.08148 4.87656370e-03
1.08522 5.81315054e-03
1.08898 4.70870269e-03
1.09275 4.86238679e-03
1.09653 4.95139222e-03
1.10032 5.29282693e-03
1.10413 5.42982827e-03
1.10796 4.96457547e-03
1.11179 6.64906449e-03
1.11564 4.60740469e-03
1.11950 4.72669889e-03
1.12338 4.86765503e-03
1.12726 6.24211644e-03
1.13117 5.07261413e-03
1.13508 5.17269263e-03
1.13901 1.16258133e-02
1.14295 4.52520678e-03
1.14691 4.55303306e-03
1.15088 4.70374158e-03
1.15487 9.92903711e-03
1.15886 4.85467955e-03
1.16287 5.16315343e-03
1.16690 5.25037749e-03
1.17094 4.94973189e-03
1.17499 4.42472179e-03
1.17906 4.50340754e-03
1.18314 4.92689382e-03
1.18724 5.10273488e-03
1.19135 4.81001694e-03
1.19547 5.07688871e-03
1.19961 7.39091977e-03
1.20376 4.87134605e-03
1.20793 4.36360587e-03
1.21211 4.48314939e-03
1.21630 6.22143191e-03
1.22052 4.74998141e-03
1.22474 4.74589292e-03
1.22898 5.01980527e-03
1.23323 8.76137941e-03
1.23750 4.51360617e-03
1.24179 4.29411966e-03
1.24609 4.49166240e-03
1.25040 9.11858813e-03
1.25473 4.68428017e-03
1.25907 4.66357938e-03
1.26343 4.93876543e-03
1.26780 9.79843679e-03
1.27219 4.68837407e-03
1.27659 4.24193229e-03
1.28101 4.33801985e-03
1.28545 6.68419874e-03
1.28990 4.75896777e-03
1.29436 4.54800872e-03
1.29884 4.75628487e-03
1.30334 5.56825145e-03
1.30785 6.08241253e-03
1.31238 4.40872195e-03
1.31692 4.23815455e-03
1.32148 4.47152710e-03
1.32605 9.58136941e-03
1.33064 4.59242201e-03
1.33525 4.46068529e-03
1.33987 4.65065991e-03
1.34451 5.19789563e-03
1.34916 6.38589278e-03
1.35383 4.62667099e-03
1.35852 4.23247981e-03
1.36322 4.35614614e-03
1.36794 6.99496347e-03
1.37268 4.87213195e-03
1.37743 4.38784953e-03
1.38220 4.50547798e-03
1.38698 4.79202615e-03
1.39178 5.71919845e-03
1.39660 5.33624474e-03
1.40144 4.35711993e-03
1.40629 4.22845455e-03
1.41115 5.32014734e-03
1.41604 5.46889021e-03
1.42094 4.33349777e-03
1.42586 5.05938030e-03
1.43080 4.62270535e-03
1.43575 5.26128253e-03
1.44072 5.41736227e-03
1.44571 4.36283984e-03
1.45071 4.24242912e-03
1.45573 5.36867621e-03
1.46077 5.32572633e-03
1.46583 4.26338103e-03
1.47090 4.23108687e-03
1.47599 4.41196491e-03
1.48110 4.85780689e-03
1.48623 5.11528218e-03
1.49137 4.53567280e-03
1.49654 4.26068910e-03
1.50172 4.73619473e-03
1.50692 5.95669563e-03
1.51213 4.49121796e-03
1.51737 4.13222607e-03
1.52262 4.12631646e-03
1.52789 4.32962247e-03
1.53318 8.99124703e-03
1.53849 4.80484265e-03
1.54381 4.57931103e-03
1.54916 4.33204701e-03
1.55452 4.51843720e-03
1.55990 5.51978220e-03
1.56530 5.03868493e-03
1.57072 4.17822199e-03
1.57615 4.03548268e-03
1.58161 4.15589340e-03
1.58709 1.26533947e-02
1.59258 4.52019509e-03
1.59809 4.57982954e-03
1.60362 4.43087710e-03
1.60918 4.34561327e-03
1.61475 4.69820234e-03
1.62034 5.40945991e-03
1.62594 4.60503435e-03
1.63157 4.04287195e-03
1.63722 3.98220408e-03
1.64289 5.25164577e-03
1.64857 4.24723124e-03
1.65428 4.31005446e-03
1.66001 4.37672046e-03
1.66575 4.33068117e-03
1.67152 4.32024948e-03
1.67731 4.62198088e-03
1.68311 1.85002486e-02
1.68894 4.48191182e-03
1.69478 3.99532771e-03
1.70065 3.94212137e-03
1.70654 1.60623163e-02
1.71245 4.00417134e-03
1.71837 4.07474516e-03
1.72432 4.17895550e-03
1.73029 4.23331991e-03
1.73628 4.27415238e-03
1.74229 4.50525576e-03
1.74832 6.55448188e-03
1.75437 4.66345111e-03
1.76045 4.18701504e-03
1.76654 4.01237180e-03
1.77266 2.89739831e-02
1.77879 3.90457884e-03
1.78495 3.85772475e-03
1.79113 3.94260737e-03
1.79733 4.04003187e-03
1.80355 4.13258017e-03
1.80979 4.31133719e-03
1.81606 4.12102835e-02
1.82234 4.64497252e-03
1.82865 4.45714242e-03
1.83498 4.19248021e-03
1.84133 6.31351771e-03
1.84771 4.15749591e-03
1.85410 3.76000395e-03
1.86052 3.76864705e-03
1.86696 3.84204649e-03
1.87342 3.94257485e-03
1.87991 4.11219194e-03
1.88642 6.67104259e-03
1.89295 4.55577739e-03
1.89950 4.42296571e-03
1.90607 4.36027799e-03
1.91267 4.42638211e-03
1.91929 1.77704348e-02
1.92594 4.05998469e-03
1.93260 3.71287886e-03
1.93929 3.67958380e-03
1.94601 3.72439997e-03
1.95274 3.81694647e-03
1.95950 4.00112711e-03
1.96629 5.52296735e-03
1.97309 4.94968131e-03
1.97992 4.27540079e-03
1.98678 4.31118363e-03
1.99365 4.38029947e-03
2.00055 5.39464524e-03
2.00748 8.10672652e-03
2.01443 3.99640087e-03
2.02140 3.66667517e-03
2.02840 3.59097945e-03
2.03542 3.60001459e-03
2.04247 3.66847822e-03
2.04954 3.82993460e-03
2.05663 4.54272964e-03
2.06375 1.23301965e-02
2.07090 4.27147490e-03
2.07806 4.14876068e-03
2.08526 4.23455928e-03
2.09247 4.42743359e-03
2.09972 5.60978672e-03
2.10699 9.33680275e-03
2.11428 4.23447437e-03
2.12160 3.71406945e-03
2.12894 3.55816135e-03
2.13631 3.51035695e-03
2.14371 3.53275961e-03
2.15113 3.64751547e-03
2.15857 4.09399700e-03
2.16605 1.29296178e-02
2.17354 4.69770731e-03
2.18107 3.99356079e-03
2.18862 4.01216042e-03
2.19619 4.16777946e-03
2.20380 4.58861717e-03
2.21143 7.55330658e-03
2.21908 6.04695850e-03
2.22676 4.02819459e-03
2.23447 3.64434838e-03
2.24220 3.50327120e-03
2.24997 3.46513066e-03
2.25775 3.52982920e-03
2.26557 3.87238043e-03
2.27341 7.48557465e-03
2.28128 5.59750861e-03
2.28918 3.86828110e-03
2.29710 3.77520163e-03
2.30505 3.89895649e-03
2.31303 4.24038759e-03
2.32104 5.50056469e-03
2.32908 7.79916501e-03
2.33714 4.59715005e-03
2.34523 3.76911678e-03
2.35335 3.50855751e-03
2.36149 3.41007069e-03
2.36967 3.41607605e-03
2.37787 3.58777442e-03
2.38610 4.45111899e-03
2.39436 1.11577330e-02
2.40265 4.69465585e-03
2.41097 3.73068356e-03
2.41931 3.62709110e-03
2.42769 3.71793391e-03
2.43609 3.96793864e-03
2.44452 4.58271117e-03
2.45298 6.13778144e-03
2.46148 6.02166155e-03
2.47000 4.35634668e-03
2.47855 3.73488587e-03
2.48713 3.49251069e-03
2.49574 3.39738608e-03
2.50438 3.40827667e-03
2.51304 3.58278079e-03
2.52174 4.27319304e-03
2.53047 7.74632181e-03
2.53923 6.39795951e-03
2.54802 3.99541804e-03
2.55684 3.59225315e-03
2.56569 3.56139528e-03
2.57457 3.68143925e-03
2.58349 3.95553226e-03
2.59243 4.51624029e-03
2.60140 5.50114282e-03
2.61041 5.66201203e-03
2.61944 4.57732550e-03
2.62851 3.90888051e-03
2.63761 3.60807593e-03
2.64674 3.47950450e-03
2.65590 3.46625441e-03
2.66510 3.60168575e-03
2.67432 4.09038547e-03
2.68358 5.82336543e-03
2.69287 7.76802891e-03
2.70219 4.75921167e-03
2.71154 3.74410529e-03
2.72093 3.49502738e-03
2.73035 3.48263545e-03
2.73980 3.59842833e-03
2.74928 3.84181705e-03
2.75880 4.26229161e-03
2.76835 4.85449346e-03
2.77793 5.15655367e-03
2.78755 4.69913639e-03
2.79720 4.11787933e-03
2.80688 3.76471935e-03
2.81660 3.59767315e-03
2.82635 3.56184333e-03
2.83613 3.66745384e-03
2.84595 4.03248903e-03
2.85580 5.04586824e-03
2.86569 6.84599116e-03
2.87561 5.74404915e-03
2.88556 4.20843849e-03
2.89555 3.65303664e-03
2.90557 3.48360925e-03
2.91563 3.48039157e-03
2.92572 3.58224421e-03
2.93585 3.78018984e-03
2.94601 4.07654460e-03
2.95621 4.42329994e-03
2.96644 4.62813800e-03
2.97671 4.49633986e-03
2.98702 4.17032144e-03
2.99736 3.88902163e-03
3.00773 3.72711359e-03
3.01814 3.68228838e-03
3.02859 3.76545105e-03
3.03907 4.03830289e-03
3.04960 4.65157950e-03
3.06015 5.69426103e-03
3.07074 6.05756544e-03
3.08137 4.98305767e-03
3.09204 4.10048113e-03
3.10274 3.68384211e-03
3.11348 3.51681036e-03
3.12426 3.48060837e-03
3.13508 3.52669825e-03
3.14593 3.63592570e-03
3.15682 3.79733691e-03
3.16775 3.99040996e-03
3.17871 4.16578671e-03
3.18972 4.24777685e-03
3.20076 4.19361841e-03
3.21184 4.04792339e-03
3.22295 3.89611461e-03
3.23411 3.79730259e-03
3.24531 3.78038315e-03
3.25654 3.86975715e-03
3.26781 4.10662379e-03
3.27912 4.54846942e-03
3.29047 5.16014352e-03
3.30187 5.49221066e-03
3.31330 5.06314178e-03
3.32476 4.36589491e-03
3.33627 3.87103265e-03
3.34782 3.59716728e-03
3.35941 3.46721917e-03
3.37104 3.42726654e-03
3.38271 3.44767465e-03
3.39442 3.51176615e-03
3.40617 3.60752129e-03
3.41796 3.72152195e-03
3.42979 3.83474214e-03
3.44166 3.92280088e-03
3.45358 3.96453849e-03
3.46553 3.95567318e-03
3.47753 3.91417224e-03
3.48957 3.87067493e-03
3.50164 3.85738148e-03
3.51377 3.90999161e-03
3.52593 4.03917912e-03
3.53814 4.26711361e-03
3.55038 4.59810217e-03
3.56267 4.96051047e-03
3.57500 5.14668747e-03
3.58738 4.97449949e-03
3.59980 4.56312691e-03
3.61226 4.15452033e-03
3.62476 3.85607165e-03
3.63731 3.66888833e-03
3.64990 3.56678457e-03
3.66254 3.52618515e-03
3.67521 3.53054283e-03
3.68794 3.56843947e-03
3.70070 3.63111997e-03
3.71351 3.71055549e-03
3.72637 3.79827819e-03
3.73927 3.88522583e-03
3.75221 3.96295947e-03
3.76520 4.02605007e-03
3.77823 4.07456269e-03
3.79131 4.11501757e-03
3.80443 4.15919057e-03
3.81760 4.22164703e-03
3.83082 4.31732268e-03
3.84408 4.45912795e-03
3.85739 4.65331029e-03
3.87074 4.88863946e-03
3.88414 5.11898765e-03
3.89758 5.25789683e-03
3.91107 5.22400196e-03
3.92461 5.01881521e-03
3.93820 4.72843871e-03
3.95183 4.44391762e-03
3.96551 4.21228669e-03
3.97924 4.04352957e-03
3.99301 3.93112600e-03
4.00683 3.90529970e-03
4.02070 3.95890531e-03
4.03462 4.04411313e-03
4.04859 4.15581571e-03
4.06260 4.28970236e-03
4.07667 4.44185441e-03
4.09078 4.60854470e-03
4.10494 4.78633515e-03
4.11915 4.97251577e-03
4.13341 5.16576587e-03
4.14771 5.36689123e-03
4.16207 5.57933716e-03
4.17648 5.80922285e-03
4.19094 6.06472345e-03
4.20545 6.35454711e-03
4.22000 6.68515989e-03
4.23461 7.05603061e-03
4.24927 7.45275655e-03
4.26398 7.84038411e-03
4.27874 8.16443687e-03
4.29355 8.36887927e-03
4.30841 8.42692567e-03
4.32332 8.35915760e-03
4.33829 8.21989251e-03
4.35331 8.06689494e-03
4.36838 7.94111842e-03
4.38350 7.86354919e-03
4.39867 7.84091527e-03
4.41390 7.87225913e-03
4.42918 7.95342724e-03
4.44451 8.07946573e-03
4.45990 8.24568267e-03
4.47533 8.44799140e-03
4.49083 8.68298092e-03
4.50637 9.07575567e-03
4.52197 9.70392103e-03
4.53762 1.03945031e-02
4.55333 1.11511225e-02
4.56909 1.19787149e-02
4.58491 1.28838748e-02
4.60078 1.38750681e-02
4.61670 1.49625008e-02
4.63269 1.61573091e-02
4.64872 1.74696392e-02
4.66481 1.89051587e-02
4.68096 2.04598135e-02
4.69717 2.21133832e-02
4.71343 2.38242423e-02
4.72974 2.55295008e-02
4.74611 2.71551395e-02
4.76254 2.86364074e-02
4.77903 2.99403871e-02
4.79557 3.10784787e-02
4.81217 3.21013953e-02
4.82883 3.30814939e-02
4.84555 3.40937512e-02
4.86232 3.52031349e-02
4.87915 3.64600509e-02
4.89604 3.79012109e-02
4.91299 3.95529920e-02
4.92999 4.14349605e-02
4.94706 4.35628164e-02
4.96418 4.59505613e-02
4.98137 4.86118716e-02
4.99861 5.15611465e-02
5.01591 5.27516495e-02
5.03328 5.39100661e-02
5.05070 5.52023387e-02
5.06818 5.66223425e-02
5.08573 5.81650010e-02
5.10333 5.98255987e-02
5.12100 6.15986794e-02
5.13873 6.34766191e-02
5.15651 6.54476201e-02
5.17436 6.74934714e-02
5.19228 6.95869645e-02
5.21025 7.16897257e-02
5.22828 7.37513492e-02
5.24638 7.57105889e-02
5.26454 7.75000199e-02
5.28277 7.90540062e-02
5.30105 8.03191607e-02
5.31940 8.12646797e-02
5.33782 8.18892082e-02
5.35629 8.22218517e-02
5.37484 8.23169907e-02
5.39344 8.22448325e-02
5.41211 8.20806426e-02
5.43084 8.18958387e-02
5.44965 8.17520461e-02
5.46851 8.16984965e-02
5.48744 8.17719736e-02
5.50643 8.14515071e-02
5.52550 8.02599020e-02
5.54462 7.92816101e-02
5.56381 7.85094046e-02
5.58308 7.79324637e-02
5.60240 7.75379238e-02
5.62179 7.73119098e-02
5.64125 7.72400587e-02
5.66078 7.73077545e-02
5.68038 7.75000380e-02
5.70004 7.78014623e-02
5.71977 7.81957311e-02
5.73957 7.86653741e-02
5.75944 7.91913671e-02
5.77938 7.97528249e-02
5.79938 8.03268029e-02
5.81946 8.08883871e-02
5.83960 8.14110919e-02
5.85982 8.18676005e-02
5.88010 8.22309031e-02
5.90045 8.24759774e-02
5.92088 8.25814867e-02
5.94137 8.25316769e-02
5.96194 8.23177857e-02
5.98258 8.19390541e-02
6.00329 8.14705313e-02
6.02407 8.12082755e-02
6.04492 8.08088757e-02
6.06585 8.03010398e-02
6.08684 7.97159327e-02
6.10791 7.90847737e-02
6.12906 7.84368669e-02
6.15027 7.77982825e-02
6.17156 7.71911161e-02
6.19293 7.66332535e-02
6.21436 7.61385159e-02
6.23588 7.57170206e-02
6.25746 7.53756690e-02
6.27912 7.51185261e-02
6.30086 7.49474167e-02
6.32267 7.48622505e-02
6.34455 7.48612749e-02
6.36652 7.49414728e-02
6.38856 7.50985805e-02
6.41067 7.53273768e-02
6.43286 7.56216647e-02
6.45513 7.59743622e-02
6.47747 7.63776283e-02
6.49990 7.68228813e-02
6.52240 7.76448785e-02
6.54497 7.84965050e-02
6.56763 7.93641747e-02
6.59037 8.02356565e-02
6.61318 8.10988277e-02
6.63607 8.19420171e-02
6.65904 8.27544931e-02
6.68209 8.35267167e-02
6.70522 8.42508648e-02
6.72843 8.49209936e-02
6.75172 8.55332729e-02
6.77510 8.60860949e-02
6.79855 8.65799653e-02
6.82208 8.70173593e-02
6.84570 8.74025767e-02
6.86939 8.77412545e-02
6.89317 8.80401133e-02
6.91704 8.83065966e-02
6.94098 8.85484731e-02
6.96500 8.87735657e-02
6.98911 8.89894443e-02
7.01331 8.96180740e-02
7.03759 9.06096449e-02
7.06195 9.16396256e-02
7.08639 9.27166699e-02
7.11092 9.38473181e-02
7.13554 9.50360686e-02
7.16024 9.62856135e-02
7.18502 9.75969463e-02
7.20990 9.89695794e-02
7.23485 1.00401706e-01
7.25990 1.01890472e-01
7.28503 1.03432100e-01
7.31025 1.05022130e-01
7.33555 1.06655699e-01
7.36094 1.08327679e-01
7.38642 1.10032901e-01
7.41199 1.11766416e-01
7.43765 1.13523616e-01
7.46340 1.15300455e-01
7.48923 1.17093554e-01
7.51516 1.25375458e-01
7.54117 1.39287514e-01
7.56727 1.54578382e-01
7.59347 1.71364086e-01
7.61975 1.89767750e-01
7.64613 2.09916058e-01
7.67260 2.31936253e-01
7.69916 2.55949744e-01
7.72581 2.82068543e-01
7.75255 3.10388405e-01
7.77939 3.40982498e-01
7.80632 3.73897616e-01
7.83334 4.09145141e-01
7.86046 4.46696527e-01
7.88767 4.86476797e-01
7.91497 5.28358944e-01
7.94237 5.72159048e-01
7.96986 6.17631764e-01
7.99745 6.64469236e-01
8.02513 7.00975285e-01
8.05291 7.36609978e-01
8.08079 7.72299052e-01
8.10876 8.07826610e-01
8.13683 8.42970613e-01
8.16500 8.77508659e-01
8.19326 9.11225395e-01
8.22162 9.33761936e-01
8.25008 9.52644313e-01
8.27864 9.71095799e-01
8.30730 9.89083334e-01
8.33605 1.00657675e+00
8.36491 1.02354695e+00
8.39386 1.03996702e+00
8.42292 1.05441150e+00
8.45208 1.06808074e+00
8.48133 1.08135992e+00
8.51069 1.09423712e+00
8.54016 1.10670095e+00
8.56972 1.11874112e+00
8.59938 1.13034823e+00
8.62915 1.14089446e+00
8.65902 1.15110665e+00
8.68899 1.16099507e+00
8.71907 1.17055559e+00
8.74925 1.17978495e+00
8.77954 1.18868080e+00
8.80993 1.19766228e+00
8.84043 1.20717637e+00
8.87103 1.21635224e+00
8.90174 1.22518793e+00
8.93255 1.23368143e+00
8.96347 1.24183166e+00
8.99450 1.24963701e+00
9.02563 1.26008677e+00
9.05688 1.27068305e+00
9.08823 1.28075756e+00
9.11969 1.29029803e+00
9.15126 1.29929198e+00
9.18294 1.30772676e+00
9.21472 1.31620870e+00
9.24662 1.32484764e+00
9.27863 1.33291675e+00
9.31075 1.34040231e+00
9.34298 1.34729131e+00
9.37532 1.35357111e+00
9.40777 1.35950962e+00
9.44034 1.36574732e+00
9.47302 1.37140977e+00
9.50581 1.37649138e+00
9.53871 1.38098872e+00
9.57173 1.38489925e+00
9.60487 1.38833932e+00
9.63811 1.39197434e+00
9.67148 1.39520159e+00
9.70495 1.39802233e+00
9.73855 1.40043857e+00
9.77226 1.40245300e+00
9.80609 1.40428695e+00
9.84003 1.40683272e+00
9.87409 1.40917561e+00
9.90827 1.41131506e+00
9.94257 1.41325000e+00
9.97699 1.41497898e+00
10.01153 1.41685665e+00
10.04618 1.41931191e+00
10.08096 1.42166817e+00
10.11585 1.42392325e+00
10.15087 1.42607445e+00
10.18601 1.42811833e+00
10.22127 1.43062454e+00
10.25665 1.43343427e+00
10.29215 1.43617733e+00
10.32778 1.43885101e+00
10.36353 1.44145153e+00
10.39941 1.44397472e+00
10.43540 1.44726430e+00
10.47153 1.45051973e+00
10.50777 1.45372494e+00
10.54415 1.45687775e+00
10.58065 1.45997311e+00
10.61727 1.46353207e+00
10.65403 1.46761766e+00
10.69091 1.47164508e+00
10.72791 1.47561234e+00
10.76505 1.47951637e+00
10.80231 1.48347333e+00
10.83971 1.48918926e+00
10.87723 1.49485407e+00
10.91488 1.50046991e+00
10.95266 1.50603661e+00
10.99058 1.51155218e+00
11.02862 1.51788961e+00
11.06680 1.52445160e+00
11.10511 1.53093916e+00
11.14355 1.53733928e+00
11.18212 1.54363497e+00
11.22083 1.55065152e+00
11.25967 1.55816653e+00
11.29865 1.56537278e+00
11.33776 1.57220216e+00
11.37701 1.57857843e+00
11.41639 1.58506834e+00
11.45591 1.59144045e+00
11.49556 1.59643769e+00
11.53536 1.59987036e+00
11.57529 1.60157260e+00
11.61536 1.60122952e+00
11.65556 1.59799974e+00
11.69591 1.59179438e+00
11.73640 1.58249059e+00
11.77702 1.56986849e+00
11.81779 1.55312792e+00
11.85870 1.53055904e+00
11.89975 1.50111796e+00
11.94094 1.46386341e+00
11.98227 1.41871246e+00
12.02375 1.38127399e+00
12.06537 1.35357111e+00
12.10714 1.32704743e+00
12.14905 1.30257704e+00
12.19110 1.28071276e+00
12.23330 1.26171855e+00
12.27565 1.24562422e+00
12.31814 1.23228199e+00
12.36078 1.22141832e+00
12.40357 1.21267243e+00
12.44651 1.20562606e+00
12.48959 1.19982594e+00
12.53283 1.20334497e+00
12.57621 1.20970552e+00
12.61974 1.21599037e+00
12.66343 1.22205661e+00
12.70726 1.22777616e+00
12.75125 1.23303771e+00
12.79539 1.23774860e+00
12.83968 1.24183600e+00
12.88413 1.24524771e+00
12.92873 1.24795265e+00
12.97348 1.24993962e+00
13.01839 1.25063483e+00
13.06345 1.24996871e+00
13.10867 1.24885598e+00
13.15405 1.24730586e+00
13.19959 1.24533371e+00
13.24528 1.24296065e+00
13.29113 1.24021271e+00
13.33713 1.23711988e+00
13.38330 1.23371521e+00
13.42963 1.23003431e+00
13.47612 1.22611421e+00
13.52277 1.22134099e+00
13.56958 1.21570365e+00
13.61655 1.20992954e+00
13.66368 1.20406655e+00
13.71098 1.19816056e+00
13.75844 1.19225348e+00
13.80607 1.18638380e+00
13.85386 1.18058585e+00
13.90182 1.17489015e+00
13.94994 1.16932290e+00
13.99823 1.16390616e+00
14.04668 1.15729159e+00
14.09531 1.15080999e+00
14.14410 1.14452695e+00
14.19306 1.13845257e+00
14.24219 1.13259301e+00
14.29149 1.12695151e+00
14.34096 1.12152826e+00
14.39060 1.11632109e+00
14.44042 1.11132511e+00
14.49041 1.10653419e+00
14.54057 1.10339908e+00
14.59090 1.10088095e+00
14.64141 1.09861593e+00
14.69209 1.09657603e+00
14.74295 1.09473467e+00
14.79398 1.09306603e+00
14.84519 1.09154663e+00
14.89658 1.09015387e+00
14.94814 1.08886788e+00
14.99989 1.08767079e+00
15.05181 1.09342321e+00
15.10392 1.09922984e+00
15.15620 1.10506790e+00
15.20866 1.11093415e+00
15.26131 1.11682948e+00
15.31414 1.12275716e+00
15.36715 1.12872295e+00
15.42034 1.13473391e+00
15.47372 1.14079763e+00
15.52729 1.14991334e+00
15.58103 1.16195857e+00
15.63497 1.17404607e+00
15.68909 1.18618091e+00
15.74340 1.19836634e+00
15.79790 1.21060415e+00
15.85258 1.22289527e+00
15.90746 1.23523896e+00
15.96252 1.24763377e+00
16.01778 1.26058179e+00
16.07323 1.27457551e+00
16.12886 1.28851196e+00
16.18470 1.30238625e+00
16.24072 1.31619334e+00
16.29694 1.32992871e+00
16.35335 1.34358765e+00
16.40996 1.35716529e+00
16.46677 1.37065712e+00
16.52377 1.38386999e+00
16.58097 1.39668721e+00
16.63836 1.40935212e+00
16.69596 1.42185895e+00
16.75375 1.43420210e+00
16.81175 1.44637560e+00
16.86994 1.45837331e+00
16.92834 1.47018909e+00
16.98694 1.48181626e+00
17.04574 1.49198960e+00
17.10474 1.50161172e+00
17.16395 1.51103783e+00
17.22337 1.52026212e+00
17.28299 1.52927865e+00
17.34281 1.53808146e+00
17.40285 1.54666421e+00
17.46309 1.55502040e+00
17.52354 1.56267001e+00
17.58420 1.56936226e+00
17.64507 1.57584748e+00
17.70615 1.58212167e+00
17.76744 1.58817996e+00
17.82894 1.59401784e+00
17.89066 1.59963116e+00
17.95259 1.60501521e+00
18.01473 1.60987550e+00
18.07709 1.61360518e+00
18.13967 1.61716287e+00
18.20246 1.62054676e+00
18.26547 1.62375142e+00
18.32870 1.62678193e+00
18.39214 1.62963303e+00
18.45581 1.63230346e+00
18.51969 1.63455005e+00
18.58380 1.63611462e+00
18.64813 1.63756249e+00
18.71268 1.63889400e+00
18.77746 1.64010916e+00
18.84246 1.64120852e+00
18.90768 1.64219261e+00
18.97313 1.64306216e+00
19.03881 1.64355556e+00
19.10472 1.64378772e+00
19.17085 1.64395086e+00
19.23721 1.64404661e+00
19.30380 1.64407715e+00
19.37062 1.64404463e+00
19.43768 1.64395122e+00
19.50496 1.64378519e+00
19.57248 1.64339946e+00
19.64023 1.64298520e+00
19.70822 1.64254527e+00
19.77644 1.64208222e+00
19.84490 1.64159894e+00
19.91359 1.64109813e+00
19.98252 1.64058287e+00
20.05169 1.63998848e+00
20.12110 1.63937186e+00
20.19076 1.63875994e+00
20.26065 1.63815580e+00
20.33078 1.63756212e+00
20.40116 1.63698164e+00
20.47178 1.63641742e+00
20.54264 1.63587199e+00
20.61375 1.63534805e+00
20.68511 1.63484833e+00
20.75671 1.63437535e+00
20.82856 1.63393163e+00
20.90066 1.63351971e+00
20.97301 1.63314193e+00
21.04561 1.63283101e+00
21.11846 1.63257428e+00
21.19157 1.63235513e+00
21.26492 1.63217519e+00
21.33853 1.63203589e+00
21.41240 1.63193887e+00
21.48652 1.63188558e+00
21.56090 1.63187709e+00
21.63553 1.63191503e+00
21.71043 1.63200012e+00
21.78558 1.63213363e+00
21.86099 1.63231665e+00
21.93666 1.63254971e+00
22.01260 1.63284167e+00
22.08880 1.63322215e+00
22.16526 1.63364979e+00
22.24199 1.63412440e+00
22.31898 1.63464635e+00
22.39624 1.63521545e+00
22.47377 1.63583170e+00
22.55156 1.63649457e+00
22.62962 1.63720422e+00
22.70796 1.63795977e+00
22.78656 1.63876103e+00
22.86544 1.63960745e+00
22.94459 1.64049814e+00
23.02402 1.64144230e+00
23.10372 1.64244862e+00
23.18369 1.64349215e+00
23.26394 1.64457181e+00
23.34447 1.64568616e+00
23.42528 1.64683412e+00
23.50637 1.64801405e+00
23.58774 1.64922470e+00
23.66939 1.65046443e+00
23.75133 1.65173163e+00
23.83354 1.65302466e+00
23.91604 1.65434154e+00
23.99883 1.65568082e+00
24.08191 1.65705841e+00
24.16527 1.65845622e+00
24.24892 1.65987211e+00
24.33286 1.66130389e+00
24.41709 1.66274959e+00
24.50161 1.66420721e+00
24.58642 1.66567440e+00
24.67153 1.66714936e+00
24.75693 1.66862938e+00
24.84263 1.67011248e+00
24.92863 1.67159611e+00
25.01492 1.67306656e+00
25.10151 1.67447449e+00
25.18840 1.67587032e+00
25.27559 1.67725116e+00
25.36309 1.67861429e+00
25.45088 1.67995682e+00
25.53898 1.68127605e+00
25.62739 1.68256908e+00
25.71610 1.68383303e+00
25.80512 1.68506481e+00
25.89444 1.68626155e+00
25.98408 1.68742034e+00
26.07403 1.68858131e+00
26.16428 1.68971065e+00
26.25485 1.69079664e+00
26.34574 1.69183656e+00
26.43694 1.69282752e+00
26.52845 1.69376644e+00
26.62028 1.69465062e+00
26.71243 1.69547717e+00
26.80489 1.69624320e+00
26.89768 1.69694563e+00
26.99079 1.69758212e+00
27.08422 1.69805348e+00
27.17798 1.69843902e+00
27.27205 1.69874308e+00
27.36646 1.69896296e+00
27.46119 1.69909557e+00
27.55625 1.69913820e+00
27.65164 1.69908780e+00
27.74736 1.69894164e+00
27.84341 1.69869683e+00
27.93979 1.69835104e+00
28.03650 1.69787137e+00
28.13355 1.69723380e+00
28.23094 1.69648331e+00
28.32867 1.69561773e+00
28.42673 1.69463472e+00
28.52513 1.69353157e+00
28.62387 1.69230647e+00
28.72295 1.69095689e+00
28.82238 1.68948103e+00
28.92215 1.68787689e+00
29.02227 1.68610292e+00
29.12273 1.68405308e+00
29.22354 1.68185960e+00
29.32470 1.67952105e+00
29.42621 1.67703562e+00
29.52807 1.67440186e+00
29.63029 1.67161833e+00
29.73286 1.66868376e+00
29.83578 1.66559707e+00
29.93906 1.66235700e+00
30.04269 1.65883291e+00
30.14669 1.65495798e+00
30.25104 1.65091393e+00
30.35576 1.64670024e+00
30.46084 1.64231673e+00
30.56628 1.63776285e+00
30.67209 1.63303895e+00
30.77826 1.62814524e+00
30.88481 1.62308169e+00
30.99172 1.61784904e+00
31.09900 1.61244783e+00
31.20665 1.60687896e+00
31.31467 1.60114334e+00
31.42307 1.59524186e+00
31.53184 1.58917580e+00
31.64099 1.58294677e+00
31.75052 1.57655623e+00
31.86043 1.57000580e+00
31.97072 1.56329728e+00
32.08139 1.55579004e+00
32.19244 1.54787775e+00
32.30388 1.53979201e+00
32.41570 1.53153608e+00
32.52791 1.52311340e+00
32.64051 1.51452776e+00
32.75349 1.50578259e+00
32.86687 1.49688223e+00
32.98064 1.48783047e+00
33.09481 1.47863146e+00
33.20937 1.46928973e+00
33.32433 1.45980943e+00
33.43968 1.45019507e+00
33.55544 1.44045136e+00
33.67159 1.43058298e+00
33.78815 1.42059465e+00
33.90511 1.41049122e+00
34.02247 1.40007868e+00
34.14024 1.38871800e+00
34.25842 1.37725633e+00
34.37701 1.36570053e+00
34.49601 1.35405692e+00
34.61542 1.34233238e+00
34.73525 1.33053358e+00
34.85549 1.31866667e+00
34.97614 1.30673851e+00
35.09721 1.29475544e+00
35.21871 1.28272376e+00
35.34062 1.27064980e+00
35.46295 1.25853972e+00
35.58571 1.24639964e+00
35.70889 1.23423553e+00
35.83250 1.22205318e+00
35.95654 1.20985818e+00
36.08101 1.19765866e+00
36.20590 1.18546023e+00
36.33123 1.17326740e+00
36.45700 1.16108541e+00
36.58320 1.14891931e+00
36.70983 1.13677382e+00
36.83691 1.12465397e+00
36.96442 1.11256394e+00
37.09238 1.10050824e+00
37.22077 1.08849119e+00
37.34962 1.07651679e+00
37.47890 1.06458881e+00
37.60864 1.05271142e+00
37.73883 1.04088769e+00
37.86946 1.02912160e+00
38.00055 1.01741494e+00
38.13209 1.00556339e+00
38.26409 9.93792411e-01
38.39654 9.82104723e-01
38.52946 9.70503032e-01
38.66283 9.58989326e-01
38.79667 9.47565953e-01
38.93096 9.36234901e-01
39.06573 9.24997977e-01
39.20096 9.13856986e-01
39.33665 9.02813375e-01
39.47282 8.91868769e-01
39.60946 8.81024252e-01
39.74657 8.70281089e-01
39.88416 8.59640184e-01
40.02222 8.49192592e-01
40.16076 8.39316268e-01
40.29978 8.29541298e-01
40.43928 8.19867682e-01
40.57926 8.10295601e-01
40.71973 8.00825235e-01
40.86069 7.91456403e-01
41.00213 7.82189287e-01
41.14406 7.73023525e-01
41.28648 7.63959298e-01
41.42940 7.54995883e-01
41.57281 7.46133099e-01
41.71672 7.37370946e-01
41.86113 7.28708521e-01
42.00603 7.20145825e-01
42.15144 7.11681953e-01
42.29735 7.03316725e-01
42.44377 6.95049418e-01
42.59069 6.86879310e-01
42.73812 6.78806039e-01
42.88606 6.70828703e-01
43.03451 6.62946577e-01
43.18348 6.55159302e-01
43.33297 6.47465793e-01
43.48297 6.39865327e-01
43.63349 6.32357362e-01
43.78453 6.24940815e-01
43.93609 6.17614962e-01
44.08818 6.10379081e-01
44.24079 6.03232089e-01
44.39394 5.96173442e-01
44.54761 5.89202057e-01
44.70182 5.82317212e-01
44.85655 5.75517822e-01
45.01183 5.68824845e-01
45.16764 5.62474953e-01
45.32399 5.56202749e-01
45.48089 5.50007689e-01
45.63832 5.43888689e-01
45.79630 5.37845028e-01
45.95483 5.31875801e-01
46.11391 5.25979925e-01
46.27353 5.20156677e-01
46.43371 5.14405335e-01
46.59445 5.08723729e-01
46.75574 5.03113307e-01
46.91759 4.97572260e-01
47.08000 4.92099686e-01
47.24297 4.86694501e-01
47.40650 4.81356162e-01
47.57060 4.76083767e-01
47.73527 4.70876411e-01
47.90051 4.65733193e-01
48.06633 4.60653569e-01
48.23271 4.55636636e-01
48.39967 4.50681491e-01
48.56721 4.45787412e-01
48.73533 4.40953675e-01
48.90403 4.36179378e-01
49.07332 4.31463978e-01
49.24319 4.26806391e-01
49.41365 4.22206257e-01
49.58470 4.17662490e-01
49.75634 4.13174369e-01
49.92858 4.08741531e-01
50.10141 4.04338323e-01
50.27484 3.99971610e-01
50.44887 3.95658193e-01
50.62350 3.91397351e-01
50.79874 3.87188179e-01
50.97458 3.83030135e-01
51.15104 3.78922679e-01
51.32810 3.74865086e-01
51.50578 3.70856454e-01
51.68407 3.66896602e-01
51.86298 3.62984627e-01
52.04250 3.59119805e-01
52.22265 3.55301777e-01
52.40343 3.51529818e-01
52.58482 3.47803387e-01
52.76685 3.44121762e-01
52.94951 3.40484400e-01
53.13280 3.36890759e-01
53.31672 3.33340117e-01
53.50128 3.29832113e-01
53.68648 3.26366203e-01
53.87232 3.22941667e-01
54.05880 3.19558141e-01
54.24593 3.16214905e-01
54.43371 3.12911415e-01
54.62214 3.09647310e-01
54.81122 3.06422049e-01
55.00095 3.03235811e-01
55.19134 3.00253547e-01
55.38239 2.97305970e-01
55.57410 2.94392359e-01
55.76647 2.91512532e-01
55.95951 2.88665767e-01
56.15322 2.85851884e-01
56.34760 2.83070159e-01
56.54265 2.80320593e-01
56.73838 2.77602283e-01
56.93479 2.74915227e-01
57.13187 2.72258705e-01
57.32964 2.69632353e-01
57.52809 2.67035993e-01
57.72723 2.64469081e-01
57.92705 2.61931256e-01
58.12757 2.59421977e-01
58.32879 2.56941062e-01
58.53070 2.54488151e-01
58.73331 2.52062881e-01
58.93662 2.49664712e-01
59.14063 2.47293462e-01
59.34535 2.44948589e-01
59.55078 2.42629913e-01
59.75692 2.40337253e-01
59.96377 2.38069887e-01
60.17134 2.35620227e-01
60.37963 2.33155934e-01
60.58864 2.30720547e-01
60.79837 2.28314067e-01
61.00883 2.25936133e-01
61.22002 2.23586021e-01
61.43194 2.21263551e-01
61.64459 2.18968361e-01
61.85797 2.16700091e-01
62.07210 2.14458379e-01
62.28697 2.12242864e-01
62.50258 2.10053365e-01
62.71894 2.07889159e-01
62.93605 2.05750246e-01
63.15390 2.03636265e-01
63.37252 2.01546675e-01
63.59189 1.99481474e-01
63.81201 1.97439941e-01
64.03290 1.95422255e-01
64.25456 1.93427695e-01
64.47698 1.91456080e-01
64.70017 1.89507048e-01
64.92414 1.87580599e-01
65.14888 1.85887391e-01
65.37440 1.84319024e-01
65.60070 1.82766736e-01
65.82778 1.81230166e-01
66.05565 1.79709206e-01
66.28430 1.78203638e-01
66.51375 1.76713264e-01
66.74400 1.75237922e-01
66.97504 1.73777413e-01
67.20688 1.72331556e-01
67.43952 1.70900188e-01
67.67297 1.69483111e-01
67.90722 1.68080162e-01
68.14229 1.66691179e-01
68.37817 1.65315998e-01
68.61486 1.63954422e-01
68.85238 1.62606323e-01
69.09072 1.61271522e-01
69.32988 1.59949873e-01
69.56987 1.58641196e-01
69.81069 1.57345364e-01
70.05235 1.56030255e-01
70.29484 1.54613395e-01
70.53817 1.53211169e-01
70.78235 1.51823432e-01
71.02737 1.50449986e-01
71.27323 1.49090686e-01
71.51995 1.47745352e-01
71.76752 1.46413820e-01
72.01595 1.45095929e-01
72.26524 1.43791498e-01
72.51539 1.42500418e-01
72.76641 1.41222472e-01
73.01830 1.39957553e-01
73.27106 1.38705478e-01
73.52469 1.37466123e-01
73.77920 1.36239324e-01
74.03460 1.35024937e-01
74.29087 1.33822817e-01
74.54804 1.32632820e-01
74.80609 1.31454801e-01
75.06504 1.30223070e-01
75.32488 1.28810383e-01
75.58563 1.27414318e-01
75.84727 1.26034620e-01
76.10982 1.24671093e-01
76.37328 1.23323536e-01
76.63766 1.21991752e-01
76.90295 1.20675505e-01
77.16915 1.19374633e-01
77.43628 1.18088918e-01
77.70433 1.16818181e-01
77.97331 1.15562223e-01
78.24322 1.14320862e-01
78.51407 1.13093919e-01
78.78585 1.11881176e-01
79.05857 1.10682488e-01
79.33224 1.09497676e-01
79.60686 1.08326541e-01
79.88242 1.07168937e-01
80.15894 1.06135452e-01
80.43642 1.05194413e-01
80.71486 1.04262878e-01
80.99426 1.03340719e-01
81.27463 1.02427828e-01
81.55596 1.01524080e-01
81.83828 1.00629382e-01
82.12157 9.97436457e-02
82.40584 9.88667439e-02
82.69109 9.79985683e-02
82.97733 9.71390286e-02
83.26457 9.62880344e-02
83.55279 9.54454773e-02
83.84202 9.46112671e-02
84.13225 9.37852952e-02
84.42348 9.29674895e-02
84.71572 9.21577234e-02
85.00897 9.13559247e-02
85.30323 9.05620031e-02
85.59852 8.97758502e-02
85.89482 8.89974117e-02
86.19215 8.82265793e-02
86.49052 8.74632627e-02
86.78991 8.67073895e-02
87.09034 8.59588694e-02
87.39181 8.52176121e-02
87.69432 8.44835454e-02
87.99789 8.37565969e-02
88.30250 8.30366583e-02
88.60816 8.23236935e-02
88.91489 8.16175759e-02
89.22267 8.09182694e-02
89.53153 8.02256837e-02
89.84145 7.95397466e-02
90.15244 7.88603677e-02
90.46451 7.81874927e-02
90.77766 7.75210495e-02
91.09190 7.68609658e-02
91.40722 7.62071512e-02
91.72363 7.55595696e-02
92.04114 7.49181307e-02
92.35975 7.42827802e-02
92.67946 7.36534459e-02
93.00028 7.30300556e-02
93.32221 7.24125550e-02
93.64525 7.18008719e-02
93.96941 7.11949520e-02
94.29469 7.05947231e-02
94.62110 7.00001311e-02
94.94864 6.94111035e-02
95.27731 6.88276044e-02
95.60712 6.82495433e-02
95.93807 6.76768842e-02
96.27017 6.71095728e-02
96.60342 6.65475369e-02
96.93782 6.59907222e-02
97.27338 6.54390746e-02
97.61010 6.48925399e-02
97.94798 6.43510819e-02
98.28704 6.38146103e-02
98.62727 6.32830889e-02
98.96867 6.27564817e-02
99.31126 6.22347164e-02
99.65504 6.17177568e-02
100.00000 6.12055307e-02
