        2000  2.000000 3.710000
0.10000 7.43267633e-01
0.10035 7.43141295e-01
0.10069 7.43011297e-01
0.10104 7.42877440e-01
0.10139 7.42739922e-01
0.10174 7.42598646e-01
0.10210 7.42453510e-01
0.10245 7.42304616e-01
0.10280 7.42151962e-01
0.10316 7.41974277e-01
0.10352 7.41696571e-01
0.10387 7.41410456e-01
0.10423 7.41115833e-01
0.10459 7.40812899e-01
0.10496 7.40501358e-01
0.10532 7.40181506e-01
0.10568 7.39853048e-01
0.10605 7.39515982e-01
0.10642 7.39170408e-01
0.10679 7.38816226e-01
0.10716 7.38453537e-01
0.10753 7.38082141e-01
0.10790 7.37702138e-01
0.10827 7.37313528e-01
0.10865 7.36916212e-01
0.10902 7.36510288e-01
0.10940 7.36141366e-01
0.10978 7.36133055e-01
0.11016 7.36219919e-01
0.11054 7.36641771e-01
0.11092 7.37510603e-01
0.11131 7.38930890e-01
0.11169 7.40985637e-01
0.11208 7.40504821e-01
0.11247 7.43230236e-01
0.11286 7.46467829e-01
0.11325 7.45771438e-01
0.11364 7.49600355e-01
0.11403 7.53933734e-01
0.11443 7.53182435e-01
0.11482 7.57828443e-01
0.11522 7.62586147e-01
0.11562 7.61777169e-01
0.11602 7.66366686e-01
0.11642 7.70531780e-01
0.11682 7.73997118e-01
0.11723 7.78784996e-01
0.11763 7.78875817e-01
0.11804 7.77947625e-01
0.11845 7.77003306e-01
0.11886 7.76042861e-01
0.11927 7.75066191e-01
0.11968 7.74073395e-01
0.12010 7.73064473e-01
0.12051 7.72039524e-01
0.12093 7.70998349e-01
0.12135 7.69941148e-01
0.12177 7.68867919e-01
0.12219 7.67778564e-01
0.12262 7.66673281e-01
0.12304 7.65551970e-01
0.12347 7.64414633e-01
0.12389 7.65391303e-01
0.12432 7.70995183e-01
0.12475 7.76262493e-01
0.12518 7.79784817e-01
0.12562 7.81290087e-01
0.12605 7.82765876e-01
0.12649 7.83349286e-01
0.12693 7.83119068e-01
0.12737 7.82887069e-01
0.12781 7.82836118e-01
0.12825 7.82917738e-01
0.12869 7.82999556e-01
0.12914 7.83018551e-01
0.12959 7.82997281e-01
0.13003 7.82976010e-01
0.13048 7.82828501e-01
0.13094 7.82599668e-01
0.13139 7.82369252e-01
0.13184 7.82199285e-01
0.13230 7.82073145e-01
0.13276 7.81946213e-01
0.13322 7.81783171e-01
0.13368 7.81586294e-01
0.13414 7.81388229e-01
0.13461 7.81183932e-01
0.13507 7.80843304e-01
0.13554 7.80499808e-01
0.13601 7.80153640e-01
0.13648 7.79610298e-01
0.13695 7.79039947e-01
0.13743 7.78463265e-01
0.13790 7.77799027e-01
0.13838 7.77097293e-01
0.13886 7.76387050e-01
0.13934 7.75420669e-01
0.13982 7.74219915e-01
0.14031 7.72998583e-01
0.14079 7.71645077e-01
0.14128 7.69996748e-01
0.14177 7.68315079e-01
0.14226 7.66599872e-01
0.14275 7.64832033e-01
0.14324 7.63030555e-01
0.14374 7.61195540e-01
0.14424 7.58800067e-01
0.14474 7.56130252e-01
0.14524 7.53398505e-01
0.14574 7.49836114e-01
0.14625 7.44757272e-01
0.14675 7.39500251e-01
0.14726 7.34068119e-01
0.14777 7.30427570e-01
0.14828 7.26776337e-01
0.14879 7.23054761e-01
0.14931 7.17425158e-01
0.14983 7.10030979e-01
0.15034 7.02411431e-01
0.15087 6.94608955e-01
0.15139 6.87071422e-01
0.15191 6.79358282e-01
0.15244 6.71477748e-01
0.15297 6.63166853e-01
0.15349 6.54474669e-01
0.15403 6.45624093e-01
0.15456 6.36626008e-01
0.15509 6.26450319e-01
0.15563 6.15261552e-01
0.15617 6.03912019e-01
0.15671 5.92421011e-01
0.15725 5.80284761e-01
0.15780 5.68006540e-01
0.15834 5.55637895e-01
0.15889 5.43246990e-01
0.15944 5.30921083e-01
0.15999 5.18567773e-01
0.16055 5.06206053e-01
0.16110 4.95048846e-01
0.16166 4.84721591e-01
0.16222 4.74422532e-01
0.16278 4.64161563e-01
0.16335 4.47019186e-01
0.16391 4.28845331e-01
0.16448 4.10924052e-01
0.16505 3.93946696e-01
0.16562 3.88435318e-01
0.16619 3.82957874e-01
0.16677 3.77515650e-01
0.16734 3.67293957e-01
0.16792 3.39490228e-01
0.16851 3.12895464e-01
0.16909 2.87602861e-01
0.16967 2.68222810e-01
0.17026 2.59520238e-01
0.17085 2.51014939e-01
0.17144 2.42707903e-01
0.17204 2.35257432e-01
0.17263 2.29118915e-01
0.17323 2.23098822e-01
0.17383 2.17197053e-01
0.17443 2.05637286e-01
0.17503 1.84804400e-01
0.17564 1.65681279e-01
0.17625 1.48203222e-01
0.17686 1.35288563e-01
0.17747 1.30234851e-01
0.17808 1.25343092e-01
0.17870 1.20610022e-01
0.17932 1.14095065e-01
0.17994 9.94945821e-02
0.18056 8.65747594e-02
0.18119 7.51838920e-02
0.18182 6.51741141e-02
0.18244 5.92110361e-02
0.18308 5.68133769e-02
0.18371 5.45062614e-02
0.18435 5.22871472e-02
0.18498 4.92261795e-02
0.18562 4.33600561e-02
0.18627 3.81555593e-02
0.18691 3.35464235e-02
0.18756 2.94697469e-02
0.18821 2.61342491e-02
0.18886 2.31862831e-02
0.18951 2.05593063e-02
0.19017 1.82213731e-02
0.19083 1.70895066e-02
0.19149 1.68489007e-02
0.19215 1.66030613e-02
0.19282 1.63650079e-02
0.19348 1.61485417e-02
0.19415 1.61466917e-02
0.19483 1.61472952e-02
0.19550 1.61442777e-02
0.19618 1.61418736e-02
0.19686 1.58797498e-02
0.19754 1.54349356e-02
0.19822 1.50040018e-02
0.19891 1.45846827e-02
0.19960 1.41766223e-02
0.20029 1.19453195e-02
0.20098 1.00463238e-02
0.20168 8.43958418e-03
0.20237 7.09093685e-03
0.20307 6.34215101e-03
0.20378 6.42207431e-03
0.20448 6.49891879e-03
0.20519 6.58338906e-03
0.20590 6.66728057e-03
0.20661 5.09965025e-03
0.20733 3.22838957e-03
0.20805 2.04203347e-03
0.20877 1.28748278e-03
0.20949 8.12718734e-04
0.21021 7.87018228e-04
0.21094 8.58021791e-04
0.21167 9.38082404e-04
0.21240 1.01924088e-03
0.21314 1.11065825e-03
0.21388 2.25674057e-04
0.21462 2.25691271e-04
0.21536 2.25708782e-04
0.21611 2.25725799e-04
0.21685 2.25742321e-04
0.21760 2.25761613e-04
0.21836 2.25779124e-04
0.21911 2.25796239e-04
0.21987 2.25813849e-04
0.22063 2.25831756e-04
0.22140 2.26119355e-04
0.22216 2.92849493e-04
0.22293 1.32523574e-03
0.22370 1.14007706e-02
0.22448 1.24062499e-01
0.22526 4.49500137e-01
0.22604 1.19860503e-01
0.22682 2.39347633e-02
0.22760 5.07713104e-03
0.22839 9.75885424e-04
0.22918 2.51077169e-04
0.22998 2.31612530e-04
0.23077 2.29905237e-04
0.23157 2.28608518e-04
0.23237 2.27259463e-04
0.23318 2.26456520e-04
0.23398 2.27310612e-04
0.23479 2.27628880e-04
0.23561 2.29612691e-04
0.23642 2.29657904e-04
0.23724 2.30640114e-04
0.23806 2.30454614e-04
0.23889 2.31669812e-04
0.23971 2.31915464e-04
0.24054 2.33240577e-04
0.24137 2.34568559e-04
0.24221 2.34620202e-04
0.24305 2.33991877e-04
0.24389 2.33692702e-04
0.24473 2.32481758e-04
0.24558 2.30548205e-04
0.24643 2.29826684e-04
0.24728 2.29373471e-04
0.24814 2.30176315e-04
0.24900 2.30369927e-04
0.24986 2.29895938e-04
0.25073 2.29391279e-04
0.25159 2.28565284e-04
0.25246 2.26465325e-04
0.25334 2.27130850e-04
0.25422 2.26662598e-04
0.25510 2.27460694e-04
0.25598 2.29386926e-04
0.25687 2.30379623e-04
0.25775 2.30781787e-04
0.25865 2.30556417e-04
0.25954 2.32080979e-04
0.26044 2.32283496e-04
0.26134 2.33358406e-04
0.26225 2.35629916e-04
0.26315 2.35155135e-04
0.26406 2.35620913e-04
0.26498 2.34412640e-04
0.26590 2.32954066e-04
0.26682 2.38529949e-04
0.26774 2.26847999e-03
0.26867 2.04651119e-02
0.26960 3.15235633e-02
0.27053 3.56636760e-02
0.27147 3.95011219e-02
0.27241 4.26488937e-02
0.27335 4.76444433e-02
0.27430 5.25470154e-02
0.27525 5.77765819e-02
0.27620 6.13756677e-02
0.27715 6.66102007e-02
0.27811 7.05677616e-02
0.27908 7.36676991e-02
0.28004 7.98265266e-02
0.28101 8.24248919e-02
0.28198 8.36336891e-02
0.28296 8.77720308e-02
0.28394 8.88695280e-02
0.28492 9.27146412e-02
0.28591 9.49032840e-02
0.28690 9.79207408e-02
0.28789 1.00349564e-01
0.28889 1.03285015e-01
0.28989 1.06585332e-01
0.29089 1.08370584e-01
0.29190 1.10053242e-01
0.29291 1.15843711e-01
0.29392 1.20947583e-01
0.29494 1.22276455e-01
0.29596 1.22650423e-01
0.29699 1.26406922e-01
0.29801 1.32813251e-01
0.29905 1.31553830e-01
0.30008 1.32159104e-01
0.30112 1.39022307e-01
0.30216 1.41479317e-01
0.30321 1.41722000e-01
0.30426 1.43726983e-01
0.30531 1.47986854e-01
0.30637 1.51025295e-01
0.30743 1.52030952e-01
0.30849 1.54684146e-01
0.30956 1.56689822e-01
0.31063 1.59846587e-01
0.31171 1.61139447e-01
0.31279 1.63016806e-01
0.31387 1.65261505e-01
0.31496 1.64432839e-01
0.31605 1.67429926e-01
0.31714 1.71202155e-01
0.31824 1.70317097e-01
0.31934 1.71116973e-01
0.32044 1.75869631e-01
0.32155 1.78921131e-01
0.32267 1.79267596e-01
0.32378 1.81050177e-01
0.32490 1.81104887e-01
0.32603 1.83865325e-01
0.32716 1.88162197e-01
0.32829 1.88180203e-01
0.32943 1.89134613e-01
0.33057 1.91953125e-01
0.33171 1.95122949e-01
0.33286 1.96417293e-01
0.33401 1.99555755e-01
0.33517 2.00288950e-01
0.33633 2.03304142e-01
0.33749 2.04675358e-01
0.33866 2.05483841e-01
0.33983 2.10061783e-01
0.34101 2.12364456e-01
0.34219 2.14295338e-01
0.34337 2.15650329e-01
0.34456 2.15873127e-01
0.34576 2.18752186e-01
0.34695 2.20156248e-01
0.34815 2.19314721e-01
0.34936 2.20435438e-01
0.35057 2.23660862e-01
0.35178 2.25817411e-01
0.35300 2.26396863e-01
0.35422 2.24429277e-01
0.35545 2.25958688e-01
0.35668 2.29536117e-01
0.35791 2.32041406e-01
0.35915 2.32436051e-01
0.36039 2.30893581e-01
0.36164 2.32864729e-01
0.36289 2.34839043e-01
0.36415 2.37681892e-01
0.36541 2.38042306e-01
0.36668 2.37644099e-01
0.36795 2.39738815e-01
0.36922 2.41065016e-01
0.37050 2.43996312e-01
0.37178 2.44614744e-01
0.37307 2.44768981e-01
0.37436 2.46828971e-01
0.37565 2.47784766e-01
0.37695 2.49478109e-01
0.37826 2.50509291e-01
0.37957 2.52788221e-01
0.38088 2.55544206e-01
0.38220 2.54809033e-01
0.38352 2.53757174e-01
0.38485 2.56673234e-01
0.38618 2.61342689e-01
0.38752 2.61624154e-01
0.38886 2.58739258e-01
0.39021 2.59757579e-01
0.39156 2.62158197e-01
0.39291 2.62496351e-01
0.39427 2.64003699e-01
0.39564 2.65718510e-01
0.39701 2.63289400e-01
0.39838 2.62356756e-01
0.39976 2.65767285e-01
0.40115 2.68694524e-01
0.40253 2.67767123e-01
0.40393 2.68384764e-01
0.40533 2.69122213e-01
0.40673 2.67450536e-01
0.40814 2.69521903e-01
0.40955 2.72819945e-01
0.41097 2.71122051e-01
0.41239 2.71613354e-01
0.41382 2.73893866e-01
0.41525 2.72850417e-01
0.41669 2.74192051e-01
0.41813 2.76263617e-01
0.41958 2.74838482e-01
0.42103 2.75575634e-01
0.42249 2.78240601e-01
0.42395 2.77469812e-01
0.42542 2.78279086e-01
0.42689 2.79263176e-01
0.42837 2.78297587e-01
0.42985 2.79829372e-01
0.43134 2.82951114e-01
0.43283 2.82617115e-01
0.43433 2.83187664e-01
0.43583 2.82951114e-01
0.43734 2.81802498e-01
0.43886 2.83344473e-01
0.44037 2.85709870e-01
0.44190 2.86945053e-01
0.44343 2.88042520e-01
0.44496 2.87052198e-01
0.44650 2.86383804e-01
0.44805 2.85789907e-01
0.44960 2.86490256e-01
0.45116 2.89142164e-01
0.45272 2.89812734e-01
0.45429 2.89250595e-01
0.45586 2.88855060e-01
0.45744 2.88100396e-01
0.45902 2.88790753e-01
0.46061 2.89629015e-01
0.46220 2.91228075e-01
0.46380 2.92755506e-01
0.46541 2.91511123e-01
0.46702 2.91193448e-01
0.46864 2.91978187e-01
0.47026 2.91940296e-01
0.47189 2.91467098e-01
0.47352 2.92978304e-01
0.47516 2.94926005e-01
0.47680 2.94648398e-01
0.47845 2.94812429e-01
0.48011 2.96378940e-01
0.48177 2.95650889e-01
0.48344 2.94050049e-01
0.48511 2.95098643e-01
0.48679 2.97321379e-01
0.48848 2.97842955e-01
0.49017 2.98567048e-01
0.49186 3.00270186e-01
0.49357 2.99329626e-01
0.49528 2.97430403e-01
0.49699 2.97559511e-01
0.49871 2.99799461e-01
0.50044 3.01024157e-01
0.50217 3.02049996e-01
0.50391 3.03775987e-01
0.50565 3.04073381e-01
0.50740 3.01005359e-01
0.50916 2.99420447e-01
0.51092 3.01062444e-01
0.51269 3.02985015e-01
0.51446 3.05112774e-01
0.51625 3.07503399e-01
0.51803 3.07614996e-01
0.51983 3.05112478e-01
0.52163 3.03184762e-01
0.52343 3.01725594e-01
0.52524 3.02440882e-01
0.52706 3.03858300e-01
0.52889 3.05709936e-01
0.53072 3.07359353e-01
0.53255 3.07122407e-01
0.53440 3.05767119e-01
0.53625 3.04401246e-01
0.53810 3.03394698e-01
0.53997 3.03624223e-01
0.54183 3.04262245e-01
0.54371 3.06318178e-01
0.54559 3.07264377e-01
0.54748 3.06667116e-01
0.54938 3.06568282e-01
0.55128 3.05551841e-01
0.55319 3.05187370e-01
0.55510 3.04681029e-01
0.55702 3.03846329e-01
0.55895 3.05294020e-01
0.56089 3.06383573e-01
0.56283 3.06658707e-01
0.56478 3.06327775e-01
0.56673 3.07109051e-01
0.56869 3.07894285e-01
0.57066 3.06587574e-01
0.57264 3.05132462e-01
0.57462 3.04941422e-01
0.57661 3.05254051e-01
0.57860 3.05159075e-01
0.58061 3.04953789e-01
0.58262 3.06318673e-01
0.58463 3.07792186e-01
0.58666 3.08897271e-01
0.58869 3.08090767e-01
0.59073 3.06351420e-01
0.59277 3.05900679e-01
0.59482 3.05741100e-01
0.59688 3.05006718e-01
0.59895 3.04245921e-01
0.60102 3.05948662e-01
0.60310 3.08503022e-01
0.60519 3.09343164e-01
0.60728 3.08503714e-01
0.60939 3.07058892e-01
0.61150 3.06122191e-01
0.61361 3.05842309e-01
0.61574 3.04820624e-01
0.61787 3.03813780e-01
0.62001 3.05204980e-01
0.62215 3.08022008e-01
0.62431 3.09151035e-01
0.62647 3.08754115e-01
0.62864 3.07451361e-01
0.63081 3.06064711e-01
0.63300 3.05100606e-01
0.63519 3.03868985e-01
0.63739 3.02523887e-01
0.63959 3.02727393e-01
0.64181 3.04518977e-01
0.64403 3.06795729e-01
0.64626 3.06812746e-01
0.64849 3.06033052e-01
0.65074 3.05466164e-01
0.65299 3.05028582e-01
0.65525 3.04884041e-01
0.65752 3.03399249e-01
0.65980 3.02791699e-01
0.66208 3.03458312e-01
0.66437 3.04122056e-01
0.66667 3.04323781e-01
0.66898 3.04858120e-01
0.67130 3.04676478e-01
0.67362 3.04054979e-01
0.67595 3.04300631e-01
0.67829 3.05285512e-01
0.68064 3.04334862e-01
0.68299 3.03789640e-01
0.68536 3.04245921e-01
0.68773 3.02804858e-01
0.69011 3.02518742e-01
0.69250 3.03908756e-01
0.69490 3.04400652e-01
0.69730 3.04510468e-01
0.69972 3.05188063e-01
0.70214 3.05723391e-01
0.70457 3.06239823e-01
0.70701 3.06708173e-01
0.70946 3.05699350e-01
0.71191 3.02464725e-01
0.71438 3.01012186e-01
0.71685 3.01980149e-01
0.71933 3.02926941e-01
0.72182 3.04364047e-01
0.72432 3.05497625e-01
0.72683 3.05119007e-01
0.72934 3.06624773e-01
0.73187 3.09042901e-01
0.73440 3.08433867e-01
0.73694 3.05925611e-01
0.73949 3.01905158e-01
0.74205 2.99806584e-01
0.74462 3.00559665e-01
0.74720 3.02392602e-01
0.74979 3.04148867e-01
0.75238 3.05019579e-01
0.75499 3.04706752e-01
0.75760 3.06493884e-01
0.76022 3.09567545e-01
0.76285 3.09763630e-01
0.76549 3.07105292e-01
0.76814 3.03042990e-01
0.77080 3.00079343e-01
0.77347 2.99362373e-01
0.77615 3.00666414e-01
0.77884 3.02529328e-01
0.78153 3.02839781e-01
0.78424 3.02408234e-01
0.78695 3.03679230e-01
0.78968 3.05422733e-01
0.79241 3.07496276e-01
0.79515 3.07239544e-01
0.79790 3.03759267e-01
0.80067 3.00269394e-01
0.80344 2.98069216e-01
0.80622 2.97150125e-01
0.80901 2.97554960e-01
0.81181 2.98277668e-01
0.81462 2.97920618e-01
0.81744 2.98126696e-01
0.82027 2.99481687e-01
0.82311 3.01022079e-01
0.82596 3.02617082e-01
0.82882 3.03240065e-01
0.83169 3.01707291e-01
0.83457 2.99247314e-01
0.83745 2.97081960e-01
0.84035 2.95599840e-01
0.84326 2.94624852e-01
0.84618 2.93604849e-01
0.84911 2.92259059e-01
0.85205 2.91941978e-01
0.85500 2.92676854e-01
0.85796 2.93980895e-01
0.86093 2.95112989e-01
0.86391 2.96148029e-01
0.86690 2.97272407e-01
0.86990 2.97449596e-01
0.87291 2.96596494e-01
0.87593 2.95473007e-01
0.87897 2.94158975e-01
0.88201 2.92329499e-01
0.88506 2.89820154e-01
0.88813 2.87523912e-01
0.89120 2.86510637e-01
0.89428 2.86390334e-01
0.89738 2.87154791e-01
0.90049 2.87942499e-01
0.90360 2.88467835e-01
0.90673 2.89821045e-01
0.90987 2.92089883e-01
0.91302 2.93187054e-01
0.91618 2.93151734e-01
0.91935 2.92379362e-01
0.92253 2.90563045e-01
0.92573 2.87627792e-01
0.92893 2.84583316e-01
0.93215 2.81957922e-01
0.93537 2.80301284e-01
0.93861 2.80483717e-01
0.94186 2.81055551e-01
0.94512 2.81030719e-01
0.94839 2.82012336e-01
0.95168 2.83845570e-01
0.95497 2.86786166e-01
0.95828 2.89426598e-01
0.96159 2.90307401e-01
0.96492 2.89769501e-01
0.96826 2.88227130e-01
0.97161 2.84928396e-01
0.97498 2.80696127e-01
0.97835 2.77738416e-01
0.98174 2.75331961e-01
0.98514 2.74421676e-01
0.98855 2.75062764e-01
0.99197 2.74537527e-01
0.99540 2.74803657e-01
0.99885 2.76188823e-01
1.00231 2.78607050e-01
1.00578 2.82433792e-01
1.00926 2.84718063e-01
1.01275 2.86034569e-01
1.01626 2.86185146e-01
1.01978 2.84172644e-01
1.02330 2.80418124e-01
1.02685 2.76458317e-01
1.03040 2.73644554e-01
1.03397 2.72162137e-01
1.03755 2.70860570e-01
1.04114 2.71378783e-01
1.04474 2.71015500e-01
1.04836 2.70391033e-01
1.05199 2.71019358e-01
1.05563 2.71680134e-01
1.05928 2.73924536e-01
1.06295 2.77652641e-01
1.06663 2.80070670e-01
1.07032 2.80648243e-01
1.07403 2.79867065e-01
1.07775 2.77358413e-01
1.08148 2.73624669e-01
1.08522 2.70888569e-01
1.08898 2.69066909e-01
1.09275 2.67346953e-01
1.09653 2.66232667e-01
1.10032 2.67599233e-01
1.10413 2.67951535e-01
1.10796 2.67435597e-01
1.11179 2.67404038e-01
1.11564 2.66239295e-01
1.11950 2.66344363e-01
1.12338 2.69928421e-01
1.12726 2.74079465e-01
1.13117 2.75914184e-01
1.13508 2.76033794e-01
1.13901 2.72821825e-01
1.14295 2.70121341e-01
1.14691 2.68486071e-01
1.15088 2.66322993e-01
1.15487 2.65756204e-01
1.15886 2.64714634e-01
1.16287 2.63715110e-01
1.16690 2.65360965e-01
1.17094 2.67380986e-01
1.17499 2.68089349e-01
1.17906 2.67420559e-01
1.18314 2.64791010e-01
1.18724 2.63695126e-01
1.19135 2.64423077e-01
1.19547 2.67354967e-01
1.19961 2.72014826e-01
1.20376 2.72984867e-01
1.20793 2.70317723e-01
1.21211 2.67196574e-01
1.21630 2.64952074e-01
1.22052 2.64430695e-01
1.22474 2.63746274e-01
1.22898 2.63367755e-01
1.23323 2.63319080e-01
1.23750 2.63492411e-01
1.24179 2.64513997e-01
1.24609 2.66908382e-01
1.25040 2.70438422e-01
1.25473 2.69964531e-01
1.25907 2.67067664e-01
1.26343 2.65707331e-01
1.26780 2.65245510e-01
1.27219 2.65370265e-01
1.27659 2.66427269e-01
1.28101 2.68841143e-01
1.28545 2.68861820e-01
1.28990 2.66144418e-01
1.29436 2.64699101e-01
1.29884 2.63106473e-01
1.30334 2.62638914e-01
1.30785 2.62573717e-01
1.31238 2.62183227e-01
1.31692 2.62721028e-01
1.32148 2.63331744e-01
1.32605 2.63917924e-01
1.33064 2.65432593e-01
1.33525 2.67842213e-01
1.33987 2.70010931e-01
1.34451 2.69867774e-01
1.34916 2.69295940e-01
1.35383 2.68860039e-01
1.35852 2.68305419e-01
1.36322 2.67365750e-01
1.36794 2.66104449e-01
1.37268 2.64297234e-01
1.37743 2.61995550e-01
1.38220 2.61916305e-01
1.38698 2.62802945e-01
1.39178 2.62814125e-01
1.39660 2.63116663e-01
1.40144 2.62913058e-01
1.40629 2.62852016e-01
1.41115 2.63286135e-01
1.41604 2.63640910e-01
1.42094 2.64110943e-01
1.42586 2.64590275e-01
1.43080 2.64687922e-01
1.43575 2.63977086e-01
1.44072 2.64555549e-01
1.44571 2.68379619e-01
1.45071 2.71573880e-01
1.45573 2.72849328e-01
1.46077 2.72694893e-01
1.46583 2.71361569e-01
1.47090 2.68651785e-01
1.47599 2.64387659e-01
1.48110 2.59583259e-01
1.48623 2.56377027e-01
1.49137 2.56266519e-01
1.49654 2.58375184e-01
1.50172 2.60418058e-01
1.50692 2.62008411e-01
1.51213 2.62810068e-01
1.51737 2.63062249e-01
1.52262 2.63272582e-01
1.52789 2.63259127e-01
1.53318 2.63008034e-01
1.53849 2.62246544e-01
1.54381 2.60281233e-01
1.54916 2.56339630e-01
1.55452 2.52150298e-01
1.55990 2.52395851e-01
1.56530 2.56686590e-01
1.57072 2.61613865e-01
1.57615 2.64017945e-01
1.58161 2.63630918e-01
1.58709 2.60998302e-01
1.59258 2.56440740e-01
1.59809 2.50423516e-01
1.60362 2.44083769e-01
1.60918 2.38969015e-01
1.61475 2.35929288e-01
1.62034 2.34763359e-01
1.62594 2.35138910e-01
1.63157 2.36345402e-01
1.63722 2.37472945e-01
1.64289 2.38156376e-01
1.64857 2.38124322e-01
1.65428 2.37375298e-01
1.66001 2.35919889e-01
1.66575 2.33484744e-01
1.67152 2.29502381e-01
1.67731 2.23463391e-01
1.68311 2.16843861e-01
1.68894 2.12727937e-01
1.69478 2.11847035e-01
1.70065 2.13688976e-01
1.70654 2.17753058e-01
1.71245 2.22654215e-01
1.71837 2.26052773e-01
1.72432 2.26736106e-01
1.73029 2.24946204e-01
1.73628 2.21371644e-01
1.74229 2.16819721e-01
1.74832 2.12151849e-01
1.75437 2.08061054e-01
1.76045 2.04873125e-01
1.76654 2.02654644e-01
1.77266 2.01344767e-01
1.77879 2.00783122e-01
1.78495 2.00805976e-01
1.79113 2.01129587e-01
1.79733 2.01414911e-01
1.80355 2.01328047e-01
1.80979 2.00526291e-01
1.81606 1.98665949e-01
1.82234 1.95331599e-01
1.82865 1.90187956e-01
1.83498 1.83779055e-01
1.84133 1.77986607e-01
1.84771 1.74186380e-01
1.85410 1.72327620e-01
1.86052 1.71972944e-01
1.86696 1.72868390e-01
1.87342 1.74924126e-01
1.87991 1.77950397e-01
1.88642 1.81282571e-01
1.89295 1.83828323e-01
1.89950 1.84818844e-01
1.90607 1.84238600e-01
1.91267 1.82521810e-01
1.91929 1.80183817e-01
1.92594 1.77648354e-01
1.93260 1.75200051e-01
1.93929 1.72994431e-01
1.94601 1.71095999e-01
1.95274 1.69510691e-01
1.95950 1.68208036e-01
1.96629 1.67131543e-01
1.97309 1.66191379e-01
1.97992 1.65261505e-01
1.98678 1.64166511e-01
1.99365 1.62673706e-01
2.00055 1.60498359e-01
2.00748 1.57351389e-01
2.01443 1.53114371e-01
2.02140 1.48153359e-01
2.02840 1.43360336e-01
2.03542 1.39527461e-01
2.04247 1.36861999e-01
2.04954 1.35193785e-01
2.05663 1.34297845e-01
2.06375 1.34022118e-01
2.07090 1.34298933e-01
2.07806 1.35118596e-01
2.08526 1.36481600e-01
2.09247 1.38321760e-01
2.09972 1.40422016e-01
2.10699 1.42409389e-01
2.11428 1.43901007e-01
2.12160 1.44686933e-01
2.12894 1.44773401e-01
2.13631 1.44297136e-01
2.14371 1.43427413e-01
2.15113 1.42311445e-01
2.15857 1.41057069e-01
2.16605 1.39733242e-01
2.17354 1.38375679e-01
2.18107 1.36993580e-01
2.18862 1.35573194e-01
2.19619 1.34079895e-01
2.20380 1.32458377e-01
2.21143 1.30632266e-01
2.21908 1.28507376e-01
2.22676 1.25983092e-01
2.23447 1.22985412e-01
2.24220 1.19528285e-01
2.24997 1.15782966e-01
2.25775 1.12075736e-01
2.26557 1.08758205e-01
2.27341 1.06046541e-01
2.28128 1.03979428e-01
2.28918 1.02484842e-01
2.29710 1.01458607e-01
2.30505 1.00809109e-01
2.31303 1.00472538e-01
2.32104 1.00412881e-01
2.32908 1.00617179e-01
2.33714 1.01087013e-01
2.34523 1.01828024e-01
2.35335 1.02835264e-01
2.36149 1.04075393e-01
2.36967 1.05472233e-01
2.37787 1.06905678e-01
2.38610 1.08232473e-01
2.39436 1.09322125e-01
2.40265 1.10088561e-01
2.41097 1.10499234e-01
2.41931 1.10564233e-01
2.42769 1.10317196e-01
2.43609 1.09798983e-01
2.44452 1.09046793e-01
2.45298 1.08088624e-01
2.46148 1.06941591e-01
2.47000 1.05611729e-01
2.47855 1.04095180e-01
2.48713 1.02379676e-01
2.49574 1.00447904e-01
2.50438 9.82827378e-02
2.51304 9.58754623e-02
2.52174 9.32373951e-02
2.53047 9.04127989e-02
2.53923 8.74866576e-02
2.54802 8.45786211e-02
2.55684 8.18196376e-02
2.56569 7.93206409e-02
2.57457 7.71502613e-02
2.58349 7.53312730e-02
2.59243 7.38516557e-02
2.60140 7.26801565e-02
2.61041 7.17791409e-02
2.61944 7.11126567e-02
2.62851 7.06503511e-02
2.63761 7.03687968e-02
2.64674 7.02512640e-02
2.65590 7.02867810e-02
2.66510 7.04686007e-02
2.67432 7.07923996e-02
2.68358 7.12539929e-02
2.69287 7.18466926e-02
2.70219 7.25584685e-02
2.71154 7.33692271e-02
2.72093 7.42490116e-02
2.73035 7.51580011e-02
2.73980 7.60488463e-02
2.74928 7.68713484e-02
2.75880 7.75782073e-02
2.76835 7.81301465e-02
2.77793 7.84988512e-02
2.78755 7.86673643e-02
2.79720 7.86283648e-02
2.80688 7.83814569e-02
2.81660 7.79304001e-02
2.82635 7.72809126e-02
2.83613 7.64392670e-02
2.84595 7.54117651e-02
2.85580 7.42050357e-02
2.86569 7.28269537e-02
2.87561 7.12882040e-02
2.88556 6.96041114e-02
2.89555 6.77964905e-02
2.90557 6.58948830e-02
2.91563 6.39365472e-02
2.92572 6.19646377e-02
2.93585 6.00247331e-02
2.94601 5.81601563e-02
2.95621 5.64076315e-02
2.96644 5.47942959e-02
2.97671 5.33366518e-02
2.98702 5.20414561e-02
2.99736 5.09076999e-02
3.00773 4.99289821e-02
3.01814 4.90957458e-02
3.02859 4.83969995e-02
3.03907 4.78216230e-02
3.04960 4.73590602e-02
3.06015 4.69998036e-02
3.07074 4.67355230e-02
3.08137 4.65590754e-02
3.09204 4.64643566e-02
3.10274 4.57472680e-02
3.11348 4.47355164e-02
3.12426 4.38312558e-02
3.13508 4.30194485e-02
3.14593 4.22847003e-02
3.15682 4.16106675e-02
3.16775 4.09796410e-02
3.17871 4.02262043e-02
3.18972 3.92497224e-02
3.20076 3.82895942e-02
3.21184 3.73347193e-02
3.22295 3.63749967e-02
3.23411 3.54017895e-02
3.24531 3.44082417e-02
3.25654 3.33895548e-02
3.26781 3.18990450e-02
3.27912 3.03833072e-02
3.29047 2.88787587e-02
3.30187 2.73884468e-02
3.31330 2.59164276e-02
3.32476 2.44674401e-02
3.33627 2.30465893e-02
3.34782 2.14442353e-02
3.35941 1.94258073e-02
3.37104 1.75591332e-02
3.38271 1.58393553e-02
3.39442 1.42611609e-02
3.40617 1.28187227e-02
3.41796 1.15056993e-02
3.42979 1.03153038e-02
3.44166 4.17782704e-03
3.45358 6.15375721e-04
3.46553 4.85309255e-04
3.47753 4.82376871e-04
3.48957 4.79751082e-04
3.50164 4.77451277e-04
3.51377 4.75485274e-04
3.52593 4.73851984e-04
3.53814 4.72543393e-04
3.55038 4.71546540e-04
3.56267 4.70844608e-04
3.57500 4.70418601e-04
3.58738 4.70248535e-04
3.59980 4.70314029e-04
3.61226 4.70594999e-04
3.62476 4.71071957e-04
3.63731 4.71716409e-04
3.64990 4.72412207e-04
3.66254 4.73274312e-04
3.67521 4.74276210e-04
3.68794 4.75392376e-04
3.70070 4.76597483e-04
3.71351 4.77866105e-04
3.72637 4.79171629e-04
3.73927 4.80486255e-04
3.75221 4.81865683e-04
3.76520 4.83302195e-04
3.77823 4.84709126e-04
3.79131 4.86065502e-04
3.80443 4.87348667e-04
3.81760 4.88534878e-04
3.83082 4.89598906e-04
3.84408 4.90514633e-04
3.85739 4.91255445e-04
3.87074 4.91794533e-04
3.88414 4.92105579e-04
3.89758 4.92163455e-04
3.91107 4.91944714e-04
3.92461 4.91428875e-04
3.93820 4.90598528e-04
3.95183 4.89440217e-04
3.96551 4.87945334e-04
3.97924 4.86110121e-04
3.99301 4.83936061e-04
4.00683 4.81430178e-04
4.02070 4.78605038e-04
4.03462 4.75478151e-04
4.04859 4.72071975e-04
4.06260 4.68413618e-04
4.07667 4.64533552e-04
4.09078 4.60465611e-04
4.10494 4.56245808e-04
4.11915 4.51911637e-04
4.13341 4.47402058e-04
4.14771 4.41761671e-04
4.16207 4.36154229e-04
4.17648 4.30632561e-04
4.19094 4.25243762e-04
4.20545 4.20028194e-04
4.22000 4.15019298e-04
4.23461 4.10243786e-04
4.24927 4.05721148e-04
4.26398 4.01465036e-04
4.27874 3.97792235e-04
4.29355 3.94908328e-04
4.30841 3.92225157e-04
4.32332 3.89742326e-04
4.33829 3.87457461e-04
4.35331 3.85366604e-04
4.36838 3.83464611e-04
4.38350 3.81745248e-04
4.39867 3.80201493e-04
4.41390 3.78825726e-04
4.42918 3.77610033e-04
4.44451 3.76545906e-04
4.45990 3.75624837e-04
4.47533 3.74838218e-04
4.49083 3.74177343e-04
4.50637 3.73633309e-04
4.52197 3.73197606e-04
4.53762 3.72861332e-04
4.55333 3.72615878e-04
4.56909 3.72452737e-04
4.58491 3.72363005e-04
4.60078 3.71984683e-04
4.61670 3.71603691e-04
4.63269 3.71264350e-04
4.64872 3.70952710e-04
4.66481 3.70654723e-04
4.68096 3.70356340e-04
4.69717 3.70043117e-04
4.71343 3.69700906e-04
4.72974 3.69315462e-04
4.74611 3.68872637e-04
4.76254 3.68378267e-04
4.77903 3.68309607e-04
4.79557 3.68180499e-04
4.81217 3.67981841e-04
4.82883 3.67704729e-04
4.84555 3.67340258e-04
4.86232 3.66880317e-04
4.87915 3.66316892e-04
4.89604 3.65642760e-04
4.91299 3.64851095e-04
4.92999 3.63936061e-04
4.94706 3.62892413e-04
4.96418 3.60581034e-04
4.98137 3.57761830e-04
4.99861 3.54714089e-04
5.01591 3.51444639e-04
5.03328 3.47963769e-04
5.05070 3.44284438e-04
5.06818 3.40422675e-04
5.08573 3.36396187e-04
5.10333 3.32223871e-04
5.12100 7.04367145e-04
5.13873 2.68538704e-03
5.15651 8.91629247e-03
5.17436 9.36235418e-03
5.19228 9.82352597e-03
5.21025 1.03004638e-02
5.22828 1.07939630e-02
5.24638 1.13049339e-02
5.26454 1.18344746e-02
5.28277 1.23837821e-02
5.30105 1.29542416e-02
5.31940 1.35473865e-02
5.33782 1.41648987e-02
5.35629 1.48086183e-02
5.37484 1.54805340e-02
5.39344 1.58124355e-02
5.41211 1.61192278e-02
5.43084 1.64336676e-02
5.44965 1.67567641e-02
5.46851 1.70895263e-02
5.48744 1.74329833e-02
5.50643 1.77881243e-02
5.52550 1.81559584e-02
5.54462 1.85374750e-02
5.56381 1.89336437e-02
5.58308 1.93454240e-02
5.60240 1.97737757e-02
5.62179 2.01798079e-02
5.64125 2.04371632e-02
5.66078 2.07062025e-02
5.68038 2.09873513e-02
5.70004 2.12810052e-02
5.71977 2.15875205e-02
5.73957 2.19072433e-02
5.75944 2.22404607e-02
5.77938 2.25874397e-02
5.79938 2.29484177e-02
5.81946 2.33235927e-02
5.83960 2.37131526e-02
5.85982 2.41172458e-02
5.88010 2.45359712e-02
5.90045 2.48442772e-02
5.92088 2.51488335e-02
5.94137 2.54647376e-02
5.96194 2.57915935e-02
5.98258 2.61290057e-02
6.00329 2.64764991e-02
6.02407 2.68335891e-02
6.04492 2.71997710e-02
6.06585 2.75744909e-02
6.08684 2.79571947e-02
6.10791 2.83472691e-02
6.12906 2.87441203e-02
6.15027 2.91471055e-02
6.17156 2.95555913e-02
6.19293 2.98724550e-02
6.21436 3.01858560e-02
6.23588 3.05013742e-02
6.25746 3.08185248e-02
6.27912 3.11368131e-02
6.30086 3.14557643e-02
6.32267 3.17748837e-02
6.34455 3.20937062e-02
6.36652 3.24117769e-02
6.38856 3.27286505e-02
6.41067 3.30438916e-02
6.43286 3.33570948e-02
6.45513 3.36678642e-02
6.47747 3.39758436e-02
6.49990 3.42479301e-02
6.52240 3.44335290e-02
6.54497 3.46142505e-02
6.56763 3.47898869e-02
6.59037 3.49602501e-02
6.61318 3.51251621e-02
6.63607 3.52845140e-02
6.65904 3.54381772e-02
6.68209 3.55860826e-02
6.70522 3.57281706e-02
6.72843 3.58644216e-02
6.75172 3.59948256e-02
6.77510 3.61194025e-02
6.79855 3.62382016e-02
6.82208 3.63512923e-02
6.84570 3.64587636e-02
6.86939 3.65607243e-02
6.89317 3.66572931e-02
6.91704 3.67265662e-02
6.94098 3.67869156e-02
6.96500 3.68421698e-02
6.98911 3.68925269e-02
7.01331 3.69381945e-02
7.03759 3.69794201e-02
7.06195 3.70164211e-02
7.08639 3.70494352e-02
7.11092 3.70787194e-02
7.13554 3.71045114e-02
7.16024 3.71270583e-02
7.18502 3.71466075e-02
7.20990 3.71634064e-02
7.23485 3.71777022e-02
7.25990 3.71897424e-02
7.28503 3.71997545e-02
7.31025 3.71855477e-02
7.33555 3.71406418e-02
7.36094 3.70944202e-02
7.38642 3.70471102e-02
7.41199 3.69989198e-02
7.43765 3.69500467e-02
7.46340 3.69006889e-02
7.48923 3.68510442e-02
7.51516 3.68012708e-02
7.54117 3.67515469e-02
7.56727 3.67020506e-02
7.59347 3.66529104e-02
7.61975 3.66042945e-02
7.64613 3.65563317e-02
7.67260 3.65091405e-02
7.69916 3.64628693e-02
7.72581 3.64176073e-02
7.75255 3.63726421e-02
7.77939 3.62937131e-02
7.80632 3.62161494e-02
7.83334 3.61400301e-02
7.86046 3.60654245e-02
7.88767 3.59924018e-02
7.91497 3.59210313e-02
7.94237 3.58513525e-02
7.96986 3.57834249e-02
7.99745 3.57172781e-02
8.02513 3.56529714e-02
8.05291 3.55905148e-02
8.08079 3.55299577e-02
8.10876 3.54713100e-02
8.13683 3.54145915e-02
8.16500 3.53598319e-02
8.19326 3.53070213e-02
8.22162 3.52561795e-02
8.25008 3.52073163e-02
8.27864 3.73260033e-02
8.30730 4.20596170e-02
8.33605 4.74054995e-02
8.36491 5.34422829e-02
8.39386 6.02581762e-02
8.42292 6.79519742e-02
8.45208 7.66340766e-02
8.48133 8.64275763e-02
8.51069 9.74693475e-02
8.54016 1.09911174e-01
8.56972 1.23920530e-01
8.59938 1.39681797e-01
8.62915 1.57396701e-01
8.65902 1.77284774e-01
8.68899 1.99583259e-01
8.71907 2.24546315e-01
8.74925 2.52444031e-01
8.77954 2.83559653e-01
8.80993 3.18186221e-01
8.84043 3.56621326e-01
8.87103 3.82486556e-01
8.90174 4.02661041e-01
8.93255 4.23778856e-01
8.96347 4.45868394e-01
8.99450 4.68957257e-01
9.02563 4.93071565e-01
9.05688 5.18236247e-01
9.08823 5.44474159e-01
9.11969 5.71806075e-01
9.15126 6.00250595e-01
9.18294 6.29823352e-01
9.21472 6.60536710e-01
9.24662 6.92399773e-01
9.27863 7.25417487e-01
9.31075 7.59590545e-01
9.34298 7.94914988e-01
9.37532 8.31381716e-01
9.40777 8.68976086e-01
9.44034 9.07677519e-01
9.47302 9.47459305e-01
9.50581 9.88288103e-01
9.53871 1.02201200e+00
9.57173 1.04640006e+00
9.60487 1.07106513e+00
9.63811 1.09599039e+00
9.67148 1.12115705e+00
9.70495 1.14654730e+00
9.73855 1.17213740e+00
9.77226 1.19790459e+00
9.80609 1.22382512e+00
9.84003 1.24986932e+00
9.87409 1.27601047e+00
9.90827 1.29948834e+00
9.94257 1.31287798e+00
9.97699 1.32623992e+00
10.01153 1.33956921e+00
10.04618 1.35286189e+00
10.08096 1.36611104e+00
10.11585 1.37931468e+00
10.15087 1.39246490e+00
10.18601 1.40555774e+00
10.22127 1.41858627e+00
10.25665 1.43154753e+00
10.29215 1.44443260e+00
10.32778 1.45233935e+00
10.36353 1.45569715e+00
10.39941 1.45907177e+00
10.43540 1.46246716e+00
10.47153 1.46588827e+00
10.50777 1.46933907e+00
10.54415 1.47282251e+00
10.58065 1.47634454e+00
10.61727 1.47012163e+00
10.65403 1.46353663e+00
10.69091 1.45697141e+00
10.72791 1.45042895e+00
10.76505 1.44391320e+00
10.80231 1.43742812e+00
10.83971 1.43097866e+00
10.87723 1.42456877e+00
10.91488 1.41820241e+00
10.95266 1.41188551e+00
10.99058 1.40562205e+00
11.02862 1.39941794e+00
11.06680 1.39327912e+00
11.10511 1.38721055e+00
11.14355 1.38121915e+00
11.18212 1.37531085e+00
11.22083 1.36949159e+00
11.25967 1.35451803e+00
11.29865 1.31594689e+00
11.33776 1.27685537e+00
11.37701 1.23739778e+00
11.41639 1.19771958e+00
11.45591 1.15796718e+00
11.49556 1.11827710e+00
11.53536 1.07877896e+00
11.57529 1.03959443e+00
11.61536 1.00083730e+00
11.65556 9.62607582e-01
11.69591 9.24999460e-01
11.73640 8.88094359e-01
11.77702 8.51963905e-01
11.81779 8.16669933e-01
11.85870 7.82264185e-01
11.89975 7.48789201e-01
11.94094 7.16279015e-01
11.98227 6.84759251e-01
12.02375 6.54248112e-01
12.06537 6.24756877e-01
12.10714 5.96290690e-01
12.14905 5.68849254e-01
12.19110 5.42427228e-01
12.23330 5.17014915e-01
12.27565 4.92599158e-01
12.31814 4.69163335e-01
12.36078 4.46688155e-01
12.40357 4.32757254e-01
12.44651 4.23598500e-01
12.48959 4.14784035e-01
12.53283 4.06293675e-01
12.57621 3.98108624e-01
12.61974 3.90211468e-01
12.66343 3.82585687e-01
12.70726 3.75216143e-01
12.75125 3.68088491e-01
12.79539 3.61189375e-01
12.83968 3.54506527e-01
12.88413 3.48028274e-01
12.92873 3.41743731e-01
12.97348 3.35643007e-01
13.01839 3.29716406e-01
13.06345 3.23955419e-01
13.10867 3.18351637e-01
13.15405 3.12897443e-01
13.19959 3.07585613e-01
13.24528 3.02409421e-01
13.29113 2.97362733e-01
13.33713 2.92439612e-01
13.38330 2.87634420e-01
13.42963 2.82942210e-01
13.47612 2.78358035e-01
13.52277 2.73877345e-01
13.56958 2.69495983e-01
13.61655 2.65209894e-01
13.66368 2.61015418e-01
13.71098 2.56908992e-01
13.75844 2.53484414e-01
13.80607 2.58198983e-01
13.85386 2.63017334e-01
13.90182 2.67940949e-01
13.94994 2.72971610e-01
13.99823 2.78110999e-01
14.04668 2.83360797e-01
14.09531 2.88722786e-01
14.14410 2.94198944e-01
14.19306 2.99791051e-01
14.24219 3.05501187e-01
14.29149 3.11331229e-01
14.34096 3.17283256e-01
14.39060 3.23359445e-01
14.44042 3.29561872e-01
14.49041 3.35892814e-01
14.54057 3.42354546e-01
14.59090 3.48949244e-01
14.64141 3.55679481e-01
14.69209 3.62547631e-01
14.74295 3.69556167e-01
14.79398 3.76707662e-01
14.84519 3.84004787e-01
14.89658 3.91450213e-01
14.94814 3.99046710e-01
14.99989 4.06796949e-01
15.05181 4.14704097e-01
15.10392 4.22770923e-01
15.15620 4.31000593e-01
15.20866 4.39396175e-01
15.26131 4.47960834e-01
15.31414 4.56697933e-01
15.36715 4.65610837e-01
15.42034 4.74703008e-01
15.47372 4.83978107e-01
15.52729 4.92195708e-01
15.58103 5.00377791e-01
15.63497 5.08683937e-01
15.68909 5.17115926e-01
15.74340 5.25675341e-01
15.79790 5.34363865e-01
15.85258 5.43183178e-01
15.90746 5.52135160e-01
15.96252 5.61221395e-01
16.01778 5.70443763e-01
16.07323 5.79804043e-01
16.12886 5.89303919e-01
16.18470 5.98945368e-01
16.24072 6.08729974e-01
16.29694 6.18659813e-01
16.35335 6.28736668e-01
16.40996 6.38962318e-01
16.46677 6.49338644e-01
16.52377 6.59867525e-01
16.58097 6.70550841e-01
16.63836 6.81390472e-01
16.69596 6.92388297e-01
16.75375 7.03546196e-01
16.81175 7.14865950e-01
16.86994 7.26349637e-01
16.92834 7.37998839e-01
16.98694 7.49815634e-01
17.04574 7.61801705e-01
17.10474 7.73958830e-01
17.16395 7.86288793e-01
17.22337 7.98793373e-01
17.28299 8.11474153e-01
17.34281 8.24332815e-01
17.40285 8.37370843e-01
17.46309 8.50589820e-01
17.52354 8.63991231e-01
17.58420 8.77576162e-01
17.64507 8.91346099e-01
17.70615 8.97137855e-01
17.76744 8.98085141e-01
17.82894 8.99012641e-01
17.89066 8.99920256e-01
17.95259 9.00807688e-01
18.01473 9.01674937e-01
18.07709 9.02521807e-01
18.13967 9.03347999e-01
18.20246 9.04153514e-01
18.26547 9.04938055e-01
18.32870 9.05701623e-01
18.39214 9.06443821e-01
18.45581 9.07164649e-01
18.51969 9.07864009e-01
18.58380 9.08541603e-01
18.64813 9.09197234e-01
18.71268 9.09831001e-01
18.77746 9.10442409e-01
18.84246 9.11031656e-01
18.90768 9.11598247e-01
18.97313 9.12142282e-01
19.03881 9.12663562e-01
19.10472 9.13161790e-01
19.17085 9.13637066e-01
19.23721 9.14088993e-01
19.30380 9.14517572e-01
19.37062 9.14922704e-01
19.43768 9.15304092e-01
19.50496 9.15661736e-01
19.57248 9.15995438e-01
19.64023 9.16305100e-01
19.70822 9.16590522e-01
19.77644 9.16851607e-01
19.84490 9.17088157e-01
19.91359 9.17300171e-01
19.98252 9.17487452e-01
20.05169 9.17649901e-01
20.12110 9.17787319e-01
20.19076 9.17899707e-01
20.26065 9.17986769e-01
20.33078 9.18048503e-01
20.40116 9.18084811e-01
20.47178 9.18095595e-01
20.54264 9.18080656e-01
20.61375 9.18039896e-01
20.68511 9.14200788e-01
20.75671 9.10081797e-01
20.82856 9.05956376e-01
20.90066 9.01825118e-01
20.97301 8.97688320e-01
21.04561 8.93546278e-01
21.11846 8.89399487e-01
21.19157 8.85248245e-01
21.26492 8.81092946e-01
21.33853 8.76933788e-01
21.41240 8.72771366e-01
21.48652 8.68605877e-01
21.56090 8.64437717e-01
21.63553 8.60267182e-01
21.71043 8.56094768e-01
21.78558 8.51920671e-01
21.86099 8.47745289e-01
21.93666 8.43568917e-01
22.01260 8.39391952e-01
22.08880 8.35214690e-01
22.16526 8.31037428e-01
22.24199 8.26860561e-01
22.31898 8.22684387e-01
22.39624 8.18509203e-01
22.47377 8.14335403e-01
22.55156 8.10163187e-01
22.62962 8.05992949e-01
22.70796 8.01824987e-01
22.78656 7.97659498e-01
22.86544 7.93496977e-01
22.94459 7.89337522e-01
23.02402 7.85181531e-01
23.10372 7.81029398e-01
23.18369 7.76881123e-01
23.26394 7.72737301e-01
23.34447 7.68597930e-01
23.42528 7.64463506e-01
23.50637 7.60334226e-01
23.58774 7.56210289e-01
23.66939 7.52092090e-01
23.75133 7.47979729e-01
23.83354 7.43873599e-01
23.91604 7.39773901e-01
23.99883 7.35680930e-01
24.08191 7.31594885e-01
24.16527 7.27515962e-01
24.24892 7.23444559e-01
24.33286 7.19380674e-01
24.41709 7.15324704e-01
24.50161 7.11276847e-01
24.58642 7.07237399e-01
24.67153 7.03206459e-01
24.75693 6.99174926e-01
24.84263 6.94986385e-01
24.92863 6.90814367e-01
25.01492 6.86658870e-01
25.10151 6.82519994e-01
25.18840 6.78397838e-01
25.27559 6.74292401e-01
25.36309 6.70203981e-01
25.45088 6.66132380e-01
25.53898 6.62077795e-01
25.62739 6.58040425e-01
25.71610 6.54020071e-01
25.80512 6.50017030e-01
25.89444 6.46031303e-01
25.98408 6.42062889e-01
26.07403 6.38111789e-01
26.16428 6.34178298e-01
26.25485 6.30262220e-01
26.34574 6.26363653e-01
26.43694 6.22482696e-01
26.52845 6.18619350e-01
26.62028 6.14773712e-01
26.71243 6.10945783e-01
26.80489 6.07135564e-01
26.89768 6.03343153e-01
26.99079 5.99568450e-01
27.08422 5.95811655e-01
27.17798 5.92072667e-01
27.27205 5.88351488e-01
27.36646 5.84648215e-01
27.46119 5.80962850e-01
27.55625 5.77295292e-01
27.65164 5.73645740e-01
27.74736 5.70014095e-01
27.84341 5.66400457e-01
27.93979 5.62804626e-01
28.03650 5.59226801e-01
28.13355 5.55666882e-01
28.23094 5.52124871e-01
28.32867 5.48600767e-01
28.42673 5.45094669e-01
28.52513 5.41606477e-01
28.62387 5.38136094e-01
28.72295 5.34683716e-01
28.82238 5.31249146e-01
28.92215 5.27832385e-01
29.02227 5.24433530e-01
29.12273 5.21052582e-01
29.22354 5.17689344e-01
29.32470 5.14343913e-01
29.42621 5.11016191e-01
29.52807 5.07706278e-01
29.63029 5.04414073e-01
29.73286 5.01139479e-01
29.83578 4.97882594e-01
29.93906 4.94643318e-01
30.04269 4.91421653e-01
30.14669 4.88217499e-01
30.25104 4.85030956e-01
30.35576 4.81861824e-01
30.46084 4.78710204e-01
30.56628 4.75575897e-01
30.67209 4.72459002e-01
30.77826 4.69359520e-01
30.88481 4.66277252e-01
30.99172 4.63188454e-01
31.09900 4.60062854e-01
31.20665 4.56956941e-01
31.31467 4.53870616e-01
31.42307 4.50803782e-01
31.53184 4.47756437e-01
31.64099 4.44728385e-01
31.75052 4.41719525e-01
31.86043 4.38729859e-01
31.97072 4.35759287e-01
32.08139 4.32807611e-01
32.19244 4.29874831e-01
32.30388 4.26960849e-01
32.41570 4.24065466e-01
32.52791 4.21188781e-01
32.64051 4.18330498e-01
32.75349 4.15490617e-01
32.86687 4.12669137e-01
32.98064 4.09865762e-01
33.09481 4.07080591e-01
33.20937 4.04313327e-01
33.32433 4.01564068e-01
33.43968 3.98832618e-01
33.55544 3.96118975e-01
33.67159 3.93422844e-01
33.78815 3.90744323e-01
33.90511 3.88083214e-01
34.02247 3.85439518e-01
34.14024 3.82813036e-01
34.25842 3.80203768e-01
34.37701 3.77611517e-01
34.49601 3.75036282e-01
34.61542 3.72477965e-01
34.73525 3.69936368e-01
34.85549 3.67411490e-01
34.97614 3.64903134e-01
35.09721 3.62411399e-01
35.21871 3.59935989e-01
35.34062 3.57476902e-01
35.46295 3.55034040e-01
35.58571 3.52607304e-01
35.70889 3.50196694e-01
35.83250 3.47801914e-01
35.95654 3.45423062e-01
36.08101 3.43059941e-01
36.20590 3.40712450e-01
36.33123 3.38380493e-01
36.45700 3.36064068e-01
36.58320 3.33763076e-01
36.70983 3.31477321e-01
36.83691 3.29206801e-01
36.96442 3.26951417e-01
37.09238 3.24710973e-01
37.22077 3.22485567e-01
37.34962 3.20274901e-01
37.47890 3.18079076e-01
37.60864 3.15897794e-01
37.73883 3.13731253e-01
37.86946 3.11579057e-01
38.00055 3.09441306e-01
38.13209 3.07317899e-01
38.26409 3.05208641e-01
38.39654 3.03113629e-01
38.52946 3.01032566e-01
38.66283 2.98965453e-01
38.79667 2.96912289e-01
38.93096 2.94872878e-01
39.06573 2.92847119e-01
39.20096 2.90835013e-01
39.33665 2.88836460e-01
39.47282 2.86851264e-01
39.60946 2.84879523e-01
39.74657 2.82921038e-01
39.88416 2.80975712e-01
40.02222 2.79043445e-01
40.16076 2.77124337e-01
40.29978 2.75218089e-01
40.43928 2.73324703e-01
40.57926 2.71444079e-01
40.71973 2.69576218e-01
40.86069 2.67720921e-01
41.00213 2.65878189e-01
41.14406 2.64047922e-01
41.28648 2.62230022e-01
41.42940 2.60317938e-01
41.57281 2.58384582e-01
41.71672 2.56465770e-01
41.86113 2.54561304e-01
42.00603 2.52671281e-01
42.15144 2.50795307e-01
42.29735 2.48933580e-01
42.44377 2.47085703e-01
42.59069 2.45251776e-01
42.73812 2.43431699e-01
42.88606 2.41625177e-01
43.03451 2.39832307e-01
43.18348 2.38052892e-01
43.33297 2.36286833e-01
43.48297 2.34534031e-01
43.63349 2.32794387e-01
43.78453 2.31067803e-01
43.93609 2.29354179e-01
44.08818 2.27653515e-01
44.24079 2.25965514e-01
44.39394 2.24290276e-01
44.54761 2.22627503e-01
44.70182 2.20977295e-01
44.85655 2.19339454e-01
45.01183 2.17713881e-01
45.16764 2.16100476e-01
45.32399 2.14499240e-01
45.48089 2.12909975e-01
45.63832 2.11332681e-01
45.79630 2.09767159e-01
45.95483 2.08213411e-01
46.11391 2.06671338e-01
46.27353 2.05140740e-01
46.43371 2.03621718e-01
46.59445 2.02114073e-01
46.75574 2.00617607e-01
46.91759 1.99132519e-01
47.08000 1.97658412e-01
47.24297 1.96195485e-01
47.40650 1.94743440e-01
47.57060 1.93302278e-01
47.73527 1.91871900e-01
47.90051 1.90452207e-01
48.06633 1.89043198e-01
48.23271 1.87644677e-01
48.39967 1.86256741e-01
48.56721 1.84879094e-01
48.73533 1.83511737e-01
48.90403 1.82154668e-01
49.07332 1.80807691e-01
49.24319 1.79470904e-01
49.41365 1.78144010e-01
49.58470 1.76827009e-01
49.75634 1.75519902e-01
49.92858 1.74222589e-01
50.10141 1.72934972e-01
50.27484 1.71656951e-01
50.44887 1.70388527e-01
50.62350 1.69129501e-01
50.79874 1.67879973e-01
50.97458 1.66639646e-01
51.15104 1.65408718e-01
51.32810 1.64186891e-01
51.50578 1.62974265e-01
51.68407 1.61770543e-01
51.86298 1.60575923e-01
52.04250 1.59390207e-01
52.22265 1.58213296e-01
52.40343 1.57045190e-01
52.58482 1.55885791e-01
52.76685 1.54735097e-01
52.94951 1.53592912e-01
53.13280 1.52459235e-01
53.31672 1.51333967e-01
53.50128 1.50217207e-01
53.68648 1.49108659e-01
53.87232 1.48008422e-01
54.05880 1.46916396e-01
54.24593 1.45832482e-01
54.43371 1.44756582e-01
54.62214 1.43688795e-01
54.81122 1.42628823e-01
55.00095 1.41576865e-01
55.19134 1.40532722e-01
55.38239 1.39496297e-01
55.57410 1.38467588e-01
55.76647 1.37446497e-01
55.95951 1.36433123e-01
56.15322 1.35427169e-01
56.34760 1.34428734e-01
56.54265 1.33437718e-01
56.73838 1.32454024e-01
56.93479 1.31477750e-01
57.13187 1.30508599e-01
57.32964 1.29546769e-01
57.52809 1.28591964e-01
57.72723 1.27644281e-01
57.92705 1.26703722e-01
58.12757 1.25770088e-01
58.32879 1.24843380e-01
58.53070 1.23923498e-01
58.73331 1.23010541e-01
58.93662 1.22104311e-01
59.14063 1.21204810e-01
59.34535 1.20311936e-01
59.55078 1.19425790e-01
59.75692 1.18546075e-01
59.96377 1.17672989e-01
60.17134 1.16806333e-01
60.37963 1.15946107e-01
60.58864 1.15092214e-01
60.79837 1.14244751e-01
61.00883 1.13403521e-01
61.22002 1.12568523e-01
61.43194 1.11739660e-01
61.64459 1.10916930e-01
61.85797 1.10100334e-01
62.07210 1.09289774e-01
62.28697 1.08485248e-01
62.50258 1.07686658e-01
62.71894 1.06894004e-01
62.93605 1.06107187e-01
63.15390 1.05326109e-01
63.37252 1.04550966e-01
63.59189 1.03781462e-01
63.81201 1.03017598e-01
64.03290 1.02259472e-01
64.25456 1.01506886e-01
64.47698 1.00759939e-01
64.70017 1.00018434e-01
64.92414 9.92824691e-02
65.14888 9.85519552e-02
65.37440 9.78268036e-02
65.60070 9.71070141e-02
65.82778 9.63925374e-02
66.05565 9.56833437e-02
66.28430 9.49793835e-02
66.51375 9.42806174e-02
66.74400 9.35870156e-02
66.97504 9.28985286e-02
67.20688 9.22151268e-02
67.43952 9.15367706e-02
67.67297 9.08634205e-02
67.90722 9.01950368e-02
68.14229 8.95315799e-02
68.37817 8.88730302e-02
68.61486 8.82193282e-02
68.85238 8.75704443e-02
69.09072 8.69263487e-02
69.32988 8.62870019e-02
69.56987 8.56523644e-02
69.81069 8.50224163e-02
70.05235 8.43970982e-02
70.29484 8.37764004e-02
70.53817 8.31602733e-02
70.78235 8.25486773e-02
71.02737 8.19416026e-02
71.27323 8.13389898e-02
71.51995 8.07408190e-02
71.76752 8.01470509e-02
72.01595 7.95576555e-02
72.26524 7.89726034e-02
72.51539 7.83918548e-02
72.76641 7.78153901e-02
73.01830 7.72431597e-02
73.27106 7.66751438e-02
73.52469 7.61113129e-02
73.77920 7.55516272e-02
74.03460 7.49960671e-02
74.29087 7.44445830e-02
74.54804 7.38971651e-02
74.80609 7.33537737e-02
75.06504 7.28143793e-02
75.32488 7.22789521e-02
75.58563 7.17474625e-02
75.84727 7.12198807e-02
76.10982 7.06961771e-02
76.37328 7.01763220e-02
76.63766 6.96602956e-02
76.90295 6.91480584e-02
77.16915 6.86395905e-02
77.43628 6.81348524e-02
77.70433 6.76338342e-02
77.97331 6.71364865e-02
78.24322 6.66427993e-02
78.51407 6.61527429e-02
78.78585 6.56662877e-02
79.05857 6.51833941e-02
79.33224 6.47040621e-02
79.60686 6.42282422e-02
79.88242 6.37559246e-02
80.15894 6.32870696e-02
80.43642 6.28216674e-02
80.71486 6.23596686e-02
80.99426 6.19010730e-02
81.27463 6.14458411e-02
81.55596 6.09939533e-02
81.83828 6.05453796e-02
82.12157 6.01001005e-02
82.40584 5.96580960e-02
82.69109 5.92193267e-02
82.97733 5.87837826e-02
83.26457 5.83514340e-02
83.55279 5.79222612e-02
83.84202 5.74962345e-02
84.13225 5.70733341e-02
84.42348 5.66535303e-02
84.71572 5.62368132e-02
85.00897 5.58231531e-02
85.30323 5.54125303e-02
85.59852 5.50049151e-02
85.89482 5.46002975e-02
86.19215 5.41986381e-02
86.49052 5.37999368e-02
86.78991 5.34041441e-02
87.09034 5.30112699e-02
87.39181 5.26212648e-02
87.69432 5.22341288e-02
87.99789 5.18498223e-02
88.30250 5.14683353e-02
88.60816 5.10896482e-02
88.91489 5.07137411e-02
89.22267 5.03405844e-02
89.53153 4.99701681e-02
89.84145 4.96024626e-02
90.15244 4.92374579e-02
90.46451 4.88751245e-02
90.77766 4.85154523e-02
91.09190 4.81584118e-02
91.40722 4.78039931e-02
91.72363 4.74521663e-02
92.04114 4.71029119e-02
92.35975 4.67562297e-02
92.67946 4.64120802e-02
93.00028 4.60704634e-02
93.32221 4.57313397e-02
93.64525 4.53946993e-02
93.96941 4.50605322e-02
94.29469 4.47288087e-02
94.62110 4.43995190e-02
94.94864 4.40726433e-02
95.27731 4.37481617e-02
95.60712 4.34260546e-02
95.93807 4.31063119e-02
96.27017 4.27889140e-02
96.60342 4.24738311e-02
96.93782 4.21610633e-02
97.27338 4.18505907e-02
97.61010 4.15423837e-02
97.94798 4.12364422e-02
98.28704 4.09327367e-02
98.62727 4.06312571e-02
98.96867 4.03319838e-02
99.31126 4.00349068e-02
99.65504 3.97400063e-02
100.00000 3.94472626e-02
