        2000  2.000000 2.700000
0.10000 1.05630192e+00
0.10035 1.05658704e+00
0.10069 1.05686712e+00
0.10104 1.05714360e+00
0.10139 1.05741648e+00
0.10174 1.05768432e+00
0.10210 1.05794856e+00
0.10245 1.05820776e+00
0.10280 1.05846336e+00
0.10316 1.05872544e+00
0.10352 1.05902712e+00
0.10387 1.05932016e+00
0.10423 1.05960384e+00
0.10459 1.05987888e+00
0.10496 1.06014456e+00
0.10532 1.06040088e+00
0.10568 1.06064784e+00
0.10605 1.06088616e+00
0.10642 1.06111440e+00
0.10679 1.06133400e+00
0.10716 1.06154352e+00
0.10753 1.06174440e+00
0.10790 1.06193520e+00
0.10827 1.06211664e+00
0.10865 1.06228872e+00
0.10902 1.06245072e+00
0.10940 1.06260336e+00
0.10978 1.06274592e+00
0.11016 1.06287912e+00
0.11054 1.06300224e+00
0.11092 1.06311528e+00
0.11131 1.06321896e+00
0.11169 1.06331184e+00
0.11208 1.06339536e+00
0.11247 1.06346880e+00
0.11286 1.06350840e+00
0.11325 1.06352784e+00
0.11364 1.06352712e+00
0.11403 1.06350696e+00
0.11443 1.06346592e+00
0.11482 1.06340472e+00
0.11522 1.06332336e+00
0.11562 1.06322184e+00
0.11602 1.06309944e+00
0.11642 1.06295616e+00
0.11682 1.06279200e+00
0.11723 1.06260696e+00
0.11763 1.06240104e+00
0.11804 1.06217424e+00
0.11845 1.06192512e+00
0.11886 1.06165584e+00
0.11927 1.06136424e+00
0.11968 1.06105104e+00
0.12010 1.04750712e+00
0.12051 9.83623680e-01
0.12093 9.54348480e-01
0.12135 8.56001520e-01
0.12177 8.68846320e-01
0.12219 7.95680640e-01
0.12262 7.87458240e-01
0.12304 7.87086000e-01
0.12347 7.86696480e-01
0.12389 7.87047840e-01
0.12432 8.69694480e-01
0.12475 1.04100912e+00
0.12518 1.06372368e+00
0.12562 1.06468416e+00
0.12605 1.06553952e+00
0.12649 1.06586424e+00
0.12693 1.06575480e+00
0.12737 1.06563240e+00
0.12781 1.06554168e+00
0.12825 1.06547688e+00
0.12869 1.06540488e+00
0.12914 1.06525368e+00
0.12959 1.06504128e+00
0.13003 1.06481232e+00
0.13048 1.06467120e+00
0.13094 1.03926384e+00
0.13139 1.03917888e+00
0.13184 1.06410312e+00
0.13230 1.00262592e+00
0.13276 8.97360480e-01
0.13322 8.53922880e-01
0.13368 8.52842880e-01
0.13414 8.51664240e-01
0.13461 8.50397040e-01
0.13507 8.49337200e-01
0.13554 8.48214000e-01
0.13601 8.75758320e-01
0.13648 8.74262160e-01
0.13695 8.72655840e-01
0.13743 8.70960240e-01
0.13790 8.69435280e-01
0.13838 8.67939120e-01
0.13886 8.66383200e-01
0.13934 8.64016560e-01
0.13982 8.60832000e-01
0.14031 8.88400800e-01
0.14079 8.84516400e-01
0.14128 8.79936480e-01
0.14177 8.75084400e-01
0.14226 8.69953680e-01
0.14275 8.64120960e-01
0.14324 8.57979360e-01
0.14374 8.51533200e-01
0.14424 8.44910640e-01
0.14474 8.68731120e-01
0.14524 8.61350400e-01
0.14574 8.53367040e-01
0.14625 8.44488720e-01
0.14675 8.35284240e-01
0.14726 8.25765120e-01
0.14777 8.15038560e-01
0.14828 8.03941200e-01
0.14879 7.92517680e-01
0.14931 8.08605360e-01
0.14983 7.97019120e-01
0.15034 7.85189520e-01
0.15087 7.73077680e-01
0.15139 7.59969360e-01
0.15191 7.46646480e-01
0.15244 7.33130640e-01
0.15297 7.16898168e-01
0.15349 6.98400432e-01
0.15403 7.00948224e-01
0.15456 6.81518808e-01
0.15509 6.62419656e-01
0.15563 6.43621536e-01
0.15617 6.24816864e-01
0.15671 6.06046680e-01
0.15725 5.89368600e-01
0.15780 5.87309400e-01
0.15834 5.70532536e-01
0.15889 5.54919480e-01
0.15944 5.41894320e-01
0.15999 5.28976512e-01
0.16055 5.24988072e-01
0.16110 5.11187544e-01
0.16166 4.96934424e-01
0.16222 4.86529128e-01
0.16278 4.72552992e-01
0.16335 4.64563584e-01
0.16391 4.57663464e-01
0.16448 4.50818352e-01
0.16505 4.42385136e-01
0.16562 4.06259856e-01
0.16619 3.71996928e-01
0.16677 3.39687216e-01
0.16734 3.11438016e-01
0.16792 2.92342464e-01
0.16851 2.74130352e-01
0.16909 2.56800600e-01
0.16967 2.38748184e-01
0.17026 2.18432160e-01
0.17085 1.99540152e-01
0.17144 1.82034288e-01
0.17204 1.67707800e-01
0.17263 1.57483080e-01
0.17323 1.47788064e-01
0.17383 1.38632184e-01
0.17443 1.26859680e-01
0.17503 1.10937744e-01
0.17564 9.67927680e-02
0.17625 8.43444000e-02
0.17686 7.52258160e-02
0.17747 7.12308888e-02
0.17808 6.74133480e-02
0.17870 6.37929432e-02
0.17932 6.01795872e-02
0.17994 5.58327312e-02
0.18056 5.18435856e-02
0.18119 4.81024152e-02
0.18182 4.45493664e-02
0.18244 4.03025184e-02
0.18308 3.53914992e-02
0.18371 3.10103640e-02
0.18435 2.72569248e-02
0.18498 2.46364344e-02
0.18562 2.49604056e-02
0.18627 2.53470600e-02
0.18691 2.55779928e-02
0.18756 2.59755624e-02
0.18821 2.37835800e-02
0.18886 2.15902584e-02
0.18951 1.95573672e-02
0.19017 1.77184728e-02
0.19083 1.63959192e-02
0.19149 1.54580112e-02
0.19215 1.45842552e-02
0.19282 1.37293200e-02
0.19348 1.29687624e-02
0.19415 1.27159128e-02
0.19483 1.23211152e-02
0.19550 1.19319120e-02
0.19618 1.15328304e-02
0.19686 1.10864088e-02
0.19754 1.03372128e-02
0.19822 9.61312320e-03
0.19891 8.97372000e-03
0.19960 8.41255200e-03
0.20029 7.79338800e-03
0.20098 7.27261920e-03
0.20168 6.73039800e-03
0.20237 6.30078120e-03
0.20307 5.87299176e-03
0.20378 5.59783800e-03
0.20448 5.48471736e-03
0.20519 5.19280056e-03
0.20590 4.93859448e-03
0.20661 4.81801392e-03
0.20733 4.53911256e-03
0.20805 4.41060840e-03
0.20877 4.24389672e-03
0.20949 4.03237800e-03
0.21021 3.90302784e-03
0.21094 3.80811168e-03
0.21167 3.71123136e-03
0.21240 3.65501880e-03
0.21314 3.57686784e-03
0.21388 3.18776832e-03
0.21462 2.58922872e-03
0.21536 2.43510696e-03
0.21611 1.90052640e-03
0.21685 1.70329824e-03
0.21760 1.58313240e-03
0.21836 1.44082440e-03
0.21911 1.40165928e-03
0.21987 1.28938320e-03
0.22063 1.21639392e-03
0.22140 2.83094064e-03
0.22216 6.99089040e-03
0.22293 2.24955720e-02
0.22370 1.09930176e-01
0.22448 5.76089208e-01
0.22526 7.07809464e-01
0.22604 6.78020544e-01
0.22682 6.48442512e-01
0.22760 6.18263568e-01
0.22839 5.87785968e-01
0.22918 5.60255472e-01
0.22998 5.44367376e-01
0.23077 5.35246560e-01
0.23157 5.24962080e-01
0.23237 5.14175760e-01
0.23318 5.04660312e-01
0.23398 4.90196664e-01
0.23479 4.69529856e-01
0.23561 4.51093896e-01
0.23642 4.31504352e-01
0.23724 4.13438688e-01
0.23806 3.95568864e-01
0.23889 3.76479576e-01
0.23971 3.60378072e-01
0.24054 3.38931216e-01
0.24137 3.26113128e-01
0.24221 3.06894888e-01
0.24305 2.90895624e-01
0.24389 2.70137664e-01
0.24473 2.49239664e-01
0.24558 2.36366496e-01
0.24643 2.14642656e-01
0.24728 2.02466304e-01
0.24814 2.39430816e-01
0.24900 3.16199160e-01
0.24986 4.03269624e-01
0.25073 5.12345016e-01
0.25159 6.36032664e-01
0.25246 7.69107600e-01
0.25334 7.85419200e-01
0.25422 7.93116720e-01
0.25510 8.00915040e-01
0.25598 8.09056800e-01
0.25687 8.17624080e-01
0.25775 8.24107680e-01
0.25865 7.82027280e-01
0.25954 7.40908800e-01
0.26044 6.99159528e-01
0.26134 6.59790864e-01
0.26225 6.20877240e-01
0.26315 5.80416984e-01
0.26406 5.81514408e-01
0.26498 5.78243880e-01
0.26590 5.74776504e-01
0.26682 5.73518736e-01
0.26774 5.71107168e-01
0.26867 5.67672912e-01
0.26960 5.66135280e-01
0.27053 5.62884552e-01
0.27147 5.61685896e-01
0.27241 5.57131608e-01
0.27335 5.53987512e-01
0.27430 5.52151872e-01
0.27525 5.48458704e-01
0.27620 5.45194656e-01
0.27715 5.44187952e-01
0.27811 5.39132256e-01
0.27908 5.37534432e-01
0.28004 5.36600952e-01
0.28101 5.32538208e-01
0.28198 5.30591616e-01
0.28296 5.29964784e-01
0.28394 5.28429456e-01
0.28492 5.24328480e-01
0.28591 5.24714832e-01
0.28690 5.22248256e-01
0.28789 5.19899040e-01
0.28889 5.18207112e-01
0.28989 5.16812112e-01
0.29089 5.12405064e-01
0.29190 5.09974056e-01
0.29291 5.08769640e-01
0.29392 5.05081080e-01
0.29494 5.04695088e-01
0.29596 4.99881024e-01
0.29699 4.97814840e-01
0.29801 4.96640448e-01
0.29905 4.92480216e-01
0.30008 4.91439888e-01
0.30112 4.87522224e-01
0.30216 4.88114136e-01
0.30321 4.83609096e-01
0.30426 4.80038328e-01
0.30531 4.80211056e-01
0.30637 4.78062504e-01
0.30743 4.75706088e-01
0.30849 4.72467312e-01
0.30956 4.71229776e-01
0.31063 4.69742328e-01
0.31171 4.66589808e-01
0.31279 4.63920840e-01
0.31387 4.63871304e-01
0.31496 4.61095488e-01
0.31605 4.59282960e-01
0.31714 4.55676552e-01
0.31824 4.54567464e-01
0.31934 4.52258424e-01
0.32044 4.49096616e-01
0.32155 4.47501672e-01
0.32267 4.44632688e-01
0.32378 4.42751904e-01
0.32490 4.40357472e-01
0.32603 4.37336640e-01
0.32716 4.36838400e-01
0.32829 4.34500848e-01
0.32943 4.30259472e-01
0.33057 4.29221232e-01
0.33171 4.28693544e-01
0.33286 4.23421704e-01
0.33401 4.24755936e-01
0.33517 4.22507016e-01
0.33633 4.18243680e-01
0.33749 4.17924216e-01
0.33866 4.16596896e-01
0.33983 4.12859880e-01
0.34101 4.10687064e-01
0.34219 4.10119488e-01
0.34337 4.07413296e-01
0.34456 4.05533808e-01
0.34576 4.02746184e-01
0.34695 4.00814928e-01
0.34815 3.99089088e-01
0.34936 3.95733816e-01
0.35057 3.95708184e-01
0.35178 3.91752288e-01
0.35300 3.89645784e-01
0.35422 3.87589536e-01
0.35545 3.86702424e-01
0.35668 3.82990608e-01
0.35791 3.79640736e-01
0.35915 3.82525128e-01
0.36039 3.77257968e-01
0.36164 3.75703272e-01
0.36289 3.73923432e-01
0.36415 3.69907848e-01
0.36541 3.69613368e-01
0.36668 3.69296784e-01
0.36795 3.67457688e-01
0.36922 3.64349880e-01
0.37050 3.59920728e-01
0.37178 3.61318680e-01
0.37307 3.61711800e-01
0.37436 3.53874024e-01
0.37565 3.52789776e-01
0.37695 3.55886712e-01
0.37826 3.53204568e-01
0.37957 3.46783896e-01
0.38088 3.46376304e-01
0.38220 3.47783616e-01
0.38352 3.43985688e-01
0.38485 3.36791592e-01
0.38618 3.40663320e-01
0.38752 3.42658224e-01
0.38886 3.34398024e-01
0.39021 3.33114984e-01
0.39156 3.33106920e-01
0.39291 3.31114968e-01
0.39427 3.27908808e-01
0.39564 3.27650328e-01
0.39701 3.26761488e-01
0.39838 3.24248472e-01
0.39976 3.21319800e-01
0.40115 3.20993208e-01
0.40253 3.20824008e-01
0.40393 3.16697256e-01
0.40533 3.13233264e-01
0.40673 3.15895824e-01
0.40814 3.13494912e-01
0.40955 3.09532896e-01
0.41097 3.08767680e-01
0.41239 3.09092400e-01
0.41382 3.05477136e-01
0.41525 3.01185360e-01
0.41669 3.01942944e-01
0.41813 3.02583888e-01
0.41958 2.99591136e-01
0.42103 2.96711208e-01
0.42249 2.96472672e-01
0.42395 2.91388464e-01
0.42542 2.92115304e-01
0.42689 2.94527448e-01
0.42837 2.89355976e-01
0.42985 2.85528024e-01
0.43134 2.86336296e-01
0.43283 2.86514856e-01
0.43433 2.84503680e-01
0.43583 2.80820520e-01
0.43734 2.77938144e-01
0.43886 2.78321760e-01
0.44037 2.80483848e-01
0.44190 2.77574904e-01
0.44343 2.72572344e-01
0.44496 2.70437112e-01
0.44650 2.73550464e-01
0.44805 2.70541440e-01
0.44960 2.67864192e-01
0.45116 2.63833704e-01
0.45272 2.66133024e-01
0.45429 2.64486816e-01
0.45586 2.61215568e-01
0.45744 2.61410760e-01
0.45902 2.61259416e-01
0.46061 2.55650328e-01
0.46220 2.52981864e-01
0.46380 2.54833416e-01
0.46541 2.58036336e-01
0.46702 2.52311832e-01
0.46864 2.47355352e-01
0.47026 2.47099536e-01
0.47189 2.51893872e-01
0.47352 2.45670840e-01
0.47516 2.42831304e-01
0.47680 2.45748888e-01
0.47845 2.39123448e-01
0.48011 2.42000208e-01
0.48177 2.41644240e-01
0.48344 2.36915208e-01
0.48511 2.37109248e-01
0.48679 2.35627416e-01
0.48848 2.33732016e-01
0.49017 2.31417288e-01
0.49186 2.31270480e-01
0.49357 2.32326000e-01
0.49528 2.29187592e-01
0.49699 2.23813584e-01
0.49871 2.24526888e-01
0.50044 2.28716712e-01
0.50217 2.25799488e-01
0.50391 2.20562928e-01
0.50565 2.19361896e-01
0.50740 2.19254616e-01
0.50916 2.19498480e-01
0.51092 2.16725328e-01
0.51269 2.17790136e-01
0.51446 2.14365456e-01
0.51625 2.11648320e-01
0.51803 2.11644000e-01
0.51983 2.10883104e-01
0.52163 2.12644224e-01
0.52343 2.08594224e-01
0.52524 2.07290016e-01
0.52706 2.03224104e-01
0.52889 2.01888720e-01
0.53072 2.05693128e-01
0.53255 2.03427144e-01
0.53440 2.03438880e-01
0.53625 1.95783912e-01
0.53810 1.96115472e-01
0.53997 1.98247680e-01
0.54183 1.93550688e-01
0.54371 1.95067368e-01
0.54559 1.99760112e-01
0.54748 1.93796640e-01
0.54938 1.86323688e-01
0.55128 1.82663928e-01
0.55319 1.90235088e-01
0.55510 1.93826880e-01
0.55702 1.89160632e-01
0.55895 1.82649816e-01
0.56089 1.80478944e-01
0.56283 1.81326600e-01
0.56478 1.80804240e-01
0.56673 1.83076560e-01
0.56869 1.87719336e-01
0.57066 1.77508800e-01
0.57264 1.73273976e-01
0.57462 1.72574784e-01
0.57661 1.75065192e-01
0.57860 1.77262416e-01
0.58061 1.79256600e-01
0.58262 1.75716864e-01
0.58463 1.69598664e-01
0.58666 1.64736864e-01
0.58869 1.66672080e-01
0.59073 1.70937432e-01
0.59277 1.72241712e-01
0.59482 1.70049240e-01
0.59688 1.64899152e-01
0.59895 1.59788016e-01
0.60102 1.60132608e-01
0.60310 1.64846376e-01
0.60519 1.67186232e-01
0.60728 1.60506432e-01
0.60939 1.59154128e-01
0.61150 1.56878928e-01
0.61361 1.61898840e-01
0.61574 1.55751912e-01
0.61787 1.56561696e-01
0.62001 1.57873968e-01
0.62215 1.57730256e-01
0.62431 1.50836112e-01
0.62647 1.51111368e-01
0.62864 1.52183880e-01
0.63081 1.56652704e-01
0.63300 1.49498568e-01
0.63519 1.44582408e-01
0.63739 1.47859704e-01
0.63959 1.48475952e-01
0.64181 1.46997864e-01
0.64403 1.51938864e-01
0.64626 1.43278128e-01
0.64849 1.41517944e-01
0.65074 1.40159304e-01
0.65299 1.41437304e-01
0.65525 1.42701552e-01
0.65752 1.38127248e-01
0.65980 1.43618544e-01
0.66208 1.44575208e-01
0.66437 1.33590816e-01
0.66667 1.31427360e-01
0.66898 1.31865768e-01
0.67130 1.38044664e-01
0.67362 1.38379536e-01
0.67595 1.31231736e-01
0.67829 1.34016912e-01
0.68064 1.33816248e-01
0.68299 1.32348600e-01
0.68536 1.24179984e-01
0.68773 1.25795664e-01
0.69011 1.28543904e-01
0.69250 1.36786248e-01
0.69490 1.31152752e-01
0.69730 1.24711776e-01
0.69972 1.19215872e-01
0.70214 1.19423520e-01
0.70457 1.27198656e-01
0.70701 1.27779984e-01
0.70946 1.25724312e-01
0.71191 1.18805832e-01
0.71438 1.18878048e-01
0.71685 1.20579264e-01
0.71933 1.17390456e-01
0.72182 1.15675848e-01
0.72432 1.24058664e-01
0.72683 1.20170448e-01
0.72934 1.13748048e-01
0.73187 1.10770704e-01
0.73440 1.12342104e-01
0.73694 1.16137728e-01
0.73949 1.18658304e-01
0.74205 1.18821600e-01
0.74462 1.14198408e-01
0.74720 1.03663656e-01
0.74979 1.05787512e-01
0.75238 1.07733456e-01
0.75499 1.09888848e-01
0.75760 1.16402328e-01
0.76022 1.13648616e-01
0.76285 1.06845912e-01
0.76549 1.07524080e-01
0.76814 1.01478312e-01
0.77080 9.64596960e-02
0.77347 1.00981440e-01
0.77615 1.13076144e-01
0.77884 1.06980984e-01
0.78153 1.01206512e-01
0.78424 1.07271288e-01
0.78695 1.03870296e-01
0.78968 1.01623968e-01
0.79241 9.24603120e-02
0.79515 1.02493080e-01
0.79790 1.02615624e-01
0.80067 9.66477600e-02
0.80344 9.68126400e-02
0.80622 1.03463064e-01
0.80901 1.02416760e-01
0.81181 9.38423520e-02
0.81462 9.11800080e-02
0.81744 1.03093128e-01
0.82027 9.61272720e-02
0.82311 8.40342960e-02
0.82596 9.04006080e-02
0.82882 9.51839280e-02
0.83169 9.21716640e-02
0.83457 1.00643256e-01
0.83745 9.63806400e-02
0.84035 9.45801360e-02
0.84326 9.13154400e-02
0.84618 8.15629680e-02
0.84911 8.12183040e-02
0.85205 8.27933760e-02
0.85500 8.33731920e-02
0.85796 9.17064720e-02
0.86093 9.67518720e-02
0.86391 9.56644560e-02
0.86690 9.60333840e-02
0.86990 7.86618720e-02
0.87291 7.81053120e-02
0.87593 8.52882480e-02
0.87897 7.62871680e-02
0.88201 7.52616000e-02
0.88506 8.62371360e-02
0.88813 8.81263440e-02
0.89120 9.82090080e-02
0.89428 8.52318000e-02
0.89738 7.82547120e-02
0.90049 7.58147040e-02
0.90360 7.52099040e-02
0.90673 7.47035280e-02
0.90987 7.44734880e-02
0.91302 8.26043040e-02
0.91618 8.40058560e-02
0.91935 7.77575520e-02
0.92253 8.33965200e-02
0.92573 8.13170880e-02
0.92893 7.37257680e-02
0.93215 6.79098960e-02
0.93537 6.45607800e-02
0.93861 7.30130400e-02
0.94186 7.26618240e-02
0.94512 6.93273528e-02
0.94839 8.16575760e-02
0.95168 7.67572560e-02
0.95497 7.88667840e-02
0.95828 7.06454856e-02
0.96159 6.44165352e-02
0.96492 6.72746544e-02
0.96826 6.48240408e-02
0.97161 6.97216824e-02
0.97498 6.41875392e-02
0.97835 6.50513880e-02
0.98174 6.81403248e-02
0.98514 7.24945680e-02
0.98855 7.07334048e-02
0.99197 6.52492512e-02
0.99540 6.10504560e-02
0.99885 6.32176848e-02
1.00231 6.05375856e-02
1.00578 6.51091608e-02
1.00926 5.64095448e-02
1.01275 5.78354112e-02
1.01626 6.88970016e-02
1.01978 6.52982328e-02
1.02330 6.17728896e-02
1.02685 5.71817304e-02
1.03040 5.77809936e-02
1.03397 6.08883192e-02
1.03755 5.69333376e-02
1.04114 5.44732488e-02
1.04474 5.36582664e-02
1.04836 6.02087904e-02
1.05199 5.56408728e-02
1.05563 5.47117272e-02
1.05928 5.76194328e-02
1.06295 5.51211336e-02
1.06663 5.70512376e-02
1.07032 5.87875608e-02
1.07403 5.09929488e-02
1.07775 4.70177424e-02
1.08148 4.91764608e-02
1.08522 5.23256616e-02
1.08898 4.81170456e-02
1.09275 4.83123168e-02
1.09653 4.93860312e-02
1.10032 5.40048312e-02
1.10413 5.28916968e-02
1.10796 5.28066864e-02
1.11179 4.61874600e-02
1.11564 4.41221112e-02
1.11950 4.52101536e-02
1.12338 5.06159064e-02
1.12726 4.18619088e-02
1.13117 4.27835664e-02
1.13508 4.35814992e-02
1.13901 5.11405272e-02
1.14295 4.96538496e-02
1.14691 4.91055696e-02
1.15088 4.35812688e-02
1.15487 4.24837584e-02
1.15886 4.16202336e-02
1.16287 4.04831880e-02
1.16690 4.44251592e-02
1.17094 4.16948112e-02
1.17499 4.52930616e-02
1.17906 4.01389920e-02
1.18314 4.48042536e-02
1.18724 4.12335720e-02
1.19135 4.03757496e-02
1.19547 4.01309568e-02
1.19961 4.09317696e-02
1.20376 4.12164936e-02
1.20793 3.79332648e-02
1.21211 4.37889096e-02
1.21630 3.61327896e-02
1.22052 4.88345544e-02
1.22474 3.56120064e-02
1.22898 3.78237024e-02
1.23323 3.86338536e-02
1.23750 4.25385504e-02
1.24179 3.26562912e-02
1.24609 3.31333488e-02
1.25040 3.96713880e-02
1.25473 4.64314320e-02
1.25907 3.38016600e-02
1.26343 3.99476304e-02
1.26780 3.48511536e-02
1.27219 4.27465944e-02
1.27659 4.43662344e-02
1.28101 3.40592256e-02
1.28545 3.35938608e-02
1.28990 3.08862072e-02
1.29436 4.50250560e-02
1.29884 2.83384800e-02
1.30334 2.89978200e-02
1.30785 4.17280104e-02
1.31238 2.99021616e-02
1.31692 4.49707752e-02
1.32148 3.19820472e-02
1.32605 4.34368944e-02
1.33064 3.92325624e-02
1.33525 2.95389432e-02
1.33987 3.86700408e-02
1.34451 3.10497048e-02
1.34916 3.77848080e-02
1.35383 2.73454992e-02
1.35852 3.11954256e-02
1.36322 2.62151856e-02
1.36794 3.97061784e-02
1.37268 3.71626704e-02
1.37743 2.93920776e-02
1.38220 3.33477144e-02
1.38698 3.17957184e-02
1.39178 5.57458128e-02
1.39660 3.13575264e-02
1.40144 2.60697528e-02
1.40629 2.93863536e-02
1.41115 4.15013904e-02
1.41604 2.40734952e-02
1.42094 3.19838616e-02
1.42586 3.21364944e-02
1.43080 2.39650704e-02
1.43575 3.58185168e-02
1.44072 3.37413456e-02
1.44571 2.58766128e-02
1.45071 3.48322968e-02
1.45573 2.34751968e-02
1.46077 2.67355944e-02
1.46583 2.76139944e-02
1.47090 3.12188400e-02
1.47599 2.57228424e-02
1.48110 2.49692256e-02
1.48623 2.43569376e-02
1.49137 3.54383784e-02
1.49654 4.20841224e-02
1.50172 2.26305072e-02
1.50692 2.88454464e-02
1.51213 2.95346592e-02
1.51737 2.85081912e-02
1.52262 2.50550064e-02
1.52789 2.56487400e-02
1.53318 2.29229640e-02
1.53849 2.48685840e-02
1.54381 2.60782848e-02
1.54916 2.28747600e-02
1.55452 1.80084384e-02
1.55990 2.22491376e-02
1.56530 2.97967392e-02
1.57072 1.98853488e-02
1.57615 1.37499624e-02
1.58161 2.23594344e-02
1.58709 1.25292672e-02
1.59258 1.26076320e-02
1.59809 1.80770544e-02
1.60362 1.62101448e-02
1.60918 9.55751040e-03
1.61475 1.35455832e-02
1.62034 1.05268968e-02
1.62594 8.75386800e-03
1.63157 6.13393848e-03
1.63722 7.42024080e-03
1.64289 1.43483688e-02
1.64857 6.61754664e-03
1.65428 4.54339152e-03
1.66001 4.04337096e-03
1.66575 4.77554112e-03
1.67152 6.43981680e-03
1.67731 5.08918752e-03
1.68311 5.76516888e-03
1.68894 3.74327352e-03
1.69478 3.44273760e-03
1.70065 2.61665568e-03
1.70654 2.68412616e-03
1.71245 6.55383960e-03
1.71837 4.07047896e-03
1.72432 1.85149080e-03
1.73029 1.92051576e-03
1.73628 1.62257328e-03
1.74229 2.13587712e-03
1.74832 1.72379376e-03
1.75437 2.23458912e-03
1.76045 1.40324544e-03
1.76654 1.23626520e-03
1.77266 1.17345600e-03
1.77879 9.76288320e-04
1.78495 1.39254984e-03
1.79113 1.30711464e-03
1.79733 1.30242024e-03
1.80355 7.53837840e-04
1.80979 7.55451360e-04
1.81606 7.56690480e-04
1.82234 9.04608000e-04
1.82865 6.35352768e-04
1.83498 7.62724800e-04
1.84133 6.24578256e-04
1.84771 5.53736736e-04
1.85410 6.84003384e-04
1.86052 5.98676544e-04
1.86696 5.30967744e-04
1.87342 5.08454136e-04
1.87991 5.21809920e-04
1.88642 5.07012984e-04
1.89295 4.90046976e-04
1.89950 5.14676880e-04
1.90607 4.44127896e-04
1.91267 4.66543944e-04
1.91929 4.32834696e-04
1.92594 4.16869488e-04
1.93260 4.16162736e-04
1.93929 4.66730496e-04
1.94601 4.44344400e-04
1.95274 4.22799624e-04
1.95950 4.09902984e-04
1.96629 4.08584664e-04
1.97309 4.11658128e-04
1.97992 4.33011528e-04
1.98678 4.24363464e-04
1.99365 4.10822928e-04
2.00055 4.10360184e-04
2.00748 4.13923536e-04
2.01443 4.20384096e-04
2.02140 4.29312528e-04
2.02840 4.24253088e-04
2.03542 4.22309160e-04
2.04247 4.22494056e-04
2.04954 4.24819080e-04
2.05663 4.30174944e-04
2.06375 4.37772312e-04
2.07090 4.32251568e-04
2.07806 4.28966424e-04
2.08526 4.27482216e-04
2.09247 4.30077600e-04
2.09972 4.37185584e-04
2.10699 4.41868680e-04
2.11428 4.36313304e-04
2.12160 4.32945720e-04
2.12894 4.35482208e-04
2.13631 4.40656128e-04
2.14371 4.41812232e-04
2.15113 4.42727712e-04
2.15857 4.41725616e-04
2.16605 4.41380952e-04
2.17354 4.43965680e-04
2.18107 4.46763528e-04
2.18862 4.47894576e-04
2.19619 4.50677376e-04
2.20380 4.49600616e-04
2.21143 4.50175824e-04
2.21908 4.54263480e-04
2.22676 4.56374304e-04
2.23447 4.57441848e-04
2.24220 4.58468928e-04
2.24997 4.58664336e-04
2.25775 4.61407968e-04
2.26557 4.66022088e-04
2.27341 4.66836624e-04
2.28128 4.65079896e-04
2.28918 4.63091904e-04
2.29710 4.63334544e-04
2.30505 4.67063424e-04
2.31303 4.70463336e-04
2.32104 4.68444240e-04
2.32908 4.66359912e-04
2.33714 4.67772624e-04
2.34523 4.70689200e-04
2.35335 4.73479344e-04
2.36149 4.75480728e-04
2.36967 4.76148600e-04
2.37787 4.77489384e-04
2.38610 4.78803168e-04
2.39436 4.80555360e-04
2.40265 4.83340032e-04
2.41097 4.85552808e-04
2.41931 4.87007208e-04
2.42769 4.87830096e-04
2.43609 4.88844504e-04
2.44452 4.91205888e-04
2.45298 4.94114832e-04
2.46148 4.96832832e-04
2.47000 4.98743136e-04
2.47855 4.99488048e-04
2.48713 5.00416488e-04
2.49574 5.02116264e-04
2.50438 5.04474912e-04
2.51304 5.06945304e-04
2.52174 5.08232304e-04
2.53047 5.08476960e-04
2.53923 5.08986792e-04
2.54802 5.10251328e-04
2.55684 5.11857648e-04
2.56569 5.12647776e-04
2.57457 5.12000784e-04
2.58349 5.10950160e-04
2.59243 5.10700176e-04
2.60140 5.11359984e-04
2.61041 5.12040456e-04
2.61944 5.11998408e-04
2.62851 5.11719552e-04
2.63761 5.12060760e-04
2.64674 5.13089064e-04
2.65590 5.14460880e-04
2.66510 5.15995632e-04
2.67432 5.17684824e-04
2.68358 5.19515712e-04
2.69287 5.21431344e-04
2.70219 5.23534392e-04
2.71154 5.25917664e-04
2.72093 5.28402600e-04
2.73035 5.30630208e-04
2.73980 5.32423080e-04
2.74928 5.34022848e-04
2.75880 5.35730688e-04
2.76835 5.37490728e-04
2.77793 5.38934112e-04
2.78755 5.39795448e-04
2.79720 5.40258768e-04
2.80688 5.40709560e-04
2.81660 5.41266408e-04
2.82635 5.41704888e-04
2.83613 5.41778472e-04
2.84595 5.41563840e-04
2.85580 5.41387728e-04
2.86569 5.41460088e-04
2.87561 5.41713600e-04
2.88556 5.41972080e-04
2.89555 5.42194704e-04
2.90557 5.42499480e-04
2.91563 5.42970216e-04
2.92572 5.43533328e-04
2.93585 5.44039704e-04
2.94601 5.44418928e-04
2.95621 5.44722624e-04
2.96644 5.45036616e-04
2.97671 5.45392152e-04
2.98702 5.45764896e-04
2.99736 5.46129504e-04
3.00773 5.46496632e-04
3.01814 5.46895944e-04
3.02859 5.47332192e-04
3.03907 5.47779960e-04
3.04960 5.48220528e-04
3.06015 5.48659800e-04
3.07074 5.49100368e-04
3.08137 5.49520632e-04
3.09204 5.49897624e-04
3.10274 5.50230120e-04
3.11348 5.50534752e-04
3.12426 5.50805904e-04
3.13508 5.51016864e-04
3.14593 5.51152152e-04
3.15682 5.51222640e-04
3.16775 5.51244816e-04
3.17871 5.51216376e-04
3.18972 5.51120616e-04
3.20076 5.50951272e-04
3.21184 5.50723464e-04
3.22295 5.50459080e-04
3.23411 5.50168344e-04
3.24531 5.49850896e-04
3.25654 5.49509688e-04
3.26781 5.49159264e-04
3.27912 5.48818776e-04
3.29047 5.48501544e-04
3.30187 5.48213400e-04
3.31330 5.47958736e-04
3.32476 5.47745688e-04
3.33627 5.47584048e-04
3.34782 5.47481088e-04
3.35941 5.47438896e-04
3.37104 5.47455744e-04
3.38271 5.47526664e-04
3.39442 5.47642584e-04
3.40617 5.47788168e-04
3.41796 5.47941456e-04
3.42979 5.48074872e-04
3.44166 5.48158824e-04
3.45358 5.48165376e-04
3.46553 5.48071416e-04
3.47753 5.47861464e-04
3.48957 5.47528608e-04
3.50164 5.47073928e-04
3.51377 5.46505200e-04
3.52593 5.45834592e-04
3.53814 5.44955616e-04
3.55038 5.43776184e-04
3.56267 5.42508768e-04
3.57500 5.41173240e-04
3.58738 5.39785944e-04
3.59980 5.38359840e-04
3.61226 5.36904504e-04
3.62476 5.35426560e-04
3.63731 5.33963520e-04
3.64990 5.32905120e-04
3.66254 5.31850608e-04
3.67521 5.30799840e-04
3.68794 5.29751664e-04
3.70070 5.28704568e-04
3.71351 5.27656176e-04
3.72637 5.26603752e-04
3.73927 5.25544200e-04
3.75221 5.24209176e-04
3.76520 5.22608760e-04
3.77823 5.20967736e-04
3.79131 5.19284520e-04
3.80443 5.17558968e-04
3.81760 5.15792448e-04
3.83082 5.13987912e-04
3.84408 5.12150040e-04
3.85739 5.10285024e-04
3.87074 5.08834224e-04
3.88414 5.07538368e-04
3.89758 5.06241936e-04
3.91107 5.04950472e-04
3.92461 5.03669664e-04
3.93820 5.02405848e-04
3.95183 5.01165144e-04
3.96551 4.99954032e-04
3.97924 4.98778344e-04
3.99301 4.97643696e-04
4.00683 4.96554840e-04
4.02070 4.95515448e-04
4.03462 4.94528184e-04
4.04859 4.93593840e-04
4.06260 4.92711912e-04
4.07667 4.91879664e-04
4.09078 4.91092416e-04
4.10494 4.90343616e-04
4.11915 4.89624480e-04
4.13341 4.88886696e-04
4.14771 4.87726056e-04
4.16207 4.86543744e-04
4.17648 4.85318232e-04
4.19094 4.84028640e-04
4.20545 4.82656176e-04
4.22000 4.81184208e-04
4.23461 4.79599128e-04
4.24927 4.77890568e-04
4.26398 4.76050968e-04
4.27874 4.74301584e-04
4.29355 4.72854960e-04
4.30841 4.71312000e-04
4.32332 4.69672848e-04
4.33829 4.67938440e-04
4.35331 4.66110504e-04
4.36838 4.64191416e-04
4.38350 4.62184128e-04
4.39867 4.60091952e-04
4.41390 4.57918992e-04
4.42918 4.55453064e-04
4.44451 4.52363760e-04
4.45990 4.49187624e-04
4.47533 4.45934952e-04
4.49083 4.42616616e-04
4.50637 4.39244208e-04
4.52197 4.35829320e-04
4.53762 4.32384264e-04
4.55333 4.28921064e-04
4.56909 4.25452104e-04
4.58491 4.21989264e-04
4.60078 4.19229216e-04
4.61670 4.16600856e-04
4.63269 4.13997336e-04
4.64872 4.11425712e-04
4.66481 4.08892680e-04
4.68096 4.06404648e-04
4.69717 4.03967520e-04
4.71343 4.01587128e-04
4.72974 3.99268656e-04
4.74611 3.97016856e-04
4.76254 3.94836264e-04
4.77903 3.92730624e-04
4.79557 3.90703392e-04
4.81217 3.88757520e-04
4.82883 3.86895456e-04
4.84555 3.85119000e-04
4.86232 3.83429592e-04
4.87915 3.81828024e-04
4.89604 3.80314656e-04
4.91299 3.78889272e-04
4.92999 3.77551008e-04
4.94706 3.76298568e-04
4.96418 3.73918680e-04
4.98137 3.71361384e-04
4.99861 3.68922888e-04
5.01591 3.66587496e-04
5.03328 3.64337784e-04
5.05070 3.62154960e-04
5.06818 3.60019008e-04
5.08573 3.57909192e-04
5.10333 3.55803984e-04
5.12100 3.53681784e-04
5.13873 3.51521208e-04
5.15651 3.49358616e-04
5.17436 3.47622696e-04
5.19228 3.45819096e-04
5.21025 3.43935288e-04
5.22828 3.41960256e-04
5.24638 3.39884568e-04
5.26454 3.37700448e-04
5.28277 3.35402208e-04
5.30105 3.32986032e-04
5.31940 3.31008264e-04
5.33782 3.29902704e-04
5.35629 3.30036048e-04
5.37484 3.35914056e-04
5.39344 3.42167040e-04
5.41211 3.51867960e-04
5.43084 3.61843128e-04
5.44965 3.71924640e-04
5.46851 3.82109112e-04
5.48744 3.92395032e-04
5.50643 4.02782616e-04
5.52550 4.13274240e-04
5.54462 4.23873792e-04
5.56381 4.34587176e-04
5.58308 4.45421808e-04
5.60240 4.56386832e-04
5.62179 4.66558488e-04
5.64125 4.72956696e-04
5.66078 4.79340504e-04
5.68038 4.85721792e-04
5.70004 4.92112656e-04
5.71977 4.98525984e-04
5.73957 5.04974736e-04
5.75944 5.11472304e-04
5.77938 5.18032080e-04
5.79938 5.24667744e-04
5.81946 5.31392904e-04
5.83960 5.38221024e-04
5.85982 5.45165784e-04
5.88010 5.52240504e-04
5.90045 5.56652808e-04
5.92088 5.60808504e-04
5.94137 5.65064496e-04
5.96194 5.69430720e-04
5.98258 5.73916896e-04
6.00329 5.78532168e-04
6.02407 5.83285248e-04
6.04492 5.88184272e-04
6.06585 5.93237088e-04
6.08684 5.98450968e-04
6.10791 6.03832536e-04
6.12906 6.09388272e-04
6.15027 6.15123792e-04
6.17156 6.21044496e-04
6.19293 6.25158648e-04
6.21436 6.29303544e-04
6.23588 6.33607128e-04
6.25746 6.38070768e-04
6.27912 6.42695256e-04
6.30086 6.47480952e-04
6.32267 6.52427496e-04
6.34455 6.57534096e-04
6.36652 6.62799312e-04
6.38856 6.68221200e-04
6.41067 6.73797312e-04
6.43286 6.79524480e-04
6.45513 6.85399248e-04
6.47747 6.91417368e-04
6.49990 6.96814632e-04
6.52240 7.00414560e-04
6.54497 7.04106864e-04
6.56763 7.07882904e-04
6.59037 7.11733464e-04
6.61318 7.15649256e-04
6.63607 7.19620776e-04
6.65904 7.23638160e-04
6.68209 7.27691760e-04
6.70522 7.31772000e-04
6.72843 7.35868800e-04
6.75172 7.39972800e-04
6.77510 7.44074640e-04
6.79855 7.48164240e-04
6.82208 7.52232960e-04
6.84570 7.56272160e-04
6.86939 7.60273200e-04
6.89317 7.64228880e-04
6.91704 7.67931120e-04
6.94098 7.71551280e-04
6.96500 7.75117440e-04
6.98911 7.78623120e-04
7.01331 7.82064720e-04
7.03759 7.85437920e-04
7.06195 7.88736960e-04
7.08639 7.91959680e-04
7.11092 7.95102480e-04
7.13554 7.98162480e-04
7.16024 8.01137520e-04
7.18502 8.04025440e-04
7.20990 8.06824800e-04
7.23485 8.09534880e-04
7.25990 8.12154240e-04
7.28503 8.14683600e-04
7.31025 9.04551840e-04
7.33555 1.14596496e-03
7.36094 1.45146384e-03
7.38642 1.83799296e-03
7.41199 2.32696296e-03
7.43765 2.94542208e-03
7.46340 3.72753576e-03
7.48923 4.71644640e-03
7.51516 5.96661336e-03
7.54117 7.54675200e-03
7.56727 9.54352080e-03
7.59347 1.20661128e-02
7.61975 1.52520264e-02
7.64613 1.92741552e-02
7.67260 2.43496368e-02
7.69916 3.07506024e-02
7.72581 3.88173240e-02
7.75255 4.88427408e-02
7.77939 5.48066592e-02
7.80632 6.15035808e-02
7.83334 6.90244776e-02
7.86046 7.74712080e-02
7.88767 8.69575680e-02
7.91497 9.76106880e-02
7.94237 1.09571904e-01
7.96986 1.22998248e-01
7.99745 1.38063744e-01
8.02513 1.54960344e-01
8.05291 1.73899080e-01
8.08079 1.95110856e-01
8.10876 2.18846952e-01
8.13683 2.45378952e-01
8.16500 2.74998024e-01
8.19326 3.08013408e-01
8.22162 3.44749464e-01
8.25008 3.85541496e-01
8.27864 4.18496976e-01
8.30730 4.40981568e-01
8.33605 4.64580648e-01
8.36491 4.89333168e-01
8.39386 5.15277144e-01
8.42292 5.42449224e-01
8.45208 5.70884256e-01
8.48133 6.00614856e-01
8.51069 6.31670904e-01
8.54016 6.64078968e-01
8.56972 6.97861656e-01
8.59938 7.33037040e-01
8.62915 7.69618080e-01
8.65902 8.07611040e-01
8.68899 8.47015920e-01
8.71907 8.87826240e-01
8.74925 9.30025440e-01
8.77954 9.73589040e-01
8.80993 1.01848392e+00
8.84043 1.06466544e+00
8.87103 1.09841328e+00
8.90174 1.12687344e+00
8.93255 1.15573608e+00
8.96347 1.18498608e+00
8.99450 1.21460616e+00
9.02563 1.24457904e+00
9.05688 1.27488528e+00
9.08823 1.30550400e+00
9.11969 1.33641288e+00
9.15126 1.36758816e+00
9.18294 1.39900680e+00
9.21472 1.43064216e+00
9.24662 1.46246760e+00
9.27863 1.49445432e+00
9.31075 1.52657352e+00
9.34298 1.55879496e+00
9.37532 1.59108696e+00
9.40777 1.62341712e+00
9.44034 1.65575232e+00
9.47302 1.68805584e+00
9.50581 1.72029312e+00
9.53871 1.74641616e+00
9.57173 1.76517072e+00
9.60487 1.78382160e+00
9.63811 1.80234360e+00
9.67148 1.82071152e+00
9.70495 1.83889944e+00
9.73855 1.85688216e+00
9.77226 1.87463160e+00
9.80609 1.89212184e+00
9.84003 1.90932480e+00
9.87409 1.92621240e+00
9.90827 1.93937328e+00
9.94257 1.93994856e+00
9.97699 1.94065272e+00
10.01153 1.94149368e+00
10.04618 1.94248008e+00
10.08096 1.94362056e+00
10.11585 1.94492304e+00
10.15087 1.94639544e+00
10.18601 1.94804568e+00
10.22127 1.94988096e+00
10.25665 1.95190776e+00
10.29215 1.95413184e+00
10.32778 1.95338376e+00
10.36353 1.94986152e+00
10.39941 1.94650128e+00
10.43540 1.94331168e+00
10.47153 1.94029776e+00
10.50777 1.93746816e+00
10.54415 1.93482792e+00
10.58065 1.93238496e+00
10.61727 1.92010680e+00
10.65403 1.90736352e+00
10.69091 1.89454392e+00
10.72791 1.88165592e+00
10.76505 1.86870600e+00
10.80231 1.85569992e+00
10.83971 1.84264344e+00
10.87723 1.82954232e+00
10.91488 1.81640232e+00
10.95266 1.80322848e+00
10.99058 1.79002584e+00
11.02862 1.77679800e+00
11.06680 1.76355144e+00
11.10511 1.75028904e+00
11.14355 1.73701584e+00
11.18212 1.72373472e+00
11.22083 1.71045072e+00
11.25967 1.68919272e+00
11.29865 1.64693016e+00
11.33776 1.60322688e+00
11.37701 1.55823192e+00
11.41639 1.51211376e+00
11.45591 1.46505960e+00
11.49556 1.41726960e+00
11.53536 1.36895184e+00
11.57529 1.32032016e+00
11.61536 1.27158840e+00
11.65556 1.22296464e+00
11.69591 1.17465048e+00
11.73640 1.12683312e+00
11.77702 1.07968824e+00
11.81779 1.03337136e+00
11.85870 9.88022880e-01
11.89975 9.43762320e-01
11.94094 9.00691920e-01
11.98227 8.58894480e-01
12.02375 8.18434080e-01
12.06537 7.79360400e-01
12.10714 7.41705840e-01
12.14905 7.05490128e-01
12.19110 6.70720032e-01
12.23330 6.37391664e-01
12.27565 6.05491632e-01
12.31814 5.74998840e-01
12.36078 5.45885496e-01
12.40357 5.30021664e-01
12.44651 5.21390664e-01
12.48959 5.13054360e-01
12.53283 5.04999576e-01
12.57621 4.97213784e-01
12.61974 4.89684816e-01
12.66343 4.82401080e-01
12.70726 4.75351560e-01
12.75125 4.68525600e-01
12.79539 4.61913192e-01
12.83968 4.55504616e-01
12.88413 4.49290584e-01
12.92873 4.43262456e-01
12.97348 4.37411880e-01
13.01839 4.31730792e-01
13.06345 4.26211632e-01
13.10867 4.20847272e-01
13.15405 4.15630872e-01
13.19959 4.10555808e-01
13.24528 4.05615960e-01
13.29113 4.00805424e-01
13.33713 3.96118584e-01
13.38330 3.91550112e-01
13.42963 3.87094968e-01
13.47612 3.82748400e-01
13.52277 3.78505728e-01
13.56958 3.74362704e-01
13.61655 3.70315152e-01
13.66368 3.66359184e-01
13.71098 3.62491056e-01
13.75844 3.59197920e-01
13.80607 3.62598264e-01
13.85386 3.66080544e-01
13.90182 3.69644328e-01
13.94994 3.73289184e-01
13.99823 3.77014752e-01
14.04668 3.80820672e-01
14.09531 3.84706872e-01
14.14410 3.88673064e-01
14.19306 3.92719104e-01
14.24219 3.96845064e-01
14.29149 4.01050728e-01
14.34096 4.05336312e-01
14.39060 4.09701744e-01
14.44042 4.14147240e-01
14.49041 4.18673016e-01
14.54057 4.23279072e-01
14.59090 4.27965840e-01
14.64141 4.32733536e-01
14.69209 4.37582520e-01
14.74295 4.42513152e-01
14.79398 4.47525792e-01
14.84519 4.52620872e-01
14.89658 4.57798896e-01
14.94814 4.63060296e-01
14.99989 4.68405720e-01
15.05181 4.73835600e-01
15.10392 4.79350656e-01
15.15620 4.84951392e-01
15.20866 4.90638528e-01
15.26131 4.96412784e-01
15.31414 5.02274736e-01
15.36715 5.08225320e-01
15.42034 5.14265112e-01
15.47372 5.20394976e-01
15.52729 5.32392912e-01
15.58103 5.45430888e-01
15.63497 5.58776160e-01
15.68909 5.72435280e-01
15.74340 5.86415088e-01
15.79790 6.00722424e-01
15.85258 6.15364272e-01
15.90746 6.30347904e-01
15.96252 6.45680520e-01
16.01778 6.61369680e-01
16.07323 6.77423016e-01
16.12886 6.93848232e-01
16.18470 7.10653320e-01
16.24072 7.27846560e-01
16.29694 7.45436160e-01
16.35335 7.63430400e-01
16.40996 7.81838640e-01
16.46677 8.00669520e-01
16.52377 8.19931680e-01
16.58097 8.39635920e-01
16.63836 8.59791600e-01
16.69596 8.80408080e-01
16.75375 9.01496160e-01
16.81175 9.23066640e-01
16.86994 9.45131040e-01
16.92834 9.67700160e-01
16.98694 9.90786960e-01
17.04574 1.01440296e+00
17.10474 1.03856184e+00
17.16395 1.06327728e+00
17.22337 1.08856296e+00
17.28299 1.11443400e+00
17.34281 1.14090480e+00
17.40285 1.16799336e+00
17.46309 1.19571552e+00
17.52354 1.22408856e+00
17.58420 1.25313192e+00
17.64507 1.28286504e+00
17.70615 1.29578328e+00
17.76744 1.29837096e+00
17.82894 1.30092480e+00
17.89066 1.30344480e+00
17.95259 1.30592952e+00
18.01473 1.30837824e+00
18.07709 1.31079096e+00
18.13967 1.31316624e+00
18.20246 1.31550336e+00
18.26547 1.31780160e+00
18.32870 1.32006096e+00
18.39214 1.32227928e+00
18.45581 1.32445656e+00
18.51969 1.32659208e+00
18.58380 1.32868584e+00
18.64813 1.33073568e+00
18.71268 1.33274160e+00
18.77746 1.33470288e+00
18.84246 1.33661880e+00
18.90768 1.33848864e+00
18.97313 1.34031168e+00
19.03881 1.34208720e+00
19.10472 1.34381520e+00
19.17085 1.34549424e+00
19.23721 1.34712360e+00
19.30380 1.34870328e+00
19.37062 1.35023184e+00
19.43768 1.35170928e+00
19.50496 1.35313488e+00
19.57248 1.35450792e+00
19.64023 1.35582840e+00
19.70822 1.35709488e+00
19.77644 1.35830736e+00
19.84490 1.35946440e+00
19.91359 1.36056672e+00
19.98252 1.36161360e+00
20.05169 1.36260360e+00
20.12110 1.36353744e+00
20.19076 1.36441296e+00
20.26065 1.36523160e+00
20.33078 1.36599192e+00
20.40116 1.36669320e+00
20.47178 1.36733616e+00
20.54264 1.36791864e+00
20.61375 1.36844208e+00
20.68511 1.36449504e+00
20.75671 1.36020096e+00
20.82856 1.35588096e+00
20.90066 1.35153432e+00
20.97301 1.34716248e+00
21.04561 1.34276472e+00
21.11846 1.33834248e+00
21.19157 1.33389576e+00
21.26492 1.32942528e+00
21.33853 1.32493032e+00
21.41240 1.32041232e+00
21.48652 1.31587200e+00
21.56090 1.31130864e+00
21.63553 1.30672296e+00
21.71043 1.30211640e+00
21.78558 1.29748824e+00
21.86099 1.29283848e+00
21.93666 1.28816928e+00
22.01260 1.28347992e+00
22.08880 1.27877040e+00
22.16526 1.27404216e+00
22.24199 1.26929520e+00
22.31898 1.26453024e+00
22.39624 1.25974656e+00
22.47377 1.25494632e+00
22.55156 1.25012880e+00
22.62962 1.24529400e+00
22.70796 1.24044336e+00
22.78656 1.23557760e+00
22.86544 1.23069528e+00
22.94459 1.22579928e+00
23.02402 1.22088816e+00
23.10372 1.21596264e+00
23.18369 1.21102416e+00
23.26394 1.20607200e+00
23.34447 1.20110688e+00
23.42528 1.19612952e+00
23.50637 1.19114064e+00
23.58774 1.18613952e+00
23.66939 1.18112760e+00
23.75133 1.17610488e+00
23.83354 1.17107208e+00
23.91604 1.16602848e+00
23.99883 1.16097624e+00
24.08191 1.15591464e+00
24.16527 1.15084440e+00
24.24892 1.14576624e+00
24.33286 1.14068016e+00
24.41709 1.13558616e+00
24.50161 1.13048496e+00
24.58642 1.12537800e+00
24.67153 1.12026384e+00
24.75693 1.11511872e+00
24.84263 1.10950704e+00
24.92863 1.10390472e+00
25.01492 1.09831320e+00
25.10151 1.09273176e+00
25.18840 1.08716040e+00
25.27559 1.08159984e+00
25.36309 1.07605080e+00
25.45088 1.07051256e+00
25.53898 1.06498584e+00
25.62739 1.05947136e+00
25.71610 1.05396840e+00
25.80512 1.04847768e+00
25.89444 1.04299920e+00
25.98408 1.03753296e+00
26.07403 1.03208040e+00
26.16428 1.02664008e+00
26.25485 1.02121344e+00
26.34574 1.01580048e+00
26.43694 1.01040048e+00
26.52845 1.00501488e+00
26.62028 9.99642960e-01
26.71243 9.94285440e-01
26.80489 9.88942320e-01
26.89768 9.83613600e-01
26.99079 9.78300000e-01
27.08422 9.73000800e-01
27.17798 9.67716720e-01
27.27205 9.62447760e-01
27.36646 9.57193920e-01
27.46119 9.51956640e-01
27.55625 9.46733760e-01
27.65164 9.41527440e-01
27.74736 9.36336960e-01
27.84341 9.31163040e-01
27.93979 9.26004960e-01
28.03650 9.20862720e-01
28.13355 9.15737760e-01
28.23094 9.10629360e-01
28.32867 9.05536800e-01
28.42673 9.00462240e-01
28.52513 8.95404240e-01
28.62387 8.90363520e-01
28.72295 8.85339360e-01
28.82238 8.80333200e-01
28.92215 8.75344320e-01
29.02227 8.70372720e-01
29.12273 8.65419120e-01
29.22354 8.60482800e-01
29.32470 8.55564480e-01
29.42621 8.50664160e-01
29.52807 8.45781840e-01
29.63029 8.40917520e-01
29.73286 8.36071200e-01
29.83578 8.31242880e-01
29.93906 8.26433280e-01
30.04269 8.21641680e-01
30.14669 8.16868800e-01
30.25104 8.12114640e-01
30.35576 8.07378480e-01
30.46084 8.02661040e-01
30.56628 7.97962320e-01
30.67209 7.93283040e-01
30.77826 7.88621760e-01
30.88481 7.83979200e-01
30.99172 7.79254560e-01
31.09900 7.74316080e-01
31.20665 7.69402800e-01
31.31467 7.64514720e-01
31.42307 7.59652560e-01
31.53184 7.54816320e-01
31.64099 7.50005280e-01
31.75052 7.45219440e-01
31.86043 7.40459520e-01
31.97072 7.35724800e-01
32.08139 7.31015280e-01
32.19244 7.26330960e-01
32.30388 7.21671840e-01
32.41570 7.17037776e-01
32.52791 7.12429056e-01
32.64051 7.07845392e-01
32.75349 7.03286712e-01
32.86687 6.98753016e-01
32.98064 6.94244160e-01
33.09481 6.89760144e-01
33.20937 6.85300968e-01
33.32433 6.80866416e-01
33.43968 6.76456560e-01
33.55544 6.72071256e-01
33.67159 6.67710504e-01
33.78815 6.63374160e-01
33.90511 6.59062152e-01
34.02247 6.54774480e-01
34.14024 6.50511000e-01
34.25842 6.46271712e-01
34.37701 6.42056472e-01
34.49601 6.37865280e-01
34.61542 6.33697920e-01
34.73525 6.29554464e-01
34.85549 6.25434768e-01
34.97614 6.21338760e-01
35.09721 6.17266368e-01
35.21871 6.13217520e-01
35.34062 6.09192072e-01
35.46295 6.05190024e-01
35.58571 6.01211232e-01
35.70889 5.97255624e-01
35.83250 5.93323128e-01
35.95654 5.89413672e-01
36.08101 5.85527112e-01
36.20590 5.81663448e-01
36.33123 5.77822464e-01
36.45700 5.74004232e-01
36.58320 5.70208536e-01
36.70983 5.66435376e-01
36.83691 5.62684536e-01
36.96442 5.58956088e-01
37.09238 5.55249816e-01
37.22077 5.51565720e-01
37.34962 5.47903584e-01
37.47890 5.44263408e-01
37.60864 5.40645120e-01
37.73883 5.37048576e-01
37.86946 5.33473704e-01
38.00055 5.29920360e-01
38.13209 5.26388472e-01
38.26409 5.22878040e-01
38.39654 5.19388848e-01
38.52946 5.15920824e-01
38.66283 5.12473896e-01
38.79667 5.09047992e-01
38.93096 5.05643040e-01
39.06573 5.02258824e-01
39.20096 4.98895344e-01
39.33665 4.95552456e-01
39.47282 4.92230088e-01
39.60946 4.88928096e-01
39.74657 4.85646480e-01
39.88416 4.82385096e-01
40.02222 4.79143800e-01
40.16076 4.75922520e-01
40.29978 4.72721256e-01
40.43928 4.69539792e-01
40.57926 4.66378056e-01
40.71973 4.63235904e-01
40.86069 4.60113408e-01
41.00213 4.57010280e-01
41.14406 4.53926520e-01
41.28648 4.50861984e-01
41.42940 4.47625296e-01
41.57281 4.44347712e-01
41.71672 4.41093744e-01
41.86113 4.37863248e-01
42.00603 4.34656152e-01
42.15144 4.31472168e-01
42.29735 4.28311224e-01
42.44377 4.25173176e-01
42.59069 4.22057808e-01
42.73812 4.18965048e-01
42.88606 4.15894680e-01
43.03451 4.12846488e-01
43.18348 4.09820472e-01
43.33297 4.06816416e-01
43.48297 4.03834104e-01
43.63349 4.00873464e-01
43.78453 3.97934352e-01
43.93609 3.95016552e-01
44.08818 3.92119920e-01
44.24079 3.89244384e-01
44.39394 3.86389800e-01
44.54761 3.83555952e-01
44.70182 3.80742696e-01
44.85655 3.77949960e-01
45.01183 3.75177528e-01
45.16764 3.72425328e-01
45.32399 3.69693144e-01
45.48089 3.66980904e-01
45.63832 3.64288392e-01
45.79630 3.61615608e-01
45.95483 3.58962192e-01
46.11391 3.56328216e-01
46.27353 3.53713464e-01
46.43371 3.51117792e-01
46.59445 3.48541056e-01
46.75574 3.45983112e-01
46.91759 3.43443888e-01
47.08000 3.40923168e-01
47.24297 3.38420952e-01
47.40650 3.35936952e-01
47.57060 3.33471096e-01
47.73527 3.31023312e-01
47.90051 3.28593456e-01
48.06633 3.26181312e-01
48.23271 3.23786880e-01
48.39967 3.21409872e-01
48.56721 3.19050360e-01
48.73533 3.16708056e-01
48.90403 3.14382888e-01
49.07332 3.12074784e-01
49.24319 3.09783600e-01
49.41365 3.07509120e-01
49.58470 3.05251344e-01
49.75634 3.03010128e-01
49.92858 3.00785256e-01
50.10141 2.98576728e-01
50.27484 2.96384400e-01
50.44887 2.94208128e-01
50.62350 2.92047768e-01
50.79874 2.89903320e-01
50.97458 2.87774568e-01
51.15104 2.85661368e-01
51.32810 2.83563720e-01
51.50578 2.81481408e-01
51.68407 2.79414360e-01
51.86298 2.77362504e-01
52.04250 2.75325696e-01
52.22265 2.73303792e-01
52.40343 2.71296720e-01
52.58482 2.69304408e-01
52.76685 2.67326712e-01
52.94951 2.65363488e-01
53.13280 2.63414664e-01
53.31672 2.61480168e-01
53.50128 2.59559856e-01
53.68648 2.57653584e-01
53.87232 2.55761352e-01
54.05880 2.53883016e-01
54.24593 2.52018432e-01
54.43371 2.50167528e-01
54.62214 2.48330232e-01
54.81122 2.46506400e-01
55.00095 2.44695960e-01
55.19134 2.42898840e-01
55.38239 2.41114896e-01
55.57410 2.39343984e-01
55.76647 2.37586104e-01
55.95951 2.35841112e-01
56.15322 2.34109008e-01
56.34760 2.32389504e-01
56.54265 2.30682672e-01
56.73838 2.28988368e-01
56.93479 2.27306520e-01
57.13187 2.25636984e-01
57.32964 2.23979688e-01
57.52809 2.22334560e-01
57.72723 2.20701528e-01
57.92705 2.19080448e-01
58.12757 2.17471320e-01
58.32879 2.15873928e-01
58.53070 2.14288344e-01
58.73331 2.12714352e-01
58.93662 2.11151880e-01
59.14063 2.09600928e-01
59.34535 2.08061352e-01
59.55078 2.06533008e-01
59.75692 2.05015968e-01
59.96377 2.03510016e-01
60.17134 2.02015080e-01
60.37963 2.00531160e-01
60.58864 1.99058112e-01
60.79837 1.97595864e-01
61.00883 1.96144344e-01
61.22002 1.94703480e-01
61.43194 1.93273200e-01
61.64459 1.91853432e-01
61.85797 1.90444032e-01
62.07210 1.89045000e-01
62.28697 1.87656192e-01
62.50258 1.86277608e-01
62.71894 1.84909104e-01
62.93605 1.83550680e-01
63.15390 1.82202192e-01
63.37252 1.80863640e-01
63.59189 1.79534808e-01
63.81201 1.78215840e-01
64.03290 1.76906448e-01
64.25456 1.75606704e-01
64.47698 1.74316464e-01
64.70017 1.73035728e-01
64.92414 1.71764352e-01
65.14888 1.70502264e-01
65.37440 1.69249464e-01
65.60070 1.68005808e-01
65.82778 1.66771368e-01
66.05565 1.65545856e-01
66.28430 1.64329416e-01
66.51375 1.63121832e-01
66.74400 1.61923176e-01
66.97504 1.60733232e-01
67.20688 1.59552072e-01
67.43952 1.58379480e-01
67.67297 1.57215528e-01
67.90722 1.56060144e-01
68.14229 1.54913184e-01
68.37817 1.53774648e-01
68.61486 1.52644392e-01
68.85238 1.51522488e-01
69.09072 1.50408792e-01
69.32988 1.49303232e-01
69.56987 1.48205808e-01
69.81069 1.47116376e-01
70.05235 1.46034936e-01
70.29484 1.44961416e-01
70.53817 1.43895744e-01
70.78235 1.42837920e-01
71.02737 1.41787872e-01
71.27323 1.40745456e-01
71.51995 1.39710672e-01
71.76752 1.38683448e-01
72.01595 1.37663784e-01
72.26524 1.36651608e-01
72.51539 1.35646776e-01
72.76641 1.34649360e-01
73.01830 1.33659216e-01
73.27106 1.32676272e-01
73.52469 1.31700600e-01
73.77920 1.30732056e-01
74.03460 1.29770568e-01
74.29087 1.28816136e-01
74.54804 1.27868760e-01
74.80609 1.26928224e-01
75.06504 1.25994600e-01
75.32488 1.25067816e-01
75.58563 1.24147800e-01
75.84727 1.23234552e-01
76.10982 1.22327928e-01
76.37328 1.21428000e-01
76.63766 1.20534624e-01
76.90295 1.19647728e-01
77.16915 1.18767384e-01
77.43628 1.17893520e-01
77.70433 1.17025992e-01
77.97331 1.16164800e-01
78.24322 1.15309944e-01
78.51407 1.14461352e-01
78.78585 1.13618880e-01
79.05857 1.12782672e-01
79.33224 1.11952512e-01
79.60686 1.11128472e-01
79.88242 1.10310480e-01
80.15894 1.09498392e-01
80.43642 1.08692280e-01
80.71486 1.07892072e-01
80.99426 1.07097696e-01
81.27463 1.06309152e-01
81.55596 1.05526368e-01
81.83828 1.04749344e-01
82.12157 1.03977936e-01
82.40584 1.03212216e-01
82.69109 1.02452040e-01
82.97733 1.01697480e-01
83.26457 1.00948392e-01
83.55279 1.00204848e-01
83.84202 9.94666320e-02
84.13225 9.87338880e-02
84.42348 9.80064720e-02
84.71572 9.72844560e-02
85.00897 9.65676240e-02
85.30323 9.58560480e-02
85.59852 9.51497280e-02
85.89482 9.44485200e-02
86.19215 9.37524240e-02
86.49052 9.30614400e-02
86.78991 9.23754960e-02
87.09034 9.16945920e-02
87.39181 9.10186560e-02
87.69432 9.03476880e-02
87.99789 8.96816160e-02
88.30250 8.90203680e-02
88.60816 8.83639440e-02
88.91489 8.77123440e-02
89.22267 8.70655680e-02
89.53153 8.64234720e-02
89.84145 8.57860560e-02
90.15244 8.51532480e-02
90.46451 8.45251200e-02
90.77766 8.39016000e-02
91.09190 8.32826160e-02
91.40722 8.26681680e-02
91.72363 8.20582560e-02
92.04114 8.14527360e-02
92.35975 8.08516080e-02
92.67946 8.02549440e-02
93.00028 7.96626000e-02
93.32221 7.90746480e-02
93.64525 7.84909440e-02
93.96941 7.79114880e-02
94.29469 7.73362800e-02
94.62110 7.67653200e-02
94.94864 7.61984640e-02
95.27731 7.56357840e-02
95.60712 7.50772800e-02
95.93807 7.45228080e-02
96.27017 7.39723680e-02
96.60342 7.34259600e-02
96.93782 7.28835120e-02
97.27338 7.23450960e-02
97.61010 7.18105752e-02
97.94798 7.12799712e-02
98.28704 7.07532480e-02
98.62727 7.02303696e-02
98.96867 6.97113144e-02
99.31126 6.91960608e-02
99.65504 6.86845656e-02
100.00000 6.81768144e-02
