        2000  2.000000 3.700000
0.10000 6.09347573e-03
0.10035 5.62359645e-03
0.10069 6.42235048e-03
0.10104 2.10955845e-03
0.10139 6.23331008e-03
0.10174 2.19270485e-03
0.10210 9.96935893e-04
0.10245 1.26202264e-03
0.10280 2.75075563e-03
0.10316 4.54351712e-03
0.10352 5.57360107e-03
0.10387 3.96505616e-04
0.10423 3.05672984e-04
0.10459 2.02642883e-02
0.10496 6.36118603e-03
0.10532 8.16482947e-03
0.10568 1.68999720e-02
0.10605 2.64943384e-02
0.10642 2.46361885e-02
0.10679 2.48809509e-02
0.10716 2.07843109e-02
0.10753 2.05627451e-02
0.10790 5.29435565e-03
0.10827 1.83972189e-02
0.10865 1.09582752e-02
0.10902 2.40584459e-02
0.10940 9.59193624e-03
0.10978 1.68043344e-03
0.11016 2.00712469e-02
0.11054 2.54089064e-02
0.11092 2.55470792e-02
0.11131 2.30675168e-03
0.11169 3.75093272e-02
0.11208 2.53347091e-02
0.11247 1.87347379e-02
0.11286 2.72649251e-02
0.11325 2.51525309e-02
0.11364 1.78919272e-02
0.11403 1.91218269e-02
0.11443 1.95239725e-02
0.11482 1.43034896e-02
0.11522 1.15763133e-02
0.11562 1.91341307e-02
0.11602 5.24806224e-03
0.11642 2.80310323e-02
0.11682 1.31811661e-02
0.11723 2.89838760e-02
0.11763 2.88871629e-02
0.11804 2.83457592e-02
0.11845 1.98678456e-02
0.11886 1.92809664e-02
0.11927 2.14854264e-04
0.11968 2.22519875e-04
0.12010 6.13744653e-03
0.12051 5.52187211e-03
0.12093 3.33189933e-03
0.12135 6.68260157e-04
0.12177 8.38954576e-04
0.12219 1.04148389e-02
0.12262 1.45143304e-02
0.12304 1.30727611e-02
0.12347 1.29935909e-02
0.12389 1.10878837e-02
0.12432 4.68429669e-03
0.12475 4.43035928e-03
0.12518 4.36484264e-03
0.12562 4.29983315e-03
0.12605 4.23610336e-03
0.12649 3.48409661e-03
0.12693 3.32736955e-03
0.12737 3.08724941e-03
0.12781 6.12000227e-03
0.12825 3.51954360e-03
0.12869 2.71168067e-03
0.12914 2.19932341e-03
0.12959 3.44705024e-03
0.13003 6.26845219e-04
0.13048 5.96835259e-04
0.13094 5.61494141e-04
0.13139 1.32691472e-03
0.13184 8.05724136e-04
0.13230 3.07182880e-03
0.13276 3.02187387e-03
0.13322 4.09431048e-03
0.13368 6.73803843e-03
0.13414 5.87958416e-03
0.13461 3.81610107e-04
0.13507 3.67934611e-04
0.13554 1.21879973e-03
0.13601 3.81337195e-04
0.13648 3.68039493e-04
0.13695 3.79788720e-04
0.13743 3.79573232e-04
0.13790 3.59275624e-04
0.13838 3.85068275e-03
0.13886 1.90957888e-02
0.13934 1.89294763e-02
0.13982 1.86853355e-02
0.14031 1.83699376e-02
0.14079 1.52833483e-02
0.14128 1.48751347e-02
0.14177 1.43960192e-02
0.14226 3.75413347e-04
0.14275 3.75053115e-04
0.14324 3.75325336e-04
0.14374 3.74214053e-04
0.14424 3.73822149e-04
0.14474 3.75501555e-04
0.14524 3.72696856e-04
0.14574 3.72023160e-04
0.14625 3.71543739e-04
0.14675 3.71508515e-04
0.14726 3.70145040e-04
0.14777 3.69903011e-04
0.14828 3.73434389e-04
0.14879 4.74717203e-04
0.14931 3.65408941e-04
0.14983 3.00443947e-04
0.15034 3.01279456e-04
0.15087 3.01371808e-04
0.15139 3.03462752e-04
0.15191 3.02139336e-04
0.15244 3.03237299e-04
0.15297 3.07088555e-04
0.15349 3.62308045e-04
0.15403 3.03514059e-04
0.15456 3.03671136e-04
0.15509 3.04364269e-04
0.15563 3.04281291e-04
0.15617 3.05476835e-04
0.15671 3.03991901e-04
0.15725 3.04005419e-04
0.15780 3.04851387e-04
0.15834 5.31912592e-04
0.15889 8.15819808e-04
0.15944 8.16071507e-04
0.15999 7.87325368e-04
0.16055 7.44009320e-04
0.16110 7.52535008e-04
0.16166 7.66277400e-04
0.16222 7.70825440e-04
0.16278 7.78366336e-04
0.16335 7.86981120e-04
0.16391 5.75401603e-04
0.16448 8.02473563e-04
0.16505 7.85798008e-04
0.16562 7.87593248e-04
0.16619 7.68626752e-04
0.16677 7.68160749e-04
0.16734 7.28267152e-04
0.16792 4.23670621e-04
0.16851 3.30756616e-04
0.16909 3.30605163e-04
0.16967 3.33144547e-04
0.17026 3.33525203e-04
0.17085 3.29644939e-04
0.17144 3.29890224e-04
0.17204 3.55715829e-04
0.17263 3.31871944e-04
0.17323 3.67029443e-04
0.17383 3.64286411e-04
0.17443 3.62572669e-04
0.17503 3.63135168e-04
0.17564 3.61018373e-04
0.17625 3.63099747e-04
0.17686 3.65796307e-04
0.17747 3.78932491e-04
0.17808 3.61880819e-04
0.17870 3.71467075e-04
0.17932 3.62272032e-04
0.17994 3.96887061e-04
0.18056 3.60206445e-04
0.18119 3.84345739e-04
0.18182 3.61444811e-04
0.18244 3.61778304e-04
0.18308 3.62970296e-04
0.18371 5.72806669e-04
0.18435 3.62389445e-04
0.18498 3.78839843e-04
0.18562 4.37998107e-04
0.18627 3.63839056e-04
0.18691 3.62988253e-04
0.18756 3.62590824e-04
0.18821 3.71806784e-04
0.18886 3.61210675e-04
0.18951 3.61283787e-04
0.19017 4.02247523e-04
0.19083 4.22375621e-04
0.19149 4.18341240e-04
0.19215 3.99430096e-04
0.19282 4.19746845e-04
0.19348 4.33883115e-04
0.19415 4.31639928e-04
0.19483 3.99049440e-04
0.19550 4.08566728e-04
0.19618 4.18681936e-04
0.19686 3.57474661e-04
0.19754 3.20667752e-04
0.19822 3.20218819e-04
0.19891 3.20238552e-04
0.19960 3.20258680e-04
0.20029 3.20275848e-04
0.20098 3.20335640e-04
0.20168 3.20364155e-04
0.20237 3.20391091e-04
0.20307 3.20418915e-04
0.20378 3.20426216e-04
0.20448 3.21842576e-04
0.20519 3.20466176e-04
0.20590 3.20380928e-04
0.20661 3.20572045e-04
0.20733 3.20553792e-04
0.20805 3.20544320e-04
0.20877 3.20631147e-04
0.20949 3.20543235e-04
0.21021 3.20678605e-04
0.21094 3.20717184e-04
0.21167 3.20654728e-04
0.21240 3.50336227e-04
0.21314 3.50357835e-04
0.21388 3.50302680e-04
0.21462 3.50408747e-04
0.21536 3.50255320e-04
0.21611 3.50326557e-04
0.21685 3.50304259e-04
0.21760 3.50546880e-04
0.21836 3.50410523e-04
0.21911 3.50336424e-04
0.21987 3.50574704e-04
0.22063 3.50702379e-04
0.22140 3.50229864e-04
0.22216 3.50601541e-04
0.22293 3.50248216e-04
0.22370 3.50688171e-04
0.22448 3.50825712e-04
0.22526 3.50675147e-04
0.22604 3.50479589e-04
0.22682 3.50528232e-04
0.22760 3.50426507e-04
0.22839 3.50619696e-04
0.22918 3.51003805e-04
0.22998 3.50853536e-04
0.23077 3.51011896e-04
0.23157 3.50687973e-04
0.23237 3.50823541e-04
0.23318 3.50712048e-04
0.23398 3.51174400e-04
0.23479 3.50684619e-04
0.23561 3.50856200e-04
0.23642 3.50791277e-04
0.23724 3.51067347e-04
0.23806 3.51160587e-04
0.23889 3.50970851e-04
0.23971 3.50958715e-04
0.24054 3.51006075e-04
0.24137 3.51133453e-04
0.24221 3.51145293e-04
0.24305 3.51117864e-04
0.24389 3.84978488e-04
0.24473 3.85002168e-04
0.24558 3.84481997e-04
0.24643 3.84916525e-04
0.24728 3.85466296e-04
0.24814 3.85483267e-04
0.24900 3.85334773e-04
0.24986 3.85143163e-04
0.25073 3.85564765e-04
0.25159 3.85567824e-04
0.25246 3.85626136e-04
0.25334 3.85443109e-04
0.25422 3.86000083e-04
0.25510 3.85408872e-04
0.25598 3.85074589e-04
0.25687 3.85922728e-04
0.25775 3.85957952e-04
0.25865 3.85325301e-04
0.25954 3.85937133e-04
0.26044 3.85831560e-04
0.26134 3.85970483e-04
0.26225 3.85923320e-04
0.26315 3.86260365e-04
0.26406 3.85771768e-04
0.26498 3.85098565e-04
0.26590 3.86075464e-04
0.26682 3.86224845e-04
0.26774 3.85919176e-04
0.26867 3.86351928e-04
0.26960 3.86108517e-04
0.27053 3.85969496e-04
0.27147 3.86841709e-04
0.27241 3.86609251e-04
0.27335 3.85696091e-04
0.27430 3.86531107e-04
0.27525 3.86267272e-04
0.27620 3.86620597e-04
0.27715 3.86581624e-04
0.27811 3.87484720e-04
0.27908 3.87082160e-04
0.28004 3.86603923e-04
0.28101 3.87241803e-04
0.28198 3.86608165e-04
0.28296 3.86812504e-04
0.28394 3.86996024e-04
0.28492 3.87100216e-04
0.28591 3.87635187e-04
0.28690 3.86742253e-04
0.28789 3.87715699e-04
0.28889 3.87145307e-04
0.28989 4.32065280e-04
0.29089 4.30053763e-04
0.29190 4.30712856e-04
0.29291 4.31779837e-04
0.29392 4.31396320e-04
0.29494 4.32306027e-04
0.29596 4.31419112e-04
0.29699 4.30900915e-04
0.29801 4.32754368e-04
0.29905 4.30554693e-04
0.30008 4.31126763e-04
0.30112 4.31499328e-04
0.30216 4.31886003e-04
0.30321 4.31780627e-04
0.30426 4.31977763e-04
0.30531 4.31441805e-04
0.30637 4.32897139e-04
0.30743 4.32276229e-04
0.30849 4.30710981e-04
0.30956 4.32400845e-04
0.31063 4.33631219e-04
0.31171 4.30895291e-04
0.31279 4.32114712e-04
0.31387 4.33354656e-04
0.31496 4.31676928e-04
0.31605 4.32484219e-04
0.31714 4.34403187e-04
0.31824 4.33149133e-04
0.31934 4.32670008e-04
0.32044 4.33324563e-04
0.32155 4.33775667e-04
0.32267 4.33825395e-04
0.32378 4.33378928e-04
0.32490 4.33630923e-04
0.32603 4.32601237e-04
0.32716 4.32788112e-04
0.32829 4.35107963e-04
0.32943 4.33355741e-04
0.33057 4.33565013e-04
0.33171 4.32963936e-04
0.33286 4.33659832e-04
0.33401 4.34610880e-04
0.33517 4.33880253e-04
0.33633 4.34133235e-04
0.33749 4.33480456e-04
0.33866 4.34872051e-04
0.33983 4.33021853e-04
0.34101 4.33785336e-04
0.34219 4.33873544e-04
0.34337 4.34311427e-04
0.34456 4.34713493e-04
0.34576 4.34598843e-04
0.34695 4.34187008e-04
0.34815 4.34711816e-04
0.34936 4.34688136e-04
0.35057 4.34832584e-04
0.35178 4.33907189e-04
0.35300 4.35172195e-04
0.35422 4.35572288e-04
0.35545 4.34663568e-04
0.35668 4.34278373e-04
0.35791 4.34740627e-04
0.35915 4.35449645e-04
0.36039 4.76063608e-04
0.36164 4.74432747e-04
0.36289 4.74753808e-04
0.36415 4.76393253e-04
0.36541 4.76796603e-04
0.36668 4.75534459e-04
0.36795 4.75461347e-04
0.36922 4.75936427e-04
0.37050 4.76229861e-04
0.37178 4.75154789e-04
0.37307 4.76320733e-04
0.37436 4.76156256e-04
0.37565 4.73843016e-04
0.37695 4.74785184e-04
0.37826 4.76067259e-04
0.37957 4.75808949e-04
0.38088 4.76241701e-04
0.38220 4.74467675e-04
0.38352 4.75488677e-04
0.38485 4.76021181e-04
0.38618 4.76044861e-04
0.38752 4.74231467e-04
0.38886 4.77907589e-04
0.39021 4.74881779e-04
0.39156 4.75274472e-04
0.39291 1.85354213e-02
0.39427 1.97702347e-02
0.39564 2.19358101e-02
0.39701 1.79707027e-02
0.39838 1.73006672e-02
0.39976 2.01309205e-02
0.40115 1.77537445e-02
0.40253 1.90180493e-02
0.40393 2.51559547e-02
0.40533 1.95934240e-02
0.40673 1.69618755e-02
0.40814 1.73116883e-02
0.40955 1.59969944e-02
0.41097 1.73291227e-02
0.41239 1.74701667e-02
0.41382 1.69369819e-02
0.41525 1.54346437e-02
0.41669 1.73135925e-02
0.41813 1.82497715e-02
0.41958 1.74427275e-02
0.42103 1.54845987e-02
0.42249 1.98045213e-02
0.42395 1.71574920e-02
0.42542 1.57621283e-02
0.42689 1.83648069e-02
0.42837 1.50269235e-02
0.42985 1.61809781e-02
0.43134 1.61102440e-02
0.43283 1.64619611e-02
0.43433 1.80200459e-02
0.43583 1.49705059e-02
0.43734 1.61597352e-02
0.43886 1.72729616e-02
0.44037 1.55741683e-02
0.44190 1.47994869e-02
0.44343 1.66435669e-02
0.44496 1.38914872e-02
0.44650 1.49459675e-02
0.44805 1.44859045e-02
0.44960 1.47428523e-02
0.45116 1.44233499e-02
0.45272 1.36094091e-02
0.45429 1.52046024e-02
0.45586 1.40420525e-02
0.45744 1.24052613e-02
0.45902 1.39000712e-02
0.46061 1.49974616e-02
0.46220 1.29099117e-02
0.46380 1.26501520e-02
0.46541 1.27715909e-02
0.46702 1.46733416e-02
0.46864 1.51635077e-02
0.47026 1.43495867e-02
0.47189 1.30737083e-02
0.47352 1.12745709e-02
0.47516 1.11533293e-02
0.47680 1.32348211e-02
0.47845 1.22105328e-02
0.48011 1.36695168e-02
0.48177 1.38130768e-02
0.48344 1.17057048e-02
0.48511 1.16192728e-02
0.48679 1.26952229e-02
0.48848 1.38308072e-02
0.49017 1.55786280e-02
0.49186 1.38289325e-02
0.49357 1.14593637e-02
0.49528 1.30684493e-02
0.49699 1.17391133e-02
0.49871 1.24745747e-02
0.50044 1.28710667e-02
0.50217 1.51836851e-02
0.50391 1.13535141e-02
0.50565 1.09191341e-02
0.50740 1.08719912e-02
0.50916 1.11801864e-02
0.51092 1.02458723e-02
0.51269 1.19426133e-02
0.51446 1.48074197e-02
0.51625 1.70370200e-02
0.51803 1.01901059e-02
0.51983 9.78467960e-03
0.52163 1.20841309e-02
0.52343 1.67756816e-02
0.52524 9.53475792e-03
0.52706 1.29828560e-02
0.52889 9.18284944e-03
0.53072 9.82540920e-03
0.53255 1.03346427e-02
0.53440 1.11511883e-02
0.53625 9.56631843e-03
0.53810 1.68583248e-02
0.53997 9.84259496e-03
0.54183 1.11386379e-02
0.54371 9.50111653e-03
0.54559 1.11109520e-02
0.54748 1.51528320e-02
0.54938 1.21291920e-02
0.55128 9.02415595e-03
0.55319 1.12551237e-02
0.55510 1.20276739e-02
0.55702 9.46489008e-03
0.55895 1.20184288e-02
0.56089 8.26976147e-03
0.56283 9.32113275e-03
0.56478 8.01409541e-03
0.56673 9.47340107e-03
0.56869 8.58503699e-03
0.57066 1.03970197e-02
0.57264 9.45158685e-03
0.57462 1.13664888e-02
0.57661 8.31291531e-03
0.57860 1.02783829e-02
0.58061 1.05653747e-02
0.58262 9.77007693e-03
0.58463 8.42234059e-03
0.58666 7.82981075e-03
0.58869 1.00403693e-02
0.59073 1.48138627e-02
0.59277 9.14474043e-03
0.59482 7.91396947e-03
0.59688 8.64197851e-03
0.59895 9.33386963e-03
0.60102 1.16381576e-02
0.60310 1.03213128e-02
0.60519 1.27880683e-02
0.60728 1.24582256e-02
0.60939 9.79977856e-03
0.61150 8.97064211e-03
0.61361 7.73855296e-03
0.61574 6.82618032e-03
0.61787 8.79208701e-03
0.62001 8.25262800e-03
0.62215 1.02009197e-02
0.62431 1.15474731e-02
0.62647 9.32459792e-03
0.62864 8.17381011e-03
0.63081 1.02678256e-02
0.63300 7.09808197e-03
0.63519 7.41792971e-03
0.63739 9.01034261e-03
0.63959 1.30736984e-02
0.64181 7.62647256e-03
0.64403 7.55266792e-03
0.64626 7.42497253e-03
0.64849 7.81478184e-03
0.65074 8.09183883e-03
0.65299 7.15527312e-03
0.65525 8.38098840e-03
0.65752 9.08079357e-03
0.65980 8.01062037e-03
0.66208 6.82650691e-03
0.66437 8.25658256e-03
0.66667 6.91589595e-03
0.66898 6.86130072e-03
0.67130 7.94612000e-03
0.67362 8.99607048e-03
0.67595 7.41745611e-03
0.67829 9.21874536e-03
0.68064 7.11820109e-03
0.68299 6.73180368e-03
0.68536 7.21294477e-03
0.68773 7.10134784e-03
0.69011 6.93714381e-03
0.69250 5.94304064e-03
0.69490 6.08845755e-03
0.69730 7.48104480e-03
0.69972 1.15261117e-02
0.70214 6.20855659e-03
0.70457 7.23342699e-03
0.70701 6.07719376e-03
0.70946 7.19607179e-03
0.71191 7.19384488e-03
0.71438 6.99959389e-03
0.71685 6.85538664e-03
0.71933 5.60693757e-03
0.72182 7.09057640e-03
0.72432 7.42810224e-03
0.72683 6.20432872e-03
0.72934 6.64004171e-03
0.73187 5.94454235e-03
0.73440 5.67427856e-03
0.73694 6.15117008e-03
0.73949 7.95482043e-03
0.74205 7.36314997e-03
0.74462 7.23164013e-03
0.74720 5.66162555e-03
0.74979 7.73667928e-03
0.75238 6.98829952e-03
0.75499 5.70027624e-03
0.75760 6.50295424e-03
0.76022 6.63404672e-03
0.76285 5.95103856e-03
0.76549 5.35609435e-03
0.76814 8.16308208e-03
0.77080 6.55974480e-03
0.77347 5.88729891e-03
0.77615 5.76299371e-03
0.77884 7.19608461e-03
0.78153 5.52031120e-03
0.78424 5.66508579e-03
0.78695 6.22465208e-03
0.78968 6.97059280e-03
0.79241 6.85650947e-03
0.79515 5.48575024e-03
0.79790 6.22634915e-03
0.80067 5.72766117e-03
0.80344 5.95469120e-03
0.80622 5.23189373e-03
0.80901 5.56424648e-03
0.81181 5.83154139e-03
0.81462 6.20528776e-03
0.81744 6.39202429e-03
0.82027 5.90438205e-03
0.82311 5.73036563e-03
0.82596 5.13974499e-03
0.82882 5.22822925e-03
0.83169 5.46620339e-03
0.83457 6.01309496e-03
0.83745 5.81875616e-03
0.84035 5.53509739e-03
0.84326 5.11839944e-03
0.84618 5.12417440e-03
0.84911 5.54158867e-03
0.85205 5.92930624e-03
0.85500 6.54553581e-03
0.85796 5.56239155e-03
0.86093 5.21912232e-03
0.86391 1.17984021e-02
0.86690 5.07789776e-03
0.86990 5.89256179e-03
0.87291 6.64825373e-03
0.87593 5.23402493e-03
0.87897 5.76717816e-03
0.88201 6.22405317e-03
0.88506 1.10761029e-02
0.88813 4.96483760e-03
0.89120 5.46357293e-03
0.89428 6.09500507e-03
0.89738 5.12963757e-03
0.90049 5.83362029e-03
0.90360 5.35446043e-03
0.90673 5.29435269e-03
0.90987 6.26569840e-03
0.91302 7.16055771e-03
0.91618 5.63145032e-03
0.91935 4.66191219e-03
0.92253 4.64177629e-03
0.92573 6.11579413e-03
0.92893 5.63576995e-03
0.93215 6.29250317e-03
0.93537 6.30240437e-03
0.93861 9.99827813e-03
0.94186 6.75920637e-03
0.94512 4.82368013e-03
0.94839 4.80800003e-03
0.95168 4.70148541e-03
0.95497 5.80657181e-03
0.95828 6.81551051e-03
0.96159 5.71077043e-03
0.96492 6.31304952e-03
0.96826 5.68830008e-03
0.97161 5.84346821e-03
0.97498 5.65382595e-03
0.97835 4.87109637e-03
0.98174 5.31199528e-03
0.98514 5.23101264e-03
0.98855 5.82043941e-03
0.99197 1.36238144e-02
0.99540 5.52448677e-03
0.99885 4.84001243e-03
1.00231 6.20114475e-03
1.00578 4.72847864e-03
1.00926 7.70624555e-03
1.01275 1.22027283e-02
1.01626 6.18121803e-03
1.01978 4.82056029e-03
1.02330 5.16876187e-03
1.02685 4.76613576e-03
1.03040 5.36882235e-03
1.03397 1.22819477e-02
1.03755 7.89488536e-03
1.04114 5.31062381e-03
1.04474 6.81428803e-03
1.04836 8.65416581e-03
1.05199 5.18571971e-03
1.05563 4.78603288e-03
1.05928 5.17072237e-03
1.06295 7.72635283e-03
1.06663 6.36159056e-03
1.07032 9.02773360e-03
1.07403 4.97729229e-03
1.07775 1.65452949e-02
1.08148 8.75928824e-03
1.08522 4.86790648e-03
1.08898 1.58530496e-02
1.09275 5.72760099e-03
1.09653 5.73059848e-03
1.10032 6.89153219e-03
1.10413 9.54228816e-03
1.10796 4.90375701e-03
1.11179 6.19707968e-03
1.11564 5.19749952e-03
1.11950 1.12864405e-02
1.12338 6.26686069e-03
1.12726 7.50056600e-03
1.13117 1.60143203e-02
1.13508 5.31783536e-03
1.13901 7.17329261e-03
1.14295 1.00110851e-02
1.14691 5.73485595e-03
1.15088 7.07345576e-03
1.15487 6.99882035e-03
1.15886 8.06154224e-03
1.16287 1.07196005e-02
1.16690 5.35148661e-03
1.17094 4.91465968e-03
1.17499 5.94267261e-03
1.17906 1.57512355e-02
1.18314 7.33940189e-03
1.18724 1.16842448e-02
1.19135 6.62804483e-03
1.19547 5.57452656e-03
1.19961 5.44971027e-03
1.20376 6.79660400e-03
1.20793 6.62319536e-03
1.21211 5.72246144e-03
1.21630 8.15216165e-03
1.22052 6.63194808e-03
1.22474 5.59191064e-03
1.22898 1.13444565e-02
1.23323 8.55151005e-03
1.23750 1.30096835e-02
1.24179 6.06377805e-03
1.24609 6.67120853e-03
1.25040 9.73299997e-03
1.25473 5.89193131e-03
1.25907 5.20584179e-03
1.26343 6.23728931e-03
1.26780 8.86573379e-03
1.27219 7.23696320e-03
1.27659 6.76017725e-03
1.28101 6.89211037e-03
1.28545 1.21978443e-02
1.28990 1.20003827e-02
1.29436 6.83282749e-03
1.29884 7.39622797e-03
1.30334 8.72029912e-03
1.30785 7.09047181e-03
1.31238 6.30320357e-03
1.31692 8.08705547e-03
1.32148 1.04252483e-02
1.32605 7.27590595e-03
1.33064 7.00180600e-03
1.33525 6.24520829e-03
1.33987 6.84105629e-03
1.34451 9.02868771e-03
1.34916 1.08439403e-02
1.35383 1.03047664e-02
1.35852 9.30021443e-03
1.36322 7.07280259e-03
1.36794 6.66866392e-03
1.37268 7.89054107e-03
1.37743 7.74860413e-03
1.38220 7.56847925e-03
1.38698 7.21040213e-03
1.39178 8.86712597e-03
1.39660 7.20517280e-03
1.40144 9.92783013e-03
1.40629 8.52265203e-03
1.41115 9.84570000e-03
1.41604 9.90711013e-03
1.42094 8.11070883e-03
1.42586 7.81680155e-03
1.43080 9.73301576e-03
1.43575 8.11694259e-03
1.44072 9.20716880e-03
1.44571 9.23108264e-03
1.45071 8.45875549e-03
1.45573 1.03033160e-02
1.46077 7.91637989e-03
1.46583 7.03032264e-03
1.47090 7.00067627e-03
1.47599 8.04863565e-03
1.48110 9.66698309e-03
1.48623 1.15119037e-02
1.49137 1.39900749e-02
1.49654 9.06453725e-03
1.50172 7.60871059e-03
1.50692 7.70805115e-03
1.51213 9.43762651e-03
1.51737 9.68180283e-03
1.52262 8.27642344e-03
1.52789 7.64906131e-03
1.53318 7.91931128e-03
1.53849 9.63820795e-03
1.54381 9.73779715e-03
1.54916 1.05071416e-02
1.55452 1.04471424e-02
1.55990 1.04353123e-02
1.56530 9.48529928e-03
1.57072 9.03110603e-03
1.57615 9.26219125e-03
1.58161 9.52392136e-03
1.58709 9.33468560e-03
1.59258 1.02823099e-02
1.59809 1.02049059e-02
1.60362 1.08449072e-02
1.60918 1.10624672e-02
1.61475 9.50309677e-03
1.62034 8.52063923e-03
1.62594 8.29857411e-03
1.63157 8.52316904e-03
1.63722 9.13903552e-03
1.64289 1.06034403e-02
1.64857 1.18955987e-02
1.65428 1.26174539e-02
1.66001 1.08840877e-02
1.66575 9.74218781e-03
1.67152 9.89772693e-03
1.67731 9.97076987e-03
1.68311 1.00441088e-02
1.68894 1.00974776e-02
1.69478 9.98467200e-03
1.70065 9.99794267e-03
1.70654 1.07629349e-02
1.71245 1.18005432e-02
1.71837 1.18345240e-02
1.72432 1.10648747e-02
1.73029 1.10167253e-02
1.73628 1.11660277e-02
1.74229 1.07197189e-02
1.74832 1.06132280e-02
1.75437 1.06072192e-02
1.76045 1.07070600e-02
1.76654 1.10092563e-02
1.77266 1.16773973e-02
1.77879 1.17800107e-02
1.78495 1.18759443e-02
1.79113 1.23809203e-02
1.79733 1.18032960e-02
1.80355 1.08643840e-02
1.80979 1.04367627e-02
1.81606 1.03975821e-02
1.82234 1.05600763e-02
1.82865 1.10599117e-02
1.83498 1.18781445e-02
1.84133 1.29913117e-02
1.84771 1.31826363e-02
1.85410 1.27947973e-02
1.86052 1.23398453e-02
1.86696 1.18825253e-02
1.87342 1.16561248e-02
1.87991 1.19665005e-02
1.88642 1.22612080e-02
1.89295 1.26036011e-02
1.89950 1.30192245e-02
1.90607 1.30121995e-02
1.91267 1.29812083e-02
1.91929 1.27961589e-02
1.92594 1.26881091e-02
1.93260 1.24683291e-02
1.93929 1.25367544e-02
1.94601 1.28511656e-02
1.95274 1.28567797e-02
1.95950 1.28984467e-02
1.96629 1.28760000e-02
1.97309 1.29015251e-02
1.97992 1.30664365e-02
1.98678 1.33050125e-02
1.99365 1.32398531e-02
2.00055 1.34319669e-02
2.00748 1.34611723e-02
2.01443 1.36697141e-02
2.02140 1.37751592e-02
2.02840 1.36667640e-02
2.03542 1.35702581e-02
2.04247 1.33155797e-02
2.04954 1.33586477e-02
2.05663 1.36232520e-02
2.06375 1.40082000e-02
2.07090 1.45144981e-02
2.07806 1.48760325e-02
2.08526 1.51804389e-02
2.09247 1.50063021e-02
2.09972 1.49430864e-02
2.10699 1.46165589e-02
2.11428 1.45033784e-02
2.12160 1.46514968e-02
2.12894 1.49758931e-02
2.13631 1.52095357e-02
2.14371 1.54375840e-02
2.15113 1.56004136e-02
2.15857 1.54776821e-02
2.16605 1.54626355e-02
2.17354 1.52188005e-02
2.18107 1.51856584e-02
2.18862 1.52974675e-02
2.19619 1.54381069e-02
2.20380 1.54858320e-02
2.21143 1.57594840e-02
2.21908 1.57837955e-02
2.22676 1.57975101e-02
2.23447 1.57524293e-02
2.24220 1.58646035e-02
2.24997 1.60361651e-02
2.25775 1.61836027e-02
2.26557 1.63532501e-02
2.27341 1.64842795e-02
2.28128 1.65518365e-02
2.28918 1.65369971e-02
2.29710 1.67176064e-02
2.30505 1.68262976e-02
2.31303 1.69951952e-02
2.32104 1.72033325e-02
2.32908 1.73976763e-02
2.33714 1.73962357e-02
2.34523 1.75675803e-02
2.35335 1.76907755e-02
2.36149 1.79973229e-02
2.36967 1.82202109e-02
2.37787 1.83423603e-02
2.38610 1.84260099e-02
2.39436 1.84712683e-02
2.40265 1.84722648e-02
2.41097 1.86083360e-02
2.41931 1.86392976e-02
2.42769 1.87092325e-02
2.43609 1.87712840e-02
2.44452 1.89539456e-02
2.45298 1.90606733e-02
2.46148 1.91180381e-02
2.47000 1.92831864e-02
2.47855 1.92320376e-02
2.48713 1.93102013e-02
2.49574 1.92390429e-02
2.50438 1.94029875e-02
2.51304 1.95586736e-02
2.52174 1.96363045e-02
2.53047 1.96989480e-02
2.53923 1.98334997e-02
2.54802 1.98755712e-02
2.55684 1.99780760e-02
2.56569 2.01366629e-02
2.57457 2.01946493e-02
2.58349 2.02313139e-02
2.59243 2.04191851e-02
2.60140 2.05840867e-02
2.61041 2.06690584e-02
2.61944 2.07771773e-02
2.62851 2.09709192e-02
2.63761 2.11642072e-02
2.64674 2.13628331e-02
2.65590 2.15709803e-02
2.66510 2.17887277e-02
2.67432 2.20125037e-02
2.68358 2.22200984e-02
2.69287 2.23483453e-02
2.70219 2.24361093e-02
2.71154 2.26399448e-02
2.72093 2.28350285e-02
2.73035 2.30210251e-02
2.73980 2.32035387e-02
2.74928 2.34049469e-02
2.75880 2.35338648e-02
2.76835 2.36488608e-02
2.77793 2.37511584e-02
2.78755 2.40381403e-02
2.79720 2.41499987e-02
2.80688 2.42257944e-02
2.81660 2.44439563e-02
2.82635 2.45853752e-02
2.83613 2.46486600e-02
2.84595 2.47083435e-02
2.85580 2.48391656e-02
2.86569 2.50307467e-02
2.87561 2.50777613e-02
2.88556 2.51394773e-02
2.89555 2.53731397e-02
2.90557 2.54170859e-02
2.91563 2.54570755e-02
2.92572 2.56367968e-02
2.93585 2.58588955e-02
2.94601 2.59846659e-02
2.95621 2.60901109e-02
2.96644 2.62601728e-02
2.97671 2.63170739e-02
2.98702 2.65304800e-02
2.99736 2.65718904e-02
3.00773 2.67543744e-02
3.01814 2.69665867e-02
3.02859 2.71796080e-02
3.03907 2.73328965e-02
3.04960 2.74164771e-02
3.06015 2.76374411e-02
3.07074 2.78603488e-02
3.08137 2.80866605e-02
3.09204 2.82063827e-02
3.10274 2.83589312e-02
3.11348 2.85967179e-02
3.12426 2.88381651e-02
3.13508 2.90822368e-02
3.14593 2.93277195e-02
3.15682 2.95742875e-02
3.16775 2.98206088e-02
3.17871 3.00651344e-02
3.18972 3.03183131e-02
3.20076 3.07067637e-02
3.21184 3.09577224e-02
3.22295 3.11793080e-02
3.23411 3.13927240e-02
3.24531 3.15971120e-02
3.25654 3.17918011e-02
3.26781 3.21086592e-02
3.27912 3.24275696e-02
3.29047 3.26769397e-02
3.30187 3.28294093e-02
3.31330 3.29717755e-02
3.32476 3.32276773e-02
3.33627 3.34902787e-02
3.34782 3.36972517e-02
3.35941 3.38087845e-02
3.37104 3.40410163e-02
3.38271 3.41614981e-02
3.39442 3.43652941e-02
3.40617 3.46611264e-02
3.41796 3.47266509e-02
3.42979 3.48971568e-02
3.44166 3.50793744e-02
3.45358 3.52551787e-02
3.46553 3.54242243e-02
3.47753 3.55860080e-02
3.48957 3.58138787e-02
3.50164 3.60605749e-02
3.51377 3.62085651e-02
3.52593 3.63514344e-02
3.53814 3.65569768e-02
3.55038 3.67915667e-02
3.56267 3.69276872e-02
3.57500 3.70621896e-02
3.58738 3.72502187e-02
3.59980 3.75006741e-02
3.61226 3.77488011e-02
3.62476 3.79186459e-02
3.63731 3.80943515e-02
3.64990 3.83483293e-02
3.66254 3.87035589e-02
3.67521 3.89569744e-02
3.68794 3.91254181e-02
3.70070 3.93917589e-02
3.71351 3.96625989e-02
3.72637 3.99688405e-02
3.73927 4.03547653e-02
3.75221 4.06542581e-02
3.76520 4.09446144e-02
3.77823 4.12404763e-02
3.79131 4.16366723e-02
3.80443 4.20389856e-02
3.81760 4.24373523e-02
3.83082 4.27415712e-02
3.84408 4.31656208e-02
3.85739 4.36424077e-02
3.87074 4.39440021e-02
3.88414 4.43687128e-02
3.89758 4.48415728e-02
3.91107 4.52243699e-02
3.92461 4.55991651e-02
3.93820 4.59664419e-02
3.95183 4.63217208e-02
3.96551 4.67879701e-02
3.97924 4.72818165e-02
3.99301 4.75986155e-02
4.00683 4.79577325e-02
4.02070 4.83395528e-02
4.03462 4.87018667e-02
4.04859 4.90971352e-02
4.06260 4.95200403e-02
4.07667 4.97461448e-02
4.09078 5.00306600e-02
4.10494 5.04004725e-02
4.11915 5.06763149e-02
4.13341 5.09503616e-02
4.14771 5.12681176e-02
4.16207 5.16271163e-02
4.17648 5.19905944e-02
4.19094 5.22604675e-02
4.20545 5.25178099e-02
4.22000 5.27633221e-02
4.23461 5.30634563e-02
4.24927 5.33635904e-02
4.26398 5.36501776e-02
4.27874 5.39250531e-02
4.29355 5.41935448e-02
4.30841 5.44473944e-02
4.32332 5.46966560e-02
4.33829 5.49375704e-02
4.35331 5.52223816e-02
4.36838 5.55283667e-02
4.38350 5.58220875e-02
4.39867 5.61400704e-02
4.41390 5.64988027e-02
4.42918 5.67602792e-02
4.44451 5.69769315e-02
4.45990 5.73209328e-02
4.47533 5.76907848e-02
4.49083 5.81067931e-02
4.50637 5.84864723e-02
4.52197 5.88381795e-02
4.53762 5.91872325e-02
4.55333 5.95490728e-02
4.56909 5.99663440e-02
4.58491 6.04114096e-02
4.60078 6.08990104e-02
4.61670 6.13523541e-02
4.63269 6.17840701e-02
4.64872 6.22640933e-02
4.66481 6.27656061e-02
4.68096 6.32609325e-02
4.69717 6.37792384e-02
4.71343 6.43411253e-02
4.72974 6.49067715e-02
4.74611 6.54727531e-02
4.76254 6.60374323e-02
4.77903 6.66054365e-02
4.79557 6.72129765e-02
4.81217 6.78383456e-02
4.82883 6.85056184e-02
4.84555 6.91743811e-02
4.86232 6.97792571e-02
4.87915 7.04130819e-02
4.89604 7.11186275e-02
4.91299 7.17989341e-02
4.92999 7.24330549e-02
4.94706 7.31115461e-02
4.96418 7.38345360e-02
4.98137 7.45422720e-02
4.99861 7.52393915e-02
5.01591 7.59534816e-02
5.03328 7.66745475e-02
5.05070 7.73311149e-02
5.06818 7.79659264e-02
5.08573 7.86598984e-02
5.10333 7.93626715e-02
5.12100 8.00336936e-02
5.13873 8.06966547e-02
5.15651 8.13721661e-02
5.17436 8.20441059e-02
5.19228 8.27269285e-02
5.21025 8.34056763e-02
5.22828 8.40462992e-02
5.24638 8.46806371e-02
5.26454 8.53697448e-02
5.28277 8.60570765e-02
5.30105 8.67046160e-02
5.31940 8.73466104e-02
5.33782 8.79943768e-02
5.35629 8.86402488e-02
5.37484 8.92898208e-02
5.39344 8.99387219e-02
5.41211 9.05908395e-02
5.43084 9.12436675e-02
5.44965 9.19306637e-02
5.46851 9.26307827e-02
5.48744 9.32769211e-02
5.50643 9.38960248e-02
5.52550 9.45642941e-02
5.54462 9.52739936e-02
5.56381 9.59687944e-02
5.58308 9.66431219e-02
5.60240 9.73338181e-02
5.62179 9.80553181e-02
5.64125 9.87834880e-02
5.66078 9.95131280e-02
5.68038 1.00251944e-01
5.70004 1.00990069e-01
5.71977 1.01738259e-01
5.73957 1.02547227e-01
5.75944 1.03380565e-01
5.77938 1.04194072e-01
5.79938 1.04998995e-01
5.81946 1.05838253e-01
5.83960 1.06724773e-01
5.85982 1.07622739e-01
5.88010 1.08517251e-01
5.90045 1.09427056e-01
5.92088 1.10361627e-01
5.94137 1.11313365e-01
5.96194 1.12287008e-01
5.98258 1.13280483e-01
6.00329 1.14303261e-01
6.02407 1.15366592e-01
6.04492 1.16447979e-01
6.06585 1.17545645e-01
6.08684 1.18661664e-01
6.10791 1.19769493e-01
6.12906 1.20885117e-01
6.15027 1.22039616e-01
6.17156 1.23246507e-01
6.19293 1.24472440e-01
6.21436 1.25732709e-01
6.23588 1.27011725e-01
6.25746 1.28316197e-01
6.27912 1.29643067e-01
6.30086 1.30989571e-01
6.32267 1.32357979e-01
6.34455 1.33744344e-01
6.36652 1.35148765e-01
6.38856 1.36570453e-01
6.41067 1.38038712e-01
6.43286 1.39572189e-01
6.45513 1.41123427e-01
6.47747 1.42652168e-01
6.49990 1.44193637e-01
6.52240 1.45777139e-01
6.54497 1.47410565e-01
6.56763 1.49059779e-01
6.59037 1.50721523e-01
6.61318 1.52397968e-01
6.63607 1.54105395e-01
6.65904 1.55851301e-01
6.68209 1.57611613e-01
6.70522 1.59411491e-01
6.72843 1.61229523e-01
6.75172 1.63059789e-01
6.77510 1.64899232e-01
6.79855 1.66751699e-01
6.82208 1.68656360e-01
6.84570 1.70591411e-01
6.86939 1.72541163e-01
6.89317 1.74519824e-01
6.91704 1.76511707e-01
6.94098 1.78539701e-01
6.96500 1.80610221e-01
6.98911 1.82694851e-01
7.01331 1.84818848e-01
7.03759 1.86964651e-01
7.06195 1.89130384e-01
7.08639 1.91364395e-01
7.11092 1.93614685e-01
7.13554 1.95895760e-01
7.16024 1.98218176e-01
7.18502 2.00558549e-01
7.20990 2.02953979e-01
7.23485 2.05390453e-01
7.25990 2.07847253e-01
7.28503 2.10388512e-01
7.31025 2.12962528e-01
7.33555 2.15563283e-01
7.36094 2.18229256e-01
7.38642 2.20921080e-01
7.41199 2.23657699e-01
7.43765 2.26476901e-01
7.46340 2.29325803e-01
7.48923 2.32242488e-01
7.51516 2.35246987e-01
7.54117 2.38286117e-01
7.56727 2.41397768e-01
7.59347 2.44580656e-01
7.61975 2.47802813e-01
7.64613 2.51135971e-01
7.67260 2.54556152e-01
7.69916 2.58022016e-01
7.72581 2.61600163e-01
7.75255 2.65258624e-01
7.77939 2.68969083e-01
7.80632 2.72874112e-01
7.83334 2.76893496e-01
7.86046 2.80974547e-01
7.88767 2.85239315e-01
7.91497 2.89619227e-01
7.94237 2.94070475e-01
7.96986 2.98707315e-01
7.99745 3.03472323e-01
8.02513 3.08319224e-01
8.05291 3.13385461e-01
8.08079 3.18620320e-01
8.10876 3.23949899e-01
8.13683 3.29506707e-01
8.16500 3.35277720e-01
8.19326 3.41158352e-01
8.22162 3.47258320e-01
8.25008 3.53627451e-01
8.27864 3.60123072e-01
8.30730 3.66834477e-01
8.33605 3.73931373e-01
8.36491 3.81175973e-01
8.39386 3.88595213e-01
8.42292 3.96514299e-01
8.45208 4.04605360e-01
8.48133 4.12871653e-01
8.51069 4.21667984e-01
8.54016 4.30731603e-01
8.56972 4.39999264e-01
8.59938 4.49799429e-01
8.62915 4.60076253e-01
8.65902 4.70594515e-01
8.68899 4.81555395e-01
8.71907 4.93330176e-01
8.74925 5.05394544e-01
8.77954 5.17754024e-01
8.80993 5.31068992e-01
8.84043 5.44775469e-01
8.87103 5.58827379e-01
8.90174 5.73658656e-01
8.93255 5.89235853e-01
8.96347 6.05214624e-01
8.99450 6.21706757e-01
9.02563 6.39392560e-01
9.05688 6.57540123e-01
9.08823 6.76156648e-01
9.11969 6.95810160e-01
9.15126 7.16265635e-01
9.18294 7.37246805e-01
9.21472 7.58869112e-01
9.24662 7.81634571e-01
9.27863 8.04969435e-01
9.31075 8.28878341e-01
9.34298 8.53602235e-01
9.37532 8.79066424e-01
9.40777 9.05123008e-01
9.44034 9.31895221e-01
9.47302 9.65763147e-01
9.50581 1.00052637e+00
9.53871 1.03618155e+00
9.57173 1.06846923e+00
9.60487 1.09449256e+00
9.63811 1.12097075e+00
9.67148 1.14790083e+00
9.70495 1.17103915e+00
9.73855 1.19268563e+00
9.77226 1.21462811e+00
9.80609 1.23686461e+00
9.84003 1.25436611e+00
9.87409 1.27192187e+00
9.90827 1.28967891e+00
9.94257 1.30654992e+00
9.97699 1.31902928e+00
10.01153 1.33163691e+00
10.04618 1.34437280e+00
10.08096 1.35563955e+00
10.11585 1.36421368e+00
10.15087 1.37285984e+00
10.18601 1.38157704e+00
10.22127 1.38915859e+00
10.25665 1.39551568e+00
10.29215 1.40192803e+00
10.32778 1.40839464e+00
10.36353 1.41364272e+00
10.39941 1.41790315e+00
10.43540 1.42220797e+00
10.47153 1.42655424e+00
10.50777 1.42814475e+00
10.54415 1.42761392e+00
10.58065 1.42710381e+00
10.61727 1.42661541e+00
10.65403 1.42463517e+00
10.69091 1.42129827e+00
10.72791 1.41797715e+00
10.76505 1.41467280e+00
10.80231 1.40965659e+00
10.83971 1.40231480e+00
10.87723 1.39498584e+00
10.91488 1.38767267e+00
10.95266 1.37918832e+00
10.99058 1.36745389e+00
11.02862 1.35574019e+00
11.06680 1.34404720e+00
11.10511 1.33234731e+00
11.14355 1.32007120e+00
11.18212 1.30781976e+00
11.22083 1.29559595e+00
11.25967 1.28339976e+00
11.29865 1.27021888e+00
11.33776 1.25676864e+00
11.37701 1.24336280e+00
11.41639 1.23000235e+00
11.45591 1.21529016e+00
11.49556 1.19872501e+00
11.53536 1.18225755e+00
11.57529 1.16589072e+00
11.61536 1.14960776e+00
11.65556 1.13106632e+00
11.69591 1.11267979e+00
11.73640 1.09445211e+00
11.77702 1.07638821e+00
11.81779 1.05501800e+00
11.85870 1.03084861e+00
11.89975 1.00703245e+00
11.94094 9.83578203e-01
11.98227 9.60489413e-01
12.02375 9.28385155e-01
12.06537 8.96859181e-01
12.10714 8.66141189e-01
12.14905 8.36233448e-01
12.19110 8.05555712e-01
12.23330 7.73023437e-01
12.27565 7.41620304e-01
12.31814 7.11330032e-01
12.36078 6.82133480e-01
12.40357 6.58359253e-01
12.44651 6.37589821e-01
12.48959 6.17450573e-01
12.53283 5.97927005e-01
12.57621 5.79004120e-01
12.61974 5.64102395e-01
12.66343 5.50064595e-01
12.70726 5.36396499e-01
12.75125 5.23088339e-01
12.79539 5.10251115e-01
12.83968 5.02818456e-01
12.88413 4.95541296e-01
12.92873 4.88414701e-01
12.97348 4.81433936e-01
13.01839 4.75346104e-01
13.06345 4.77562453e-01
13.10867 4.79830208e-01
13.15405 4.82148776e-01
13.19959 4.84517368e-01
13.24528 4.86919309e-01
13.29113 4.89110005e-01
13.33713 4.91341352e-01
13.38330 4.93613152e-01
13.42963 4.95924813e-01
13.47612 4.98276040e-01
13.52277 5.03494125e-01
13.56958 5.08953549e-01
13.61655 5.14492696e-01
13.66368 5.20112157e-01
13.71098 5.25812525e-01
13.75844 5.30890405e-01
13.80607 5.35787331e-01
13.85386 5.40749080e-01
13.90182 5.45775949e-01
13.94994 5.50868333e-01
13.99823 5.57385168e-01
14.04668 5.65756245e-01
14.09531 5.74264469e-01
14.14410 5.82911715e-01
14.19306 5.91699659e-01
14.24219 6.00637971e-01
14.29149 6.09920333e-01
14.34096 6.19352571e-01
14.39060 6.28936557e-01
14.44042 6.38674069e-01
14.49041 6.48567080e-01
14.54057 6.58391912e-01
14.59090 6.68169680e-01
14.64141 6.78093573e-01
14.69209 6.88165269e-01
14.74295 6.98386544e-01
14.79398 7.08759075e-01
14.84519 7.20280085e-01
14.89658 7.32061280e-01
14.94814 7.44027771e-01
14.99989 7.56181629e-01
15.05181 7.68525421e-01
15.10392 7.81086477e-01
15.15620 7.93939685e-01
15.20866 8.06992397e-01
15.26131 8.20246981e-01
15.31414 8.33706101e-01
15.36715 8.47372323e-01
15.42034 8.61061829e-01
15.47372 8.74637376e-01
15.52729 8.88412032e-01
15.58103 9.02388856e-01
15.63497 9.16570512e-01
15.68909 9.30959960e-01
15.74340 9.45557397e-01
15.79790 9.60364501e-01
15.85258 9.75388573e-01
15.90746 9.90633067e-01
15.96252 1.00610104e+00
16.01778 1.02179595e+00
16.07323 1.03630981e+00
16.12886 1.04818731e+00
16.18470 1.06019800e+00
16.24072 1.07234189e+00
16.29694 1.08462195e+00
16.35335 1.09703915e+00
16.40996 1.10939813e+00
16.46677 1.12049320e+00
16.52377 1.13169680e+00
16.58097 1.14300795e+00
16.63836 1.15442960e+00
16.69596 1.16596176e+00
16.75375 1.17760541e+00
16.81175 1.18518400e+00
16.86994 1.19159832e+00
16.92834 1.19804224e+00
16.98694 1.20451379e+00
17.04574 1.21101395e+00
17.10474 1.21754173e+00
17.16395 1.22416523e+00
17.22337 1.23098704e+00
17.28299 1.23783944e+00
17.34281 1.24472243e+00
17.40285 1.25163501e+00
17.46309 1.25857621e+00
17.52354 1.26554800e+00
17.58420 1.27038168e+00
17.64507 1.27403827e+00
17.70615 1.27768696e+00
17.76744 1.28132776e+00
17.82894 1.28495869e+00
17.89066 1.28858173e+00
17.95259 1.29219392e+00
18.01473 1.29465368e+00
18.07709 1.29690229e+00
18.13967 1.29913611e+00
18.20246 1.30135413e+00
18.26547 1.30355736e+00
18.32870 1.30574480e+00
18.39214 1.30791547e+00
18.45581 1.30821837e+00
18.51969 1.30828349e+00
18.58380 1.30832691e+00
18.64813 1.30834763e+00
18.71268 1.30834763e+00
18.77746 1.30832395e+00
18.84246 1.30827955e+00
18.90768 1.30807925e+00
18.97313 1.30782075e+00
19.03881 1.30754448e+00
19.10472 1.30725045e+00
19.17085 1.30693867e+00
19.23721 1.30660813e+00
19.30380 1.30625984e+00
19.37062 1.30633779e+00
19.43768 1.30692880e+00
19.50496 1.30750304e+00
19.57248 1.30806248e+00
19.64023 1.30860515e+00
19.70822 1.30913203e+00
19.77644 1.30964411e+00
19.84490 1.31013941e+00
19.91359 1.31078765e+00
19.98252 1.31142603e+00
20.05169 1.31204861e+00
20.12110 1.31265245e+00
20.19076 1.31324051e+00
20.26065 1.31380981e+00
20.33078 1.31436235e+00
20.40116 1.31483891e+00
20.47178 1.31512899e+00
20.54264 1.31540032e+00
20.61375 1.31565192e+00
20.68511 1.31588280e+00
20.75671 1.31609395e+00
20.82856 1.31628635e+00
20.90066 1.31645803e+00
20.97301 1.31694643e+00
21.04561 1.31804064e+00
21.11846 1.31911315e+00
21.19157 1.32016493e+00
21.26492 1.32119501e+00
21.33853 1.32220339e+00
21.41240 1.32319104e+00
21.48652 1.32415699e+00
21.56090 1.32486640e+00
21.63553 1.32470952e+00
21.71043 1.32452304e+00
21.78558 1.32430400e+00
21.86099 1.32405339e+00
21.93666 1.32377219e+00
22.01260 1.32346040e+00
22.08880 1.32311605e+00
22.16526 1.32274211e+00
22.24199 1.31919504e+00
22.31898 1.31508360e+00
22.39624 1.31094848e+00
22.47377 1.30679067e+00
22.55156 1.30261115e+00
22.62962 1.29840893e+00
22.70796 1.29418600e+00
22.78656 1.28994235e+00
22.86544 1.28517675e+00
22.94459 1.27879203e+00
23.02402 1.27240435e+00
23.10372 1.26601568e+00
23.18369 1.25962603e+00
23.26394 1.25323539e+00
23.34447 1.24684475e+00
23.42528 1.24045411e+00
23.50637 1.23406445e+00
23.58774 1.22662400e+00
23.66939 1.21732171e+00
23.75133 1.20805691e+00
23.83354 1.19883157e+00
23.91604 1.18964472e+00
23.99883 1.18049832e+00
24.08191 1.17139040e+00
24.16527 1.16232293e+00
24.24892 1.15329691e+00
24.33286 1.14409328e+00
24.41709 1.13405691e+00
24.50161 1.12408368e+00
24.58642 1.11417360e+00
24.67153 1.10432568e+00
24.75693 1.09454189e+00
24.84263 1.08482027e+00
24.92863 1.07516277e+00
25.01492 1.06556843e+00
25.10151 1.05603821e+00
25.18840 1.04586173e+00
25.27559 1.03551357e+00
25.36309 1.02524731e+00
25.45088 1.01506392e+00
25.53898 1.00496243e+00
25.62739 9.94942827e-01
25.71610 9.85005317e-01
25.80512 9.75149603e-01
25.89444 9.65375189e-01
25.98408 9.55681979e-01
26.07403 9.45919603e-01
26.16428 9.36236061e-01
26.25485 9.26637867e-01
26.34574 9.17124525e-01
26.43694 9.07695741e-01
26.52845 8.98351021e-01
26.62028 8.89090069e-01
26.71243 8.79912392e-01
26.80489 8.70817595e-01
26.89768 8.61805283e-01
26.99079 8.52801061e-01
27.08422 8.43867288e-01
27.17798 8.35018269e-01
27.27205 8.26253512e-01
27.36646 8.17572325e-01
27.46119 8.08974315e-01
27.55625 8.00458789e-01
27.65164 7.92025453e-01
27.74736 7.83673419e-01
27.84341 7.75402389e-01
27.93979 7.67306296e-01
28.03650 7.59466045e-01
28.13355 7.51700683e-01
28.23094 7.44009715e-01
28.32867 7.36392648e-01
28.42673 7.28848792e-01
28.52513 7.21377752e-01
28.62387 7.13978837e-01
28.72295 7.06651653e-01
28.82238 6.99395509e-01
28.92215 6.92209912e-01
29.02227 6.85204381e-01
29.12273 6.78393421e-01
29.22354 6.71647483e-01
29.32470 6.64965875e-01
29.42621 6.58348203e-01
29.52807 6.51793973e-01
29.63029 6.45302595e-01
29.73286 6.38873573e-01
29.83578 6.32506416e-01
29.93906 6.26200629e-01
30.04269 6.19955621e-01
30.14669 6.13801584e-01
30.25104 6.07874184e-01
30.35576 6.02002728e-01
30.46084 5.96186821e-01
30.56628 5.90426069e-01
30.67209 5.84719880e-01
30.77826 5.79067760e-01
30.88481 5.73469413e-01
30.99172 5.67924248e-01
31.09900 5.62431869e-01
31.20665 5.56991784e-01
31.31467 5.51603597e-01
31.42307 5.46374757e-01
31.53184 5.41366536e-01
31.64099 5.36403997e-01
31.75052 5.31486944e-01
31.86043 5.26614784e-01
31.97072 5.21787221e-01
32.08139 5.17003861e-01
32.19244 5.12264408e-01
32.30388 5.07568368e-01
32.41570 5.02915347e-01
32.52791 4.98305048e-01
32.64051 4.93737077e-01
32.75349 4.89271523e-01
32.86687 4.85300091e-01
32.98064 4.81361317e-01
33.09481 4.77454907e-01
33.20937 4.73580661e-01
33.32433 4.69738285e-01
33.43968 4.65927581e-01
33.55544 4.62148155e-01
33.67159 4.58399907e-01
33.78815 4.54682541e-01
33.90511 4.50995763e-01
34.02247 4.47339275e-01
34.14024 4.43712979e-01
34.25842 4.40106120e-01
34.37701 4.36505477e-01
34.49601 4.32934632e-01
34.61542 4.29393387e-01
34.73525 4.25881445e-01
34.85549 4.22398709e-01
34.97614 4.18944883e-01
35.09721 4.15519669e-01
35.21871 4.12122872e-01
35.34062 4.08754293e-01
35.46295 4.05413736e-01
35.58571 4.02100805e-01
35.70889 3.98815403e-01
35.83250 3.95557331e-01
35.95654 3.92368424e-01
36.08101 3.89210400e-01
36.20590 3.86078227e-01
36.33123 3.82971904e-01
36.45700 3.79890939e-01
36.58320 3.76835429e-01
36.70983 3.73804883e-01
36.83691 3.70799299e-01
36.96442 3.67818381e-01
37.09238 3.64861933e-01
37.22077 3.61929757e-01
37.34962 3.59021755e-01
37.47890 3.56137531e-01
37.60864 3.53276987e-01
37.73883 3.50561483e-01
37.86946 3.47889392e-01
38.00055 3.45238416e-01
38.13209 3.42608160e-01
38.26409 3.39998525e-01
38.39654 3.37409413e-01
38.52946 3.34840627e-01
38.66283 3.32291968e-01
38.79667 3.29763339e-01
38.93096 3.27254541e-01
39.06573 3.24765379e-01
39.20096 3.22295752e-01
39.33665 3.19845464e-01
39.47282 3.17414416e-01
39.60946 3.15010896e-01
39.74657 3.12736235e-01
39.88416 3.10478544e-01
40.02222 3.08237725e-01
40.16076 3.06013483e-01
40.29978 3.03805816e-01
40.43928 3.01614627e-01
40.57926 2.99439717e-01
40.71973 2.97281088e-01
40.86069 2.95138344e-01
41.00213 2.93011683e-01
41.14406 2.90900808e-01
41.28648 2.88805523e-01
41.42940 2.86725925e-01
41.57281 2.84661720e-01
41.71672 2.82612907e-01
41.86113 2.80549392e-01
42.00603 2.78472261e-01
42.15144 2.76410917e-01
42.29735 2.74365360e-01
42.44377 2.72335392e-01
42.59069 2.70320816e-01
42.73812 2.68321632e-01
42.88606 2.66337741e-01
43.03451 2.64368848e-01
43.18348 2.62414952e-01
43.33297 2.60476053e-01
43.48297 2.58551757e-01
43.63349 2.56642261e-01
43.78453 2.54747171e-01
43.93609 2.52866584e-01
44.08818 2.51000205e-01
44.24079 2.49147640e-01
44.39394 2.47301389e-01
44.54761 2.45469149e-01
44.70182 2.43651019e-01
44.85655 2.41846701e-01
45.01183 2.40056099e-01
45.16764 2.38279211e-01
45.32399 2.36515840e-01
45.48089 2.34765987e-01
45.63832 2.33029453e-01
45.79630 2.31306141e-01
45.95483 2.29595952e-01
46.11391 2.27898787e-01
46.27353 2.26214645e-01
46.43371 2.24543232e-01
46.59445 2.22884547e-01
46.75574 2.21238491e-01
46.91759 2.19604965e-01
47.08000 2.17958811e-01
47.24297 2.16309005e-01
47.40650 2.14672027e-01
47.57060 2.13047776e-01
47.73527 2.11436155e-01
47.90051 2.09837163e-01
48.06633 2.08250504e-01
48.23271 2.06676277e-01
48.39967 2.05114187e-01
48.56721 2.03564232e-01
48.73533 2.02026413e-01
48.90403 2.00500533e-01
49.07332 1.98986395e-01
49.24319 1.97484096e-01
49.41365 1.95993440e-01
49.58470 1.94514328e-01
49.75634 1.93046760e-01
49.92858 1.91590539e-01
50.10141 1.90147637e-01
50.27484 1.88768475e-01
50.44887 1.87399672e-01
50.62350 1.86041131e-01
50.79874 1.84692752e-01
50.97458 1.83354437e-01
51.15104 1.82026187e-01
51.32810 1.80707803e-01
51.50578 1.79399285e-01
51.68407 1.78100536e-01
51.86298 1.76811456e-01
52.04250 1.75532045e-01
52.22265 1.74262205e-01
52.40343 1.73001837e-01
52.58482 1.71750843e-01
52.76685 1.70509123e-01
52.94951 1.69276776e-01
53.13280 1.68053507e-01
53.31672 1.66839413e-01
53.50128 1.65634397e-01
53.68648 1.64435301e-01
53.87232 1.63233147e-01
54.05880 1.62039971e-01
54.24593 1.60855872e-01
54.43371 1.59680653e-01
54.62214 1.58514315e-01
54.81122 1.57356659e-01
55.00095 1.56207784e-01
55.19134 1.55067493e-01
55.38239 1.53935787e-01
55.57410 1.52812664e-01
55.76647 1.51697829e-01
55.95951 1.50591480e-01
56.15322 1.49493419e-01
56.34760 1.48403547e-01
56.54265 1.47321864e-01
56.73838 1.46248272e-01
56.93479 1.45182771e-01
57.13187 1.44125163e-01
57.32964 1.43075547e-01
57.52809 1.42033824e-01
57.72723 1.40999896e-01
57.92705 1.39972480e-01
58.12757 1.38952661e-01
58.32879 1.37940440e-01
58.53070 1.36935915e-01
58.73331 1.35938789e-01
58.93662 1.34949163e-01
59.14063 1.33967035e-01
59.34535 1.32992109e-01
59.55078 1.32024584e-01
59.75692 1.31064261e-01
59.96377 1.30111043e-01
60.17134 1.29165027e-01
60.37963 1.28226115e-01
60.58864 1.27294109e-01
60.79837 1.26369109e-01
61.00883 1.25451016e-01
61.22002 1.24539829e-01
61.43194 1.23635352e-01
61.64459 1.22737683e-01
61.85797 1.21846624e-01
62.07210 1.20962275e-01
62.28697 1.20084536e-01
62.50258 1.19213211e-01
62.71894 1.18353923e-01
62.93605 1.17501640e-01
63.15390 1.16655573e-01
63.37252 1.15815723e-01
63.59189 1.14982088e-01
63.81201 1.14154669e-01
64.03290 1.13333368e-01
64.25456 1.12518085e-01
64.47698 1.11708821e-01
64.70017 1.10905576e-01
64.92414 1.10108251e-01
65.14888 1.09316747e-01
65.37440 1.08531163e-01
65.60070 1.07751301e-01
65.82778 1.06977261e-01
66.05565 1.06208845e-01
66.28430 1.05446053e-01
66.51375 1.04688984e-01
66.74400 1.03937440e-01
66.97504 1.03191421e-01
67.20688 1.02450928e-01
67.43952 1.01715861e-01
67.67297 1.00986123e-01
67.90722 1.00261909e-01
68.14229 9.95429253e-02
68.37817 9.88292693e-02
68.61486 9.81208427e-02
68.85238 9.74176453e-02
69.09072 9.67196083e-02
69.32988 9.60267019e-02
69.56987 9.53388768e-02
69.81069 9.46560936e-02
70.05235 9.39783227e-02
70.29484 9.33055245e-02
70.53817 9.26376499e-02
70.78235 9.19746691e-02
71.02737 9.13165525e-02
71.27323 9.06632509e-02
71.51995 9.00147347e-02
71.76752 8.93709643e-02
72.01595 8.87319003e-02
72.26524 8.80975131e-02
72.51539 8.74677632e-02
72.76641 8.68426211e-02
73.01830 8.62220571e-02
73.27106 8.56060120e-02
73.52469 8.49944760e-02
73.77920 8.43874096e-02
74.03460 8.37847733e-02
74.29087 8.31865376e-02
74.54804 8.25926629e-02
74.80609 8.20031197e-02
75.06504 8.14182435e-02
75.32488 8.08378763e-02
75.58563 8.02617419e-02
75.84727 7.96898008e-02
76.10982 7.91220235e-02
76.37328 7.85583803e-02
76.63766 7.79988416e-02
76.90295 7.74433680e-02
77.16915 7.68919397e-02
77.43628 7.63445173e-02
77.70433 7.58010712e-02
77.97331 7.52615816e-02
78.24322 7.47260091e-02
78.51407 7.41943339e-02
78.78585 7.36665165e-02
79.05857 7.31425275e-02
79.33224 7.26223469e-02
79.60686 7.21059355e-02
79.88242 7.15932733e-02
80.15894 7.10843309e-02
80.43642 7.05790787e-02
80.71486 7.00774869e-02
80.99426 6.95795360e-02
81.27463 6.90851963e-02
81.55596 6.85944283e-02
81.83828 6.81072221e-02
82.12157 6.76235483e-02
82.40584 6.71433672e-02
82.69109 6.66666592e-02
82.97733 6.61934045e-02
83.26457 6.57245800e-02
83.55279 6.52607085e-02
83.84202 6.48001621e-02
84.13225 6.43429408e-02
84.42348 6.38889952e-02
84.71572 6.34383155e-02
85.00897 6.29908819e-02
85.30323 6.25466549e-02
85.59852 6.21056248e-02
85.89482 6.16677619e-02
86.19215 6.12330464e-02
86.49052 6.08014488e-02
86.78991 6.03729493e-02
87.09034 5.99475184e-02
87.39181 5.95251461e-02
87.69432 5.91058029e-02
87.99789 5.86894691e-02
88.30250 5.82761149e-02
88.60816 5.78657307e-02
88.91489 5.74582867e-02
89.22267 5.70537533e-02
89.53153 5.66521307e-02
89.84145 5.62533792e-02
90.15244 5.58574792e-02
90.46451 5.54644109e-02
90.77766 5.50741645e-02
91.09190 5.46867104e-02
91.40722 5.43020189e-02
91.72363 5.39200901e-02
92.04114 5.35408845e-02
92.35975 5.31643923e-02
92.67946 5.27905936e-02
93.00028 5.24194688e-02
93.32221 5.20509883e-02
93.64525 5.16852211e-02
93.96941 5.13221080e-02
94.29469 5.09615800e-02
94.62110 5.06036371e-02
94.94864 5.02482397e-02
95.27731 4.98953781e-02
95.60712 4.95450424e-02
95.93807 4.91971931e-02
96.27017 4.88518301e-02
96.60342 4.85089339e-02
96.93782 4.81684747e-02
97.27338 4.78304525e-02
97.61010 4.74948280e-02
97.94798 4.71616011e-02
98.28704 4.68307421e-02
98.62727 4.65022413e-02
98.96867 4.61760789e-02
99.31126 4.58522451e-02
99.65504 4.55307101e-02
100.00000 4.52114643e-02
