        2000  5.000000 3.700000
0.10000 3.06540313e-03
0.10035 5.68002293e-03
0.10069 2.55522740e-03
0.10104 2.32239651e-02
0.10139 1.39625469e-03
0.10174 7.29876307e-03
0.10210 2.58865320e-04
0.10245 2.36989440e-02
0.10280 2.46880527e-02
0.10316 4.31523353e-02
0.10352 3.36540407e-02
0.10387 2.56076753e-02
0.10423 4.71690060e-03
0.10459 1.65711530e-02
0.10496 7.52823460e-03
0.10532 5.32780267e-03
0.10568 2.44470026e-02
0.10605 1.51997875e-02
0.10642 1.82107389e-02
0.10679 8.74517200e-03
0.10716 1.19965100e-02
0.10753 4.42346840e-02
0.10790 2.29559988e-02
0.10827 4.75962327e-03
0.10865 1.54675515e-02
0.10902 3.38757693e-02
0.10940 7.28204893e-02
0.10978 4.96826380e-02
0.11016 1.57838325e-02
0.11054 2.23254571e-02
0.11092 9.69372373e-03
0.11131 1.00218027e-02
0.11169 8.91029807e-02
0.11208 3.27024253e-02
0.11247 3.04357807e-03
0.11286 3.74002167e-04
0.11325 6.74098560e-02
0.11364 1.83148619e-02
0.11403 1.83916640e-02
0.11443 4.88087227e-02
0.11482 5.00373447e-02
0.11522 4.84080620e-02
0.11562 4.67875853e-02
0.11602 4.51760873e-02
0.11642 4.35737160e-02
0.11682 4.19806440e-02
0.11723 4.03969947e-02
0.11763 3.78086227e-02
0.11804 1.80883059e-02
0.11845 1.76819399e-02
0.11886 1.76544760e-02
0.11927 1.78351988e-02
0.11968 2.07192181e-02
0.12010 2.83044080e-02
0.12051 1.34801409e-02
0.12093 3.01187400e-02
0.12135 7.27605740e-03
0.12177 7.36575033e-03
0.12219 2.19097301e-02
0.12262 1.35177724e-02
0.12304 2.99195567e-02
0.12347 3.34779947e-02
0.12389 2.88743067e-02
0.12432 2.80140813e-02
0.12475 1.34960534e-02
0.12518 1.35795747e-02
0.12562 2.15874675e-02
0.12605 1.35725472e-02
0.12649 1.36555111e-02
0.12693 1.82916086e-02
0.12737 1.83733465e-02
0.12781 1.84532961e-02
0.12825 1.85329399e-02
0.12869 1.86227043e-02
0.12914 2.42900683e-02
0.12959 1.01794622e-02
0.13003 6.42366620e-03
0.13048 1.05246426e-02
0.13094 4.51583767e-03
0.13139 1.02010653e-02
0.13184 4.59083667e-03
0.13230 4.62923527e-03
0.13276 1.43276605e-02
0.13322 1.95274283e-02
0.13368 1.96059004e-02
0.13414 8.88661067e-03
0.13461 4.82887493e-03
0.13507 1.22866023e-02
0.13554 1.98800507e-02
0.13601 1.99633253e-02
0.13648 2.00487682e-02
0.13695 1.89087538e-02
0.13743 1.86916156e-02
0.13790 1.88064340e-02
0.13838 1.89229026e-02
0.13886 1.90421141e-02
0.13934 1.91658717e-02
0.13982 1.98983237e-02
0.14031 2.08229389e-02
0.14079 2.09330411e-02
0.14128 1.79042161e-02
0.14177 2.00138871e-04
0.14226 1.99900566e-04
0.14275 2.00247527e-04
0.14324 2.00148244e-04
0.14374 2.16768151e-02
0.14424 2.18167959e-02
0.14474 2.17826523e-02
0.14524 1.41588295e-03
0.14574 1.67337458e-03
0.14625 5.11072613e-03
0.14675 4.83059173e-03
0.14726 4.88949327e-03
0.14777 1.51274993e-03
0.14828 2.00374635e-04
0.14879 2.43240121e-04
0.14931 4.54253440e-03
0.14983 4.41857700e-03
0.15034 4.44645527e-03
0.15087 4.43687473e-03
0.15139 3.84429507e-03
0.15191 4.53117540e-03
0.15244 4.55978380e-03
0.15297 2.09666987e-03
0.15349 1.82406251e-03
0.15403 1.83485960e-03
0.15456 1.02391975e-03
0.15509 2.02881261e-04
0.15563 2.01453579e-04
0.15617 1.98903243e-04
0.15671 1.98049727e-04
0.15725 2.00079794e-04
0.15780 2.07203675e-03
0.15834 5.29644640e-04
0.15889 2.01877821e-04
0.15944 1.99109210e-04
0.15999 8.13481507e-04
0.16055 1.97390387e-03
0.16110 1.98640642e-03
0.16166 2.02464296e-03
0.16222 1.05334708e-03
0.16278 1.51687050e-03
0.16335 2.00273674e-04
0.16391 1.99631946e-04
0.16448 1.77817831e-03
0.16505 2.07732825e-03
0.16562 2.09132855e-03
0.16619 3.80970253e-03
0.16677 6.16911113e-03
0.16734 5.41364760e-03
0.16792 5.44104733e-03
0.16851 3.77052200e-03
0.16909 6.71294700e-03
0.16967 6.68346047e-03
0.17026 6.64360160e-03
0.17085 5.87679387e-03
0.17144 5.83359513e-03
0.17204 5.87131047e-03
0.17263 5.91211160e-03
0.17323 6.03602953e-03
0.17383 6.11166247e-03
0.17443 5.95866747e-03
0.17503 5.78130180e-03
0.17564 5.58196307e-03
0.17625 5.35793793e-03
0.17686 5.40966393e-03
0.17747 4.83842833e-03
0.17808 4.54760340e-03
0.17870 4.24166273e-03
0.17932 4.64157600e-03
0.17994 3.60945113e-03
0.18056 3.29803693e-03
0.18119 2.99953080e-03
0.18182 9.04378173e-04
0.18244 8.90141560e-04
0.18308 8.91997480e-04
0.18371 2.13159368e-03
0.18435 6.77314847e-03
0.18498 6.81796533e-03
0.18562 6.86223213e-03
0.18627 6.90744613e-03
0.18691 6.95596300e-03
0.18756 7.00758787e-03
0.18821 7.05954820e-03
0.18886 7.11009760e-03
0.18951 7.16044967e-03
0.19017 7.21250867e-03
0.19083 7.26612167e-03
0.19149 7.32003560e-03
0.19215 7.37433680e-03
0.19282 7.42997493e-03
0.19348 6.75664647e-03
0.19415 4.50580820e-04
0.19483 5.58435327e-04
0.19550 6.42276587e-04
0.19618 6.77881687e-04
0.19686 6.22271180e-04
0.19754 5.43787767e-04
0.19822 2.05246548e-03
0.19891 4.56173987e-03
0.19960 7.62510060e-03
0.20029 7.54944547e-03
0.20098 2.52657707e-04
0.20168 2.60353953e-04
0.20237 2.79055480e-04
0.20307 3.56685180e-04
0.20378 1.98433516e-04
0.20448 2.02652133e-04
0.20519 4.31608700e-03
0.20590 1.06453415e-02
0.20661 1.07184387e-02
0.20733 1.07918961e-02
0.20805 1.08656741e-02
0.20877 9.34526020e-03
0.20949 5.23098600e-03
0.21021 5.26073893e-03
0.21094 5.29073360e-03
0.21167 5.32112787e-03
0.21240 5.35169233e-03
0.21314 5.38346793e-03
0.21388 5.41573440e-03
0.21462 8.03386673e-03
0.21536 1.16316925e-02
0.21611 1.17109884e-02
0.21685 1.17906938e-02
0.21760 1.18706607e-02
0.21836 1.19516931e-02
0.21911 1.20327651e-02
0.21987 1.21143920e-02
0.22063 1.12054525e-02
0.22140 5.75617387e-03
0.22216 5.79240180e-03
0.22293 1.14336586e-02
0.22370 1.21274703e-02
0.22448 5.90299480e-03
0.22526 5.94110973e-03
0.22604 5.97832927e-03
0.22682 6.01694740e-03
0.22760 1.28977067e-02
0.22839 1.30454353e-02
0.22918 1.31328836e-02
0.22998 1.32208400e-02
0.23077 2.97661547e-03
0.23157 1.95191009e-04
0.23237 1.98022446e-04
0.23318 1.90681597e-03
0.23398 6.37700673e-03
0.23479 6.41807180e-03
0.23561 6.46046393e-03
0.23642 6.50204207e-03
0.23724 5.68321233e-03
0.23806 5.79904453e-03
0.23889 3.12904313e-03
0.23971 5.57493307e-03
0.24054 5.01735540e-03
0.24137 2.10597192e-03
0.24221 4.40467733e-03
0.24305 3.01267813e-03
0.24389 5.04369200e-03
0.24473 3.76734740e-03
0.24558 1.64856583e-03
0.24643 7.89352327e-03
0.24728 2.01781029e-04
0.24814 8.05888613e-04
0.24900 2.62658313e-03
0.24986 2.69082993e-03
0.25073 2.37710792e-03
0.25159 1.99796078e-04
0.25246 3.63136007e-04
0.25334 1.22466547e-03
0.25422 2.09194053e-03
0.25510 8.00709353e-03
0.25598 5.97476000e-03
0.25687 1.30699145e-03
0.25775 1.50756747e-02
0.25865 3.56308767e-04
0.25954 1.30184993e-02
0.26044 8.36842320e-03
0.26134 1.08271941e-03
0.26225 5.36975573e-04
0.26315 1.34330671e-03
0.26406 1.34244239e-03
0.26498 1.34020956e-03
0.26590 1.35560921e-03
0.26682 1.35080340e-03
0.26774 3.00395600e-03
0.26867 4.31845747e-04
0.26960 2.09676287e-04
0.27053 2.37077821e-03
0.27147 1.06049869e-03
0.27241 1.98442075e-04
0.27335 2.00336451e-04
0.27430 2.02244368e-04
0.27525 2.08566731e-04
0.27620 2.05920022e-04
0.27715 2.86559327e-04
0.27811 8.63503287e-04
0.27908 2.46541977e-04
0.28004 2.21307607e-03
0.28101 1.17050906e-03
0.28198 1.99895731e-04
0.28296 2.10905131e-04
0.28394 6.91277413e-04
0.28492 7.70145873e-04
0.28591 8.12785907e-03
0.28690 4.89699933e-03
0.28789 2.13071579e-04
0.28889 3.07272913e-03
0.28989 4.38111080e-04
0.29089 3.27670027e-04
0.29190 2.83071953e-03
0.29291 2.01439963e-04
0.29392 2.04528797e-04
0.29494 2.05890348e-04
0.29596 2.07787215e-04
0.29699 2.09687214e-04
0.29801 2.32614461e-04
0.29905 2.57962273e-03
0.30008 2.09132041e-04
0.30112 2.11778084e-04
0.30216 2.10782858e-04
0.30321 2.09897769e-04
0.30426 2.09359764e-04
0.30531 2.50729760e-03
0.30637 2.09863581e-04
0.30743 2.10670033e-04
0.30849 2.16463789e-04
0.30956 2.17277295e-04
0.31063 2.17832147e-04
0.31171 2.18001089e-04
0.31279 2.17729361e-04
0.31387 2.17101447e-04
0.31496 2.16260856e-04
0.31605 2.15402678e-04
0.31714 2.14724641e-04
0.31824 2.20861979e-04
0.31934 2.20981760e-04
0.32044 2.21371839e-04
0.32155 2.22015688e-04
0.32267 2.22780947e-04
0.32378 2.23503014e-04
0.32490 2.24035296e-04
0.32603 2.24744808e-04
0.32716 2.28732841e-04
0.32829 2.28948526e-04
0.32943 2.35545059e-04
0.33057 2.35054167e-04
0.33171 2.34184914e-04
0.33286 4.08432887e-03
0.33401 1.22712720e-03
0.33517 2.28843224e-04
0.33633 2.29779447e-04
0.33749 2.30328848e-04
0.33866 2.31010758e-04
0.33983 2.31707369e-04
0.34101 2.32300331e-04
0.34219 2.41524505e-04
0.34337 2.41612713e-04
0.34456 2.41498556e-04
0.34576 6.91181953e-03
0.34695 3.78989520e-03
0.34815 3.72286107e-03
0.34936 3.65608593e-03
0.35057 3.30213160e-03
0.35178 4.46485413e-04
0.35300 2.38363916e-04
0.35422 2.38438804e-04
0.35545 2.49751727e-04
0.35668 2.50090400e-04
0.35791 2.50510967e-04
0.35915 2.50975687e-04
0.36039 2.51369367e-04
0.36164 5.39737253e-04
0.36289 2.51888847e-04
0.36415 2.85109173e-03
0.36541 1.59861657e-03
0.36668 1.46502684e-03
0.36795 1.33451230e-03
0.36922 1.19121895e-03
0.37050 2.69658467e-03
0.37178 3.82251193e-03
0.37307 7.17051367e-04
0.37436 6.58763047e-04
0.37565 5.96001427e-04
0.37695 5.32064193e-04
0.37826 4.84471833e-04
0.37957 4.43335973e-04
0.38088 3.64151040e-03
0.38220 2.62730340e-04
0.38352 2.63065313e-04
0.38485 2.63406207e-04
0.38618 2.63725887e-04
0.38752 2.64005360e-04
0.38886 2.76915893e-04
0.39021 2.77028373e-04
0.39156 2.77078940e-04
0.39291 4.52419967e-02
0.39427 4.49679500e-02
0.39564 4.30464907e-02
0.39701 4.20765480e-02
0.39838 3.94715507e-02
0.39976 4.22396687e-02
0.40115 4.34275167e-02
0.40253 4.28591720e-02
0.40393 4.03202073e-02
0.40533 4.14191073e-02
0.40673 3.95495467e-02
0.40814 4.06630000e-02
0.40955 3.83002540e-02
0.41097 3.82828147e-02
0.41239 3.76214027e-02
0.41382 3.95708340e-02
0.41525 3.88362853e-02
0.41669 3.92901520e-02
0.41813 3.72320147e-02
0.41958 3.70856180e-02
0.42103 3.60417740e-02
0.42249 3.52619620e-02
0.42395 3.68310333e-02
0.42542 3.61340767e-02
0.42689 3.52324360e-02
0.42837 3.56129687e-02
0.42985 3.57010533e-02
0.43134 3.38221440e-02
0.43283 3.42818813e-02
0.43433 3.70459787e-02
0.43583 3.43048953e-02
0.43734 3.37652380e-02
0.43886 3.29207007e-02
0.44037 3.54130947e-02
0.44190 3.35020200e-02
0.44343 3.17052507e-02
0.44496 3.31385073e-02
0.44650 3.24376533e-02
0.44805 3.16109500e-02
0.44960 3.18491560e-02
0.45116 3.19508320e-02
0.45272 3.08970967e-02
0.45429 3.05182167e-02
0.45586 2.94683047e-02
0.45744 3.03127680e-02
0.45902 2.95984953e-02
0.46061 3.05164160e-02
0.46220 3.06936953e-02
0.46380 2.87452507e-02
0.46541 3.09073087e-02
0.46702 3.04904420e-02
0.46864 2.77123093e-02
0.47026 2.76804153e-02
0.47189 2.89042273e-02
0.47352 2.76310573e-02
0.47516 2.67312420e-02
0.47680 2.77396400e-02
0.47845 2.79730113e-02
0.48011 2.59619873e-02
0.48177 2.98288820e-02
0.48344 2.72981560e-02
0.48511 2.65443673e-02
0.48679 2.77692153e-02
0.48848 2.61724680e-02
0.49017 2.61686940e-02
0.49186 2.64300867e-02
0.49357 2.64608953e-02
0.49528 2.57220793e-02
0.49699 2.62619587e-02
0.49871 2.60408960e-02
0.50044 2.38132765e-02
0.50217 2.49659473e-02
0.50391 2.39240619e-02
0.50565 2.43580743e-02
0.50740 2.40125412e-02
0.50916 2.37122295e-02
0.51092 2.41294908e-02
0.51269 2.33591385e-02
0.51446 2.44091245e-02
0.51625 2.39416319e-02
0.51803 2.58041947e-02
0.51983 2.56079713e-02
0.52163 2.38625975e-02
0.52343 2.39672754e-02
0.52524 2.25336537e-02
0.52706 2.18770689e-02
0.52889 2.24196616e-02
0.53072 2.09081993e-02
0.53255 2.34513523e-02
0.53440 2.35547599e-02
0.53625 2.06365132e-02
0.53810 2.14000773e-02
0.53997 2.18032835e-02
0.54183 2.28093900e-02
0.54371 2.25385747e-02
0.54559 2.05811587e-02
0.54748 2.11339363e-02
0.54938 2.11619576e-02
0.55128 2.00582254e-02
0.55319 2.03350569e-02
0.55510 2.15414839e-02
0.55702 1.93999411e-02
0.55895 1.95920550e-02
0.56089 2.01439667e-02
0.56283 1.77537865e-02
0.56478 1.89315951e-02
0.56673 1.89424904e-02
0.56869 1.81306463e-02
0.57066 1.86356839e-02
0.57264 1.76316001e-02
0.57462 2.04341380e-02
0.57661 1.80266787e-02
0.57860 1.86634907e-02
0.58061 2.15924452e-02
0.58262 1.78607485e-02
0.58463 1.99309651e-02
0.58666 2.01130890e-02
0.58869 1.92985661e-02
0.59073 1.73573586e-02
0.59277 1.84960706e-02
0.59482 1.84513401e-02
0.59688 1.77772913e-02
0.59895 2.10499611e-02
0.60102 1.69624921e-02
0.60310 1.72589090e-02
0.60519 1.76697891e-02
0.60728 1.81738475e-02
0.60939 1.83608060e-02
0.61150 1.77874762e-02
0.61361 1.81938645e-02
0.61574 1.61536672e-02
0.61787 1.65353543e-02
0.62001 1.56526280e-02
0.62215 1.59515140e-02
0.62431 1.71864605e-02
0.62647 1.68328639e-02
0.62864 1.71827260e-02
0.63081 1.57586281e-02
0.63300 1.66304492e-02
0.63519 1.55285103e-02
0.63739 1.56633802e-02
0.63959 1.64605649e-02
0.64181 1.66773874e-02
0.64403 1.57099385e-02
0.64626 1.75329187e-02
0.64849 1.57644519e-02
0.65074 1.59054046e-02
0.65299 1.82925484e-02
0.65525 1.54563085e-02
0.65752 1.61749669e-02
0.65980 1.63202042e-02
0.66208 1.52738393e-02
0.66437 1.68068134e-02
0.66667 1.51981693e-02
0.66898 1.52161168e-02
0.67130 1.67114003e-02
0.67362 1.53837909e-02
0.67595 1.40006767e-02
0.67829 1.61895079e-02
0.68064 1.60376623e-02
0.68299 1.37335268e-02
0.68536 1.30983429e-02
0.68773 1.43796060e-02
0.69011 1.33187593e-02
0.69250 1.41324238e-02
0.69490 1.50153869e-02
0.69730 1.39596634e-02
0.69972 1.37183099e-02
0.70214 1.30367650e-02
0.70457 1.61733783e-02
0.70701 1.24650977e-02
0.70946 1.36135629e-02
0.71191 1.25843931e-02
0.71438 1.37647178e-02
0.71685 1.38536880e-02
0.71933 1.36999505e-02
0.72182 1.31888547e-02
0.72432 1.36466952e-02
0.72683 1.26688567e-02
0.72934 1.36469024e-02
0.73187 1.33016332e-02
0.73440 1.18997772e-02
0.73694 1.35145090e-02
0.73949 1.36464140e-02
0.74205 1.30937746e-02
0.74462 1.32092220e-02
0.74720 1.26942017e-02
0.74979 1.38625705e-02
0.75238 1.25090513e-02
0.75499 1.34889469e-02
0.75760 1.33028493e-02
0.76022 1.25012393e-02
0.76285 1.31380809e-02
0.76549 1.16023860e-02
0.76814 1.40760802e-02
0.77080 1.36025295e-02
0.77347 1.41105001e-02
0.77615 1.19108772e-02
0.77884 1.17832469e-02
0.78153 1.33153873e-02
0.78424 1.19022488e-02
0.78695 1.17821172e-02
0.78968 1.48075135e-02
0.79241 1.21909820e-02
0.79515 1.28971763e-02
0.79790 1.30995737e-02
0.80067 1.19379365e-02
0.80344 1.22042872e-02
0.80622 1.42469215e-02
0.80901 1.34958067e-02
0.81181 1.34306423e-02
0.81462 1.14149292e-02
0.81744 1.17894777e-02
0.82027 1.30607903e-02
0.82311 1.41089781e-02
0.82596 1.15631635e-02
0.82882 1.37662274e-02
0.83169 1.16644276e-02
0.83457 1.20042874e-02
0.83745 1.10336516e-02
0.84035 1.21963075e-02
0.84326 1.26553320e-02
0.84618 1.12146334e-02
0.84911 1.10773091e-02
0.85205 1.30024981e-02
0.85500 1.12921040e-02
0.85796 1.18475850e-02
0.86093 1.22609539e-02
0.86391 1.42218331e-02
0.86690 1.09771773e-02
0.86990 1.09637487e-02
0.87291 1.17472558e-02
0.87593 1.10911323e-02
0.87897 1.12600299e-02
0.88201 1.12568627e-02
0.88506 1.02432823e-02
0.88813 1.18212361e-02
0.89120 1.24279275e-02
0.89428 1.28501641e-02
0.89738 1.14125217e-02
0.90049 1.16045419e-02
0.90360 1.23319397e-02
0.90673 1.26113267e-02
0.90987 1.06664981e-02
0.91302 1.14892203e-02
0.91618 1.21367795e-02
0.91935 9.92352827e-03
0.92253 1.12733845e-02
0.92573 1.15098959e-02
0.92893 1.02320935e-02
0.93215 1.06387506e-02
0.93537 1.28309044e-02
0.93861 1.29656288e-02
0.94186 1.13233369e-02
0.94512 9.63968893e-03
0.94839 1.01701579e-02
0.95168 1.29291912e-02
0.95497 1.14294233e-02
0.95828 9.89192040e-03
0.96159 1.04797887e-02
0.96492 1.25799235e-02
0.96826 1.05887710e-02
0.97161 1.12148135e-02
0.97498 1.01701555e-02
0.97835 9.64862320e-03
0.98174 1.07965087e-02
0.98514 1.04423102e-02
0.98855 1.11026295e-02
0.99197 1.04466491e-02
0.99540 1.16850045e-02
0.99885 1.09741704e-02
1.00231 1.04870358e-02
1.00578 9.97256807e-03
1.00926 1.18006271e-02
1.01275 1.24213045e-02
1.01626 1.06745765e-02
1.01978 9.69538133e-03
1.02330 1.05567216e-02
1.02685 1.12945559e-02
1.03040 1.36078526e-02
1.03397 1.02867474e-02
1.03755 1.35726755e-02
1.04114 1.05856753e-02
1.04474 1.10928368e-02
1.04836 1.07974165e-02
1.05199 1.11992587e-02
1.05563 1.01993731e-02
1.05928 1.17098044e-02
1.06295 1.05094849e-02
1.06663 1.09357397e-02
1.07032 1.03646867e-02
1.07403 1.13083322e-02
1.07775 1.18380020e-02
1.08148 1.10999581e-02
1.08522 1.10949409e-02
1.08898 1.19515131e-02
1.09275 1.12008743e-02
1.09653 1.08345250e-02
1.10032 1.48736670e-02
1.10413 9.78003980e-03
1.10796 9.45194600e-03
1.11179 1.08684269e-02
1.11564 1.14158567e-02
1.11950 1.32136324e-02
1.12338 1.12994251e-02
1.12726 1.04182651e-02
1.13117 1.34982561e-02
1.13508 1.01057360e-02
1.13901 1.34174925e-02
1.14295 1.26443504e-02
1.14691 1.07144452e-02
1.15088 1.33566473e-02
1.15487 1.01231852e-02
1.15886 9.97662080e-03
1.16287 1.33684823e-02
1.16690 1.33516424e-02
1.17094 1.17050906e-02
1.17499 1.08576895e-02
1.17906 1.10851235e-02
1.18314 1.02288103e-02
1.18724 1.01369097e-02
1.19135 1.17578723e-02
1.19547 1.06440515e-02
1.19961 1.35181868e-02
1.20376 9.89463867e-03
1.20793 1.16700171e-02
1.21211 1.10350699e-02
1.21630 1.14595709e-02
1.22052 1.23814802e-02
1.22474 1.17301569e-02
1.22898 1.10763817e-02
1.23323 1.26667724e-02
1.23750 1.08808860e-02
1.24179 1.17923243e-02
1.24609 1.10681825e-02
1.25040 1.19287211e-02
1.25473 1.30581313e-02
1.25907 1.19597690e-02
1.26343 1.22923497e-02
1.26780 1.41854399e-02
1.27219 1.36010841e-02
1.27659 1.23767787e-02
1.28101 1.30072316e-02
1.28545 1.22354363e-02
1.28990 1.17897269e-02
1.29436 1.07571580e-02
1.29884 1.20132291e-02
1.30334 1.13479469e-02
1.30785 1.23990330e-02
1.31238 1.23856711e-02
1.31692 1.23365696e-02
1.32148 1.18224571e-02
1.32605 1.18638749e-02
1.33064 1.21225641e-02
1.33525 1.16176892e-02
1.33987 1.19401565e-02
1.34451 1.20511590e-02
1.34916 1.28772827e-02
1.35383 1.25023740e-02
1.35852 1.93728374e-02
1.36322 1.31550269e-02
1.36794 1.47669787e-02
1.37268 1.38465544e-02
1.37743 1.22360998e-02
1.38220 1.85128637e-02
1.38698 1.56181563e-02
1.39178 1.77286906e-02
1.39660 1.65672285e-02
1.40144 1.27381479e-02
1.40629 1.36862926e-02
1.41115 1.27659497e-02
1.41604 1.32389404e-02
1.42094 1.24647055e-02
1.42586 1.61251205e-02
1.43080 1.70552487e-02
1.43575 1.28058653e-02
1.44072 1.32592781e-02
1.44571 1.28796926e-02
1.45071 1.24385786e-02
1.45573 1.52623939e-02
1.46077 1.41195996e-02
1.46583 1.46407175e-02
1.47090 1.40060589e-02
1.47599 1.76356578e-02
1.48110 1.36580295e-02
1.48623 1.48381815e-02
1.49137 1.91110945e-02
1.49654 1.40067915e-02
1.50172 1.65384179e-02
1.50692 1.31604955e-02
1.51213 2.30580399e-02
1.51737 1.35653421e-02
1.52262 1.52552307e-02
1.52789 1.58822352e-02
1.53318 1.54885774e-02
1.53849 1.86239105e-02
1.54381 1.54390591e-02
1.54916 1.63763727e-02
1.55452 1.64696743e-02
1.55990 1.66407327e-02
1.56530 1.48556579e-02
1.57072 1.49397095e-02
1.57615 1.52387090e-02
1.58161 1.77814526e-02
1.58709 1.71500599e-02
1.59258 1.49891958e-02
1.59809 1.62315769e-02
1.60362 1.81810822e-02
1.60918 1.82570185e-02
1.61475 1.89565849e-02
1.62034 1.56380475e-02
1.62594 1.54015065e-02
1.63157 1.89653268e-02
1.63722 2.18815632e-02
1.64289 1.47827506e-02
1.64857 1.62325783e-02
1.65428 1.82141133e-02
1.66001 1.86140957e-02
1.66575 1.69126581e-02
1.67152 1.68222005e-02
1.67731 1.68307129e-02
1.68311 1.76049873e-02
1.68894 2.28134773e-02
1.69478 1.76667945e-02
1.70065 2.01228447e-02
1.70654 1.85583120e-02
1.71245 1.62928439e-02
1.71837 2.26947048e-02
1.72432 2.00045063e-02
1.73029 1.91455785e-02
1.73628 1.76108999e-02
1.74229 1.76526038e-02
1.74832 2.17938683e-02
1.75437 1.79609248e-02
1.76045 2.10618430e-02
1.76654 1.87685213e-02
1.77266 1.86435847e-02
1.77879 1.84541669e-02
1.78495 2.17887179e-02
1.79113 1.97695218e-02
1.79733 1.89606377e-02
1.80355 2.11960346e-02
1.80979 1.94136755e-02
1.81606 2.10965564e-02
1.82234 2.27595707e-02
1.82865 1.97832340e-02
1.83498 1.84316536e-02
1.84133 2.00064723e-02
1.84771 2.28489603e-02
1.85410 2.42090383e-02
1.86052 1.93178554e-02
1.86696 2.10891391e-02
1.87342 2.03857198e-02
1.87991 2.13434031e-02
1.88642 2.32301145e-02
1.89295 2.35699743e-02
1.89950 1.98306310e-02
1.90607 2.23238143e-02
1.91267 2.20905022e-02
1.91929 2.11582083e-02
1.92594 2.50802773e-02
1.93260 2.25075563e-02
1.93929 2.19898992e-02
1.94601 2.19028234e-02
1.95274 2.24495773e-02
1.95950 2.50251227e-02
1.96629 2.42742323e-02
1.97309 2.42609049e-02
1.97992 2.30629979e-02
1.98678 2.32587994e-02
1.99365 2.36583599e-02
2.00055 2.32631284e-02
2.00748 2.60927453e-02
2.01443 2.44050421e-02
2.02140 2.36272775e-02
2.02840 2.23583773e-02
2.03542 2.43173793e-02
2.04247 2.49602493e-02
2.04954 2.69256153e-02
2.05663 2.45446555e-02
2.06375 2.99259700e-02
2.07090 2.55587120e-02
2.07806 2.47221667e-02
2.08526 2.78885033e-02
2.09247 2.83079107e-02
2.09972 2.45183805e-02
2.10699 2.81843307e-02
2.11428 2.49140733e-02
2.12160 2.57747427e-02
2.12894 2.84023840e-02
2.13631 2.61072987e-02
2.14371 2.67209313e-02
2.15113 2.87618513e-02
2.15857 2.54921120e-02
2.16605 2.99226400e-02
2.17354 2.84445887e-02
2.18107 2.96619133e-02
2.18862 2.63448880e-02
2.19619 3.05866420e-02
2.20380 2.73076280e-02
2.21143 3.67601660e-02
2.21908 2.74219580e-02
2.22676 3.01031753e-02
2.23447 2.95440807e-02
2.24220 3.05926113e-02
2.24997 3.95420727e-02
2.25775 2.75867313e-02
2.26557 3.01427407e-02
2.27341 3.47246727e-02
2.28128 3.02175053e-02
2.28918 3.32437353e-02
2.29710 2.88109380e-02
2.30505 3.58096360e-02
2.31303 4.09600853e-02
2.32104 3.00162007e-02
2.32908 2.98949393e-02
2.33714 3.35523153e-02
2.34523 3.82193967e-02
2.35335 3.35262180e-02
2.36149 3.15297473e-02
2.36967 4.39258327e-02
2.37787 3.37181000e-02
2.38610 3.67480793e-02
2.39436 3.38597853e-02
2.40265 4.19237380e-02
2.41097 3.26397967e-02
2.41931 4.41338220e-02
2.42769 3.93822820e-02
2.43609 3.73563347e-02
2.44452 3.31422813e-02
2.45298 3.66424813e-02
2.46148 3.87823393e-02
2.47000 4.44460527e-02
2.47855 4.55140700e-02
2.48713 3.73808040e-02
2.49574 4.06101393e-02
2.50438 4.15842753e-02
2.51304 4.06104600e-02
2.52174 4.56679160e-02
2.53047 3.60799827e-02
2.53923 4.41893220e-02
2.54802 3.95178253e-02
2.55684 5.46467060e-02
2.56569 3.75489813e-02
2.57457 3.84587867e-02
2.58349 4.65261927e-02
2.59243 3.97113600e-02
2.60140 6.36462160e-02
2.61041 5.00639600e-02
2.61944 3.84665320e-02
2.62851 4.07427720e-02
2.63761 4.84832953e-02
2.64674 5.20322860e-02
2.65590 5.63325493e-02
2.66510 5.04571960e-02
2.67432 4.62585840e-02
2.68358 4.09921027e-02
2.69287 4.47061133e-02
2.70219 5.16940813e-02
2.71154 6.69846767e-02
2.72093 4.53034907e-02
2.73035 4.93943340e-02
2.73980 4.82259973e-02
2.74928 4.68328487e-02
2.75880 5.69175687e-02
2.76835 5.36299953e-02
2.77793 6.27776287e-02
2.78755 4.88458213e-02
2.79720 5.77145240e-02
2.80688 6.02748993e-02
2.81660 6.01239887e-02
2.82635 5.10831620e-02
2.83613 6.02448553e-02
2.84595 6.20373820e-02
2.85580 5.78455287e-02
2.86569 6.16725867e-02
2.87561 5.45127167e-02
2.88556 5.17688213e-02
2.89555 6.30551287e-02
2.90557 7.25522393e-02
2.91563 6.37195993e-02
2.92572 5.89892480e-02
2.93585 5.47065720e-02
2.94601 6.49411420e-02
2.95621 6.36639020e-02
2.96644 8.08284980e-02
2.97671 6.63551093e-02
2.98702 6.00806493e-02
2.99736 7.00999533e-02
3.00773 5.99297140e-02
3.01814 6.33695300e-02
3.02859 7.53251673e-02
3.03907 7.78775753e-02
3.04960 6.82194900e-02
3.06015 6.55159493e-02
3.07074 7.10930827e-02
3.08137 7.39592013e-02
3.09204 7.68437707e-02
3.10274 6.58344453e-02
3.11348 6.38251973e-02
3.12426 7.51604187e-02
3.13508 7.55045433e-02
3.14593 8.97993947e-02
3.15682 8.38912840e-02
3.16775 7.33804967e-02
3.17871 7.40225700e-02
3.18972 6.89746600e-02
3.20076 7.06971087e-02
3.21184 8.67913440e-02
3.22295 9.99596687e-02
3.23411 8.03080067e-02
3.24531 8.25665113e-02
3.25654 7.18171233e-02
3.26781 7.93777527e-02
3.27912 8.89954093e-02
3.29047 8.57288520e-02
3.30187 8.57875340e-02
3.31330 8.90921520e-02
3.32476 8.73949373e-02
3.33627 8.54557673e-02
3.34782 9.55022047e-02
3.35941 9.21247707e-02
3.37104 9.17947307e-02
3.38271 8.14313513e-02
3.39442 7.80003907e-02
3.40617 8.76530000e-02
3.41796 1.05927349e-01
3.42979 1.12919831e-01
3.44166 1.05222154e-01
3.45358 8.91735767e-02
3.46553 8.12540227e-02
3.47753 8.18113413e-02
3.48957 8.91626987e-02
3.50164 1.00770684e-01
3.51377 1.15055274e-01
3.52593 1.20693457e-01
3.53814 1.03834975e-01
3.55038 9.40333047e-02
3.56267 9.30385227e-02
3.57500 9.99056487e-02
3.58738 1.00418222e-01
3.59980 1.00754157e-01
3.61226 1.14557673e-01
3.62476 1.26506700e-01
3.63731 1.10256275e-01
3.64990 1.00682057e-01
3.66254 1.03935467e-01
3.67521 1.06148067e-01
3.68794 1.06290245e-01
3.70070 1.07672516e-01
3.71351 1.14118163e-01
3.72637 1.21956070e-01
3.73927 1.18188977e-01
3.75221 1.16049538e-01
3.76520 1.19070588e-01
3.77823 1.12148332e-01
3.79131 1.09087001e-01
3.80443 1.13288129e-01
3.81760 1.21412170e-01
3.83082 1.29906161e-01
3.84408 1.32423962e-01
3.85739 1.26735582e-01
3.87074 1.25230348e-01
3.88414 1.20996438e-01
3.89758 1.18616697e-01
3.91107 1.21499243e-01
3.92461 1.28572533e-01
3.93820 1.34722772e-01
3.95183 1.33922511e-01
3.96551 1.31673331e-01
3.97924 1.33032390e-01
3.99301 1.30413308e-01
4.00683 1.27356787e-01
4.02070 1.29231109e-01
4.03462 1.35252390e-01
4.04859 1.40019001e-01
4.06260 1.40463445e-01
4.07667 1.38822051e-01
4.09078 1.38009729e-01
4.10494 1.36963887e-01
4.11915 1.37686571e-01
4.13341 1.42967531e-01
4.14771 1.50141560e-01
4.16207 1.51843585e-01
4.17648 1.48975073e-01
4.19094 1.47259531e-01
4.20545 1.47559034e-01
4.22000 1.48469851e-01
4.23461 1.51067744e-01
4.24927 1.55385989e-01
4.26398 1.57526957e-01
4.27874 1.55273904e-01
4.29355 1.52316617e-01
4.30841 1.51876761e-01
4.32332 1.53957321e-01
4.33829 1.57415982e-01
4.35331 1.61120077e-01
4.36838 1.63248440e-01
4.38350 1.63054930e-01
4.39867 1.62106842e-01
4.41390 1.62097617e-01
4.42918 1.62820547e-01
4.44451 1.64163623e-01
4.45990 1.66889191e-01
4.47533 1.70121979e-01
4.49083 1.72570121e-01
4.50637 1.73724546e-01
4.52197 1.73918525e-01
4.53762 1.73897805e-01
4.55333 1.74877269e-01
4.56909 1.77586187e-01
4.58491 1.81365786e-01
4.60078 1.84802543e-01
4.61670 1.86467371e-01
4.63269 1.86238760e-01
4.64872 1.85306212e-01
4.66481 1.85075875e-01
4.68096 1.86262514e-01
4.69717 1.88690651e-01
4.71343 1.91471867e-01
4.72974 1.93413183e-01
4.74611 1.93948721e-01
4.76254 1.93501761e-01
4.77903 1.93132896e-01
4.79557 1.93825511e-01
4.81217 1.95787029e-01
4.82883 1.98600633e-01
4.84555 2.01163154e-01
4.86232 2.02486175e-01
4.87915 2.02916461e-01
4.89604 2.03462778e-01
4.91299 2.04695445e-01
4.92999 2.06742162e-01
4.94706 2.09419679e-01
4.96418 2.12107483e-01
4.98137 2.14287646e-01
4.99861 2.16070207e-01
5.01591 2.17906739e-01
5.03328 2.20057574e-01
5.05070 2.22298763e-01
5.06818 2.24469355e-01
5.08573 2.26541059e-01
5.10333 2.28335115e-01
5.12100 2.29850611e-01
5.13873 2.31286605e-01
5.15651 2.32765199e-01
5.17436 2.34210025e-01
5.19228 2.35589755e-01
5.21025 2.36871706e-01
5.22828 2.38065351e-01
5.24638 2.39356749e-01
5.26454 2.40927325e-01
5.28277 2.42574368e-01
5.30105 2.44123435e-01
5.31940 2.45628940e-01
5.33782 2.47150133e-01
5.35629 2.48730033e-01
5.37484 2.50434500e-01
5.39344 2.52270933e-01
5.41211 2.54236867e-01
5.43084 2.56287653e-01
5.44965 2.58466213e-01
5.46851 2.60695833e-01
5.48744 2.62822840e-01
5.50643 2.64966373e-01
5.52550 2.67371620e-01
5.54462 2.70028960e-01
5.56381 2.72755613e-01
5.58308 2.75472153e-01
5.60240 2.78218787e-01
5.62179 2.81013273e-01
5.64125 2.83794933e-01
5.66078 2.86551187e-01
5.68038 2.89278087e-01
5.70004 2.91907060e-01
5.71977 2.94420593e-01
5.73957 2.96928207e-01
5.75944 2.99341347e-01
5.77938 3.01569733e-01
5.79938 3.03668127e-01
5.81946 3.05763067e-01
5.83960 3.07893773e-01
5.85982 3.09970707e-01
5.88010 3.11964020e-01
5.90045 3.13940313e-01
5.92088 3.15941520e-01
5.94137 3.17967393e-01
5.96194 3.20041613e-01
5.98258 3.22165413e-01
6.00329 3.24367407e-01
6.02407 3.26681140e-01
6.04492 3.29059500e-01
6.06585 3.31505693e-01
6.08684 3.34034027e-01
6.10791 3.36580367e-01
6.12906 3.39189360e-01
6.15027 3.41941667e-01
6.17156 3.44873053e-01
6.19293 3.47902367e-01
6.21436 3.51067347e-01
6.23588 3.54328033e-01
6.25746 3.57697500e-01
6.27912 3.61161687e-01
6.30086 3.64706287e-01
6.32267 3.68325627e-01
6.34455 3.71996767e-01
6.36652 3.75704660e-01
6.38856 3.79431547e-01
6.41067 3.83233420e-01
6.43286 3.87140620e-01
6.45513 3.91023647e-01
6.47747 3.94772733e-01
6.49990 3.98467800e-01
6.52240 4.02175200e-01
6.54497 4.05911707e-01
6.56763 4.09597647e-01
6.59037 4.13226113e-01
6.61318 4.16811413e-01
6.63607 4.20399180e-01
6.65904 4.24013833e-01
6.68209 4.27609493e-01
6.70522 4.31252267e-01
6.72843 4.34903180e-01
6.75172 4.38556560e-01
6.77510 4.42213147e-01
6.79855 4.45894400e-01
6.82208 4.49697013e-01
6.84570 4.53579547e-01
6.86939 4.57514127e-01
6.89317 4.61536520e-01
6.91704 4.65622553e-01
6.94098 4.69829207e-01
6.96500 4.74176460e-01
6.98911 4.78605113e-01
7.01331 4.83174613e-01
7.03759 4.87849687e-01
7.06195 4.92628113e-01
7.08639 4.97618673e-01
7.11092 5.02704447e-01
7.13554 5.07915527e-01
7.16024 5.13272140e-01
7.18502 5.18716320e-01
7.20990 5.24325273e-01
7.23485 5.30059533e-01
7.25990 5.35863600e-01
7.28503 5.41870920e-01
7.31025 5.47955200e-01
7.33555 5.54093007e-01
7.36094 5.60359327e-01
7.38642 5.66655987e-01
7.41199 5.73015547e-01
7.43765 5.79510773e-01
7.46340 5.86019073e-01
7.48923 5.92615187e-01
7.51516 5.99335620e-01
7.54117 6.06063207e-01
7.56727 6.12874167e-01
7.59347 6.19763073e-01
7.61975 6.26664067e-01
7.64613 6.33723913e-01
7.67260 6.40893280e-01
7.69916 6.48090767e-01
7.72581 6.55450807e-01
7.75255 6.62911733e-01
7.77939 6.70421747e-01
7.80632 6.78265253e-01
7.83334 6.86284387e-01
7.86046 6.94378753e-01
7.88767 7.02785400e-01
7.91497 7.11372113e-01
7.94237 7.20057493e-01
7.96986 7.29055647e-01
7.99745 7.38257053e-01
8.02513 7.47574147e-01
8.05291 7.57258773e-01
8.08079 7.67210540e-01
8.10876 7.77289093e-01
8.13683 7.87728027e-01
8.16500 7.98492807e-01
8.19326 8.09387580e-01
8.22162 8.20596360e-01
8.25008 8.32192407e-01
8.27864 8.43914747e-01
8.30730 8.55906200e-01
8.33605 8.68438347e-01
8.36491 8.81090867e-01
8.39386 8.93897553e-01
8.42292 9.07373693e-01
8.45208 9.20962807e-01
8.48133 9.34659467e-01
8.51069 9.49007573e-01
8.54016 9.63569293e-01
8.56972 9.78233873e-01
8.59938 9.93485273e-01
8.62915 1.00920855e+00
8.65902 1.02503295e+00
8.68899 1.04123994e+00
8.71907 1.05833468e+00
8.74925 1.07553031e+00
8.77954 1.09282213e+00
8.80993 1.11109767e+00
8.84043 1.12954044e+00
8.87103 1.14807053e+00
8.90174 1.16724319e+00
8.93255 1.18696567e+00
8.96347 1.20675697e+00
8.99450 1.22674092e+00
9.02563 1.24774089e+00
9.05688 1.26877563e+00
9.08823 1.28983011e+00
9.11969 1.31159105e+00
9.15126 1.33369460e+00
9.18294 1.35575967e+00
9.21472 1.37791207e+00
9.24662 1.40076549e+00
9.27863 1.42349952e+00
9.31075 1.44608950e+00
9.34298 1.46894317e+00
9.37532 1.49185973e+00
9.40777 1.51453013e+00
9.44034 1.53704635e+00
9.47302 1.56543103e+00
9.50581 1.59321359e+00
9.53871 1.62033705e+00
9.57173 1.64413027e+00
9.60487 1.66319391e+00
9.63811 1.68182686e+00
9.67148 1.70000940e+00
9.70495 1.71544506e+00
9.73855 1.72956475e+00
9.77226 1.74335589e+00
9.80609 1.75680933e+00
9.84003 1.76757214e+00
9.87409 1.77802785e+00
9.90827 1.78824355e+00
9.94257 1.79773306e+00
9.97699 1.80502206e+00
10.01153 1.81216355e+00
10.04618 1.81915483e+00
10.08096 1.82528400e+00
10.11585 1.83007057e+00
10.15087 1.83477450e+00
10.18601 1.83939506e+00
10.22127 1.84346531e+00
10.25665 1.84697340e+00
10.29215 1.85041983e+00
10.32778 1.85380385e+00
10.36353 1.85665556e+00
10.39941 1.85907709e+00
10.43540 1.86145150e+00
10.47153 1.86377855e+00
10.50777 1.86505555e+00
10.54415 1.86553507e+00
10.58065 1.86598918e+00
10.61727 1.86641739e+00
10.65403 1.86628592e+00
10.69091 1.86564360e+00
10.72791 1.86497513e+00
10.76505 1.86428052e+00
10.80231 1.86294778e+00
10.83971 1.86075097e+00
10.87723 1.85851518e+00
10.91488 1.85624042e+00
10.95266 1.85350365e+00
10.99058 1.84954095e+00
11.02862 1.84550598e+00
11.06680 1.84139873e+00
11.10511 1.83720861e+00
11.14355 1.83273358e+00
11.18212 1.82817863e+00
11.22083 1.82354377e+00
11.25967 1.81882923e+00
11.29865 1.81360631e+00
11.33776 1.80815719e+00
11.37701 1.80261089e+00
11.41639 1.79696864e+00
11.45591 1.79056493e+00
11.49556 1.78311115e+00
11.53536 1.77551283e+00
11.57529 1.76777194e+00
11.61536 1.75988009e+00
11.65556 1.75058643e+00
11.69591 1.74110851e+00
11.73640 1.73144953e+00
11.77702 1.72161321e+00
11.81779 1.70949349e+00
11.85870 1.69520606e+00
11.89975 1.68061252e+00
11.94094 1.66572323e+00
11.98227 1.65054780e+00
12.02375 1.62815515e+00
12.06537 1.60502941e+00
12.10714 1.58136224e+00
12.14905 1.55718817e+00
12.19110 1.53096084e+00
12.23330 1.50124762e+00
12.27565 1.47094092e+00
12.31814 1.44013324e+00
12.36078 1.40892103e+00
12.40357 1.38222676e+00
12.44651 1.35794859e+00
12.48959 1.33361887e+00
12.53283 1.30928101e+00
12.57621 1.28497029e+00
12.61974 1.26515654e+00
12.66343 1.24602014e+00
12.70726 1.22694491e+00
12.75125 1.20792099e+00
12.79539 1.18910403e+00
12.83968 1.17747616e+00
12.88413 1.16580463e+00
12.92873 1.15407021e+00
12.97348 1.14225833e+00
13.01839 1.13152635e+00
13.06345 1.13346269e+00
13.10867 1.13533538e+00
13.15405 1.13715233e+00
13.19959 1.13892290e+00
13.24528 1.14064957e+00
13.29113 1.14222429e+00
13.33713 1.14378371e+00
13.38330 1.14533574e+00
13.42963 1.14688925e+00
13.47612 1.14845237e+00
13.52277 1.15448781e+00
13.56958 1.16082616e+00
13.61655 1.16721606e+00
13.66368 1.17366121e+00
13.71098 1.18016532e+00
13.75844 1.18571409e+00
13.80607 1.19096241e+00
13.85386 1.19626920e+00
13.90182 1.20163593e+00
13.94994 1.20706407e+00
13.99823 1.21445223e+00
14.04668 1.22434825e+00
14.09531 1.23433110e+00
14.14410 1.24439954e+00
14.19306 1.25455259e+00
14.24219 1.26480603e+00
14.29149 1.27555379e+00
14.34096 1.28637826e+00
14.39060 1.29727797e+00
14.44042 1.30825143e+00
14.49041 1.31929691e+00
14.54057 1.33031650e+00
14.59090 1.34131290e+00
14.64141 1.35236406e+00
14.69209 1.36346899e+00
14.74295 1.37462548e+00
14.79398 1.38583204e+00
14.84519 1.39843375e+00
14.89658 1.41118247e+00
14.94814 1.42396942e+00
14.99989 1.43679189e+00
15.05181 1.44964693e+00
15.10392 1.46259816e+00
15.15620 1.47582640e+00
15.20866 1.48907240e+00
15.26131 1.50233345e+00
15.31414 1.51560633e+00
15.36715 1.52888785e+00
15.42034 1.54221007e+00
15.47372 1.55558483e+00
15.52729 1.56894455e+00
15.58103 1.58228576e+00
15.63497 1.59560576e+00
15.68909 1.60890085e+00
15.74340 1.62226673e+00
15.79790 1.63573522e+00
15.85258 1.64916301e+00
15.90746 1.66254665e+00
15.96252 1.67588367e+00
16.01778 1.68917062e+00
16.07323 1.70168501e+00
16.12886 1.71272901e+00
16.18470 1.72373306e+00
16.24072 1.73469567e+00
16.29694 1.74561461e+00
16.35335 1.75648891e+00
16.40996 1.76719227e+00
16.46677 1.77697729e+00
16.52377 1.78672581e+00
16.58097 1.79643707e+00
16.63836 1.80610937e+00
16.69596 1.81574145e+00
16.75375 1.82533210e+00
16.81175 1.83233423e+00
16.86994 1.83859413e+00
16.92834 1.84484837e+00
16.98694 1.85109643e+00
17.04574 1.85733809e+00
17.10474 1.86357259e+00
17.16395 1.86983249e+00
17.22337 1.87616566e+00
17.28299 1.88248921e+00
17.34281 1.88880215e+00
17.40285 1.89510448e+00
17.46309 1.90139497e+00
17.52354 1.90767338e+00
17.58420 1.91291431e+00
17.64507 1.91759407e+00
17.70615 1.92227037e+00
17.76744 1.92694249e+00
17.82894 1.93161016e+00
17.89066 1.93627216e+00
17.95259 1.94092775e+00
18.01473 1.94482360e+00
18.07709 1.94858872e+00
18.13967 1.95235187e+00
18.20246 1.95611329e+00
18.26547 1.95987175e+00
18.32870 1.96362700e+00
18.39214 1.96737855e+00
18.45581 1.97012124e+00
18.51969 1.97274479e+00
18.58380 1.97536661e+00
18.64813 1.97798645e+00
18.71268 1.98060334e+00
18.77746 1.98321727e+00
18.84246 1.98582774e+00
18.90768 1.98821005e+00
18.97313 1.99052107e+00
19.03881 1.99282913e+00
19.10472 1.99513423e+00
19.17085 1.99743587e+00
19.23721 1.99973407e+00
19.30380 2.00202856e+00
19.37062 2.00452384e+00
19.43768 2.00725913e+00
19.50496 2.00999022e+00
19.57248 2.01271687e+00
19.64023 2.01543909e+00
19.70822 2.01815661e+00
19.77644 2.02086921e+00
19.84490 2.02357687e+00
19.91359 2.02641107e+00
19.98252 2.02924502e+00
20.05169 2.03207256e+00
20.12110 2.03489393e+00
20.19076 2.03770865e+00
20.26065 2.04051670e+00
20.33078 2.04331834e+00
20.40116 2.04610173e+00
20.47178 2.04884491e+00
20.54264 2.05158069e+00
20.61375 2.05430907e+00
20.68511 2.05703005e+00
20.75671 2.05974387e+00
20.82856 2.06245030e+00
20.90066 2.06514957e+00
20.97301 2.06803755e+00
21.04561 2.07127899e+00
21.11846 2.07450885e+00
21.19157 2.07772711e+00
21.26492 2.08093427e+00
21.33853 2.08412959e+00
21.41240 2.08731381e+00
21.48652 2.09048668e+00
21.56090 2.09360455e+00
21.63553 2.09655295e+00
21.71043 2.09948755e+00
21.78558 2.10240907e+00
21.86099 2.10531727e+00
21.93666 2.10821239e+00
22.01260 2.11109469e+00
22.08880 2.11396441e+00
22.16526 2.11682205e+00
22.24199 2.11838024e+00
22.31898 2.11971791e+00
22.39624 2.12105904e+00
22.47377 2.12240436e+00
22.55156 2.12375437e+00
22.62962 2.12510980e+00
22.70796 2.12647140e+00
22.78656 2.12784015e+00
22.86544 2.12897951e+00
22.94459 2.12937146e+00
23.02402 2.12977846e+00
23.10372 2.13020100e+00
23.18369 2.13064031e+00
23.26394 2.13109689e+00
23.34447 2.13157148e+00
23.42528 2.13206506e+00
23.50637 2.13257862e+00
23.58774 2.13259589e+00
23.66939 2.13170690e+00
23.75133 2.13083863e+00
23.83354 2.12999207e+00
23.91604 2.12916821e+00
23.99883 2.12836777e+00
24.08191 2.12759176e+00
24.16527 2.12684140e+00
24.24892 2.12611694e+00
24.33286 2.12524201e+00
24.41709 2.12366236e+00
24.50161 2.12209356e+00
24.58642 2.12053586e+00
24.67153 2.11899025e+00
24.75693 2.11745721e+00
24.84263 2.11593725e+00
24.92863 2.11443086e+00
25.01492 2.11293853e+00
25.10151 2.11146099e+00
25.18840 2.10939639e+00
25.27559 2.10711497e+00
25.36309 2.10482837e+00
25.45088 2.10253709e+00
25.53898 2.10024087e+00
25.62739 2.09793897e+00
25.71610 2.09563190e+00
25.80512 2.09331866e+00
25.89444 2.09099901e+00
25.98408 2.08867245e+00
26.07403 2.08592655e+00
26.16428 2.08313453e+00
26.25485 2.08031291e+00
26.34574 2.07745972e+00
26.43694 2.07457372e+00
26.52845 2.07165269e+00
26.62028 2.06869516e+00
26.71243 2.06569865e+00
26.80489 2.06266120e+00
26.89768 2.05958083e+00
26.99079 2.05600835e+00
27.08422 2.05227333e+00
27.17798 2.04845863e+00
27.27205 2.04456055e+00
27.36646 2.04057541e+00
27.46119 2.03649949e+00
27.55625 2.03232885e+00
27.65164 2.02805954e+00
27.74736 2.02368787e+00
27.84341 2.01920963e+00
27.93979 2.01457033e+00
28.03650 2.00971001e+00
28.13355 2.00471427e+00
28.23094 1.99957965e+00
28.32867 1.99430148e+00
28.42673 1.98887580e+00
28.52513 1.98329891e+00
28.62387 1.97756638e+00
28.72295 1.97167499e+00
28.82238 1.96562081e+00
28.92215 1.95940061e+00
29.02227 1.95297371e+00
29.12273 1.94632481e+00
29.22354 1.93949190e+00
29.32470 1.93247251e+00
29.42621 1.92526515e+00
29.52807 1.91786713e+00
29.63029 1.91027769e+00
29.73286 1.90249486e+00
29.83578 1.89451815e+00
29.93906 1.88634658e+00
30.04269 1.87798014e+00
30.14669 1.86940798e+00
30.25104 1.86058101e+00
30.35576 1.85155671e+00
30.46084 1.84233656e+00
30.56628 1.83292228e+00
30.67209 1.82331585e+00
30.77826 1.81351997e+00
30.88481 1.80353713e+00
30.99172 1.79337051e+00
31.09900 1.78302334e+00
31.20665 1.77249931e+00
31.31467 1.76180261e+00
31.42307 1.75098529e+00
31.53184 1.74008410e+00
31.64099 1.72902801e+00
31.75052 1.71782243e+00
31.86043 1.70647281e+00
31.97072 1.69498455e+00
32.08139 1.68336359e+00
32.19244 1.67161585e+00
32.30388 1.65974723e+00
32.41570 1.64776417e+00
32.52791 1.63567281e+00
32.64051 1.62347959e+00
32.75349 1.61130486e+00
32.86687 1.59991182e+00
32.98064 1.58844478e+00
33.09481 1.57690917e+00
33.20937 1.56531090e+00
33.32433 1.55365491e+00
33.43968 1.54194713e+00
33.55544 1.53019321e+00
33.67159 1.51839811e+00
33.78815 1.50656723e+00
33.90511 1.49470627e+00
34.02247 1.48281989e+00
34.14024 1.47091354e+00
34.25842 1.45900645e+00
34.37701 1.44712032e+00
34.49601 1.43522605e+00
34.61542 1.42332833e+00
34.73525 1.41143160e+00
34.85549 1.39954005e+00
34.97614 1.38765836e+00
35.09721 1.37578999e+00
35.21871 1.36393963e+00
35.34062 1.35211073e+00
35.46295 1.34030724e+00
35.58571 1.32853261e+00
35.70889 1.31679029e+00
35.83250 1.30508373e+00
35.95654 1.29344230e+00
36.08101 1.28184749e+00
36.20590 1.27029979e+00
36.33123 1.25880167e+00
36.45700 1.24735609e+00
36.58320 1.23596551e+00
36.70983 1.22463217e+00
36.83691 1.21335851e+00
36.96442 1.20214653e+00
37.09238 1.19099843e+00
37.22077 1.17991594e+00
37.34962 1.16890104e+00
37.47890 1.15795545e+00
37.60864 1.14708041e+00
37.73883 1.13652481e+00
37.86946 1.12608785e+00
38.00055 1.11572513e+00
38.13209 1.10543790e+00
38.26409 1.09522689e+00
38.39654 1.08509308e+00
38.52946 1.07503722e+00
38.66283 1.06505980e+00
38.79667 1.05516156e+00
38.93096 1.04534324e+00
39.06573 1.03560509e+00
39.20096 1.02594735e+00
39.33665 1.01637051e+00
39.47282 1.00687508e+00
39.60946 9.97491140e-01
39.74657 9.88577100e-01
39.88416 9.79737060e-01
40.02222 9.70970773e-01
40.16076 9.62278733e-01
40.29978 9.53660447e-01
40.43928 9.45115913e-01
40.57926 9.36645380e-01
40.71973 9.28248600e-01
40.86069 9.19925327e-01
41.00213 9.11675560e-01
41.14406 9.03499053e-01
41.28648 8.95395313e-01
41.42940 8.87364587e-01
41.57281 8.79405887e-01
41.71672 8.71519707e-01
41.86113 8.63620207e-01
42.00603 8.55710100e-01
42.15144 8.47873500e-01
42.29735 8.40110160e-01
42.44377 8.32419587e-01
42.59069 8.24801287e-01
42.73812 8.17254767e-01
42.88606 8.09779780e-01
43.03451 8.02375833e-01
43.18348 7.95042187e-01
43.33297 7.87778593e-01
43.48297 7.80584560e-01
43.63349 7.73459347e-01
43.78453 7.66402707e-01
43.93609 7.59413900e-01
44.08818 7.52492433e-01
44.24079 7.45636087e-01
44.39394 7.38813040e-01
44.54761 7.32056593e-01
44.70182 7.25366253e-01
44.85655 7.18741280e-01
45.01183 7.12181180e-01
45.16764 7.05685460e-01
45.32399 6.99253627e-01
45.48089 6.92884693e-01
45.63832 6.86578413e-01
45.79630 6.80333800e-01
45.95483 6.74150853e-01
46.11391 6.68028587e-01
46.27353 6.61966753e-01
46.43371 6.55964120e-01
46.59445 6.50020687e-01
46.75574 6.44135713e-01
46.91759 6.38308707e-01
47.08000 6.32469367e-01
47.24297 6.26642607e-01
47.40650 6.20874060e-01
47.57060 6.15162740e-01
47.73527 6.09508400e-01
47.90051 6.03910300e-01
48.06633 5.98367700e-01
48.23271 5.92880600e-01
48.39967 5.87447767e-01
48.56721 5.82068953e-01
48.73533 5.76743667e-01
48.90403 5.71471413e-01
49.07332 5.66251207e-01
49.24319 5.61082800e-01
49.41365 5.55965700e-01
49.58470 5.50899413e-01
49.75634 5.45882953e-01
49.92858 5.40916320e-01
50.10141 5.36003953e-01
50.27484 5.31270667e-01
50.44887 5.26584000e-01
50.62350 5.21942967e-01
50.79874 5.17347073e-01
50.97458 5.12796073e-01
51.15104 5.08289227e-01
51.32810 5.03826287e-01
51.50578 4.99406513e-01
51.68407 4.95029907e-01
51.86298 4.90695480e-01
52.04250 4.86402740e-01
52.22265 4.82151933e-01
52.40343 4.77941827e-01
52.58482 4.73772420e-01
52.76685 4.69642973e-01
52.94951 4.65553487e-01
53.13280 4.61503220e-01
53.31672 4.57491680e-01
53.50128 4.53518620e-01
53.68648 4.49575653e-01
53.87232 4.45638113e-01
54.05880 4.41738560e-01
54.24593 4.37876500e-01
54.43371 4.34051440e-01
54.62214 4.30263133e-01
54.81122 4.26511333e-01
55.00095 4.22795053e-01
55.19134 4.19114540e-01
55.38239 4.15469053e-01
55.57410 4.11858347e-01
55.76647 4.08281927e-01
55.95951 4.04739793e-01
56.15322 4.01231207e-01
56.34760 3.97755920e-01
56.54265 3.94313440e-01
56.73838 3.90903767e-01
56.93479 3.87526160e-01
57.13187 3.84180620e-01
57.32964 3.80866653e-01
57.52809 3.77584013e-01
57.72723 3.74332207e-01
57.92705 3.71106793e-01
58.12757 3.67911227e-01
58.32879 3.64746000e-01
58.53070 3.61610373e-01
58.73331 3.58504347e-01
58.93662 3.55427673e-01
59.14063 3.52379613e-01
59.34535 3.49360167e-01
59.55078 3.46369087e-01
59.75692 3.43405880e-01
59.96377 3.40470547e-01
60.17134 3.37562593e-01
60.37963 3.34681527e-01
60.58864 3.31827347e-01
60.79837 3.28999807e-01
61.00883 3.26198660e-01
61.22002 3.23423413e-01
61.43194 3.20673820e-01
61.64459 3.17949880e-01
61.85797 3.15251100e-01
62.07210 3.12577233e-01
62.28697 3.09928033e-01
62.50258 3.07303500e-01
62.71894 3.04716460e-01
62.93605 3.02154580e-01
63.15390 2.99616380e-01
63.37252 2.97101367e-01
63.59189 2.94609540e-01
63.81201 2.92140407e-01
64.03290 2.89693720e-01
64.25456 2.87269480e-01
64.47698 2.84867440e-01
64.70017 2.82487107e-01
64.92414 2.80128480e-01
65.14888 2.77791313e-01
65.37440 2.75475607e-01
65.60070 2.73180620e-01
65.82778 2.70906600e-01
66.05565 2.68653300e-01
66.28430 2.66420227e-01
66.51375 2.64207380e-01
66.74400 2.62014513e-01
66.97504 2.59841380e-01
67.20688 2.57687980e-01
67.43952 2.55554067e-01
67.67297 2.53439147e-01
67.90722 2.51343220e-01
68.14229 2.49266287e-01
68.37817 2.47208100e-01
68.61486 2.45168586e-01
68.85238 2.43147276e-01
69.09072 2.41144071e-01
69.32988 2.39158824e-01
69.56987 2.37191361e-01
69.81069 2.35241461e-01
70.05235 2.33308976e-01
70.29484 2.31393757e-01
70.53817 2.29495608e-01
70.78235 2.27614380e-01
71.02737 2.25749876e-01
71.27323 2.23901973e-01
71.51995 2.22070497e-01
71.76752 2.20255253e-01
72.01595 2.18456115e-01
72.26524 2.16672937e-01
72.51539 2.14905546e-01
72.76641 2.13153769e-01
73.01830 2.11417507e-01
73.27106 2.09696563e-01
73.52469 2.07990789e-01
73.77920 2.06300061e-01
74.03460 2.04624233e-01
74.29087 2.02963155e-01
74.54804 2.01316679e-01
74.80609 1.99684683e-01
75.06504 1.98068005e-01
75.32488 1.96466251e-01
75.58563 1.94878531e-01
75.84727 1.93304699e-01
76.10982 1.91744656e-01
76.37328 1.90198253e-01
76.63766 1.88665368e-01
76.90295 1.87145852e-01
77.16915 1.85639582e-01
77.43628 1.84146459e-01
77.70433 1.82666311e-01
77.97331 1.81199039e-01
78.24322 1.79744545e-01
78.51407 1.78302655e-01
78.78585 1.76873295e-01
79.05857 1.75456319e-01
79.33224 1.74051626e-01
79.60686 1.72659069e-01
79.88242 1.71278575e-01
80.15894 1.69910019e-01
80.43642 1.68553253e-01
80.71486 1.67208205e-01
80.99426 1.65874749e-01
81.27463 1.64552789e-01
81.55596 1.63242199e-01
81.83828 1.61942883e-01
82.12157 1.60654715e-01
82.40584 1.59377623e-01
82.69109 1.58111459e-01
82.97733 1.56856172e-01
83.26457 1.55614107e-01
83.55279 1.54386496e-01
83.84202 1.53169369e-01
84.13225 1.51962577e-01
84.42348 1.50766071e-01
84.71572 1.49579727e-01
85.00897 1.48403448e-01
85.30323 1.47237159e-01
85.59852 1.46080761e-01
85.89482 1.44934155e-01
86.19215 1.43797269e-01
86.49052 1.42669977e-01
86.78991 1.41552232e-01
87.09034 1.40443909e-01
87.39181 1.39344935e-01
87.69432 1.38255236e-01
87.99789 1.37174713e-01
88.30250 1.36103291e-01
88.60816 1.35040873e-01
88.91489 1.33987409e-01
89.22267 1.32942751e-01
89.53153 1.31906875e-01
89.84145 1.30879705e-01
90.15244 1.29861120e-01
90.46451 1.28851045e-01
90.77766 1.27849430e-01
91.09190 1.26856202e-01
91.40722 1.25871262e-01
91.72363 1.24894536e-01
92.04114 1.23925950e-01
92.35975 1.22965430e-01
92.67946 1.22012902e-01
93.00028 1.21068317e-01
93.32221 1.20131575e-01
93.64525 1.19202974e-01
93.96941 1.18282241e-01
94.29469 1.17369155e-01
94.62110 1.16463642e-01
94.94864 1.15565627e-01
95.27731 1.14675037e-01
95.60712 1.13791823e-01
95.93807 1.12915885e-01
96.27017 1.12047174e-01
96.60342 1.11185641e-01
96.93782 1.10331213e-01
97.27338 1.09483814e-01
97.61010 1.08643396e-01
97.94798 1.07809885e-01
98.28704 1.06983206e-01
98.62727 1.06163335e-01
98.96867 1.05350174e-01
99.31126 1.04543697e-01
99.65504 1.03743807e-01
100.00000 1.02950477e-01
