        2000  5.000000 3.700000
0.10000 1.96209742e-04
0.10035 1.35672537e-02
0.10069 1.96438550e-04
0.10104 1.96181449e-04
0.10139 1.96455151e-04
0.10174 1.71120165e-02
0.10210 8.03287513e-03
0.10245 2.68316107e-03
0.10280 6.45979053e-03
0.10316 4.84033507e-03
0.10352 8.40329940e-03
0.10387 2.47757180e-02
0.10423 4.80013087e-03
0.10459 8.39205880e-03
0.10496 2.27951672e-02
0.10532 5.76903260e-03
0.10568 8.70969147e-03
0.10605 1.93380229e-04
0.10642 1.96114578e-04
0.10679 1.89971789e-04
0.10716 2.16197685e-04
0.10753 2.13442640e-04
0.10790 1.87515704e-04
0.10827 1.83656826e-04
0.10865 2.06833330e-04
0.10902 3.91978000e-03
0.10940 1.96265785e-04
0.10978 1.99303189e-04
0.11016 7.40756773e-03
0.11054 1.99985641e-04
0.11092 1.95910067e-04
0.11131 1.42892397e-02
0.11169 1.99795264e-04
0.11208 1.99363869e-04
0.11247 1.47187332e-02
0.11286 1.99307061e-04
0.11325 2.61454087e-02
0.11364 1.10667321e-02
0.11403 3.54787820e-02
0.11443 2.04905926e-04
0.11482 3.59553913e-02
0.11522 2.04296733e-04
0.11562 3.64418673e-02
0.11602 2.05322669e-04
0.11642 3.69337700e-02
0.11682 2.03933492e-04
0.11723 3.74313953e-02
0.11763 2.05726512e-04
0.11804 3.79369633e-02
0.11845 2.03706855e-04
0.11886 3.84463547e-02
0.11927 2.05164729e-04
0.11968 3.89649713e-02
0.12010 2.04343501e-04
0.12051 3.94910620e-02
0.12093 2.05399777e-04
0.12135 4.00264027e-02
0.12177 2.04336225e-04
0.12219 4.05703027e-02
0.12262 2.05317761e-04
0.12304 4.11196787e-02
0.12347 2.04656941e-04
0.12389 4.16757640e-02
0.12432 2.05001139e-04
0.12475 4.22348587e-02
0.12518 2.05029777e-04
0.12562 4.27988620e-02
0.12605 2.04911747e-04
0.12649 4.33727320e-02
0.12693 2.04895763e-04
0.12737 5.43580567e-02
0.12781 2.05213593e-04
0.12825 1.99656440e-04
0.12869 8.38991280e-03
0.12914 7.31513680e-03
0.12959 7.35084180e-03
0.13003 7.38650980e-03
0.13048 7.42213587e-03
0.13094 7.45771013e-03
0.13139 7.49322273e-03
0.13184 7.52866627e-03
0.13230 7.56403087e-03
0.13276 7.59930913e-03
0.13322 7.63448873e-03
0.13368 7.66955980e-03
0.13414 7.70451247e-03
0.13461 7.73933193e-03
0.13507 7.77401080e-03
0.13554 7.80853427e-03
0.13601 7.84289000e-03
0.13648 7.87706320e-03
0.13695 7.91103907e-03
0.13743 7.94480280e-03
0.13790 7.97833713e-03
0.13838 8.01162727e-03
0.13886 1.96022053e-04
0.13934 2.52624653e-03
0.13982 5.04846747e-02
0.14031 5.07720413e-02
0.14079 5.10639713e-02
0.14128 5.13584667e-02
0.14177 5.16509640e-02
0.14226 5.19425733e-02
0.14275 5.22377100e-02
0.14324 5.25360780e-02
0.14374 5.28335580e-02
0.14424 5.31300267e-02
0.14474 5.34294553e-02
0.14524 1.62028205e-02
0.14574 3.80412047e-03
0.14625 3.82441373e-03
0.14675 3.84472920e-03
0.14726 3.86506687e-03
0.14777 3.88542180e-03
0.14828 3.90579153e-03
0.14879 3.92617113e-03
0.14931 3.94655813e-03
0.14983 3.96695007e-03
0.15034 3.98733707e-03
0.15087 4.00771667e-03
0.15139 4.02808640e-03
0.15191 4.04844133e-03
0.15244 4.06877160e-03
0.15297 4.08907720e-03
0.15349 4.10934827e-03
0.15403 4.12958233e-03
0.15456 4.14976707e-03
0.15509 4.16990247e-03
0.15563 4.18997620e-03
0.15617 4.20998333e-03
0.15671 4.22991647e-03
0.15725 4.24976573e-03
0.15780 4.26952373e-03
0.15834 4.28917813e-03
0.15889 4.30872153e-03
0.15944 4.32814407e-03
0.15999 4.34743587e-03
0.16055 4.36658213e-03
0.16110 4.38557053e-03
0.16166 4.40286433e-03
0.16222 4.42149753e-03
0.16278 4.43993340e-03
0.16335 4.45815713e-03
0.16391 4.47615393e-03
0.16448 4.49390160e-03
0.16505 4.51138780e-03
0.16562 4.52858787e-03
0.16619 4.54548453e-03
0.16677 4.56205313e-03
0.16734 4.57826900e-03
0.16792 4.59410993e-03
0.16851 4.60954880e-03
0.16909 1.47050013e-03
0.16967 1.40812972e-03
0.17026 1.35307347e-03
0.17085 1.30292367e-03
0.17144 1.25619169e-03
0.17204 1.21197570e-03
0.17263 1.16974785e-03
0.17323 1.12921163e-03
0.17383 1.09020574e-03
0.17443 1.05267541e-03
0.17503 1.01656908e-03
0.17564 9.81917593e-04
0.17625 9.48709107e-04
0.17686 9.17086193e-04
0.17747 8.87027393e-04
0.17808 8.58589193e-04
0.17870 8.31825367e-04
0.17932 8.06789193e-04
0.17994 7.83528280e-04
0.18056 7.62081600e-04
0.18119 7.42476533e-04
0.18182 7.24722700e-04
0.18244 7.08806287e-04
0.18308 6.94688320e-04
0.18371 6.82303927e-04
0.18435 6.71572447e-04
0.18498 6.62404093e-04
0.18562 6.54703900e-04
0.18627 6.48372707e-04
0.18691 6.43298773e-04
0.18756 6.39358273e-04
0.18821 6.36415787e-04
0.18886 6.34328247e-04
0.18951 6.32955053e-04
0.19017 6.32162020e-04
0.19083 6.31827540e-04
0.19149 6.31845793e-04
0.19215 6.32126747e-04
0.19282 6.32598127e-04
0.19348 6.33201473e-04
0.19415 6.33891647e-04
0.19483 6.34635840e-04
0.19550 6.35407167e-04
0.19618 6.24960340e-04
0.19686 5.66914493e-04
0.19754 5.19729133e-04
0.19822 4.81906253e-04
0.19891 4.49737467e-04
0.19960 4.21731673e-04
0.20029 3.98685607e-04
0.20098 3.78175027e-04
0.20168 3.59874087e-04
0.20237 3.42227060e-04
0.20307 4.83628727e-04
0.20378 3.04211040e-04
0.20448 2.09127256e-04
0.20519 2.02606080e-04
0.20590 2.02078238e-04
0.20661 2.00680082e-04
0.20733 1.99523018e-04
0.20805 1.99377189e-04
0.20877 2.00173996e-04
0.20949 2.01174402e-04
0.21021 2.01618032e-04
0.21094 2.01270898e-04
0.21167 2.00516813e-04
0.21240 1.99964157e-04
0.21314 1.99940304e-04
0.21388 2.00291261e-04
0.21462 2.00592367e-04
0.21536 2.00563655e-04
0.21611 2.00338325e-04
0.21685 2.00337413e-04
0.21760 2.01738035e-04
0.21836 2.01090560e-04
0.21911 2.00638889e-04
0.21987 2.00454801e-04
0.22063 2.00253497e-04
0.22140 1.99739764e-04
0.22216 1.98982448e-04
0.22293 1.98501423e-04
0.22370 1.98951220e-04
0.22448 2.00593773e-04
0.22526 2.02965967e-04
0.22604 2.04953927e-04
0.22682 2.05362432e-04
0.22760 2.03600665e-04
0.22839 2.00127845e-04
0.22918 1.96337318e-04
0.22998 1.93923364e-04
0.23077 1.94054985e-04
0.23157 1.96794317e-04
0.23237 2.01062095e-04
0.23318 2.05159253e-04
0.23398 2.07539068e-04
0.23479 2.07488649e-04
0.23561 2.05316897e-04
0.23642 2.02092841e-04
0.23724 1.92392181e-04
0.23806 1.92772763e-04
0.23889 1.93693865e-04
0.23971 1.94639733e-04
0.24054 1.23213256e-02
0.24137 1.22042157e-02
0.24221 1.18968394e-02
0.24305 1.91809628e-04
0.24389 1.17363383e-02
0.24473 1.98899741e-04
0.24558 1.99000997e-04
0.24643 2.00081866e-04
0.24728 2.01405899e-04
0.24814 2.02310746e-04
0.24900 2.02349522e-04
0.24986 2.01513865e-04
0.25073 2.00224711e-04
0.25159 1.99119299e-04
0.25246 1.92240357e-04
0.25334 1.99500695e-04
0.25422 4.50795913e-03
0.25510 2.01781375e-04
0.25598 1.95288467e-04
0.25687 2.45405830e-02
0.25775 2.01685397e-04
0.25865 2.00331098e-04
0.25954 2.02444439e-04
0.26044 2.01430861e-04
0.26134 2.00041955e-04
0.26225 1.98960075e-04
0.26315 1.98591827e-04
0.26406 1.99087750e-04
0.26498 2.00318222e-04
0.26590 2.01712974e-04
0.26682 2.02661827e-04
0.26774 2.04300433e-04
0.26867 1.95263134e-04
0.26960 2.36502249e-04
0.27053 2.07684971e-04
0.27147 9.31821567e-03
0.27241 1.98640839e-04
0.27335 1.99201784e-04
0.27430 2.00506330e-04
0.27525 2.01903968e-04
0.27620 2.02877611e-04
0.27715 2.03071491e-04
0.27811 2.02417084e-04
0.27908 2.01152350e-04
0.28004 1.99724397e-04
0.28101 1.98640025e-04
0.28198 1.98270297e-04
0.28296 1.98747473e-04
0.28394 1.99905968e-04
0.28492 2.01358415e-04
0.28591 2.02626603e-04
0.28690 2.03290210e-04
0.28789 2.03143715e-04
0.28889 2.02227052e-04
0.28989 2.00839083e-04
0.29089 1.99409773e-04
0.29190 1.98382777e-04
0.29291 1.98072963e-04
0.29392 1.98569207e-04
0.29494 1.99728023e-04
0.29596 2.01203015e-04
0.29699 2.02568932e-04
0.29801 2.03433129e-04
0.29905 2.03551356e-04
0.30008 2.02895519e-04
0.30112 2.01645659e-04
0.30216 2.00149255e-04
0.30321 1.98807907e-04
0.30426 1.97981228e-04
0.30531 1.97884855e-04
0.30637 1.98541926e-04
0.30743 1.99783843e-04
0.30849 2.01292950e-04
0.30956 2.02695028e-04
0.31063 2.03642401e-04
0.31171 2.03910281e-04
0.31279 2.03433918e-04
0.31387 2.02332453e-04
0.31496 2.00863306e-04
0.31605 1.99368136e-04
0.31714 1.98187441e-04
0.31824 1.97582738e-04
0.31934 1.97689693e-04
0.32044 1.98477398e-04
0.32155 1.99779995e-04
0.32267 2.01314607e-04
0.32378 2.02764613e-04
0.32490 2.03830311e-04
0.32603 2.04298312e-04
0.32716 1.94211841e-04
0.32829 1.92631349e-04
0.32943 1.90963734e-04
0.33057 1.89524755e-04
0.33171 1.88583573e-04
0.33286 3.43852840e-04
0.33401 1.88572128e-04
0.33517 1.89727786e-04
0.33633 1.99409502e-04
0.33749 2.00684448e-04
0.33866 2.02272710e-04
0.33983 2.03895111e-04
0.34101 2.05272670e-04
0.34219 2.05958823e-04
0.34337 2.06227147e-04
0.34456 2.05818272e-04
0.34576 2.04788611e-04
0.34695 2.03287373e-04
0.34815 2.01327409e-04
0.34936 1.99569860e-04
0.35057 1.98047705e-04
0.35178 1.96963975e-04
0.35300 1.96427672e-04
0.35422 1.96397061e-04
0.35545 1.97119523e-04
0.35668 1.98331840e-04
0.35791 1.99865589e-04
0.35915 2.01516381e-04
0.36039 2.03070997e-04
0.36164 2.04177199e-04
0.36289 2.04951633e-04
0.36415 2.05221289e-04
0.36541 2.04913203e-04
0.36668 2.04059415e-04
0.36795 2.02750701e-04
0.36922 2.00952673e-04
0.37050 1.99182741e-04
0.37178 1.97436391e-04
0.37307 1.95880713e-04
0.37436 1.94658505e-04
0.37565 1.93875905e-04
0.37695 1.93487652e-04
0.37826 1.93726401e-04
0.37957 1.94445557e-04
0.38088 1.95572405e-04
0.38220 1.97002849e-04
0.38352 1.98612078e-04
0.38485 2.00173749e-04
0.38618 2.01737961e-04
0.38752 2.03095911e-04
0.38886 2.04149128e-04
0.39021 1.99310021e-04
0.39156 1.98377227e-04
0.39291 7.89449020e-02
0.39427 7.42497747e-02
0.39564 6.38673527e-02
0.39701 5.95078893e-02
0.39838 5.94451620e-02
0.39976 7.00185040e-02
0.40115 6.88676313e-02
0.40253 5.88876213e-02
0.40393 6.03383667e-02
0.40533 5.82048480e-02
0.40673 6.89546800e-02
0.40814 5.73999007e-02
0.40955 5.45230520e-02
0.41097 6.13325813e-02
0.41239 6.30756760e-02
0.41382 5.50673467e-02
0.41525 5.56446207e-02
0.41669 5.42707120e-02
0.41813 5.69418160e-02
0.41958 5.62357327e-02
0.42103 5.02137607e-02
0.42249 5.39403267e-02
0.42395 6.21547707e-02
0.42542 5.17208200e-02
0.42689 5.18057967e-02
0.42837 5.09468787e-02
0.42985 5.16104120e-02
0.43134 5.16925520e-02
0.43283 4.93837273e-02
0.43433 5.04972300e-02
0.43583 5.56673633e-02
0.43734 4.64612207e-02
0.43886 4.69790233e-02
0.44037 6.06331827e-02
0.44190 4.86154840e-02
0.44343 4.62247413e-02
0.44496 5.26647887e-02
0.44650 5.78490067e-02
0.44805 4.57094547e-02
0.44960 4.84217027e-02
0.45116 5.82505307e-02
0.45272 4.26664760e-02
0.45429 4.47015500e-02
0.45586 4.50923193e-02
0.45744 4.23122873e-02
0.45902 4.31952800e-02
0.46061 4.31646193e-02
0.46220 4.21258813e-02
0.46380 4.25648493e-02
0.46541 4.24988907e-02
0.46702 4.22323920e-02
0.46864 4.22274340e-02
0.47026 3.97446600e-02
0.47189 3.98131347e-02
0.47352 3.95146927e-02
0.47516 3.97756907e-02
0.47680 3.94774213e-02
0.47845 3.92993033e-02
0.48011 4.09930647e-02
0.48177 3.86760507e-02
0.48344 3.88654907e-02
0.48511 4.57127847e-02
0.48679 3.78729287e-02
0.48848 3.83426313e-02
0.49017 5.10025267e-02
0.49186 3.71065847e-02
0.49357 3.77438480e-02
0.49528 4.21747213e-02
0.49699 3.64995133e-02
0.49871 3.47968473e-02
0.50044 3.56853407e-02
0.50217 3.39674060e-02
0.50391 4.37498113e-02
0.50565 3.41006800e-02
0.50740 3.51908727e-02
0.50916 4.34721633e-02
0.51092 3.35817673e-02
0.51269 4.04997560e-02
0.51446 3.50324140e-02
0.51625 3.32848793e-02
0.51803 3.65010180e-02
0.51983 3.27832827e-02
0.52163 3.33663780e-02
0.52343 3.31318473e-02
0.52524 3.20485120e-02
0.52706 4.49294453e-02
0.52889 3.02132133e-02
0.53072 3.32647513e-02
0.53255 3.11735360e-02
0.53440 2.99170407e-02
0.53625 3.31841407e-02
0.53810 3.03529993e-02
0.53997 3.33537733e-02
0.54183 2.95636413e-02
0.54371 3.16876633e-02
0.54559 3.17690140e-02
0.54748 2.92025953e-02
0.54938 4.05278513e-02
0.55128 2.98956053e-02
0.55319 3.37843547e-02
0.55510 2.88255160e-02
0.55702 3.12773087e-02
0.55895 2.79271067e-02
0.56089 2.84828713e-02
0.56283 4.16928333e-02
0.56478 2.69678200e-02
0.56673 3.73072727e-02
0.56869 2.57481273e-02
0.57066 2.92723280e-02
0.57264 2.64933073e-02
0.57462 2.88596300e-02
0.57661 2.64020407e-02
0.57860 2.62377113e-02
0.58061 2.71395987e-02
0.58262 2.55614500e-02
0.58463 3.79703127e-02
0.58666 2.57023953e-02
0.58869 2.89696927e-02
0.59073 2.47481653e-02
0.59277 3.36875133e-02
0.59482 2.53235647e-02
0.59688 3.15635653e-02
0.59895 2.44449207e-02
0.60102 2.60111727e-02
0.60310 2.50885160e-02
0.60519 2.95780220e-02
0.60728 2.45246113e-02
0.60939 2.48349673e-02
0.61150 2.48398513e-02
0.61361 2.79721727e-02
0.61574 2.27165027e-02
0.61787 2.22533441e-02
0.62001 2.25791735e-02
0.62215 2.47255953e-02
0.62431 2.27537839e-02
0.62647 2.19304205e-02
0.62864 2.21828221e-02
0.63081 2.38748741e-02
0.63300 2.24039391e-02
0.63519 2.17338592e-02
0.63739 2.18095464e-02
0.63959 2.31579127e-02
0.64181 2.20003233e-02
0.64403 2.19205612e-02
0.64626 2.12848543e-02
0.64849 2.25518256e-02
0.65074 2.18405968e-02
0.65299 2.38392307e-02
0.65525 2.06442240e-02
0.65752 2.23632193e-02
0.65980 2.17382375e-02
0.66208 3.36245887e-02
0.66437 2.04148758e-02
0.66667 3.19908907e-02
0.66898 2.14694449e-02
0.67130 2.41463702e-02
0.67362 2.06463527e-02
0.67595 2.21464141e-02
0.67829 2.12413152e-02
0.68064 2.13767673e-02
0.68299 2.02605167e-02
0.68536 1.79046453e-02
0.68773 2.00593132e-02
0.69011 1.88709275e-02
0.69250 2.41972822e-02
0.69490 1.77307749e-02
0.69730 2.87425867e-02
0.69972 1.83592027e-02
0.70214 1.92190087e-02
0.70457 2.37821200e-02
0.70701 1.76767031e-02
0.70946 1.91144763e-02
0.71191 1.81273582e-02
0.71438 2.10104401e-02
0.71685 1.76516443e-02
0.71933 2.43308621e-02
0.72182 1.75298255e-02
0.72432 1.81532607e-02
0.72683 2.30129985e-02
0.72934 1.71039604e-02
0.73187 3.27271907e-02
0.73440 1.72437711e-02
0.73694 1.83799646e-02
0.73949 1.91949044e-02
0.74205 1.76534647e-02
0.74462 1.73332864e-02
0.74720 1.69403957e-02
0.74979 1.91399520e-02
0.75238 1.82120068e-02
0.75499 1.90244923e-02
0.75760 1.65254654e-02
0.76022 1.66326174e-02
0.76285 2.88823480e-02
0.76549 1.76835185e-02
0.76814 2.04403935e-02
0.77080 1.61349871e-02
0.77347 1.63347452e-02
0.77615 1.86651581e-02
0.77884 1.74228190e-02
0.78153 2.12617269e-02
0.78424 1.58600081e-02
0.78695 1.59489067e-02
0.78968 1.78937797e-02
0.79241 2.39267900e-02
0.79515 2.00208431e-02
0.79790 1.58429634e-02
0.80067 1.55159081e-02
0.80344 1.81159301e-02
0.80622 1.82618261e-02
0.80901 1.81609789e-02
0.81181 1.64955472e-02
0.81462 1.52144049e-02
0.81744 2.63602060e-02
0.82027 2.96335220e-02
0.82311 1.69075669e-02
0.82596 1.87314227e-02
0.82882 1.48715432e-02
0.83169 1.89964783e-02
0.83457 1.61401129e-02
0.83745 1.61466989e-02
0.84035 2.31119908e-02
0.84326 1.51443787e-02
0.84618 1.49539373e-02
0.84911 1.56581879e-02
0.85205 1.55791312e-02
0.85500 1.70631247e-02
0.85796 1.72078095e-02
0.86093 1.43417402e-02
0.86391 2.53078027e-02
0.86690 1.50287611e-02
0.86990 1.55324446e-02
0.87291 1.93488959e-02
0.87593 3.69675633e-02
0.87897 1.46153182e-02
0.88201 1.58750621e-02
0.88506 1.45199470e-02
0.88813 1.55850907e-02
0.89120 1.85695748e-02
0.89428 1.46076641e-02
0.89738 1.69188987e-02
0.90049 1.47941663e-02
0.90360 1.42368403e-02
0.90673 1.55402639e-02
0.90987 1.87505837e-02
0.91302 1.42955765e-02
0.91618 1.92038584e-02
0.91935 1.38530491e-02
0.92253 1.39308601e-02
0.92573 1.52317308e-02
0.92893 1.74711262e-02
0.93215 1.42651329e-02
0.93537 1.88161724e-02
0.93861 1.34403462e-02
0.94186 1.34774079e-02
0.94512 1.46643975e-02
0.94839 1.62068214e-02
0.95168 1.43372681e-02
0.95497 1.79370031e-02
0.95828 1.33482113e-02
0.96159 1.29196970e-02
0.96492 1.38813862e-02
0.96826 1.55875672e-02
0.97161 1.44553179e-02
0.97498 1.60618307e-02
0.97835 1.40160687e-02
0.98174 1.25257753e-02
0.98514 1.30695643e-02
0.98855 1.69081786e-02
0.99197 1.43526330e-02
0.99540 1.45360617e-02
0.99885 1.66877721e-02
1.00231 1.24709585e-02
1.00578 1.23952960e-02
1.00926 1.88575655e-02
1.01275 1.38881597e-02
1.01626 1.39277003e-02
1.01978 2.35067167e-02
1.02330 1.32452501e-02
1.02685 1.30818779e-02
1.03040 1.38455825e-02
1.03397 1.49269544e-02
1.03755 1.48235690e-02
1.04114 1.57387689e-02
1.04474 1.93349667e-02
1.04836 1.35843132e-02
1.05199 1.28443724e-02
1.05563 2.01787739e-02
1.05928 1.39241483e-02
1.06295 1.45001471e-02
1.06663 1.66026893e-02
1.07032 1.66499605e-02
1.07403 1.32363455e-02
1.07775 1.27544279e-02
1.08148 2.81931120e-02
1.08522 1.33485270e-02
1.08898 1.42572815e-02
1.09275 1.66815240e-02
1.09653 1.62700001e-02
1.10032 1.31366601e-02
1.10413 1.27857940e-02
1.10796 2.32629804e-02
1.11179 1.29011847e-02
1.11564 1.38703947e-02
1.11950 1.68182365e-02
1.12338 1.87888121e-02
1.12726 1.44563835e-02
1.13117 1.49954537e-02
1.13508 2.60031067e-02
1.13901 1.37027206e-02
1.14295 1.39799665e-02
1.14691 1.52767401e-02
1.15088 1.97118511e-02
1.15487 1.52331516e-02
1.15886 1.48436279e-02
1.16287 1.64300227e-02
1.16690 1.41939721e-02
1.17094 1.33638623e-02
1.17499 1.38632587e-02
1.17906 1.61736620e-02
1.18314 1.71023299e-02
1.18724 1.44087521e-02
1.19135 1.37829292e-02
1.19547 2.07549181e-02
1.19961 5.62329207e-02
1.20376 1.27800664e-02
1.20793 1.48024075e-02
1.21211 1.72146447e-02
1.21630 1.70475749e-02
1.22052 1.53494796e-02
1.22474 1.56218465e-02
1.22898 1.84170509e-02
1.23323 1.38586041e-02
1.23750 1.34416585e-02
1.24179 1.43258795e-02
1.24609 1.61219730e-02
1.25040 1.66954977e-02
1.25473 1.48820635e-02
1.25907 1.60986729e-02
1.26343 2.01308268e-02
1.26780 1.45012965e-02
1.27219 1.39665528e-02
1.27659 1.46364477e-02
1.28101 1.60350057e-02
1.28545 1.91187584e-02
1.28990 1.60604963e-02
1.29436 1.60965639e-02
1.29884 2.09152293e-02
1.30334 1.48345679e-02
1.30785 1.43231070e-02
1.31238 1.46499749e-02
1.31692 1.57546543e-02
1.32148 1.85161443e-02
1.32605 1.71850817e-02
1.33064 1.67374261e-02
1.33525 1.92580757e-02
1.33987 1.87798927e-02
1.34451 1.45410345e-02
1.34916 1.39355838e-02
1.35383 1.52093063e-02
1.35852 1.65674382e-02
1.36322 1.81746417e-02
1.36794 1.73446059e-02
1.37268 1.78817497e-02
1.37743 3.85971173e-02
1.38220 1.75482071e-02
1.38698 1.50339855e-02
1.39178 1.57583247e-02
1.39660 1.48255621e-02
1.40144 2.11245925e-02
1.40629 1.74072469e-02
1.41115 1.76174908e-02
1.41604 1.87987701e-02
1.42094 4.54814360e-02
1.42586 1.82363281e-02
1.43080 1.57580188e-02
1.43575 1.50240991e-02
1.44072 1.57563587e-02
1.44571 3.71816700e-02
1.45071 1.74326314e-02
1.45573 1.77433130e-02
1.46077 1.90391319e-02
1.46583 4.00969740e-02
1.47090 1.99496600e-02
1.47599 1.90168135e-02
1.48110 1.64933272e-02
1.48623 1.63606847e-02
1.49137 2.24237883e-02
1.49654 1.80330896e-02
1.50172 1.74929315e-02
1.50692 1.88092312e-02
1.51213 2.42710479e-02
1.51737 2.70726287e-02
1.52262 2.21849287e-02
1.52789 1.79244329e-02
1.53318 1.69204725e-02
1.53849 1.76851564e-02
1.54381 3.85641133e-02
1.54916 1.74664198e-02
1.55452 1.84306324e-02
1.55990 1.99517813e-02
1.56530 2.75763467e-02
1.57072 2.59219780e-02
1.57615 2.05052175e-02
1.58161 1.94482138e-02
1.58709 1.85228660e-02
1.59258 2.02698654e-02
1.59809 3.27922613e-02
1.60362 1.83872783e-02
1.60918 1.97142315e-02
1.61475 2.04709012e-02
1.62034 2.55422593e-02
1.62594 3.07577793e-02
1.63157 2.25411967e-02
1.63722 2.03695656e-02
1.64289 2.00138353e-02
1.64857 2.09855243e-02
1.65428 4.35897987e-02
1.66001 2.07420446e-02
1.66575 1.93018097e-02
1.67152 2.04265801e-02
1.67731 2.28001795e-02
1.68311 2.96953120e-02
1.68894 2.77138140e-02
1.69478 2.38544303e-02
1.70065 2.20491831e-02
1.70654 2.14602960e-02
1.71245 2.51304247e-02
1.71837 3.66528660e-02
1.72432 2.22106831e-02
1.73029 2.06392191e-02
1.73628 2.13272588e-02
1.74229 2.77624813e-02
1.74832 2.90740573e-02
1.75437 2.97078920e-02
1.76045 2.55061227e-02
1.76654 2.38382021e-02
1.77266 2.38658781e-02
1.77879 2.70586673e-02
1.78495 3.97612360e-02
1.79113 2.48182187e-02
1.79733 2.21621663e-02
1.80355 2.24566863e-02
1.80979 2.42635985e-02
1.81606 2.69363700e-02
1.82234 3.02405193e-02
1.82865 2.89547200e-02
1.83498 2.65378553e-02
1.84133 2.61833460e-02
1.84771 2.69802520e-02
1.85410 3.71602593e-02
1.86052 3.47151760e-02
1.86696 2.55971180e-02
1.87342 2.39783285e-02
1.87991 2.56828347e-02
1.88642 2.52374780e-02
1.89295 2.73311847e-02
1.89950 3.03422940e-02
1.90607 3.04070933e-02
1.91267 2.88621707e-02
1.91929 2.81141787e-02
1.92594 3.01106000e-02
1.93260 3.57042107e-02
1.93929 3.77372867e-02
1.94601 2.95796747e-02
1.95274 3.22887653e-02
1.95950 2.63024613e-02
1.96629 2.63816413e-02
1.97309 2.74444293e-02
1.97992 2.92458360e-02
1.98678 3.11407540e-02
1.99365 3.12985960e-02
2.00055 3.13688467e-02
2.00748 3.32470900e-02
2.01443 3.42848660e-02
2.02140 3.93389427e-02
2.02840 3.75643487e-02
2.03542 3.72287093e-02
2.04247 2.97510833e-02
2.04954 2.79113200e-02
2.05663 2.82633873e-02
2.06375 2.93029640e-02
2.07090 3.08677433e-02
2.07806 3.22481393e-02
2.08526 3.35556207e-02
2.09247 3.46214427e-02
2.09972 4.27464947e-02
2.10699 3.65890533e-02
2.11428 4.01565687e-02
2.12160 4.22580947e-02
2.12894 1.22237665e-01
2.13631 3.34454840e-02
2.14371 3.08220360e-02
2.15113 3.03429600e-02
2.15857 3.04770233e-02
2.16605 3.15839893e-02
2.17354 3.26283760e-02
2.18107 3.42312900e-02
2.18862 3.72192373e-02
2.19619 4.84029560e-02
2.20380 3.81718887e-02
2.21143 4.06323887e-02
2.21908 4.45176600e-02
2.22676 6.53915060e-02
2.23447 4.43333507e-02
2.24220 3.69431927e-02
2.24997 3.45040047e-02
2.25775 3.34924987e-02
2.26557 3.34200033e-02
2.27341 3.39122513e-02
2.28128 3.48065413e-02
2.28918 3.63347153e-02
2.29710 4.99990127e-02
2.30505 4.21875233e-02
2.31303 4.03438627e-02
2.32104 4.25986427e-02
2.32908 4.71633573e-02
2.33714 8.06165620e-02
2.34523 5.41165700e-02
2.35335 4.41553560e-02
2.36149 4.07065860e-02
2.36967 3.86703527e-02
2.37787 3.75758433e-02
2.38610 3.72754033e-02
2.39436 3.76503613e-02
2.40265 3.89366540e-02
2.41097 4.60871260e-02
2.41931 6.79396220e-02
2.42769 4.30957500e-02
2.43609 4.35864440e-02
2.44452 4.64785367e-02
2.45298 5.39285853e-02
2.46148 1.34377365e-01
2.47000 5.87536813e-02
2.47855 5.02743420e-02
2.48713 4.68424193e-02
2.49574 4.40103653e-02
2.50438 4.26156133e-02
2.51304 4.20161147e-02
2.52174 4.20554580e-02
2.53047 4.33582280e-02
2.53923 5.14017813e-02
2.54802 1.19291848e-01
2.55684 4.84165473e-02
2.56569 4.69790973e-02
2.57457 4.88250273e-02
2.58349 5.34968693e-02
2.59243 7.34699133e-02
2.60140 1.16913513e-01
2.61041 6.21114313e-02
2.61944 5.57022667e-02
2.62851 5.30420900e-02
2.63761 5.08017893e-02
2.64674 4.90523060e-02
2.65590 4.80294287e-02
2.66510 4.79909240e-02
2.67432 4.99357427e-02
2.68358 6.21036860e-02
2.69287 1.44560209e-01
2.70219 5.63455980e-02
2.71154 5.13396213e-02
2.72093 5.23929127e-02
2.73035 5.62584013e-02
2.73980 6.67213107e-02
2.74928 1.10739076e-01
2.75880 9.81645767e-02
2.76835 6.79502040e-02
2.77793 6.23322227e-02
2.78755 6.06023000e-02
2.79720 5.88771627e-02
2.80688 5.73003460e-02
2.81660 5.66067687e-02
2.82635 5.68752653e-02
2.83613 5.99014213e-02
2.84595 7.75342400e-02
2.85580 1.60396061e-01
2.86569 7.09842533e-02
2.87561 5.92474833e-02
2.88556 5.82495687e-02
2.89555 6.10329553e-02
2.90557 6.74640980e-02
2.91563 8.49831047e-02
2.92572 1.25213254e-01
2.93585 1.01185355e-01
2.94601 7.70348633e-02
2.95621 7.04920300e-02
2.96644 6.85512073e-02
2.97671 6.73705867e-02
2.98702 6.69193840e-02
2.99736 6.65522207e-02
3.00773 6.78151540e-02
3.01814 7.28130153e-02
3.02859 9.28163747e-02
3.03907 1.67414147e-01
3.04960 1.00464965e-01
3.06015 7.38823893e-02
3.07074 6.89103540e-02
3.08137 6.93215227e-02
3.09204 7.27486353e-02
3.10274 8.09112300e-02
3.11348 9.87121767e-02
3.12426 1.24332654e-01
3.13508 1.15343652e-01
3.14593 9.24629507e-02
3.15682 8.22073153e-02
3.16775 7.84712773e-02
3.17871 7.72100707e-02
3.18972 7.70365653e-02
3.20076 7.80290533e-02
3.21184 8.01026813e-02
3.22295 8.55159540e-02
3.23411 1.01081435e-01
3.24531 1.48244891e-01
3.25654 1.59305893e-01
3.26781 1.04663602e-01
3.27912 8.68837207e-02
3.29047 8.22760860e-02
3.30187 8.24039580e-02
3.31330 8.57486100e-02
3.32476 9.30399780e-02
3.33627 1.05483300e-01
3.34782 1.22127997e-01
3.35941 1.30015533e-01
3.37104 1.19255341e-01
3.38271 1.04957209e-01
3.39442 9.67003633e-02
3.40617 9.32175780e-02
3.41796 9.17224573e-02
3.42979 9.21414947e-02
3.44166 9.41550840e-02
3.45358 9.85887200e-02
3.46553 1.08101420e-01
3.47753 1.29533867e-01
3.48957 1.70032859e-01
3.50164 1.74941427e-01
3.51377 1.32549392e-01
3.52593 1.09009696e-01
3.53814 1.00172517e-01
3.55038 9.79426013e-02
3.56267 9.90879487e-02
3.57500 1.03034591e-01
3.58738 1.09889112e-01
3.59980 1.19595248e-01
3.61226 1.30309979e-01
3.62476 1.36904489e-01
3.63731 1.35081771e-01
3.64990 1.27628367e-01
3.66254 1.20399258e-01
3.67521 1.15467725e-01
3.68794 1.13021606e-01
3.70070 1.13121111e-01
3.71351 1.15355591e-01
3.72637 1.20293660e-01
3.73927 1.29553453e-01
3.75221 1.45629015e-01
3.76520 1.71513056e-01
3.77823 1.95558517e-01
3.79131 1.86179535e-01
3.80443 1.56952668e-01
3.81760 1.36055241e-01
3.83082 1.24978230e-01
3.84408 1.20411419e-01
3.85739 1.19721911e-01
3.87074 1.21154897e-01
3.88414 1.24963134e-01
3.89758 1.30589921e-01
3.91107 1.37083002e-01
3.92461 1.43517475e-01
3.93820 1.48189933e-01
3.95183 1.49645735e-01
3.96551 1.48282088e-01
3.97924 1.45383533e-01
3.99301 1.42188065e-01
4.00683 1.40533992e-01
4.02070 1.40924589e-01
4.03462 1.43568165e-01
4.04859 1.49052872e-01
4.06260 1.58151764e-01
4.07667 1.71265205e-01
4.09078 1.89514913e-01
4.10494 2.09117513e-01
4.11915 2.17792508e-01
4.13341 2.07749351e-01
4.14771 1.88313745e-01
4.16207 1.71269645e-01
4.17648 1.59928183e-01
4.19094 1.53219121e-01
4.20545 1.50009815e-01
4.22000 1.49282099e-01
4.23461 1.50550015e-01
4.24927 1.53207627e-01
4.26398 1.56832196e-01
4.27874 1.61018154e-01
4.29355 1.65286079e-01
4.30841 1.69065309e-01
4.32332 1.71917762e-01
4.33829 1.73619885e-01
4.35331 1.74491556e-01
4.36838 1.74967697e-01
4.38350 1.75614555e-01
4.39867 1.77205481e-01
4.41390 1.80379736e-01
4.42918 1.85223727e-01
4.44451 1.92329848e-01
4.45990 2.02564147e-01
4.47533 2.15449175e-01
4.49083 2.29670865e-01
4.50637 2.41528723e-01
4.52197 2.46370494e-01
4.53762 2.41931185e-01
4.55333 2.30777239e-01
4.56909 2.17873908e-01
4.58491 2.06578499e-01
4.60078 1.98213095e-01
4.61670 1.92556165e-01
4.63269 1.89219702e-01
4.64872 1.87914909e-01
4.66481 1.88137970e-01
4.68096 1.89468293e-01
4.69717 1.91709037e-01
4.71343 1.94677449e-01
4.72974 1.98045041e-01
4.74611 2.01606315e-01
4.76254 2.05190086e-01
4.77903 2.08691248e-01
4.79557 2.12170087e-01
4.81217 2.15605561e-01
4.82883 2.19204675e-01
4.84555 2.23063232e-01
4.86232 2.27256664e-01
4.87915 2.32346039e-01
4.89604 2.38723679e-01
4.91299 2.46264205e-01
4.92999 2.54883133e-01
4.94706 2.64518180e-01
4.96418 2.74357467e-01
4.98137 2.82868700e-01
4.99861 2.88437200e-01
5.01591 2.89873047e-01
5.03328 2.86900713e-01
5.05070 2.80239480e-01
5.06818 2.71684587e-01
5.08573 2.63075427e-01
5.10333 2.55364873e-01
5.12100 2.48992980e-01
5.13873 2.44225185e-01
5.15651 2.41069603e-01
5.17436 2.39344737e-01
5.19228 2.38911417e-01
5.21025 2.39556673e-01
5.22828 2.41031443e-01
5.24638 2.43283683e-01
5.26454 2.46356533e-01
5.28277 2.49998393e-01
5.30105 2.54031887e-01
5.31940 2.58481260e-01
5.33782 2.63336647e-01
5.35629 2.68553893e-01
5.37484 2.74154707e-01
5.39344 2.80138593e-01
5.41211 2.86550693e-01
5.43084 2.93412467e-01
5.44965 3.00848727e-01
5.46851 3.08781280e-01
5.48744 3.16940027e-01
5.50643 3.25231480e-01
5.52550 3.33605320e-01
5.54462 3.41631607e-01
5.56381 3.48628307e-01
5.58308 3.54028333e-01
5.60240 3.57469087e-01
5.62179 3.58715987e-01
5.64125 3.57707367e-01
5.66078 3.54721960e-01
5.68038 3.50301200e-01
5.70004 3.44992193e-01
5.71977 3.39420240e-01
5.73957 3.34184493e-01
5.75944 3.29528660e-01
5.77938 3.25537593e-01
5.79938 3.22368173e-01
5.81946 3.20187393e-01
5.83960 3.19027073e-01
5.85982 3.18765853e-01
5.88010 3.19319127e-01
5.90045 3.20695280e-01
5.92088 3.22869893e-01
5.94137 3.25780807e-01
5.96194 3.29397927e-01
5.98258 3.33677593e-01
6.00329 3.38612653e-01
6.02407 3.44206067e-01
6.04492 3.50361140e-01
6.06585 3.57048520e-01
6.08684 3.64228740e-01
6.10791 3.71794253e-01
6.12906 3.79726313e-01
6.15027 3.88039227e-01
6.17156 3.96681440e-01
6.19293 4.05436873e-01
6.21436 4.14219193e-01
6.23588 4.22799247e-01
6.25746 4.31012260e-01
6.27912 4.38641413e-01
6.30086 4.45478027e-01
6.32267 4.51349187e-01
6.34455 4.56105167e-01
6.36652 4.59663087e-01
6.38856 4.62017520e-01
6.41067 4.63306353e-01
6.43286 4.63697567e-01
6.45513 4.63255047e-01
6.47747 4.62052793e-01
6.49990 4.60426767e-01
6.52240 4.58649780e-01
6.54497 4.56926320e-01
6.56763 4.55352833e-01
6.59037 4.54026013e-01
6.61318 4.53086707e-01
6.63607 4.52644927e-01
6.65904 4.52772947e-01
6.68209 4.53466080e-01
6.70522 4.54795120e-01
6.72843 4.56733673e-01
6.75172 4.59267927e-01
6.77510 4.62385547e-01
6.79855 4.66092207e-01
6.82208 4.70463880e-01
6.84570 4.75430760e-01
6.86939 4.80929947e-01
6.89317 4.86972540e-01
6.91704 4.93479360e-01
6.94098 5.00465947e-01
6.96500 5.07900727e-01
6.98911 5.15655433e-01
7.01331 5.23741660e-01
7.03759 5.32038787e-01
7.06195 5.40465167e-01
7.08639 5.49067420e-01
7.11092 5.57622313e-01
7.13554 5.66084707e-01
7.16024 5.74395893e-01
7.18502 5.82416013e-01
7.20990 5.90162333e-01
7.23485 5.97538160e-01
7.25990 6.04453213e-01
7.28503 6.11010600e-01
7.31025 6.17086987e-01
7.33555 6.22676947e-01
7.36094 6.27859413e-01
7.38642 6.32608240e-01
7.41199 6.37003840e-01
7.43765 6.41160667e-01
7.46340 6.45058493e-01
7.48923 6.48822380e-01
7.51516 6.52548773e-01
7.54117 6.56219173e-01
7.56727 6.59942607e-01
7.59347 6.63772847e-01
7.61975 6.67717047e-01
7.64613 6.71925920e-01
7.67260 6.76397740e-01
7.69916 6.81093780e-01
7.72581 6.86130220e-01
7.75255 6.91475487e-01
7.77939 6.97092580e-01
7.80632 7.03220520e-01
7.83334 7.09717473e-01
7.86046 7.16482060e-01
7.88767 7.23696813e-01
7.91497 7.31228533e-01
7.94237 7.38980527e-01
7.96986 7.47107207e-01
7.99745 7.55484007e-01
8.02513 7.64005107e-01
8.05291 7.72851313e-01
8.08079 7.81902747e-01
8.10876 7.91010667e-01
8.13683 8.00335900e-01
8.16500 8.09819000e-01
8.19326 8.19276693e-01
8.22162 8.28830833e-01
8.25008 8.38512993e-01
8.27864 8.48110300e-01
8.30730 8.57719447e-01
8.33605 8.67527160e-01
8.36491 8.77219927e-01
8.39386 8.86824140e-01
8.42292 8.96693520e-01
8.45208 9.06445733e-01
8.48133 9.16086453e-01
8.51069 9.25982473e-01
8.54016 9.35846427e-01
8.56972 9.45614920e-01
8.59938 9.55611580e-01
8.62915 9.65760433e-01
8.65902 9.75826160e-01
8.68899 9.85997460e-01
8.71907 9.96595247e-01
8.74925 1.00710793e+00
8.77954 1.01753478e+00
8.80993 1.02843325e+00
8.84043 1.03927499e+00
8.87103 1.05000894e+00
8.90174 1.06098684e+00
8.93255 1.07213297e+00
8.96347 1.08313603e+00
8.99450 1.09407841e+00
9.02563 1.10549192e+00
9.05688 1.11671871e+00
9.08823 1.12775186e+00
9.11969 1.13908866e+00
9.15126 1.15045555e+00
9.18294 1.16158293e+00
9.21472 1.17259265e+00
9.24662 1.18402171e+00
9.27863 1.19516487e+00
9.31075 1.20601845e+00
9.34298 1.21711229e+00
9.37532 1.22822363e+00
9.40777 1.23900099e+00
9.44034 1.24952897e+00
9.47302 1.26407910e+00
9.50581 1.27797975e+00
9.53871 1.29122378e+00
9.57173 1.30317873e+00
9.60487 1.31365145e+00
9.63811 1.32373815e+00
9.67148 1.33343634e+00
9.70495 1.34223839e+00
9.73855 1.35053478e+00
9.77226 1.35855712e+00
9.80609 1.36630418e+00
9.84003 1.37340892e+00
9.87409 1.38030597e+00
9.90827 1.38700543e+00
9.94257 1.39341063e+00
9.97699 1.39926378e+00
10.01153 1.40499557e+00
10.04618 1.41060477e+00
10.08096 1.41577885e+00
10.11585 1.42032615e+00
10.15087 1.42480759e+00
10.18601 1.42922243e+00
10.22127 1.43348755e+00
10.25665 1.43761181e+00
10.29215 1.44169143e+00
10.32778 1.44572320e+00
10.36353 1.44962251e+00
10.39941 1.45341821e+00
10.43540 1.45718136e+00
10.47153 1.46091071e+00
10.50777 1.46432853e+00
10.54415 1.46751941e+00
10.58065 1.47070042e+00
10.61727 1.47387009e+00
10.65403 1.47689989e+00
10.69091 1.47980538e+00
10.72791 1.48270248e+00
10.76505 1.48558971e+00
10.80231 1.48826629e+00
10.83971 1.49065575e+00
10.87723 1.49302548e+00
10.91488 1.49537399e+00
10.95266 1.49745685e+00
10.99058 1.49882412e+00
11.02862 1.50012775e+00
11.06680 1.50136553e+00
11.10511 1.50252042e+00
11.14355 1.50330433e+00
11.18212 1.50400486e+00
11.22083 1.50462005e+00
11.25967 1.50514865e+00
11.29865 1.50533908e+00
11.33776 1.50534895e+00
11.37701 1.50525201e+00
11.41639 1.50504851e+00
11.45591 1.50450831e+00
11.49556 1.50350980e+00
11.53536 1.50235663e+00
11.57529 1.50105029e+00
11.61536 1.49958681e+00
11.65556 1.49726297e+00
11.69591 1.49474943e+00
11.73640 1.49205139e+00
11.77702 1.48917403e+00
11.81779 1.48529495e+00
11.85870 1.48038307e+00
11.89975 1.47515127e+00
11.94094 1.46961040e+00
11.98227 1.46377254e+00
12.02375 1.45394731e+00
12.06537 1.44346891e+00
12.10714 1.43245895e+00
12.14905 1.42095836e+00
12.19110 1.40783545e+00
12.23330 1.39215707e+00
12.27565 1.37609611e+00
12.31814 1.35966564e+00
12.36078 1.34285703e+00
12.40357 1.32832837e+00
12.44651 1.31489441e+00
12.48959 1.30107663e+00
12.53283 1.28677293e+00
12.57621 1.27188141e+00
12.61974 1.25891094e+00
12.66343 1.24558453e+00
12.70726 1.23148407e+00
12.75125 1.21656740e+00
12.79539 1.20091862e+00
12.83968 1.18891755e+00
12.88413 1.17624357e+00
12.92873 1.16296969e+00
12.97348 1.14918497e+00
13.01839 1.13589309e+00
13.06345 1.13233986e+00
13.10867 1.12878095e+00
13.15405 1.12527631e+00
13.19959 1.12187675e+00
13.24528 1.11864073e+00
13.29113 1.11581788e+00
13.33713 1.11316449e+00
13.38330 1.11069733e+00
13.42963 1.10842873e+00
13.47612 1.10636611e+00
13.52277 1.10813495e+00
13.56958 1.11029477e+00
13.61655 1.11262996e+00
13.66368 1.11513387e+00
13.71098 1.11779886e+00
13.75844 1.11985507e+00
13.80607 1.12179091e+00
13.85386 1.12386513e+00
13.90182 1.12606836e+00
13.94994 1.12839196e+00
13.99823 1.13220641e+00
14.04668 1.13787284e+00
14.09531 1.14361228e+00
14.14410 1.14941684e+00
14.19306 1.15527986e+00
14.24219 1.16121022e+00
14.29149 1.16756509e+00
14.34096 1.17395376e+00
14.39060 1.18037301e+00
14.44042 1.18681989e+00
14.49041 1.19329193e+00
14.54057 1.19983378e+00
14.59090 1.20643162e+00
14.64141 1.21304155e+00
14.69209 1.21966331e+00
14.74295 1.22629593e+00
14.79398 1.23293916e+00
14.84519 1.24059865e+00
14.89658 1.24833141e+00
14.94814 1.25605775e+00
14.99989 1.26377743e+00
15.05181 1.27149020e+00
15.10392 1.27926267e+00
15.15620 1.28727810e+00
15.20866 1.29527725e+00
15.26131 1.30326037e+00
15.31414 1.31122697e+00
15.36715 1.31917654e+00
15.42034 1.32726647e+00
15.47372 1.33559048e+00
15.52729 1.34387503e+00
15.58103 1.35211961e+00
15.63497 1.36032325e+00
15.68909 1.36848496e+00
15.74340 1.37672363e+00
15.79790 1.38507749e+00
15.85258 1.39337461e+00
15.90746 1.40161451e+00
15.96252 1.40979571e+00
16.01778 1.41791721e+00
16.07323 1.42576984e+00
16.12886 1.43313827e+00
16.18470 1.44042924e+00
16.24072 1.44764153e+00
16.29694 1.45477340e+00
16.35335 1.46182313e+00
16.40996 1.46872610e+00
16.46677 1.47510441e+00
16.52377 1.48140674e+00
16.58097 1.48763137e+00
16.63836 1.49377683e+00
16.69596 1.49984162e+00
16.75375 1.50582427e+00
16.81175 1.51038810e+00
16.86994 1.51451631e+00
16.92834 1.51859717e+00
16.98694 1.52262918e+00
17.04574 1.52661211e+00
17.10474 1.53054447e+00
17.16395 1.53444057e+00
17.22337 1.53832162e+00
17.28299 1.54214890e+00
17.34281 1.54592191e+00
17.40285 1.54963943e+00
17.46309 1.55330095e+00
17.52354 1.55690499e+00
17.58420 1.55997451e+00
17.64507 1.56273323e+00
17.70615 1.56544065e+00
17.76744 1.56809601e+00
17.82894 1.57069884e+00
17.89066 1.57324863e+00
17.95259 1.57574490e+00
18.01473 1.57780728e+00
18.07709 1.57976606e+00
18.13967 1.58168365e+00
18.20246 1.58356004e+00
18.26547 1.58539475e+00
18.32870 1.58718801e+00
18.39214 1.58893984e+00
18.45581 1.59019093e+00
18.51969 1.59135668e+00
18.58380 1.59249184e+00
18.64813 1.59359641e+00
18.71268 1.59467139e+00
18.77746 1.59571725e+00
18.84246 1.59673475e+00
18.90768 1.59763114e+00
18.97313 1.59847745e+00
19.03881 1.59930379e+00
19.10472 1.60011063e+00
19.17085 1.60089923e+00
19.23721 1.60166981e+00
19.30380 1.60242338e+00
19.37062 1.60324749e+00
19.43768 1.60415745e+00
19.50496 1.60505087e+00
19.57248 1.60592827e+00
19.64023 1.60679037e+00
19.70822 1.60763816e+00
19.77644 1.60847263e+00
19.84490 1.60929428e+00
19.91359 1.61014775e+00
19.98252 1.61099011e+00
20.05169 1.61182064e+00
20.12110 1.61264007e+00
20.19076 1.61344913e+00
20.26065 1.61424883e+00
20.33078 1.61504063e+00
20.40116 1.61581787e+00
20.47178 1.61656799e+00
20.54264 1.61731292e+00
20.61375 1.61805317e+00
20.68511 1.61878996e+00
20.75671 1.61952453e+00
20.82856 1.62025787e+00
20.90066 1.62099097e+00
20.97301 1.62177808e+00
21.04561 1.62266090e+00
21.11846 1.62353829e+00
21.19157 1.62441174e+00
21.26492 1.62528223e+00
21.33853 1.62615049e+00
21.41240 1.62701802e+00
21.48652 1.62788555e+00
21.56090 1.62872890e+00
21.63553 1.62948592e+00
21.71043 1.63024960e+00
21.78558 1.63102093e+00
21.86099 1.63180138e+00
21.93666 1.63259244e+00
22.01260 1.63339509e+00
22.08880 1.63421057e+00
22.16526 1.63504011e+00
22.24199 1.63562521e+00
22.31898 1.63620512e+00
22.39624 1.63682771e+00
22.47377 1.63749395e+00
22.55156 1.63820509e+00
22.62962 1.63896162e+00
22.70796 1.63976452e+00
22.78656 1.64061453e+00
22.86544 1.64148058e+00
22.94459 1.64229902e+00
23.02402 1.64317493e+00
23.10372 1.64410881e+00
23.18369 1.64510091e+00
23.26394 1.64615097e+00
23.34447 1.64725949e+00
23.42528 1.64842647e+00
23.50637 1.64965141e+00
23.58774 1.65087759e+00
23.66939 1.65206036e+00
23.75133 1.65330183e+00
23.83354 1.65460177e+00
23.91604 1.65595917e+00
23.99883 1.65737356e+00
24.08191 1.65884419e+00
24.16527 1.66037007e+00
24.24892 1.66195046e+00
24.33286 1.66354911e+00
24.41709 1.66504415e+00
24.50161 1.66656855e+00
24.58642 1.66812009e+00
24.67153 1.66969727e+00
24.75693 1.67129765e+00
24.84263 1.67291923e+00
24.92863 1.67456006e+00
25.01492 1.67621791e+00
25.10151 1.67789031e+00
25.18840 1.67940928e+00
25.27559 1.68085697e+00
25.36309 1.68228591e+00
25.45088 1.68369314e+00
25.53898 1.68507472e+00
25.62739 1.68642719e+00
25.71610 1.68774686e+00
25.80512 1.68903002e+00
25.89444 1.69027297e+00
25.98408 1.69147202e+00
26.07403 1.69237951e+00
26.16428 1.69319869e+00
26.25485 1.69393499e+00
26.34574 1.69458323e+00
26.43694 1.69513847e+00
26.52845 1.69559579e+00
26.62028 1.69595001e+00
26.71243 1.69619618e+00
26.80489 1.69632913e+00
26.89768 1.69634369e+00
26.99079 1.69588735e+00
27.08422 1.69520335e+00
27.17798 1.69434939e+00
27.27205 1.69331955e+00
27.36646 1.69210793e+00
27.46119 1.69070883e+00
27.55625 1.68911660e+00
27.65164 1.68732605e+00
27.74736 1.68533150e+00
27.84341 1.68312803e+00
27.93979 1.68062066e+00
28.03650 1.67771369e+00
28.13355 1.67456795e+00
28.23094 1.67117925e+00
28.32867 1.66754412e+00
28.42673 1.66365863e+00
28.52513 1.65951981e+00
28.62387 1.65512470e+00
28.72295 1.65047109e+00
28.82238 1.64555650e+00
28.92215 1.64037921e+00
29.02227 1.63485314e+00
29.12273 1.62896027e+00
29.22354 1.62279780e+00
29.32470 1.61636621e+00
29.42621 1.60966650e+00
29.52807 1.60269989e+00
29.63029 1.59546812e+00
29.73286 1.58797365e+00
29.83578 1.58021869e+00
29.93906 1.57220696e+00
30.04269 1.56394141e+00
30.14669 1.55540477e+00
30.25104 1.54650676e+00
30.35576 1.53737097e+00
30.46084 1.52800257e+00
30.56628 1.51840773e+00
30.67209 1.50859311e+00
30.77826 1.49856512e+00
30.88481 1.48833092e+00
30.99172 1.47789741e+00
31.09900 1.46727225e+00
31.20665 1.45646307e+00
31.31467 1.44547752e+00
31.42307 1.43433953e+00
31.53184 1.42307427e+00
31.64099 1.41166840e+00
31.75052 1.40013032e+00
31.86043 1.38846891e+00
31.97072 1.37669255e+00
32.08139 1.36480987e+00
32.19244 1.35282927e+00
32.30388 1.34075913e+00
32.41570 1.32860809e+00
32.52791 1.31638403e+00
32.64051 1.30409583e+00
32.75349 1.29183699e+00
32.86687 1.28018841e+00
32.98064 1.26850923e+00
33.09481 1.25680539e+00
33.20937 1.24508379e+00
33.32433 1.23335011e+00
33.43968 1.22161025e+00
33.55544 1.20987065e+00
33.67159 1.19813622e+00
33.78815 1.18641265e+00
33.90511 1.17470511e+00
34.02247 1.16301878e+00
34.14024 1.15135811e+00
34.25842 1.13973641e+00
34.37701 1.12816651e+00
34.49601 1.11663237e+00
34.61542 1.10513795e+00
34.73525 1.09368744e+00
34.85549 1.08228453e+00
34.97614 1.07093269e+00
35.09721 1.05963511e+00
35.21871 1.04839525e+00
35.34062 1.03721631e+00
35.46295 1.02610077e+00
35.58571 1.01505183e+00
35.70889 1.00407147e+00
35.83250 9.93162633e-01
35.95654 9.82359373e-01
36.08101 9.71637513e-01
36.20590 9.60995327e-01
36.33123 9.50434293e-01
36.45700 9.39956140e-01
36.58320 9.29562100e-01
36.70983 9.19254147e-01
36.83691 9.09032773e-01
36.96442 8.98899460e-01
37.09238 8.88855193e-01
37.22077 8.78900467e-01
37.34962 8.69036760e-01
37.47890 8.59264073e-01
37.60864 8.49583147e-01
37.73883 8.40195753e-01
37.86946 8.30937367e-01
38.00055 8.21770987e-01
38.13209 8.12697107e-01
38.26409 8.03715727e-01
38.39654 7.94826600e-01
38.52946 7.86029973e-01
38.66283 7.77325353e-01
38.79667 7.68712740e-01
38.93096 7.60191640e-01
39.06573 7.51762053e-01
39.20096 7.43423733e-01
39.33665 7.35175940e-01
39.47282 7.27018427e-01
39.60946 7.18970187e-01
39.74657 7.11259140e-01
39.88416 7.03630233e-01
40.02222 6.96082973e-01
40.16076 6.88616867e-01
40.29978 6.81231420e-01
40.43928 6.73926140e-01
40.57926 6.66700533e-01
40.71973 6.59553860e-01
40.86069 6.52485873e-01
41.00213 6.45495833e-01
41.14406 6.38583247e-01
41.28648 6.31747127e-01
41.42940 6.24987473e-01
41.57281 6.18303053e-01
41.71672 6.11693620e-01
41.86113 6.05099973e-01
42.00603 5.98524333e-01
42.15144 5.92023680e-01
42.29735 5.85597273e-01
42.44377 5.79244620e-01
42.59069 5.72964733e-01
42.73812 5.66757367e-01
42.88606 5.60621287e-01
43.03451 5.54556247e-01
43.18348 5.48561260e-01
43.33297 5.42635587e-01
43.48297 5.36778733e-01
43.63349 5.30989960e-01
43.78453 5.25268280e-01
43.93609 5.19613200e-01
44.08818 5.14023980e-01
44.24079 5.08499140e-01
44.39394 5.03023633e-01
44.54761 4.97612507e-01
44.70182 4.92265020e-01
44.85655 4.86980433e-01
45.01183 4.81758007e-01
45.16764 4.76597247e-01
45.32399 4.71496920e-01
45.48089 4.66457027e-01
45.63832 4.61476333e-01
45.79630 4.56554347e-01
45.95483 4.51690573e-01
46.11391 4.46883780e-01
46.27353 4.42132487e-01
46.43371 4.37438667e-01
46.59445 4.32799853e-01
46.75574 4.28215800e-01
46.91759 4.23685767e-01
47.08000 4.19164120e-01
47.24297 4.14666647e-01
47.40650 4.10222453e-01
47.57060 4.05831540e-01
47.73527 4.01492427e-01
47.90051 3.97205113e-01
48.06633 3.92968860e-01
48.23271 3.88782680e-01
48.39967 3.84646327e-01
48.56721 3.80558813e-01
48.73533 3.76519893e-01
48.90403 3.72528827e-01
49.07332 3.68585120e-01
49.24319 3.64688033e-01
49.41365 3.60836827e-01
49.58470 3.57031253e-01
49.75634 3.53270820e-01
49.92858 3.49554540e-01
50.10141 3.45885867e-01
50.27484 3.42357547e-01
50.44887 3.38870420e-01
50.62350 3.35423747e-01
50.79874 3.32017033e-01
50.97458 3.28650033e-01
51.15104 3.25322253e-01
51.32810 3.22032707e-01
51.50578 3.18781393e-01
51.68407 3.15567820e-01
51.86298 3.12391000e-01
52.04250 3.09251180e-01
52.22265 3.06147127e-01
52.40343 3.03078840e-01
52.58482 3.00046073e-01
52.76685 2.97047840e-01
52.94951 2.94083893e-01
53.13280 2.91153987e-01
53.31672 2.88257380e-01
53.50128 2.85394073e-01
53.68648 2.82558393e-01
53.87232 2.79735540e-01
54.05880 2.76945247e-01
54.24593 2.74186773e-01
54.43371 2.71459627e-01
54.62214 2.68763560e-01
54.81122 2.66098080e-01
55.00095 2.63462940e-01
55.19134 2.60857647e-01
55.38239 2.58281707e-01
55.57410 2.55735120e-01
55.76647 2.53217147e-01
55.95951 2.50727540e-01
56.15322 2.48265807e-01
56.34760 2.45831996e-01
56.54265 2.43425417e-01
56.73838 2.41045775e-01
56.93479 2.38692772e-01
57.13187 2.36366064e-01
57.32964 2.34065281e-01
57.52809 2.31790151e-01
57.72723 2.29540329e-01
57.92705 2.27316579e-01
58.12757 2.25117694e-01
58.32879 2.22943179e-01
58.53070 2.20792789e-01
58.73331 2.18666177e-01
58.93662 2.16563047e-01
59.14063 2.14483129e-01
59.34535 2.12426102e-01
59.55078 2.10391694e-01
59.75692 2.08379609e-01
59.96377 2.06389601e-01
60.17134 2.04421349e-01
60.37963 2.02474607e-01
60.58864 2.00549102e-01
60.79837 1.98644589e-01
61.00883 1.96760771e-01
61.22002 1.94897401e-01
61.43194 1.93054234e-01
61.64459 1.91231022e-01
61.85797 1.89427494e-01
62.07210 1.87643453e-01
62.28697 1.85878627e-01
62.50258 1.84132769e-01
62.71894 1.82415969e-01
62.93605 1.80718631e-01
63.15390 1.79039374e-01
63.37252 1.77378049e-01
63.59189 1.75734386e-01
63.81201 1.74108162e-01
64.03290 1.72499205e-01
64.25456 1.70907292e-01
64.47698 1.69332177e-01
64.70017 1.67773713e-01
64.92414 1.66231676e-01
65.14888 1.64705845e-01
65.37440 1.63196023e-01
65.60070 1.61702062e-01
65.82778 1.60223739e-01
66.05565 1.58760858e-01
66.28430 1.57313270e-01
66.51375 1.55880729e-01
66.74400 1.54463111e-01
66.97504 1.53060219e-01
67.20688 1.51671855e-01
67.43952 1.50297897e-01
67.67297 1.48938123e-01
67.90722 1.47592383e-01
68.14229 1.46260507e-01
68.37817 1.44944392e-01
68.61486 1.43641943e-01
68.85238 1.42352863e-01
69.09072 1.41077004e-01
69.32988 1.39814169e-01
69.56987 1.38564235e-01
69.81069 1.37327054e-01
70.05235 1.36102453e-01
70.29484 1.34890283e-01
70.53817 1.33690423e-01
70.78235 1.32502723e-01
71.02737 1.31327011e-01
71.27323 1.30163188e-01
71.51995 1.29011107e-01
71.76752 1.27870594e-01
72.01595 1.26741576e-01
72.26524 1.25623855e-01
72.51539 1.24517358e-01
72.76641 1.23421911e-01
73.01830 1.22337417e-01
73.27106 1.21263726e-01
73.52469 1.20200716e-01
73.77920 1.19148288e-01
74.03460 1.18106294e-01
74.29087 1.17074635e-01
74.54804 1.16053189e-01
74.80609 1.15041831e-01
75.06504 1.14041918e-01
75.32488 1.13052908e-01
75.58563 1.12073592e-01
75.84727 1.11103921e-01
76.10982 1.10143721e-01
76.37328 1.09192920e-01
76.63766 1.08251418e-01
76.90295 1.07319067e-01
77.16915 1.06395819e-01
77.43628 1.05481549e-01
77.70433 1.04576159e-01
77.97331 1.03679550e-01
78.24322 1.02791599e-01
78.51407 1.01912257e-01
78.78585 1.01041376e-01
79.05857 1.00178906e-01
79.33224 9.93247240e-02
79.60686 9.84787560e-02
79.88242 9.76408787e-02
80.15894 9.68110427e-02
80.43642 9.59891493e-02
80.71486 9.51751247e-02
80.99426 9.43688453e-02
81.27463 9.35702373e-02
81.55596 9.27792267e-02
81.83828 9.19957147e-02
82.12157 9.12196520e-02
82.40584 9.04509400e-02
82.69109 8.96894800e-02
82.97733 8.89352227e-02
83.26457 8.81898453e-02
83.55279 8.74542607e-02
83.84202 8.67255580e-02
84.13225 8.60036880e-02
84.42348 8.52885520e-02
84.71572 8.45800760e-02
85.00897 8.38781860e-02
85.30323 8.31828573e-02
85.59852 8.24939420e-02
85.89482 8.18114400e-02
86.19215 8.11352527e-02
86.49052 8.04653307e-02
86.78991 7.98015753e-02
87.09034 7.91439373e-02
87.39181 7.84923673e-02
87.69432 7.78467667e-02
87.99789 7.72071107e-02
88.30250 7.65733253e-02
88.60816 7.59453367e-02
88.91489 7.53230707e-02
89.22267 7.47065027e-02
89.53153 7.40955587e-02
89.84145 7.34901893e-02
90.15244 7.28902960e-02
90.46451 7.22958787e-02
90.77766 7.17068387e-02
91.09190 7.11231513e-02
91.40722 7.05447180e-02
91.72363 6.99715140e-02
92.04114 6.94034900e-02
92.35975 6.88405967e-02
92.67946 6.82827353e-02
93.00028 6.77299060e-02
93.32221 6.71820347e-02
93.64525 6.66397380e-02
93.96941 6.61026213e-02
94.29469 6.55702900e-02
94.62110 6.50426947e-02
94.94864 6.45198353e-02
95.27731 6.40015887e-02
95.60712 6.34879793e-02
95.93807 6.29789087e-02
96.27017 6.24743520e-02
96.60342 6.19742847e-02
96.93782 6.14786080e-02
97.27338 6.09873220e-02
97.61010 6.05003773e-02
97.94798 6.00177000e-02
98.28704 5.95392900e-02
98.62727 5.90650733e-02
98.96867 5.85950253e-02
99.31126 5.81290720e-02
99.65504 5.76672380e-02
100.00000 5.72094000e-02
