        2000  4.000000 3.700000
0.10000 1.95650929e-04
0.10035 3.86226325e-03
0.10069 1.96020573e-04
0.10104 5.29003109e-03
0.10139 4.18154267e-03
0.10174 9.30124155e-03
0.10210 2.35241856e-01
0.10245 1.95895997e-04
0.10280 5.38549504e-03
0.10316 2.05645408e-04
0.10352 2.00461461e-02
0.10387 1.99443813e-04
0.10423 1.98031301e-04
0.10459 1.98792613e-04
0.10496 2.01700123e-04
0.10532 9.93650885e-03
0.10568 1.98986000e-04
0.10605 1.02167518e-02
0.10642 2.04186523e-03
0.10679 1.02438022e-02
0.10716 2.00740096e-04
0.10753 1.04399279e-02
0.10790 1.99208000e-04
0.10827 1.05910181e-02
0.10865 1.99792304e-04
0.10902 1.06254489e-02
0.10940 1.31746009e-03
0.10978 1.09138594e-02
0.11016 2.00456528e-04
0.11054 1.11129648e-02
0.11092 7.01690101e-04
0.11131 2.01862133e-04
0.11169 2.05215616e-04
0.11208 2.05993307e-04
0.11247 2.00328064e-04
0.11286 1.72935297e-01
0.11325 1.73935244e-01
0.11364 1.75012782e-01
0.11403 1.76157375e-01
0.11443 1.77342579e-01
0.11482 1.78543095e-01
0.11522 1.79750618e-01
0.11562 1.99660683e-04
0.11602 2.00931312e-04
0.11642 2.03513419e-04
0.11682 2.06451317e-04
0.11723 1.99187477e-04
0.11763 4.57053205e-02
0.11804 2.00392395e-04
0.11845 5.01001707e-02
0.11886 1.68757888e-03
0.11927 5.44523376e-02
0.11968 1.80857342e-03
0.12010 5.87535333e-02
0.12051 1.70961371e-03
0.12093 6.29862939e-02
0.12135 1.60999235e-03
0.12177 6.71531648e-02
0.12219 1.71962285e-03
0.12262 7.12604411e-02
0.12304 1.80215180e-03
0.12347 7.52977627e-02
0.12389 1.79543082e-03
0.12432 7.92596832e-02
0.12475 1.64916775e-03
0.12518 8.31536619e-02
0.12562 1.67117081e-03
0.12605 8.69772320e-02
0.12649 1.82241023e-03
0.12693 9.07238027e-02
0.12737 1.85207299e-03
0.12781 9.43988400e-02
0.12825 1.76699430e-03
0.12869 9.80034491e-02
0.12914 1.63849478e-03
0.12959 1.01530940e-01
0.13003 1.37880293e-03
0.13048 1.04988753e-01
0.13094 1.48991857e-03
0.13139 1.08377203e-01
0.13184 1.46310452e-03
0.13230 1.11692818e-01
0.13276 1.32200151e-03
0.13322 1.14939898e-01
0.13368 1.22430119e-03
0.13414 1.18119629e-01
0.13461 1.40183962e-03
0.13507 1.21230174e-01
0.13554 2.05400715e-04
0.13601 1.61684711e-01
0.13648 2.06921563e-04
0.13695 6.86141024e-04
0.13743 2.66363888e-02
0.13790 5.44570539e-03
0.13838 5.48141285e-03
0.13886 5.51752683e-03
0.13934 5.55397824e-03
0.13982 5.59072171e-03
0.14031 5.62772960e-03
0.14079 5.66498416e-03
0.14128 5.70247157e-03
0.14177 5.74018395e-03
0.14226 5.77811931e-03
0.14275 5.81627173e-03
0.14324 5.85463925e-03
0.14374 5.89322384e-03
0.14424 5.93201957e-03
0.14474 5.97102645e-03
0.14524 6.01024448e-03
0.14574 6.04967365e-03
0.14625 6.08930805e-03
0.14675 6.12914965e-03
0.14726 6.16919648e-03
0.14777 6.20944656e-03
0.14828 6.24989792e-03
0.14879 6.29054661e-03
0.14931 6.33139264e-03
0.14983 6.37243008e-03
0.15034 6.41366091e-03
0.15087 6.45507723e-03
0.15139 6.49667707e-03
0.15191 6.53845648e-03
0.15244 6.58041152e-03
0.15297 6.62253824e-03
0.15349 6.66482875e-03
0.15403 6.70728107e-03
0.15456 6.74988731e-03
0.15509 6.79264155e-03
0.15563 6.83553787e-03
0.15617 6.87856640e-03
0.15671 6.92171925e-03
0.15725 6.96498656e-03
0.15780 7.00836240e-03
0.15834 7.05183099e-03
0.15889 7.09538443e-03
0.15944 7.13900891e-03
0.15999 7.18269061e-03
0.16055 7.22641573e-03
0.16110 7.27016651e-03
0.16166 7.31392517e-03
0.16222 1.98641061e-04
0.16278 1.57831739e-03
0.16335 6.69182197e-03
0.16391 2.02291728e-04
0.16448 7.02963493e-02
0.16505 1.99753232e-04
0.16562 7.11826128e-02
0.16619 1.99388955e-04
0.16677 7.20770853e-02
0.16734 2.00389237e-04
0.16792 7.29796683e-02
0.16851 2.03391467e-04
0.16909 7.38902629e-02
0.16967 2.02012107e-04
0.17026 7.48087312e-02
0.17085 2.00306357e-04
0.17144 7.57349547e-02
0.17204 1.07338894e-03
0.17263 7.66687360e-02
0.17323 1.89815269e-03
0.17383 7.76098581e-02
0.17443 2.67182032e-03
0.17503 7.85579856e-02
0.17564 3.39835429e-03
0.17625 7.95127632e-02
0.17686 4.07540299e-03
0.17747 8.04736976e-02
0.17808 4.70647696e-03
0.17870 8.14401179e-02
0.17932 5.28947659e-03
0.17994 8.24111755e-02
0.18056 5.82725136e-03
0.18119 8.33856667e-02
0.18182 6.31805291e-03
0.18244 8.43619536e-02
0.18308 6.76362763e-03
0.18371 8.53376880e-02
0.18435 7.16288427e-03
0.18498 8.63095941e-02
0.18562 7.51588992e-03
0.18627 8.72729163e-02
0.18691 7.82277877e-03
0.18756 8.82208661e-02
0.18821 8.08206491e-03
0.18886 8.91438731e-02
0.18951 8.29508032e-03
0.19017 9.00268805e-02
0.19083 8.46740165e-03
0.19149 9.08578709e-02
0.19215 8.61303563e-03
0.19282 9.16186107e-02
0.19348 8.75316203e-03
0.19415 9.22989963e-02
0.19483 8.92040795e-03
0.19550 9.29009024e-02
0.19618 9.10476859e-03
0.19686 8.81345920e-02
0.19754 9.19878805e-03
0.19822 8.09959995e-02
0.19891 1.99195568e-04
0.19960 3.60898395e-02
0.20029 3.61203275e-02
0.20098 3.60904512e-02
0.20168 2.04545275e-04
0.20237 2.05632187e-04
0.20307 2.06039285e-04
0.20378 2.05479451e-04
0.20448 2.04106208e-04
0.20519 2.02478997e-04
0.20590 2.01224944e-04
0.20661 2.00801072e-04
0.20733 2.01325189e-04
0.20805 2.02493205e-04
0.20877 2.03691413e-04
0.20949 2.04376949e-04
0.21021 2.04187115e-04
0.21094 2.03115397e-04
0.21167 2.01537323e-04
0.21240 2.02770656e-04
0.21314 2.00581045e-04
0.21388 1.98695525e-04
0.21462 1.97779307e-04
0.21536 1.98174368e-04
0.21611 1.99659696e-04
0.21685 2.01629675e-04
0.21760 2.03292603e-04
0.21836 2.03955248e-04
0.21911 2.03360485e-04
0.21987 2.01653749e-04
0.22063 1.99408885e-04
0.22140 1.97384048e-04
0.22216 1.96272686e-04
0.22293 1.96420390e-04
0.22370 1.97775755e-04
0.22448 1.99811248e-04
0.22526 2.01856213e-04
0.22604 2.03163349e-04
0.22682 2.03311547e-04
0.22760 2.02206875e-04
0.22839 2.00181643e-04
0.22918 1.97859621e-04
0.22998 1.95953283e-04
0.23077 1.95041247e-04
0.23157 1.95392422e-04
0.23237 1.96890991e-04
0.23318 1.99089600e-04
0.23398 2.01311376e-04
0.23479 2.02905237e-04
0.23561 2.03408832e-04
0.23642 2.02654032e-04
0.23724 1.93753351e-04
0.23806 1.95678535e-04
0.23889 1.15544902e-03
0.23971 1.98569824e-04
0.24054 3.35206779e-04
0.24137 2.03197883e-04
0.24221 1.96292262e-04
0.24305 1.99352053e-04
0.24389 5.93831056e-03
0.24473 1.04764918e-02
0.24558 2.07054368e-04
0.24643 2.02529120e-04
0.24728 2.03500592e-04
0.24814 5.50508101e-03
0.24900 1.06483987e-02
0.24986 1.99511696e-04
0.25073 2.04576256e-04
0.25159 2.01443195e-04
0.25246 5.03999200e-03
0.25334 3.20789013e-02
0.25422 1.97712016e-04
0.25510 1.97474624e-04
0.25598 1.91391666e-04
0.25687 3.13795717e-02
0.25775 1.93476236e-04
0.25865 2.08690656e-04
0.25954 4.56706688e-03
0.26044 8.58230491e-04
0.26134 2.03066459e-04
0.26225 1.27829988e-03
0.26315 1.12659929e-02
0.26406 1.20284810e-02
0.26498 1.13010353e-02
0.26590 3.25602565e-02
0.26682 1.97377339e-04
0.26774 1.97183577e-04
0.26867 1.99190043e-04
0.26960 2.00158752e-04
0.27053 3.22439115e-03
0.27147 2.01643883e-04
0.27241 3.03543659e-03
0.27335 2.96924309e-03
0.27430 2.49068016e-02
0.27525 2.75048923e-03
0.27620 2.23786261e-02
0.27715 2.62149243e-03
0.27811 2.13479936e-04
0.27908 1.99873408e-04
0.28004 1.98475696e-04
0.28101 1.97190799e-04
0.28198 1.96562155e-04
0.28296 1.96499857e-04
0.28394 1.97994005e-04
0.28492 1.91828977e-04
0.28591 1.93700999e-04
0.28690 1.95388337e-04
0.28789 1.96678384e-04
0.28889 1.97410885e-04
0.28989 1.97495541e-04
0.29089 1.96919565e-04
0.29190 1.95746083e-04
0.29291 1.94104329e-04
0.29392 1.92172277e-04
0.29494 1.90155373e-04
0.29596 1.88263538e-04
0.29699 1.86689193e-04
0.29801 1.85588507e-04
0.29905 1.85067468e-04
0.30008 1.85173949e-04
0.30112 1.85895992e-04
0.30216 1.87165714e-04
0.30321 1.88868306e-04
0.30426 1.90854505e-04
0.30531 1.92955217e-04
0.30637 1.94996769e-04
0.30743 1.96815333e-04
0.30849 1.98269285e-04
0.30956 1.99249243e-04
0.31063 1.99683968e-04
0.31171 1.99543269e-04
0.31279 1.98838000e-04
0.31387 1.97616704e-04
0.31496 1.95959163e-04
0.31605 1.93970122e-04
0.31714 1.91770151e-04
0.31824 1.89487399e-04
0.31934 1.87249422e-04
0.32044 1.85175706e-04
0.32155 1.83371605e-04
0.32267 1.81923771e-04
0.32378 1.80897026e-04
0.32490 1.80332988e-04
0.32603 1.80250009e-04
0.32716 1.80644478e-04
0.32829 1.81493091e-04
0.32943 1.82755866e-04
0.33057 1.84379702e-04
0.33171 1.86301926e-04
0.33286 1.88454162e-04
0.33401 1.90765587e-04
0.33517 1.93166166e-04
0.33633 1.95589242e-04
0.33749 1.97973680e-04
0.33866 2.00265312e-04
0.33983 2.02418416e-04
0.34101 2.04396091e-04
0.34219 2.06170315e-04
0.34337 2.07721947e-04
0.34456 2.09040331e-04
0.34576 2.10122507e-04
0.34695 2.10972816e-04
0.34815 2.11600928e-04
0.34936 2.12022432e-04
0.35057 2.12256667e-04
0.35178 2.12325931e-04
0.35300 2.12255285e-04
0.35422 2.12071568e-04
0.35545 2.11801813e-04
0.35668 2.11473253e-04
0.35791 2.11111344e-04
0.35915 2.10740160e-04
0.36039 2.10380027e-04
0.36164 2.10046928e-04
0.36289 2.09751915e-04
0.36415 2.09501104e-04
0.36541 2.09295877e-04
0.36668 2.09134064e-04
0.36795 2.09011125e-04
0.36922 2.08921339e-04
0.37050 2.08858389e-04
0.37178 2.08816752e-04
0.37307 2.08791099e-04
0.37436 2.08777483e-04
0.37565 2.08772549e-04
0.37695 2.08773733e-04
0.37826 2.08779259e-04
0.37957 2.08787941e-04
0.38088 2.08798795e-04
0.38220 2.08811029e-04
0.38352 2.08824448e-04
0.38485 2.08838656e-04
0.38618 2.08853456e-04
0.38752 2.08868848e-04
0.38886 2.08884437e-04
0.39021 2.08900421e-04
0.39156 2.08916603e-04
0.39291 6.12444325e-02
0.39427 5.23718720e-02
0.39564 5.24327099e-02
0.39701 6.32770448e-02
0.39838 4.85737381e-02
0.39976 4.91249493e-02
0.40115 5.34076549e-02
0.40253 4.78287851e-02
0.40393 4.87714464e-02
0.40533 4.90975200e-02
0.40673 4.78099003e-02
0.40814 5.98516144e-02
0.40955 4.53424640e-02
0.41097 4.91789989e-02
0.41239 5.65400256e-02
0.41382 4.48361067e-02
0.41525 5.32685547e-02
0.41669 4.47880165e-02
0.41813 4.43471739e-02
0.41958 4.36157184e-02
0.42103 4.20364203e-02
0.42249 4.44575424e-02
0.42395 4.15216368e-02
0.42542 4.55907883e-02
0.42689 4.90325776e-02
0.42837 4.10404395e-02
0.42985 4.47191275e-02
0.43134 4.09393061e-02
0.43283 4.12870272e-02
0.43433 4.11954251e-02
0.43583 4.30632245e-02
0.43734 5.20034704e-02
0.43886 3.77793088e-02
0.44037 3.97325339e-02
0.44190 3.84621808e-02
0.44343 3.82658933e-02
0.44496 3.85468960e-02
0.44650 3.90014928e-02
0.44805 4.51905371e-02
0.44960 3.67304821e-02
0.45116 3.90291984e-02
0.45272 3.55107648e-02
0.45429 3.88536704e-02
0.45586 3.47548400e-02
0.45744 3.55575525e-02
0.45902 3.60997061e-02
0.46061 3.41931307e-02
0.46220 4.95106571e-02
0.46380 3.47898667e-02
0.46541 4.04493275e-02
0.46702 3.30598059e-02
0.46864 3.96083323e-02
0.47026 3.21750619e-02
0.47189 4.07709019e-02
0.47352 3.09628037e-02
0.47516 3.20156363e-02
0.47680 3.17447963e-02
0.47845 3.56296581e-02
0.48011 3.20082363e-02
0.48177 3.11907040e-02
0.48344 3.17178011e-02
0.48511 3.32276773e-02
0.48679 3.48285243e-02
0.48848 3.05646443e-02
0.49017 3.17861376e-02
0.49186 3.22693675e-02
0.49357 3.72493307e-02
0.49528 2.99645536e-02
0.49699 3.13989893e-02
0.49871 2.97866773e-02
0.50044 3.51337792e-02
0.50217 2.75438064e-02
0.50391 2.91652352e-02
0.50565 2.96172469e-02
0.50740 3.36071493e-02
0.50916 2.70657467e-02
0.51092 2.88190533e-02
0.51269 2.97560315e-02
0.51446 3.08005365e-02
0.51625 2.65412544e-02
0.51803 2.79275211e-02
0.51983 2.93173792e-02
0.52163 2.86658635e-02
0.52343 2.65504304e-02
0.52524 2.48918635e-02
0.52706 2.61423253e-02
0.52889 2.56485381e-02
0.53072 2.63480453e-02
0.53255 2.39781115e-02
0.53440 2.55006960e-02
0.53625 2.51860283e-02
0.53810 3.52646112e-02
0.53997 2.33795205e-02
0.54183 3.05769776e-02
0.54371 2.48732549e-02
0.54559 2.76880571e-02
0.54748 2.69755061e-02
0.54938 2.56565499e-02
0.55128 2.44609467e-02
0.55319 2.47858560e-02
0.55510 2.78151792e-02
0.55702 2.11490816e-02
0.55895 2.40340357e-02
0.56089 2.21248752e-02
0.56283 2.54501589e-02
0.56478 2.14619733e-02
0.56673 2.64134021e-02
0.56869 2.14407205e-02
0.57066 2.20738448e-02
0.57264 2.91047920e-02
0.57462 2.06016592e-02
0.57661 4.02697344e-02
0.57860 2.11498709e-02
0.58061 2.26617008e-02
0.58262 2.26127029e-02
0.58463 2.16752315e-02
0.58666 2.07765557e-02
0.58869 2.09584773e-02
0.59073 2.40707595e-02
0.59277 2.11621253e-02
0.59482 2.60243595e-02
0.59688 1.99342187e-02
0.59895 2.07066997e-02
0.60102 2.39811899e-02
0.60310 2.06892752e-02
0.60519 4.26344784e-02
0.60728 1.94597800e-02
0.60939 2.04241973e-02
0.61150 2.22809659e-02
0.61361 2.18125163e-02
0.61574 2.65525024e-02
0.61787 1.74925166e-02
0.62001 1.87585599e-02
0.62215 1.96685074e-02
0.62431 1.87496622e-02
0.62647 2.40020875e-02
0.62864 1.70906690e-02
0.63081 1.83025680e-02
0.63300 1.90669702e-02
0.63519 1.86511869e-02
0.63739 2.68317291e-02
0.63959 1.67459948e-02
0.64181 1.76304349e-02
0.64403 1.84457116e-02
0.64626 1.84849889e-02
0.64849 3.06809723e-02
0.65074 1.67935107e-02
0.65299 1.68265147e-02
0.65525 1.79527493e-02
0.65752 1.80691483e-02
0.65980 2.12099392e-02
0.66208 1.75858257e-02
0.66437 1.62751752e-02
0.66667 2.02593648e-02
0.66898 1.75671836e-02
0.67130 1.83667112e-02
0.67362 2.04247696e-02
0.67595 1.97691099e-02
0.67829 2.17251963e-02
0.68064 3.84694821e-02
0.68299 1.58079649e-02
0.68536 2.03678389e-02
0.68773 1.54224762e-02
0.69011 1.45129234e-02
0.69250 1.58134448e-02
0.69490 1.50490682e-02
0.69730 1.61327183e-02
0.69972 1.89307254e-02
0.70214 1.44884126e-02
0.70457 1.83011176e-02
0.70701 1.50054319e-02
0.70946 1.47974110e-02
0.71191 1.66765571e-02
0.71438 1.74525547e-02
0.71685 1.42301428e-02
0.71933 2.02761776e-02
0.72182 1.39872649e-02
0.72432 1.45718550e-02
0.72683 1.66747535e-02
0.72934 1.59564029e-02
0.73187 1.45509456e-02
0.73440 2.03830139e-02
0.73694 1.36210675e-02
0.73949 1.42863966e-02
0.74205 1.61712614e-02
0.74462 1.54585704e-02
0.74720 1.43815823e-02
0.74979 2.91007269e-02
0.75238 1.32072062e-02
0.75499 1.38104503e-02
0.75760 1.55762521e-02
0.76022 1.53916783e-02
0.76285 1.43440653e-02
0.76549 2.60375216e-02
0.76814 1.28709423e-02
0.77080 1.31613993e-02
0.77347 1.47641051e-02
0.77615 1.51870812e-02
0.77884 1.42595849e-02
0.78153 3.82455088e-02
0.78424 1.29307679e-02
0.78695 1.25938232e-02
0.78968 1.36616965e-02
0.79241 1.49803982e-02
0.79515 1.41735318e-02
0.79790 2.01255531e-02
0.80067 1.38524468e-02
0.80344 1.22662045e-02
0.80622 1.26870198e-02
0.80901 1.51963381e-02
0.81181 1.39397549e-02
0.81462 1.43343723e-02
0.81744 1.79571656e-02
0.82027 1.24239429e-02
0.82311 1.19722686e-02
0.82596 1.57245442e-02
0.82882 1.32954340e-02
0.83169 1.36220838e-02
0.83457 1.64237613e-02
0.83745 1.42731891e-02
0.84035 1.18874804e-02
0.84326 1.18566470e-02
0.84618 1.65037484e-02
0.84911 1.27808557e-02
0.85205 1.37287148e-02
0.85500 2.09879984e-02
0.85796 1.34604283e-02
0.86093 1.16698237e-02
0.86391 1.21458805e-02
0.86690 1.30199665e-02
0.86990 1.22984744e-02
0.87291 1.30845359e-02
0.87593 1.97803973e-02
0.87897 1.32845826e-02
0.88201 1.15842540e-02
0.88506 1.25714653e-02
0.88813 1.27167441e-02
0.89120 1.19674300e-02
0.89428 1.25646119e-02
0.89738 1.65238645e-02
0.90049 1.36739351e-02
0.90360 1.16021936e-02
0.90673 1.18585908e-02
0.90987 1.43351912e-02
0.91302 1.17290789e-02
0.91618 1.18804454e-02
0.91935 1.37569019e-02
0.92253 1.52561814e-02
0.92573 1.20188629e-02
0.92893 1.14781065e-02
0.93215 1.97763125e-02
0.93537 1.12718911e-02
0.93861 1.10832543e-02
0.94186 1.20069302e-02
0.94512 1.47389411e-02
0.94839 1.31912696e-02
0.95168 2.88204544e-02
0.95497 1.23179473e-02
0.95828 1.32704891e-02
0.96159 1.08745447e-02
0.96492 1.08012689e-02
0.96826 1.19072255e-02
0.97161 1.38993509e-02
0.97498 1.25804558e-02
0.97835 1.13826879e-02
0.98174 1.37813811e-02
0.98514 1.30784620e-02
0.98855 1.03305914e-02
0.99197 1.04979242e-02
0.99540 1.14426654e-02
0.99885 1.28661767e-02
1.00231 4.07537733e-02
1.00578 1.12813710e-02
1.00926 1.34053269e-02
1.01275 5.30246704e-02
1.01626 1.00678223e-02
1.01978 1.00799426e-02
1.02330 1.07547278e-02
1.02685 1.29916156e-02
1.03040 1.69634482e-02
1.03397 1.24117871e-02
1.03755 1.33962180e-02
1.04114 5.53763904e-02
1.04474 1.10362534e-02
1.04836 1.05607176e-02
1.05199 1.09363791e-02
1.05563 1.18410617e-02
1.05928 4.76270512e-02
1.06295 1.24598536e-02
1.06663 1.24633425e-02
1.07032 1.71301850e-02
1.07403 1.21124897e-02
1.07775 1.04278037e-02
1.08148 1.02497420e-02
1.08522 1.06605623e-02
1.08898 1.26131481e-02
1.09275 1.20686521e-02
1.09653 1.19795956e-02
1.10032 1.28233396e-02
1.10413 2.02036576e-02
1.10796 1.13369283e-02
1.11179 1.01629627e-02
1.11564 1.02883246e-02
1.11950 1.13445966e-02
1.12338 3.76512592e-02
1.12726 1.23052804e-02
1.13117 1.25923037e-02
1.13508 1.41682058e-02
1.13901 1.72670830e-02
1.14295 1.22434243e-02
1.14691 1.09869990e-02
1.15088 1.05976268e-02
1.15487 1.10538852e-02
1.15886 2.15703883e-02
1.16287 1.16280739e-02
1.16690 1.20153129e-02
1.17094 1.33859291e-02
1.17499 2.26095061e-02
1.17906 1.26901416e-02
1.18314 1.10379229e-02
1.18724 1.03421394e-02
1.19135 1.04854882e-02
1.19547 3.29268032e-02
1.19961 1.10618495e-02
1.20376 1.12116413e-02
1.20793 1.31174926e-02
1.21211 1.98323355e-02
1.21630 1.53439079e-02
1.22052 1.27738958e-02
1.22474 1.14529346e-02
1.22898 1.09784012e-02
1.23323 1.22870212e-02
1.23750 1.49925006e-02
1.24179 1.12189289e-02
1.24609 1.16126246e-02
1.25040 1.28471420e-02
1.25473 2.12116955e-02
1.25907 1.84284884e-02
1.26343 1.33834782e-02
1.26780 1.22198193e-02
1.27219 1.18046990e-02
1.27659 1.43275485e-02
1.28101 1.53257927e-02
1.28545 1.15989435e-02
1.28990 1.18179184e-02
1.29436 1.28523812e-02
1.29884 1.75313834e-02
1.30334 1.69691926e-02
1.30785 1.42773311e-02
1.31238 1.31384829e-02
1.31692 1.25505500e-02
1.32148 1.37254016e-02
1.32605 2.62883125e-02
1.33064 1.25335458e-02
1.33525 1.19868476e-02
1.33987 1.24889563e-02
1.34451 1.43232308e-02
1.34916 1.91061508e-02
1.35383 1.67980000e-02
1.35852 1.44825814e-02
1.36322 1.34954649e-02
1.36794 1.33034319e-02
1.37268 1.70425138e-02
1.37743 1.89473606e-02
1.38220 1.27629951e-02
1.38698 1.22709286e-02
1.39178 1.28372082e-02
1.39660 1.47655318e-02
1.40144 1.75474819e-02
1.40629 1.76978479e-02
1.41115 1.52937201e-02
1.41604 1.42822999e-02
1.42094 1.40892823e-02
1.42586 1.68100255e-02
1.43080 2.37543749e-02
1.43575 1.37216937e-02
1.44072 1.29220734e-02
1.44571 1.37085691e-02
1.45071 1.44057102e-02
1.45573 1.61275738e-02
1.46077 1.79598710e-02
1.46583 1.67081857e-02
1.47090 1.53182842e-02
1.47599 1.52592045e-02
1.48110 1.62820621e-02
1.48623 2.92203701e-02
1.49137 1.95137743e-02
1.49654 1.45628073e-02
1.50172 1.38977012e-02
1.50692 1.43346860e-02
1.51213 1.50197366e-02
1.51737 1.63309475e-02
1.52262 1.76857474e-02
1.52789 1.74800136e-02
1.53318 1.65090251e-02
1.53849 1.60621894e-02
1.54381 1.70370733e-02
1.54916 2.06455264e-02
1.55452 2.20162235e-02
1.55990 1.66880656e-02
1.56530 2.11850555e-02
1.57072 1.46715932e-02
1.57615 1.46812843e-02
1.58161 1.60616270e-02
1.58709 1.70760367e-02
1.59258 1.78129860e-02
1.59809 1.77274361e-02
1.60362 1.73489803e-02
1.60918 1.93000643e-02
1.61475 1.96837593e-02
1.62034 2.26948331e-02
1.62594 2.12162539e-02
1.63157 2.09967600e-02
1.63722 1.62535534e-02
1.64289 1.57717068e-02
1.64857 1.58651185e-02
1.65428 1.63159048e-02
1.66001 1.70118699e-02
1.66575 1.78069969e-02
1.67152 1.88030882e-02
1.67731 1.93010707e-02
1.68311 2.48767477e-02
1.68894 2.01482661e-02
1.69478 2.29275680e-02
1.70065 2.40192949e-02
1.70654 1.05204873e-01
1.71245 1.82807804e-02
1.71837 1.72966159e-02
1.72432 1.68114562e-02
1.73029 1.68302462e-02
1.73628 1.71649098e-02
1.74229 1.77715262e-02
1.74832 1.89570970e-02
1.75437 2.01896469e-02
1.76045 3.31872043e-02
1.76654 2.09108213e-02
1.77266 2.23532491e-02
1.77879 2.43970896e-02
1.78495 3.28742928e-02
1.79113 2.54983280e-02
1.79733 2.05425579e-02
1.80355 1.88282482e-02
1.80979 1.83579378e-02
1.81606 1.83384057e-02
1.82234 1.83799562e-02
1.82865 1.86901287e-02
1.83498 1.94045227e-02
1.84133 2.39937008e-02
1.84771 2.42482016e-02
1.85410 2.16973131e-02
1.86052 2.29807296e-02
1.86696 2.50471253e-02
1.87342 3.66944885e-02
1.87991 3.19863717e-02
1.88642 2.45680987e-02
1.89295 2.21508443e-02
1.89950 2.11609216e-02
1.90607 2.02935232e-02
1.91267 1.98858917e-02
1.91929 1.99076773e-02
1.92594 2.07082784e-02
1.93260 2.27537963e-02
1.93929 9.27657488e-02
1.94601 2.33695157e-02
1.95274 2.30413701e-02
1.95950 2.44542373e-02
1.96629 2.75320256e-02
1.97309 5.87221179e-02
1.97992 3.37540443e-02
1.98678 2.75403728e-02
1.99365 2.53254837e-02
2.00055 2.40350027e-02
2.00748 2.27665243e-02
2.01443 2.22556283e-02
2.02140 2.22192795e-02
2.02840 2.26342517e-02
2.03542 2.49929771e-02
2.04247 8.90352805e-02
2.04954 2.72508453e-02
2.05663 2.47549536e-02
2.06375 2.54574208e-02
2.07090 2.75181925e-02
2.07806 3.39830299e-02
2.08526 9.03491456e-02
2.09247 3.57063616e-02
2.09972 3.06866555e-02
2.10699 2.87800405e-02
2.11428 2.72880427e-02
2.12160 2.62101488e-02
2.12894 2.55891803e-02
2.13631 2.51749973e-02
2.14371 2.55325456e-02
2.15113 2.83879984e-02
2.15857 7.16631589e-02
2.16605 3.55753520e-02
2.17354 2.72079648e-02
2.18107 2.71012075e-02
2.18862 2.86427755e-02
2.19619 3.23349019e-02
2.20380 4.68131696e-02
2.21143 7.49927051e-02
2.21908 3.88640304e-02
2.22676 3.37459536e-02
2.23447 3.22675717e-02
2.24220 3.13976672e-02
2.24997 3.05602043e-02
2.25775 2.98143040e-02
2.26557 2.95505088e-02
2.27341 3.01492971e-02
2.28128 3.37021061e-02
2.28918 6.66161024e-02
2.29710 5.46401397e-02
2.30505 3.23245024e-02
2.31303 3.01986304e-02
2.32104 3.08337872e-02
2.32908 3.31984720e-02
2.33714 3.88580512e-02
2.34523 5.84011355e-02
2.35335 7.01442843e-02
2.36149 4.46003525e-02
2.36967 3.79812005e-02
2.37787 3.62524619e-02
2.38610 3.56018539e-02
2.39436 3.51583867e-02
2.40265 3.47857029e-02
2.41097 3.49956656e-02
2.41931 3.58942427e-02
2.42769 3.98354037e-02
2.43609 6.06848544e-02
2.44452 1.00643789e-01
2.45298 4.50641056e-02
2.46148 3.67363627e-02
2.47000 3.55988741e-02
2.47855 3.62244603e-02
2.48713 3.89968555e-02
2.49574 4.50404453e-02
2.50438 5.97975845e-02
2.51304 7.28404299e-02
2.52174 5.63842901e-02
2.53047 4.53413984e-02
2.53923 4.16483248e-02
2.54802 4.03099509e-02
2.55684 3.99868571e-02
2.56569 4.01506437e-02
2.57457 4.04726325e-02
2.58349 4.15124213e-02
2.59243 4.49672347e-02
2.60140 5.57676235e-02
2.61041 9.53170912e-02
2.61944 8.57958368e-02
2.62851 5.18911680e-02
2.63761 4.38197216e-02
2.64674 4.20456160e-02
2.65590 4.26270389e-02
2.66510 4.49676491e-02
2.67432 4.96352139e-02
2.68358 5.79495973e-02
2.69287 6.89864507e-02
2.70219 7.10892544e-02
2.71154 6.12902731e-02
2.72093 5.30387797e-02
2.73035 4.89883552e-02
2.73980 4.73582437e-02
2.74928 4.70031819e-02
2.75880 4.72585115e-02
2.76835 4.82202944e-02
2.77793 5.03617557e-02
2.78755 5.56196629e-02
2.79720 6.78282816e-02
2.80688 9.70786859e-02
2.81660 1.05737949e-01
2.82635 7.22121797e-02
2.83613 5.66728507e-02
2.84595 5.12964843e-02
2.85580 4.99637147e-02
2.86569 5.07938565e-02
2.87561 5.29418496e-02
2.88556 5.68189168e-02
2.89555 6.29932005e-02
2.90557 6.97746395e-02
2.91563 7.40370592e-02
2.92572 7.24518213e-02
2.93585 6.70778427e-02
2.94601 6.20001205e-02
2.95621 5.88719728e-02
2.96644 5.76004357e-02
2.97671 5.73410805e-02
2.98702 5.84683472e-02
2.99736 6.04232299e-02
3.00773 6.45889563e-02
3.01814 7.24755211e-02
3.02859 8.74724005e-02
3.03907 1.09634986e-01
3.04960 1.13162675e-01
3.06015 9.11249024e-02
3.07074 7.41166832e-02
3.08137 6.58527973e-02
3.09204 6.20763109e-02
3.10274 6.09089461e-02
3.11348 6.15349269e-02
3.12426 6.34245120e-02
3.13508 6.64260112e-02
3.14593 7.03360133e-02
3.15682 7.45895531e-02
3.16775 7.80404592e-02
3.17871 7.93559227e-02
3.18972 7.81932149e-02
3.20076 7.59109563e-02
3.21184 7.32709125e-02
3.22295 7.14400933e-02
3.23411 7.07694955e-02
3.24531 7.13220091e-02
3.25654 7.31936368e-02
3.26781 7.70164176e-02
3.27912 8.32227483e-02
3.29047 9.27701296e-02
3.30187 1.06342420e-01
3.31330 1.20635688e-01
3.32476 1.24244382e-01
3.33627 1.12614009e-01
3.34782 9.77561707e-02
3.35941 8.70003200e-02
3.37104 8.09415157e-02
3.38271 7.75956107e-02
3.39442 7.63777483e-02
3.40617 7.66935408e-02
3.41796 7.74949904e-02
3.42979 7.92811333e-02
3.44166 8.16376485e-02
3.45358 8.42571499e-02
3.46553 8.67800171e-02
3.47753 8.87905675e-02
3.48957 9.01326709e-02
3.50164 9.06100597e-02
3.51377 9.01699669e-02
3.52593 8.94848453e-02
3.53814 8.91973899e-02
3.55038 8.96244587e-02
3.56267 9.07716165e-02
3.57500 9.31433659e-02
3.58738 9.71803125e-02
3.59980 1.03279254e-01
3.61226 1.11586100e-01
3.62476 1.21596307e-01
3.63731 1.31627411e-01
3.64990 1.37751947e-01
3.66254 1.36369884e-01
3.67521 1.28117443e-01
3.68794 1.17770013e-01
3.70070 1.09155663e-01
3.71351 1.02934138e-01
3.72637 9.89682512e-02
3.73927 9.68751760e-02
3.75221 9.58331179e-02
3.76520 9.57110869e-02
3.77823 9.63037579e-02
3.79131 9.76438683e-02
3.80443 9.93644373e-02
3.81760 1.01299962e-01
3.83082 1.03099799e-01
3.84408 1.05133537e-01
3.85739 1.07142094e-01
3.87074 1.08522263e-01
3.88414 1.09991824e-01
3.89758 1.11455130e-01
3.91107 1.12728383e-01
3.92461 1.14204614e-01
3.93820 1.16105566e-01
3.95183 1.18645285e-01
3.96551 1.22349627e-01
3.97924 1.27204421e-01
3.99301 1.32773247e-01
4.00683 1.39513127e-01
4.02070 1.46892348e-01
4.03462 1.53741926e-01
4.04859 1.58654441e-01
4.06260 1.60171500e-01
4.07667 1.57217815e-01
4.09078 1.51513046e-01
4.10494 1.44770975e-01
4.11915 1.37935092e-01
4.13341 1.32075812e-01
4.14771 1.27588018e-01
4.16207 1.24456160e-01
4.17648 1.22451155e-01
4.19094 1.21184531e-01
4.20545 1.20684706e-01
4.22000 1.20815518e-01
4.23461 1.21608009e-01
4.24927 1.22842230e-01
4.26398 1.24404439e-01
4.27874 1.26228943e-01
4.29355 1.28268009e-01
4.30841 1.30454008e-01
4.32332 1.32778042e-01
4.33829 1.35215464e-01
4.35331 1.37888364e-01
4.36838 1.40767260e-01
4.38350 1.43815428e-01
4.39867 1.47178659e-01
4.41390 1.50971347e-01
4.42918 1.54901516e-01
4.44451 1.59148603e-01
4.45990 1.64197890e-01
4.47533 1.69743331e-01
4.49083 1.75707810e-01
4.50637 1.81590041e-01
4.52197 1.86984562e-01
4.53762 1.91419766e-01
4.55333 1.94382312e-01
4.56909 1.95582730e-01
4.58491 1.94810762e-01
4.60078 1.92322783e-01
4.61670 1.88380221e-01
4.63269 1.83621212e-01
4.64872 1.78790354e-01
4.66481 1.74223824e-01
4.68096 1.70104057e-01
4.69717 1.66649934e-01
4.71343 1.63955071e-01
4.72974 1.61912158e-01
4.74611 1.60479498e-01
4.76254 1.59608153e-01
4.77903 1.59261458e-01
4.79557 1.59475525e-01
4.81217 1.60159423e-01
4.82883 1.61332294e-01
4.84555 1.62873665e-01
4.86232 1.64613533e-01
4.87915 1.66744555e-01
4.89604 1.69352572e-01
4.91299 1.72210590e-01
4.92999 1.75267125e-01
4.94706 1.78730681e-01
4.96418 1.82606978e-01
4.98137 1.86762049e-01
4.99861 1.91207377e-01
5.01591 1.96004846e-01
5.03328 2.01118384e-01
5.05070 2.06347520e-01
5.06818 2.11742613e-01
5.08573 2.17436075e-01
5.10333 2.23191696e-01
5.12100 2.28763995e-01
5.13873 2.34031216e-01
5.15651 2.38850688e-01
5.17436 2.42970219e-01
5.19228 2.46245557e-01
5.21025 2.48500880e-01
5.22828 2.49578517e-01
5.24638 2.49590555e-01
5.26454 2.48805365e-01
5.28277 2.47239723e-01
5.30105 2.44985189e-01
5.31940 2.42359275e-01
5.33782 2.39587925e-01
5.35629 2.36826245e-01
5.37484 2.34214933e-01
5.39344 2.31852261e-01
5.41211 2.29812821e-01
5.43084 2.28138448e-01
5.44965 2.26927611e-01
5.46851 2.26143605e-01
5.48744 2.25632315e-01
5.50643 2.25455307e-01
5.52550 2.25776565e-01
5.54462 2.26567675e-01
5.56381 2.27690501e-01
5.58308 2.29123931e-01
5.60240 2.30940581e-01
5.62179 2.33164528e-01
5.64125 2.35731440e-01
5.66078 2.38622571e-01
5.68038 2.41843643e-01
5.70004 2.45366832e-01
5.71977 2.49200229e-01
5.73957 2.53450000e-01
5.75944 2.58013136e-01
5.77938 2.62768080e-01
5.79938 2.67710096e-01
5.81946 2.72903515e-01
5.83960 2.78339653e-01
5.85982 2.83879589e-01
5.88010 2.89431760e-01
5.90045 2.94966960e-01
5.92088 3.00440987e-01
5.94137 3.05746491e-01
5.96194 3.10813616e-01
5.98258 3.15557509e-01
6.00329 3.19929232e-01
6.02407 3.23892475e-01
6.04492 3.27345216e-01
6.06585 3.30253120e-01
6.08684 3.32618949e-01
6.10791 3.34386661e-01
6.12906 3.35634992e-01
6.15027 3.36491221e-01
6.17156 3.37048293e-01
6.19293 3.37305024e-01
6.21436 3.37358896e-01
6.23588 3.37264176e-01
6.25746 3.37098416e-01
6.27912 3.36925947e-01
6.30086 3.36800640e-01
6.32267 3.36771435e-01
6.34455 3.36885099e-01
6.36652 3.37167088e-01
6.38856 3.37653712e-01
6.41067 3.38428048e-01
6.43286 3.39545744e-01
6.45513 3.40921947e-01
6.47747 3.42471211e-01
6.49990 3.44284901e-01
6.52240 3.46426363e-01
6.54497 3.48913157e-01
6.56763 3.51674837e-01
6.59037 3.54699168e-01
6.61318 3.57990293e-01
6.63607 3.61576037e-01
6.65904 3.65464688e-01
6.68209 3.69596059e-01
6.70522 3.74013563e-01
6.72843 3.78657211e-01
6.75172 3.83499376e-01
6.77510 3.88518155e-01
6.79855 3.93697563e-01
6.82208 3.99100549e-01
6.84570 4.04653904e-01
6.86939 4.10296651e-01
6.89317 4.16034117e-01
6.91704 4.21797237e-01
6.94098 4.27602981e-01
6.96500 4.33432208e-01
6.98911 4.39193355e-01
7.01331 4.44908128e-01
7.03759 4.50510224e-01
7.06195 4.55969845e-01
7.08639 4.61357637e-01
7.11092 4.66552437e-01
7.13554 4.71567664e-01
7.16024 4.76411013e-01
7.18502 4.81039072e-01
7.20990 4.85517355e-01
7.23485 4.89827509e-01
7.25990 4.93947237e-01
7.28503 4.97998293e-01
7.31025 5.01913781e-01
7.33555 5.05705936e-01
7.36094 5.09446784e-01
7.38642 5.13113435e-01
7.41199 5.16760155e-01
7.43765 5.20468048e-01
7.46340 5.24184821e-01
7.48923 5.27991184e-01
7.51516 5.31940219e-01
7.54117 5.35970752e-01
7.56727 5.40153035e-01
7.59347 5.44501077e-01
7.61975 5.48983307e-01
7.64613 5.53719504e-01
7.67260 5.58680661e-01
7.69916 5.63806789e-01
7.72581 5.69198923e-01
7.75255 5.74810293e-01
7.77939 5.80595317e-01
7.80632 5.86777179e-01
7.83334 5.93219125e-01
7.86046 5.99826832e-01
7.88767 6.06780267e-01
7.91497 6.13958267e-01
7.94237 6.21278347e-01
7.96986 6.28900149e-01
7.99745 6.36717707e-01
8.02513 6.44643995e-01
8.05291 6.52866480e-01
8.08079 6.61287088e-01
8.10876 6.69777947e-01
8.13683 6.78510144e-01
8.16500 6.87440859e-01
8.19326 6.96403936e-01
8.22162 7.05530603e-01
8.25008 7.14864272e-01
8.27864 7.24198731e-01
8.30730 7.33635605e-01
8.33605 7.43370651e-01
8.36491 7.53085371e-01
8.39386 7.62804432e-01
8.42292 7.72897835e-01
8.45208 7.82962427e-01
8.48133 7.92998603e-01
8.51069 8.03393728e-01
8.54016 8.13839371e-01
8.56972 8.24262912e-01
8.59938 8.35010869e-01
8.62915 8.46003520e-01
8.65902 8.56986501e-01
8.68899 8.68165040e-01
8.71907 8.79898283e-01
8.74925 8.91633104e-01
8.77954 9.03371872e-01
8.80993 9.15743488e-01
8.84043 9.28171739e-01
8.87103 9.40603541e-01
8.90174 9.53441653e-01
8.93255 9.66615627e-01
8.96347 9.79779536e-01
8.99450 9.93028101e-01
9.02563 1.00697463e+00
9.05688 1.02088131e+00
9.08823 1.03473924e+00
9.11969 1.04910096e+00
9.15126 1.06367067e+00
9.18294 1.07814487e+00
9.21472 1.09264670e+00
9.24662 1.10774053e+00
9.27863 1.12268222e+00
9.31075 1.13745933e+00
9.34298 1.15256954e+00
9.37532 1.16779578e+00
9.40777 1.18279449e+00
9.44034 1.19765409e+00
9.47302 1.21738683e+00
9.50581 1.23660887e+00
9.53871 1.25529318e+00
9.57173 1.27205329e+00
9.60487 1.28621768e+00
9.63811 1.30004838e+00
9.67148 1.31353453e+00
9.70495 1.32547359e+00
9.73855 1.33664227e+00
9.77226 1.34756033e+00
9.80609 1.35822185e+00
9.84003 1.36747146e+00
9.87409 1.37650498e+00
9.90827 1.38535361e+00
9.94257 1.39375764e+00
9.97699 1.40095083e+00
10.01153 1.40803391e+00
10.04618 1.41500432e+00
10.08096 1.42134523e+00
10.11585 1.42671349e+00
10.15087 1.43202432e+00
10.18601 1.43727714e+00
10.22127 1.44222606e+00
10.25665 1.44687346e+00
10.29215 1.45148691e+00
10.32778 1.45606643e+00
10.36353 1.46036218e+00
10.39941 1.46443790e+00
10.43540 1.46850079e+00
10.47153 1.47254889e+00
10.50777 1.47596927e+00
10.54415 1.47892828e+00
10.58065 1.48190782e+00
10.61727 1.48490906e+00
10.65403 1.48762259e+00
10.69091 1.49008472e+00
10.72791 1.49258059e+00
10.76505 1.49511119e+00
10.80231 1.49727456e+00
10.83971 1.49892446e+00
10.87723 1.50060634e+00
10.91488 1.50232077e+00
10.95266 1.50368710e+00
10.99058 1.50400422e+00
11.02862 1.50430417e+00
11.06680 1.50458438e+00
11.10511 1.50482414e+00
11.14355 1.50465345e+00
11.18212 1.50443460e+00
11.22083 1.50416445e+00
11.25967 1.50383866e+00
11.29865 1.50305820e+00
11.33776 1.50206897e+00
11.37701 1.50098364e+00
11.41639 1.49979687e+00
11.45591 1.49807988e+00
11.49556 1.49562091e+00
11.53536 1.49298019e+00
11.57529 1.49015043e+00
11.61536 1.48711545e+00
11.65556 1.48270879e+00
11.69591 1.47801443e+00
11.73640 1.47302486e+00
11.77702 1.46773396e+00
11.81779 1.46073060e+00
11.85870 1.45199445e+00
11.89975 1.44272748e+00
11.94094 1.43292673e+00
11.98227 1.42259198e+00
12.02375 1.40555955e+00
12.06537 1.38737252e+00
12.10714 1.36820929e+00
12.14905 1.34811996e+00
12.19110 1.32486186e+00
12.23330 1.29654038e+00
12.27565 1.26750357e+00
12.31814 1.23794935e+00
12.36078 1.20807131e+00
12.40357 1.18180407e+00
12.44651 1.15775210e+00
12.48959 1.13407368e+00
12.53283 1.11083058e+00
12.57621 1.08806660e+00
12.61974 1.06945431e+00
12.66343 1.05187566e+00
12.70726 1.03480258e+00
12.75125 1.01819797e+00
12.79539 1.00215654e+00
12.83968 9.92373941e-01
12.88413 9.82842544e-01
12.92873 9.73496443e-01
12.97348 9.64273872e-01
13.01839 9.56054939e-01
13.06345 9.58049584e-01
13.10867 9.59949707e-01
13.15405 9.61738336e-01
13.19959 9.63403829e-01
13.24528 9.64933952e-01
13.29113 9.66264176e-01
13.33713 9.67479157e-01
13.38330 9.68580475e-01
13.42963 9.69571483e-01
13.47612 9.70457509e-01
13.52277 9.74770032e-01
13.56958 9.79218320e-01
13.61655 9.83609184e-01
13.66368 9.87952293e-01
13.71098 9.92255936e-01
13.75844 9.95746171e-01
13.80607 9.98936064e-01
13.85386 1.00211155e+00
13.90182 1.00528132e+00
13.94994 1.00845424e+00
13.99823 1.01310835e+00
14.04668 1.01967698e+00
14.09531 1.02629416e+00
14.14410 1.03296699e+00
14.19306 1.03970138e+00
14.24219 1.04651885e+00
14.29149 1.05379552e+00
14.34096 1.06114342e+00
14.39060 1.06856612e+00
14.44042 1.07606617e+00
14.49041 1.08364633e+00
14.54057 1.09130898e+00
14.59090 1.09904247e+00
14.64141 1.10684346e+00
14.69209 1.11471252e+00
14.74295 1.12265025e+00
14.79398 1.13065725e+00
14.84519 1.13986068e+00
14.89658 1.14921349e+00
14.94814 1.15862589e+00
14.99989 1.16809750e+00
15.05181 1.17762732e+00
15.10392 1.18727909e+00
15.15620 1.19722725e+00
15.20866 1.20722120e+00
15.26131 1.21725994e+00
15.31414 1.22734229e+00
15.36715 1.23746687e+00
15.42034 1.24771361e+00
15.47372 1.25811801e+00
15.52729 1.26853168e+00
15.58103 1.27895305e+00
15.63497 1.28938034e+00
15.68909 1.29981197e+00
15.74340 1.31034069e+00
15.79790 1.32099314e+00
15.85258 1.33163039e+00
15.90746 1.34225028e+00
15.96252 1.35285024e+00
16.01778 1.36342790e+00
16.07323 1.37342954e+00
16.12886 1.38229060e+00
16.18470 1.39109324e+00
16.24072 1.39983452e+00
16.29694 1.40851186e+00
16.35335 1.41712289e+00
16.40996 1.42556599e+00
16.46677 1.43324463e+00
16.52377 1.44085874e+00
16.58097 1.44840654e+00
16.63836 1.45588587e+00
16.69596 1.46329455e+00
16.75375 1.47063061e+00
16.81175 1.47589744e+00
16.86994 1.48055115e+00
16.92834 1.48517053e+00
16.98694 1.48975537e+00
17.04574 1.49430529e+00
17.10474 1.49882007e+00
17.16395 1.50332638e+00
17.22337 1.50786287e+00
17.28299 1.51236267e+00
17.34281 1.51682556e+00
17.40285 1.52125135e+00
17.46309 1.52563985e+00
17.52354 1.52999085e+00
17.58420 1.53350003e+00
17.64507 1.53654942e+00
17.70615 1.53957908e+00
17.76744 1.54258999e+00
17.82894 1.54558235e+00
17.89066 1.54855695e+00
17.95259 1.55151419e+00
18.01473 1.55395343e+00
18.07709 1.55629972e+00
18.13967 1.55864029e+00
18.20246 1.56097554e+00
18.26547 1.56330604e+00
18.32870 1.56563221e+00
18.39214 1.56795443e+00
18.45581 1.56958795e+00
18.51969 1.57114570e+00
18.58380 1.57270799e+00
18.64813 1.57427561e+00
18.71268 1.57584835e+00
18.77746 1.57742662e+00
18.84246 1.57901042e+00
18.90768 1.58047602e+00
18.97313 1.58190945e+00
19.03881 1.58334840e+00
19.10472 1.58479249e+00
19.17085 1.58624170e+00
19.23721 1.58769605e+00
19.30380 1.58915513e+00
19.37062 1.59076063e+00
19.43768 1.59253900e+00
19.50496 1.59432092e+00
19.57248 1.59610620e+00
19.64023 1.59789443e+00
19.70822 1.59968563e+00
19.77644 1.60147939e+00
19.84490 1.60327532e+00
19.91359 1.60515551e+00
19.98252 1.60704063e+00
20.05169 1.60892675e+00
20.12110 1.61081325e+00
20.19076 1.61269996e+00
20.26065 1.61458646e+00
20.33078 1.61647218e+00
20.40116 1.61834685e+00
20.47178 1.62019172e+00
20.54264 1.62203422e+00
20.61375 1.62387356e+00
20.68511 1.62570935e+00
20.75671 1.62754100e+00
20.82856 1.62936772e+00
20.90066 1.63118871e+00
20.97301 1.63313382e+00
21.04561 1.63531377e+00
21.11846 1.63748463e+00
21.19157 1.63964582e+00
21.26492 1.64179676e+00
21.33853 1.64393644e+00
21.41240 1.64606429e+00
21.48652 1.64817911e+00
21.56090 1.65024578e+00
21.63553 1.65217274e+00
21.71043 1.65408924e+00
21.78558 1.65599114e+00
21.86099 1.65787706e+00
21.93666 1.65974580e+00
22.01260 1.66159620e+00
22.08880 1.66342725e+00
22.16526 1.66523739e+00
22.24199 1.66610684e+00
22.31898 1.66679475e+00
22.39624 1.66745779e+00
22.47377 1.66809478e+00
22.55156 1.66870414e+00
22.62962 1.66928430e+00
22.70796 1.66983368e+00
22.78656 1.67035089e+00
22.86544 1.67064867e+00
22.94459 1.67030708e+00
23.02402 1.66991498e+00
23.10372 1.66947059e+00
23.18369 1.66897271e+00
23.26394 1.66841959e+00
23.34447 1.66780963e+00
23.42528 1.66714186e+00
23.50637 1.66641449e+00
23.58774 1.66517030e+00
23.66939 1.66302213e+00
23.75133 1.66077450e+00
23.83354 1.65842623e+00
23.91604 1.65597634e+00
23.99883 1.65342364e+00
24.08191 1.65076733e+00
24.16527 1.64800664e+00
24.24892 1.64514057e+00
24.33286 1.64196962e+00
24.41709 1.63785641e+00
24.50161 1.63359361e+00
24.58642 1.62918045e+00
24.67153 1.62461672e+00
24.75693 1.61990262e+00
24.84263 1.61503757e+00
24.92863 1.61002195e+00
25.01492 1.60485596e+00
25.10151 1.59953980e+00
25.18840 1.59337234e+00
25.27559 1.58677825e+00
25.36309 1.58000518e+00
25.45088 1.57305451e+00
25.53898 1.56592781e+00
25.62739 1.55862707e+00
25.71610 1.55115426e+00
25.80512 1.54351134e+00
25.89444 1.53570089e+00
25.98408 1.52772526e+00
26.07403 1.51910890e+00
26.16428 1.51030132e+00
26.25485 1.50132739e+00
26.34574 1.49219066e+00
26.43694 1.48289527e+00
26.52845 1.47344538e+00
26.62028 1.46384471e+00
26.71243 1.45409783e+00
26.80489 1.44420886e+00
26.89768 1.43418255e+00
26.99079 1.42360016e+00
27.08422 1.41280524e+00
27.17798 1.40188738e+00
27.27205 1.39085210e+00
27.36646 1.37970514e+00
27.46119 1.36845279e+00
27.55625 1.35710060e+00
27.65164 1.34565468e+00
27.74736 1.33412094e+00
27.84341 1.32250511e+00
27.93979 1.31082475e+00
28.03650 1.29910118e+00
28.13355 1.28732156e+00
28.23094 1.27549143e+00
28.32867 1.26361670e+00
28.42673 1.25170309e+00
28.52513 1.23975634e+00
28.62387 1.22778175e+00
28.72295 1.21578507e+00
28.82238 1.20377142e+00
28.92215 1.19174632e+00
29.02227 1.17977865e+00
29.12273 1.16788833e+00
29.22354 1.15600728e+00
29.32470 1.14414044e+00
29.42621 1.13229196e+00
29.52807 1.12046636e+00
29.63029 1.10866761e+00
29.73286 1.09689983e+00
29.83578 1.08516718e+00
29.93906 1.07347301e+00
30.04269 1.06182107e+00
30.14669 1.05024056e+00
30.25104 1.03885285e+00
30.35576 1.02752118e+00
30.46084 1.01624831e+00
30.56628 1.00503741e+00
30.67209 9.93890448e-01
30.77826 9.82810181e-01
30.88481 9.71798784e-01
30.99172 9.60858427e-01
31.09900 9.49991280e-01
31.20665 9.39198923e-01
31.31467 9.28483525e-01
31.42307 9.17972763e-01
31.53184 9.07744187e-01
31.64099 8.97597307e-01
31.75052 8.87533307e-01
31.86043 8.77553173e-01
31.97072 8.67657696e-01
32.08139 8.57847861e-01
32.19244 8.48124261e-01
32.30388 8.38487685e-01
32.41570 8.28938528e-01
32.52791 8.19477381e-01
32.64051 8.10104443e-01
32.75349 8.00903381e-01
32.86687 7.92414299e-01
32.98064 7.84004544e-01
33.09481 7.75673723e-01
33.20937 7.67422427e-01
33.32433 7.59250064e-01
33.43968 7.51157029e-01
33.55544 7.43142731e-01
33.67159 7.35207365e-01
33.78815 7.27350539e-01
33.90511 7.19572251e-01
34.02247 7.11871909e-01
34.14024 7.04249515e-01
34.25842 6.96690661e-01
34.37701 6.89176405e-01
34.49601 6.81738517e-01
34.61542 6.74376800e-01
34.73525 6.67091056e-01
34.85549 6.59880496e-01
34.97614 6.52745120e-01
35.09721 6.45684336e-01
35.21871 6.38697749e-01
35.34062 6.31784768e-01
35.46295 6.24945195e-01
35.58571 6.18178240e-01
35.70889 6.11483707e-01
35.83250 6.04861003e-01
35.95654 5.98371499e-01
36.08101 5.91959152e-01
36.20590 5.85616464e-01
36.33123 5.79343040e-01
36.45700 5.73138288e-01
36.58320 5.67001616e-01
36.70983 5.60932432e-01
36.83691 5.54930144e-01
36.96442 5.48994160e-01
37.09238 5.43122112e-01
37.22077 5.37316960e-01
37.34962 5.31576336e-01
37.47890 5.25899648e-01
37.60864 5.20286304e-01
37.73883 5.14907787e-01
37.86946 5.09620437e-01
38.00055 5.04391499e-01
38.13209 4.99220379e-01
38.26409 4.94106683e-01
38.39654 4.89049621e-01
38.52946 4.84048800e-01
38.66283 4.79103429e-01
38.79667 4.74213115e-01
38.93096 4.69377067e-01
39.06573 4.64594891e-01
39.20096 4.59865797e-01
39.33665 4.55189392e-01
39.47282 4.50565083e-01
39.60946 4.46002341e-01
39.74657 4.41618187e-01
39.88416 4.37281195e-01
40.02222 4.32990773e-01
40.16076 4.28746331e-01
40.29978 4.24547669e-01
40.43928 4.20393803e-01
40.57926 4.16284731e-01
40.71973 4.12219664e-01
40.86069 4.08198208e-01
41.00213 4.04219968e-01
41.14406 4.00284549e-01
41.28648 3.96391163e-01
41.42940 3.92539611e-01
41.57281 3.88729301e-01
41.71672 3.84960037e-01
41.86113 3.81193536e-01
42.00603 3.77430981e-01
42.15144 3.73709472e-01
42.29735 3.70028416e-01
42.44377 3.66387221e-01
42.59069 3.62785691e-01
42.73812 3.59223232e-01
42.88606 3.55699253e-01
43.03451 3.52213755e-01
43.18348 3.48765749e-01
43.33297 3.45355237e-01
43.48297 3.41981824e-01
43.63349 3.38644720e-01
43.78453 3.35343728e-01
43.93609 3.32078453e-01
44.08818 3.28848304e-01
44.24079 3.25652885e-01
44.39394 3.22487067e-01
44.54761 3.19355584e-01
44.70182 3.16258043e-01
44.85655 3.13193851e-01
45.01183 3.10162811e-01
45.16764 3.07164528e-01
45.32399 3.04198608e-01
45.48089 3.01264459e-01
45.63832 2.98362080e-01
45.79630 2.95490880e-01
45.95483 2.92650464e-01
46.11391 2.89840635e-01
46.27353 2.87060800e-01
46.43371 2.84310960e-01
46.59445 2.81590325e-01
46.75574 2.78899093e-01
46.91759 2.76236277e-01
47.08000 2.73572475e-01
47.24297 2.70918144e-01
47.40650 2.68292427e-01
47.57060 2.65694928e-01
47.73527 2.63125451e-01
47.90051 2.60583797e-01
48.06633 2.58069376e-01
48.23271 2.55581989e-01
48.39967 2.53121243e-01
48.56721 2.50686939e-01
48.73533 2.48278683e-01
48.90403 2.45896277e-01
49.07332 2.43539328e-01
49.24319 2.41207637e-01
49.41365 2.38900811e-01
49.58470 2.36618453e-01
49.75634 2.34360368e-01
49.92858 2.32126555e-01
50.10141 2.29918987e-01
50.27484 2.27806533e-01
50.44887 2.25715984e-01
50.62350 2.23647141e-01
50.79874 2.21599611e-01
50.97458 2.19573589e-01
51.15104 2.17568288e-01
51.32810 2.15583904e-01
51.50578 2.13619845e-01
51.68407 2.11676112e-01
51.86298 2.09752309e-01
52.04250 2.07848240e-01
52.22265 2.05963904e-01
52.40343 2.04098709e-01
52.58482 2.02252656e-01
52.76685 2.00425547e-01
52.94951 1.98616987e-01
53.13280 1.96826937e-01
53.31672 1.95055100e-01
53.50128 1.93301261e-01
53.68648 1.91562024e-01
53.87232 1.89827503e-01
54.05880 1.88110664e-01
54.24593 1.86411328e-01
54.43371 1.84729278e-01
54.62214 1.83064298e-01
54.81122 1.81416229e-01
55.00095 1.79784855e-01
55.19134 1.78169997e-01
55.38239 1.76571439e-01
55.57410 1.74989023e-01
55.76647 1.73422552e-01
55.95951 1.71871847e-01
56.15322 1.70336732e-01
56.34760 1.68817029e-01
56.54265 1.67312559e-01
56.73838 1.65823147e-01
56.93479 1.64348613e-01
57.13187 1.62888820e-01
57.32964 1.61443570e-01
57.52809 1.60012706e-01
57.72723 1.58596090e-01
57.92705 1.57195358e-01
58.12757 1.55808737e-01
58.32879 1.54435869e-01
58.53070 1.53076578e-01
58.73331 1.51730745e-01
58.93662 1.50398172e-01
59.14063 1.49078742e-01
59.34535 1.47772297e-01
59.55078 1.46478698e-01
59.75692 1.45197807e-01
59.96377 1.43929467e-01
60.17134 1.42673539e-01
60.37963 1.41429905e-01
60.58864 1.40198387e-01
60.79837 1.38978907e-01
61.00883 1.37771286e-01
61.22002 1.36575406e-01
61.43194 1.35391130e-01
61.64459 1.34218358e-01
61.85797 1.33056933e-01
62.07210 1.31906756e-01
62.28697 1.30767669e-01
62.50258 1.29639574e-01
62.71894 1.28530186e-01
62.93605 1.27432223e-01
63.15390 1.26344778e-01
63.37252 1.25267713e-01
63.59189 1.24200909e-01
63.81201 1.23144268e-01
64.03290 1.22097691e-01
64.25456 1.21061040e-01
64.47698 1.20034216e-01
64.70017 1.19017140e-01
64.92414 1.18009675e-01
65.14888 1.17011721e-01
65.37440 1.16023199e-01
65.60070 1.15043972e-01
65.82778 1.14073960e-01
66.05565 1.13113085e-01
66.28430 1.12161208e-01
66.51375 1.11218251e-01
66.74400 1.10284134e-01
66.97504 1.09358739e-01
67.20688 1.08441968e-01
67.43952 1.07533761e-01
67.67297 1.06634020e-01
67.90722 1.05742626e-01
68.14229 1.04859519e-01
68.37817 1.03986438e-01
68.61486 1.03121585e-01
68.85238 1.02264724e-01
69.09072 1.01415777e-01
69.32988 1.00574663e-01
69.56987 9.97412848e-02
69.81069 9.89155632e-02
70.05235 9.80974389e-02
70.29484 9.72868133e-02
70.53817 9.64836272e-02
70.78235 9.56877819e-02
71.02737 9.48991984e-02
71.27323 9.41178176e-02
71.51995 9.33435605e-02
71.76752 9.25763483e-02
72.01595 9.18161216e-02
72.26524 9.10628016e-02
72.51539 9.03162896e-02
72.76641 8.95765659e-02
73.01830 8.88435120e-02
73.27106 8.81170885e-02
73.52469 8.73972363e-02
73.77920 8.66838565e-02
74.03460 8.59768901e-02
74.29087 8.52762976e-02
74.54804 8.45819803e-02
74.80609 8.38938987e-02
75.06504 8.32131973e-02
75.32488 8.25394224e-02
75.58563 8.18716661e-02
75.84727 8.12098693e-02
76.10982 8.05539531e-02
76.37328 7.99038779e-02
76.63766 7.92595648e-02
76.90295 7.86209744e-02
77.16915 7.79880277e-02
77.43628 7.73607051e-02
77.70433 7.67389077e-02
77.97331 7.61225963e-02
78.24322 7.55117312e-02
78.51407 7.49062336e-02
78.78585 7.43060640e-02
79.05857 7.37111632e-02
79.33224 7.31214917e-02
79.60686 7.25369904e-02
79.88242 7.19576000e-02
80.15894 7.13832613e-02
80.43642 7.08139547e-02
80.71486 7.02496208e-02
80.99426 6.96902005e-02
81.27463 6.91356544e-02
81.55596 6.85859232e-02
81.83828 6.80409675e-02
82.12157 6.75007280e-02
82.40584 6.69651851e-02
82.69109 6.64342795e-02
82.97733 6.59079520e-02
83.26457 6.53875445e-02
83.55279 6.48737675e-02
83.84202 6.43643712e-02
84.13225 6.38593557e-02
84.42348 6.33586619e-02
84.71572 6.28622501e-02
85.00897 6.23700613e-02
85.30323 6.18820955e-02
85.59852 6.13982539e-02
85.89482 6.09185563e-02
86.19215 6.04429237e-02
86.49052 5.99713365e-02
86.78991 5.95037552e-02
87.09034 5.90391141e-02
87.39181 5.85794261e-02
87.69432 5.81236453e-02
87.99789 5.76716928e-02
88.30250 5.72235685e-02
88.60816 5.67792133e-02
88.91489 5.63385877e-02
89.22267 5.59016917e-02
89.53153 5.54684464e-02
89.84145 5.50388517e-02
90.15244 5.46128485e-02
90.46451 5.41904368e-02
90.77766 5.37715376e-02
91.09190 5.33561509e-02
91.40722 5.29442176e-02
91.72363 5.25357376e-02
92.04114 5.21306517e-02
92.35975 5.17289403e-02
92.67946 5.13305835e-02
93.00028 5.09355221e-02
93.32221 5.05437563e-02
93.64525 5.01557595e-02
93.96941 4.97712555e-02
94.29469 4.93899088e-02
94.62110 4.90117195e-02
94.94864 4.86366677e-02
95.27731 4.82646944e-02
95.60712 4.78957797e-02
95.93807 4.75299040e-02
96.27017 4.71670475e-02
96.60342 4.68071509e-02
96.93782 4.64502144e-02
97.27338 4.60962181e-02
97.61010 4.57451029e-02
97.94798 4.53968688e-02
98.28704 4.50514763e-02
98.62727 4.47089056e-02
98.96867 4.43691173e-02
99.31126 4.40321115e-02
99.65504 4.36978683e-02
100.00000 4.33663088e-02
