        2000  3.000000 3.710000
0.10000 1.28392979e+00
0.10035 1.28403516e+00
0.10069 1.28414082e+00
0.10104 1.28424692e+00
0.10139 1.28435318e+00
0.10174 1.28445988e+00
0.10210 1.28456672e+00
0.10245 1.28467402e+00
0.10280 1.28478161e+00
0.10316 1.28488949e+00
0.10352 1.28499768e+00
0.10387 1.28510616e+00
0.10423 1.28521494e+00
0.10459 1.28532416e+00
0.10496 1.28543353e+00
0.10532 1.28554334e+00
0.10568 1.28565346e+00
0.10605 1.28576387e+00
0.10642 1.28587457e+00
0.10679 1.28598558e+00
0.10716 1.28609702e+00
0.10753 1.28620877e+00
0.10790 1.28632081e+00
0.10827 1.28643315e+00
0.10865 1.28654579e+00
0.10902 1.28665887e+00
0.10940 1.28677210e+00
0.10978 1.28688577e+00
0.11016 1.28699989e+00
0.11054 1.28711416e+00
0.11092 1.28722887e+00
0.11131 1.28734388e+00
0.11169 1.28745919e+00
0.11208 1.28757479e+00
0.11247 1.28769084e+00
0.11286 1.28780719e+00
0.11325 1.28792383e+00
0.11364 1.28804092e+00
0.11403 1.28815830e+00
0.11443 1.28827598e+00
0.11482 1.28839396e+00
0.11522 1.28851238e+00
0.11562 1.28863110e+00
0.11602 1.28875012e+00
0.11642 1.28886958e+00
0.11682 1.28898934e+00
0.11723 1.28910954e+00
0.11763 1.28922990e+00
0.11804 1.28935084e+00
0.11845 1.28947194e+00
0.11886 1.28959348e+00
0.11927 1.28971531e+00
0.11968 1.28983760e+00
0.12010 1.28996017e+00
0.12051 1.29008305e+00
0.12093 1.29020637e+00
0.12135 1.29032999e+00
0.12177 1.29045405e+00
0.12219 1.29057841e+00
0.12262 1.29070306e+00
0.12304 1.29082817e+00
0.12347 1.29095356e+00
0.12389 1.29107941e+00
0.12432 1.29120555e+00
0.12475 1.29133213e+00
0.12518 1.29145901e+00
0.12562 1.29158634e+00
0.12605 1.29171396e+00
0.12649 1.29184189e+00
0.12693 1.29197025e+00
0.12737 1.29209906e+00
0.12781 1.29222817e+00
0.12825 1.29235772e+00
0.12869 1.29248757e+00
0.12914 1.29261772e+00
0.12959 1.29274846e+00
0.13003 1.29287935e+00
0.13048 1.29301083e+00
0.13094 1.29314246e+00
0.13139 1.29327469e+00
0.13184 1.29340721e+00
0.13230 1.29354003e+00
0.13276 1.29367329e+00
0.13322 1.29380700e+00
0.13368 1.29394115e+00
0.13414 1.29407545e+00
0.13461 1.29421035e+00
0.13507 1.29434554e+00
0.13554 1.29448118e+00
0.13601 1.29461711e+00
0.13648 1.29475349e+00
0.13695 1.29489032e+00
0.13743 1.29502759e+00
0.13790 1.29516516e+00
0.13838 1.29530302e+00
0.13886 1.29544148e+00
0.13934 1.29558023e+00
0.13982 1.29571943e+00
0.14031 1.29585893e+00
0.14079 1.29599887e+00
0.14128 1.29613925e+00
0.14177 1.29628008e+00
0.14226 1.29642121e+00
0.14275 1.29656279e+00
0.14324 1.29670481e+00
0.14374 1.29684712e+00
0.14424 1.29699003e+00
0.14474 1.29713324e+00
0.14524 1.29727689e+00
0.14574 1.29742084e+00
0.14625 1.29756538e+00
0.14675 1.29771022e+00
0.14726 1.29785550e+00
0.14777 1.29800123e+00
0.14828 1.29814740e+00
0.14879 1.29829387e+00
0.14931 1.29844094e+00
0.14983 1.29858830e+00
0.15034 1.29873610e+00
0.15087 1.29888436e+00
0.15139 1.29903290e+00
0.15191 1.29918205e+00
0.15244 1.29933163e+00
0.15297 1.29948152e+00
0.15349 1.29963185e+00
0.15403 1.29978262e+00
0.15456 1.29993399e+00
0.15509 1.30008565e+00
0.15563 1.30023776e+00
0.15617 1.30039032e+00
0.15671 1.30054317e+00
0.15725 1.30069662e+00
0.15780 1.30085051e+00
0.15834 1.30100484e+00
0.15889 1.30115948e+00
0.15944 1.30131470e+00
0.15999 1.30147037e+00
0.16055 1.30162634e+00
0.16110 1.30178290e+00
0.16166 1.30193991e+00
0.16222 1.30209736e+00
0.16278 1.30225511e+00
0.16335 1.30241346e+00
0.16391 1.30257224e+00
0.16448 1.30273148e+00
0.16505 1.30289116e+00
0.16562 1.30305128e+00
0.16619 1.30321185e+00
0.16677 1.30337301e+00
0.16734 1.30353447e+00
0.16792 1.30369652e+00
0.16851 1.30385887e+00
0.16909 1.30402182e+00
0.16967 1.30418520e+00
0.17026 1.30434889e+00
0.17085 1.30451332e+00
0.17144 1.30467804e+00
0.17204 1.30484321e+00
0.17263 1.30500897e+00
0.17323 1.30517518e+00
0.17383 1.30534183e+00
0.17443 1.30550893e+00
0.17503 1.30567648e+00
0.17564 1.30584461e+00
0.17625 1.30601320e+00
0.17686 1.30618222e+00
0.17747 1.30635170e+00
0.17808 1.30652176e+00
0.17870 1.30669227e+00
0.17932 1.30686323e+00
0.17994 1.30703478e+00
0.18056 1.30720663e+00
0.18119 1.30737922e+00
0.18182 1.30755210e+00
0.18244 1.30772558e+00
0.18308 1.30789951e+00
0.18371 1.30807388e+00
0.18435 1.30824869e+00
0.18498 1.30842410e+00
0.18562 1.30860010e+00
0.18627 1.30877640e+00
0.18691 1.30895330e+00
0.18756 1.30913078e+00
0.18821 1.30930857e+00
0.18886 1.30948709e+00
0.18951 1.30966591e+00
0.19017 1.30984533e+00
0.19083 1.31002534e+00
0.19149 1.31020579e+00
0.19215 1.31038669e+00
0.19282 1.31056818e+00
0.19348 1.31075012e+00
0.19415 1.31093266e+00
0.19483 1.31111578e+00
0.19550 1.31129920e+00
0.19618 1.31148337e+00
0.19686 1.31166798e+00
0.19754 1.31185303e+00
0.19822 1.31203883e+00
0.19891 1.31222492e+00
0.19960 1.31241161e+00
0.20029 1.31250688e+00
0.20098 1.31247082e+00
0.20168 1.31243342e+00
0.20237 1.31239484e+00
0.20307 1.31235492e+00
0.20378 1.31231367e+00
0.20448 1.31227093e+00
0.20519 1.31222700e+00
0.20590 1.31218159e+00
0.20661 1.31213484e+00
0.20733 1.31208661e+00
0.20805 1.31203705e+00
0.20877 1.31198600e+00
0.20949 1.31193346e+00
0.21021 1.31187945e+00
0.21094 1.31182395e+00
0.21167 1.31176696e+00
0.21240 1.31170834e+00
0.21314 1.31164824e+00
0.21388 1.31158651e+00
0.21462 1.31152329e+00
0.21536 1.31145844e+00
0.21611 1.31139180e+00
0.21685 1.31132369e+00
0.21760 1.31125379e+00
0.21836 1.31118241e+00
0.21911 1.31110910e+00
0.21987 1.31103416e+00
0.22063 1.31099424e+00
0.22140 1.31096189e+00
0.22216 1.31092998e+00
0.22293 1.31089852e+00
0.22370 1.31086766e+00
0.22448 1.31083694e+00
0.22526 1.31080681e+00
0.22604 1.31077713e+00
0.22682 1.31074790e+00
0.22760 1.31071911e+00
0.22839 1.31069076e+00
0.22918 1.31066272e+00
0.22998 1.31063526e+00
0.23077 1.31060825e+00
0.23157 1.31058169e+00
0.23237 1.31055542e+00
0.23318 1.31052975e+00
0.23398 1.31050452e+00
0.23479 1.31047974e+00
0.23561 1.31045540e+00
0.23642 1.31043151e+00
0.23724 1.31040806e+00
0.23806 1.31038506e+00
0.23889 1.31036250e+00
0.23971 1.31034054e+00
0.24054 1.31038432e+00
0.24137 1.31046312e+00
0.24221 1.31054207e+00
0.24305 1.31062116e+00
0.24389 1.31070041e+00
0.24473 1.31077980e+00
0.24558 1.31085935e+00
0.24643 1.31093904e+00
0.24728 1.31101888e+00
0.24814 1.31109871e+00
0.24900 1.31117900e+00
0.24986 1.31125928e+00
0.25073 1.31133957e+00
0.25159 1.31142015e+00
0.25246 1.31150103e+00
0.25334 1.31158191e+00
0.25422 1.31166308e+00
0.25510 1.31174425e+00
0.25598 1.31182573e+00
0.25687 1.31190735e+00
0.25775 1.31198926e+00
0.25865 1.31207118e+00
0.25954 1.31215325e+00
0.26044 1.31226633e+00
0.26134 1.31241191e+00
0.26225 1.31255719e+00
0.26315 1.31270203e+00
0.26406 1.31284731e+00
0.26498 1.31299245e+00
0.26590 1.31313714e+00
0.26682 1.31328198e+00
0.26774 1.31342696e+00
0.26867 1.31357165e+00
0.26960 1.31371619e+00
0.27053 1.31386103e+00
0.27147 1.31400572e+00
0.27241 1.31415012e+00
0.27335 1.31429466e+00
0.27430 1.31443935e+00
0.27525 1.31458374e+00
0.27620 1.31472813e+00
0.27715 1.31487268e+00
0.27811 1.31501707e+00
0.27908 1.31516161e+00
0.28004 1.31530719e+00
0.28101 1.31548008e+00
0.28198 1.31565296e+00
0.28296 1.31582570e+00
0.28394 1.31599770e+00
0.28492 1.31616925e+00
0.28591 1.31634154e+00
0.28690 1.31651324e+00
0.28789 1.31668390e+00
0.28889 1.31685485e+00
0.28989 1.31702626e+00
0.29089 1.31719647e+00
0.29190 1.31736624e+00
0.29291 1.31753690e+00
0.29392 1.31770726e+00
0.29494 1.31787599e+00
0.29596 1.31804502e+00
0.29699 1.31821524e+00
0.29801 1.31838441e+00
0.29905 1.31855240e+00
0.30008 1.31872425e+00
0.30112 1.31893513e+00
0.30216 1.31914452e+00
0.30321 1.31935317e+00
0.30426 1.31956197e+00
0.30531 1.31976988e+00
0.30637 1.31997660e+00
0.30743 1.32018347e+00
0.30849 1.32039034e+00
0.30956 1.32059587e+00
0.31063 1.32080051e+00
0.31171 1.32100545e+00
0.31279 1.32121025e+00
0.31387 1.32141385e+00
0.31496 1.32161686e+00
0.31605 1.32182032e+00
0.31714 1.32202303e+00
0.31824 1.32222471e+00
0.31934 1.32242624e+00
0.32044 1.32265076e+00
0.32155 1.32290794e+00
0.32267 1.32316304e+00
0.32378 1.32341666e+00
0.32490 1.32367057e+00
0.32603 1.32392552e+00
0.32716 1.32417884e+00
0.32829 1.32442919e+00
0.32943 1.32467806e+00
0.33057 1.32492945e+00
0.33171 1.32518217e+00
0.33286 1.32543119e+00
0.33401 1.32567694e+00
0.33517 1.32592343e+00
0.33633 1.32617348e+00
0.33749 1.32642220e+00
0.33866 1.32666617e+00
0.33983 1.32690925e+00
0.34101 1.32721822e+00
0.34219 1.32753891e+00
0.34337 1.32785456e+00
0.34456 1.32816605e+00
0.34576 1.32847947e+00
0.34695 1.32879705e+00
0.34815 1.32911269e+00
0.34936 1.32941973e+00
0.35057 1.32972395e+00
0.35178 1.33003277e+00
0.35300 1.33034783e+00
0.35422 1.33066006e+00
0.35545 1.33095879e+00
0.35668 1.33125396e+00
0.35791 1.33155669e+00
0.35915 1.33186804e+00
0.36039 1.33219259e+00
0.36164 1.33253925e+00
0.36289 1.33288131e+00
0.36415 1.33323005e+00
0.36541 1.33358740e+00
0.36668 1.33393851e+00
0.36795 1.33427894e+00
0.36922 1.33461626e+00
0.37050 1.33495713e+00
0.37178 1.33529964e+00
0.37307 1.33563428e+00
0.37436 1.33596670e+00
0.37565 1.33630193e+00
0.37695 1.33663717e+00
0.37826 1.33696394e+00
0.37957 1.33728122e+00
0.38088 1.33763531e+00
0.38220 1.33801536e+00
0.38352 1.33839764e+00
0.38485 1.33876537e+00
0.38618 1.33911753e+00
0.38752 1.33947487e+00
0.38886 1.33985062e+00
0.39021 1.34022637e+00
0.39156 1.34057912e+00
0.39291 1.34091539e+00
0.39427 1.34125923e+00
0.39564 1.34163394e+00
0.39701 1.34201607e+00
0.39838 1.34236214e+00
0.39976 1.34267467e+00
0.40115 1.34302267e+00
0.40253 1.34342038e+00
0.40393 1.34384288e+00
0.40533 1.34422946e+00
0.40673 1.34455386e+00
0.40814 1.34487277e+00
0.40955 1.34524734e+00
0.41097 1.34566909e+00
0.41239 1.34607778e+00
0.41382 1.34641836e+00
0.41525 1.34671175e+00
0.41669 1.34704060e+00
0.41813 1.34742985e+00
0.41958 1.34782549e+00
0.42103 1.34819975e+00
0.42249 1.34853618e+00
0.42395 1.34886815e+00
0.42542 1.34924894e+00
0.42689 1.34966268e+00
0.42837 1.35003472e+00
0.42985 1.35034324e+00
0.43134 1.35063915e+00
0.43283 1.35098077e+00
0.43433 1.35137551e+00
0.43583 1.35176655e+00
0.43734 1.35209065e+00
0.43886 1.35235748e+00
0.44037 1.35261911e+00
0.44190 1.35291635e+00
0.44343 1.35325634e+00
0.44496 1.35359202e+00
0.44650 1.35387487e+00
0.44805 1.35411572e+00
0.44960 1.35433550e+00
0.45116 1.35455825e+00
0.45272 1.35481112e+00
0.45429 1.35509768e+00
0.45586 1.35536925e+00
0.45744 1.35558473e+00
0.45902 1.35573654e+00
0.46061 1.35584592e+00
0.46220 1.35598170e+00
0.46380 1.35619198e+00
0.46541 1.35642022e+00
0.46702 1.35657604e+00
0.46864 1.35664698e+00
0.47026 1.35669402e+00
0.47189 1.35677891e+00
0.47352 1.35690623e+00
0.47516 1.35700952e+00
0.47680 1.35700789e+00
0.47845 1.35693042e+00
0.48011 1.35690905e+00
0.48177 1.35699557e+00
0.48344 1.35712958e+00
0.48511 1.35719101e+00
0.48679 1.35707823e+00
0.48848 1.35684420e+00
0.49017 1.35664089e+00
0.49186 1.35654072e+00
0.49357 1.35651327e+00
0.49528 1.35646830e+00
0.49699 1.35634246e+00
0.49871 1.35617047e+00
0.50044 1.35600619e+00
0.50217 1.35586150e+00
0.50391 1.35567570e+00
0.50565 1.35542312e+00
0.50740 1.35511163e+00
0.50916 1.35486588e+00
0.51092 1.35475710e+00
0.51269 1.35467667e+00
0.51446 1.35451966e+00
0.51625 1.35426056e+00
0.51803 1.35391122e+00
0.51983 1.35353948e+00
0.52163 1.35323066e+00
0.52343 1.35295939e+00
0.52524 1.35265205e+00
0.52706 1.35229396e+00
0.52889 1.35190782e+00
0.53072 1.35153801e+00
0.53255 1.35124255e+00
0.53440 1.35099012e+00
0.53625 1.35065355e+00
0.53810 1.35015997e+00
0.53997 1.34955019e+00
0.54183 1.34892098e+00
0.54371 1.34836611e+00
0.54559 1.34794258e+00
0.54748 1.34761699e+00
0.54938 1.34725652e+00
0.55128 1.34679500e+00
0.55319 1.34620644e+00
0.55510 1.34556625e+00
0.55702 1.34496953e+00
0.55895 1.34444419e+00
0.56089 1.34399083e+00
0.56283 1.34356032e+00
0.56478 1.34303039e+00
0.56673 1.34234686e+00
0.56869 1.34161035e+00
0.57066 1.34095798e+00
0.57264 1.34040252e+00
0.57462 1.33984424e+00
0.57661 1.33920998e+00
0.57860 1.33846828e+00
0.58061 1.33761023e+00
0.58262 1.33670662e+00
0.58463 1.33586519e+00
0.58666 1.33512453e+00
0.58869 1.33441636e+00
0.59073 1.33364127e+00
0.59277 1.33276497e+00
0.59482 1.33179295e+00
0.59688 1.33075533e+00
0.59895 1.32972826e+00
0.60102 1.32885092e+00
0.60310 1.32809734e+00
0.60519 1.32728619e+00
0.60728 1.32637679e+00
0.60939 1.32542629e+00
0.61150 1.32448796e+00
0.61361 1.32358598e+00
0.61574 1.32272422e+00
0.61787 1.32183041e+00
0.62001 1.32080823e+00
0.62215 1.31966258e+00
0.62431 1.31848948e+00
0.62647 1.31737336e+00
0.62864 1.31635994e+00
0.63081 1.31547013e+00
0.63300 1.31462158e+00
0.63519 1.31362107e+00
0.63739 1.31233726e+00
0.63959 1.31084228e+00
0.64181 1.30935130e+00
0.64403 1.30804939e+00
0.64626 1.30699219e+00
0.64849 1.30610209e+00
0.65074 1.30528277e+00
0.65299 1.30442769e+00
0.65525 1.30326958e+00
0.65752 1.30191572e+00
0.65980 1.30057701e+00
0.66208 1.29944130e+00
0.66437 1.29857301e+00
0.66667 1.29786693e+00
0.66898 1.29713101e+00
0.67130 1.29617591e+00
0.67362 1.29487845e+00
0.67595 1.29334636e+00
0.67829 1.29186771e+00
0.68064 1.29066997e+00
0.68299 1.28978758e+00
0.68536 1.28906250e+00
0.68773 1.28828578e+00
0.69011 1.28728051e+00
0.69250 1.28590752e+00
0.69490 1.28421398e+00
0.69730 1.28246627e+00
0.69972 1.28094754e+00
0.70214 1.28009009e+00
0.70457 1.27953552e+00
0.70701 1.27907533e+00
0.70946 1.27856380e+00
0.71191 1.27785073e+00
0.71438 1.27682573e+00
0.71685 1.27550661e+00
0.71933 1.27406134e+00
0.72182 1.27275052e+00
0.72432 1.27174422e+00
0.72683 1.27099050e+00
0.72934 1.27029762e+00
0.73187 1.26951006e+00
0.73440 1.26859695e+00
0.73694 1.26762315e+00
0.73949 1.26663333e+00
0.74205 1.26559927e+00
0.74462 1.26449651e+00
0.74720 1.26337966e+00
0.74979 1.26230331e+00
0.75238 1.26160776e+00
0.75499 1.26084320e+00
0.75760 1.25997595e+00
0.76022 1.25914239e+00
0.76285 1.25848023e+00
0.76549 1.25802835e+00
0.76814 1.25774090e+00
0.77080 1.25751207e+00
0.77347 1.25723174e+00
0.77615 1.25680791e+00
0.77884 1.25612260e+00
0.78153 1.25509760e+00
0.78424 1.25384659e+00
0.78695 1.25263757e+00
0.78968 1.25169375e+00
0.79241 1.25109733e+00
0.79515 1.25081344e+00
0.79790 1.25072959e+00
0.80067 1.25084831e+00
0.80344 1.25134590e+00
0.80622 1.25159046e+00
0.80901 1.25145794e+00
0.81181 1.25096496e+00
0.81462 1.25031096e+00
0.81744 1.24974689e+00
0.82027 1.24943599e+00
0.82311 1.24943837e+00
0.82596 1.24974392e+00
0.82882 1.25027861e+00
0.83169 1.25090708e+00
0.83457 1.25145943e+00
0.83745 1.25177433e+00
0.84035 1.25175875e+00
0.84326 1.25145037e+00
0.84618 1.25100606e+00
0.84911 1.25060049e+00
0.85205 1.25034183e+00
0.85500 1.25026555e+00
0.85796 1.25036987e+00
0.86093 1.25064204e+00
0.86391 1.25104910e+00
0.86690 1.25150944e+00
0.86990 1.25189676e+00
0.87291 1.25209146e+00
0.87593 1.25204412e+00
0.87897 1.25180594e+00
0.88201 1.25149756e+00
0.88506 1.25124068e+00
0.88813 1.25110193e+00
0.89120 1.25109169e+00
0.89428 1.25119498e+00
0.89738 1.25138864e+00
0.90049 1.25170607e+00
0.90360 1.25239924e+00
0.90673 1.25304582e+00
0.90987 1.25360024e+00
0.91302 1.25404559e+00
0.91618 1.25439908e+00
0.91935 1.25469751e+00
0.92253 1.25497992e+00
0.92573 1.25527939e+00
0.92893 1.25561745e+00
0.93215 1.25600670e+00
0.93537 1.25645947e+00
0.93861 1.25698911e+00
0.94186 1.25759458e+00
0.94512 1.25824813e+00
0.94839 1.25890124e+00
0.95168 1.25950285e+00
0.95497 1.26001469e+00
0.95828 1.26042501e+00
0.96159 1.26075491e+00
0.96492 1.26104518e+00
0.96826 1.26133292e+00
0.97161 1.26163996e+00
0.97498 1.26197921e+00
0.97835 1.26236727e+00
0.98174 1.26282731e+00
0.98514 1.26337491e+00
0.98855 1.26399730e+00
0.99197 1.26464818e+00
0.99540 1.26526745e+00
0.99885 1.26581653e+00
1.00231 1.26615266e+00
1.00578 1.26637066e+00
1.00926 1.26656284e+00
1.01275 1.26673765e+00
1.01626 1.26689837e+00
1.01978 1.26705775e+00
1.02330 1.26724325e+00
1.02685 1.26748514e+00
1.03040 1.26779559e+00
1.03397 1.26815606e+00
1.03755 1.26852839e+00
1.04114 1.26888070e+00
1.04474 1.26920168e+00
1.04836 1.26949433e+00
1.05199 1.26977035e+00
1.05563 1.27004593e+00
1.05928 1.27033264e+00
1.06295 1.27063924e+00
1.06663 1.27097581e+00
1.07032 1.27134547e+00
1.07403 1.27173383e+00
1.07775 1.27211018e+00
1.08148 1.27244467e+00
1.08522 1.27273108e+00
1.08898 1.27298885e+00
1.09275 1.27324187e+00
1.09653 1.27350736e+00
1.10032 1.27373738e+00
1.10413 1.27334620e+00
1.10796 1.27297461e+00
1.11179 1.27263269e+00
1.11564 1.27234717e+00
1.11950 1.27212665e+00
1.12338 1.27193595e+00
1.12726 1.27171603e+00
1.13117 1.27142947e+00
1.13508 1.27108859e+00
1.13901 1.27073629e+00
1.14295 1.27039809e+00
1.14691 1.27005959e+00
1.15088 1.26969155e+00
1.15487 1.26928301e+00
1.15886 1.26884671e+00
1.16287 1.26841220e+00
1.16690 1.26802309e+00
1.17094 1.26771887e+00
1.17499 1.26750340e+00
1.17906 1.26732799e+00
1.18314 1.26711132e+00
1.18724 1.26679152e+00
1.19135 1.26637897e+00
1.19547 1.26595603e+00
1.19961 1.26561530e+00
1.20376 1.26462562e+00
1.20793 1.26363565e+00
1.21211 1.26264196e+00
1.21630 1.26156072e+00
1.22052 1.26035274e+00
1.22474 1.25904489e+00
1.22898 1.25771612e+00
1.23323 1.25645294e+00
1.23750 1.25530091e+00
1.24179 1.25424133e+00
1.24609 1.25320224e+00
1.25040 1.25209680e+00
1.25473 1.25087102e+00
1.25907 1.24953216e+00
1.26343 1.24813987e+00
1.26780 1.24677058e+00
1.27219 1.24547920e+00
1.27659 1.24427598e+00
1.28101 1.24312944e+00
1.28545 1.24199106e+00
1.28990 1.24082760e+00
1.29436 1.23963595e+00
1.29884 1.23842991e+00
1.30334 1.23662462e+00
1.30785 1.23459288e+00
1.31238 1.23252195e+00
1.31692 1.23039716e+00
1.32148 1.22821568e+00
1.32605 1.22599191e+00
1.33064 1.22375982e+00
1.33525 1.22156350e+00
1.33987 1.21943485e+00
1.34451 1.21737298e+00
1.34916 1.21534109e+00
1.35383 1.21327982e+00
1.35852 1.21113217e+00
1.36322 1.20886877e+00
1.36794 1.20650254e+00
1.37268 1.20407916e+00
1.37743 1.20165624e+00
1.38220 1.19928184e+00
1.38698 1.19697852e+00
1.39178 1.19473382e+00
1.39660 1.19250738e+00
1.40144 1.19004958e+00
1.40629 1.18705026e+00
1.41115 1.18398714e+00
1.41604 1.18088321e+00
1.42094 1.17776517e+00
1.42586 1.17465100e+00
1.43080 1.17154484e+00
1.43575 1.16843719e+00
1.44072 1.16530818e+00
1.44571 1.16213598e+00
1.45071 1.15890962e+00
1.45573 1.15563577e+00
1.46077 1.15233594e+00
1.46583 1.14903434e+00
1.47090 1.14574683e+00
1.47599 1.14247387e+00
1.48110 1.13920047e+00
1.48623 1.13589931e+00
1.49137 1.13253834e+00
1.49654 1.12909309e+00
1.50172 1.12539363e+00
1.50692 1.12129185e+00
1.51213 1.11717256e+00
1.51737 1.11308236e+00
1.52262 1.10904900e+00
1.52789 1.10507158e+00
1.53318 1.10112325e+00
1.53849 1.09716231e+00
1.54381 1.09314497e+00
1.54916 1.08903726e+00
1.55452 1.08482596e+00
1.55990 1.08052682e+00
1.56530 1.07618137e+00
1.57072 1.07184645e+00
1.57615 1.06757773e+00
1.58161 1.06341466e+00
1.58709 1.05937106e+00
1.59258 1.05542956e+00
1.59809 1.05154326e+00
1.60362 1.04735778e+00
1.60918 1.04292997e+00
1.61475 1.03834041e+00
1.62034 1.03354174e+00
1.62594 1.02851796e+00
1.63157 1.02328775e+00
1.63722 1.01790632e+00
1.64289 1.01246019e+00
1.64857 1.00705472e+00
1.65428 1.00179052e+00
1.66001 9.96737652e-01
1.66575 9.91917175e-01
1.67152 9.87296148e-01
1.67731 9.82794730e-01
1.68311 9.78305482e-01
1.68894 9.73717993e-01
1.69478 9.68947675e-01
1.70065 9.63920625e-01
1.70654 9.58374026e-01
1.71245 9.52741653e-01
1.71837 9.47140592e-01
1.72432 9.41673090e-01
1.73029 9.36403406e-01
1.73628 9.31345044e-01
1.74229 9.26454819e-01
1.74832 9.21636716e-01
1.75437 9.16759253e-01
1.76045 9.11690948e-01
1.76654 9.06349142e-01
1.77266 9.00738286e-01
1.77879 8.94939556e-01
1.78495 8.89057128e-01
1.79113 8.83182418e-01
1.79733 8.77394966e-01
1.80355 8.71715253e-01
1.80979 8.66213323e-01
1.81606 8.60933102e-01
1.82234 8.55810038e-01
1.82865 8.50736390e-01
1.83498 8.45629501e-01
1.84133 8.40496345e-01
1.84771 8.35424330e-01
1.85410 8.30491810e-01
1.86052 8.25692703e-01
1.86696 8.20934850e-01
1.87342 8.16083358e-01
1.87991 8.11013123e-01
1.88642 8.05641488e-01
1.89295 7.99938180e-01
1.89950 7.93916404e-01
1.90607 7.87043555e-01
1.91267 7.79995891e-01
1.91929 7.73093510e-01
1.92594 7.66713200e-01
1.93260 7.61166602e-01
1.93929 7.56528212e-01
1.94601 7.52630189e-01
1.95274 7.49161339e-01
1.95950 7.45758082e-01
1.96629 7.42066780e-01
1.97309 7.37748192e-01
1.97992 7.32511304e-01
1.98678 7.26205788e-01
1.99365 7.18920387e-01
2.00055 7.10941512e-01
2.00748 7.02008426e-01
2.01443 6.93567434e-01
2.02140 6.86073382e-01
2.02840 6.79712958e-01
2.03542 6.74389999e-01
2.04247 6.69920933e-01
2.04954 6.66023652e-01
2.05663 6.62201016e-01
2.06375 6.57931994e-01
2.07090 6.52898117e-01
2.07806 6.47094638e-01
2.08526 6.40666692e-01
2.09247 6.33773216e-01
2.09972 6.26665301e-01
2.10699 6.19679519e-01
2.11428 6.13059692e-01
2.12160 6.06979744e-01
2.12894 6.01654855e-01
2.13631 5.97031305e-01
2.14371 5.92700993e-01
2.15113 5.88371571e-01
2.15857 5.83883065e-01
2.16605 5.79126993e-01
2.17354 5.74019065e-01
2.18107 5.68534646e-01
2.18862 5.62968014e-01
2.19619 5.57893624e-01
2.20380 5.53155806e-01
2.21143 5.47987034e-01
2.21908 5.42342343e-01
2.22676 5.37121928e-01
2.23447 5.32442876e-01
2.24220 5.27589454e-01
2.24997 5.22505270e-01
2.25775 5.17066410e-01
2.26557 5.11127739e-01
2.27341 5.05177492e-01
2.28128 4.99253810e-01
2.28918 4.92781640e-01
2.29710 4.86451193e-01
2.30505 4.81864149e-01
2.31303 4.78746859e-01
2.32104 4.75118627e-01
2.32908 4.70773030e-01
2.33714 4.67615672e-01
2.34523 4.65609304e-01
2.35335 4.64039380e-01
2.36149 4.63035009e-01
2.36967 4.60300590e-01
2.37787 4.54538218e-01
2.38610 4.48011290e-01
2.39436 4.41984024e-01
2.40265 4.35692754e-01
2.41097 4.29321348e-01
2.41931 4.23969896e-01
2.42769 4.20951885e-01
2.43609 4.18036864e-01
2.44452 4.13082382e-01
2.45298 4.09235705e-01
2.46148 4.10132041e-01
2.47000 4.13953786e-01
2.47855 4.16119981e-01
2.48713 4.15754472e-01
2.49574 4.14660170e-01
2.50438 4.13343417e-01
2.51304 4.11201412e-01
2.52174 4.10167954e-01
2.53047 4.10876267e-01
2.53923 4.08299301e-01
2.54802 4.00536497e-01
2.55684 3.92392305e-01
2.56569 3.87909438e-01
2.57457 3.87867144e-01
2.58349 3.90041056e-01
2.59243 3.89925155e-01
2.60140 3.85509365e-01
2.61041 3.80591537e-01
2.61944 3.78636219e-01
2.62851 3.78686081e-01
2.63761 3.81071314e-01
2.64674 3.83993904e-01
2.65590 3.82412108e-01
2.66510 3.76771573e-01
2.67432 3.72896107e-01
2.68358 3.72588770e-01
2.69287 3.72682708e-01
2.70219 3.70678566e-01
2.71154 3.67986293e-01
2.72093 3.65684609e-01
2.73035 3.63458906e-01
2.73980 3.63776333e-01
2.74928 3.64251510e-01
2.75880 3.61758242e-01
2.76835 3.59823848e-01
2.77793 3.60392368e-01
2.78755 3.61395849e-01
2.79720 3.61522137e-01
2.80688 3.61386203e-01
2.81660 3.61827693e-01
2.82635 3.63698868e-01
2.83613 3.63320152e-01
2.84595 3.59034656e-01
2.85580 3.56097969e-01
2.86569 3.56066508e-01
2.87561 3.54535465e-01
2.88556 3.48943011e-01
2.89555 3.41183324e-01
2.90557 3.35637764e-01
2.91563 3.36314320e-01
2.92572 3.41710292e-01
2.93585 3.43758212e-01
2.94601 3.38418632e-01
2.95621 3.33115854e-01
2.96644 3.34387197e-01
2.97671 3.42250023e-01
2.98702 3.51071067e-01
2.99736 3.52916718e-01
3.00773 3.48169105e-01
3.01814 3.44275534e-01
3.02859 3.44312338e-01
3.03907 3.47597172e-01
3.04960 3.50353702e-01
3.06015 3.46684512e-01
3.07074 3.37724120e-01
3.08137 3.30285421e-01
3.09204 3.28326393e-01
3.10274 3.31014214e-01
3.11348 3.32566032e-01
3.12426 3.28150094e-01
3.13508 3.21564398e-01
3.14593 3.18831909e-01
3.15682 3.20031723e-01
3.16775 3.21307963e-01
3.17871 3.20381650e-01
3.18972 3.17563980e-01
3.20076 3.14887882e-01
3.21184 3.13969732e-01
3.22295 3.13722646e-01
3.23411 3.13290208e-01
3.24531 3.12668412e-01
3.25654 3.11315746e-01
3.26781 3.10211056e-01
3.27912 3.10116674e-01
3.29047 3.09899713e-01
3.30187 3.09260109e-01
3.31330 3.08595129e-01
3.32476 3.08299368e-01
3.33627 3.08923686e-01
3.34782 3.09410290e-01
3.35941 3.07997077e-01
3.37104 3.04930242e-01
3.38271 3.01895314e-01
3.39442 3.00409978e-01
3.40617 3.00234718e-01
3.41796 2.99150508e-01
3.42979 2.95976677e-01
3.44166 2.92353491e-01
3.45358 2.90068279e-01
3.46553 2.89157994e-01
3.47753 2.88592590e-01
3.48957 2.87269010e-01
3.50164 2.84978456e-01
3.51377 2.82431022e-01
3.52593 2.80284267e-01
3.53814 2.78921213e-01
3.55038 2.77965517e-01
3.56267 2.76511197e-01
3.57500 2.74148224e-01
3.58738 2.71421968e-01
3.59980 2.69328044e-01
3.61226 2.68291173e-01
3.62476 2.67796556e-01
3.63731 2.67015675e-01
3.64990 2.65629767e-01
3.66254 2.64158530e-01
3.67521 2.63364886e-01
3.68794 2.63449326e-01
3.70070 2.63946466e-01
3.71351 2.64168027e-01
3.72637 2.63837244e-01
3.73927 2.63293951e-01
3.75221 2.62945211e-01
3.76520 2.62734632e-01
3.77823 2.62164776e-01
3.79131 2.60778274e-01
3.80443 2.58654670e-01
3.81760 2.56315441e-01
3.83082 2.54147169e-01
3.84408 2.52079066e-01
3.85739 2.49807804e-01
3.87074 2.47224754e-01
3.88414 2.44530552e-01
3.89758 2.41984750e-01
3.91107 2.39695086e-01
3.92461 2.37618080e-01
3.93820 2.35649554e-01
3.95183 2.33721838e-01
3.96551 2.31866244e-01
3.97924 2.30188137e-01
3.99301 2.28747173e-01
4.00683 2.27591731e-01
4.02070 2.26565545e-01
4.03462 2.25460410e-01
4.04859 2.24347410e-01
4.06260 2.23332799e-01
4.07667 2.22408861e-01
4.09078 2.21458359e-01
4.10494 2.20394924e-01
4.11915 2.19262484e-01
4.13341 2.18173970e-01
4.14771 2.17182510e-01
4.16207 2.16242989e-01
4.17648 2.15296642e-01
4.19094 2.14360980e-01
4.20545 2.13518662e-01
4.22000 2.12830383e-01
4.23461 2.12282638e-01
4.24927 2.11815475e-01
4.26398 2.11379921e-01
4.27874 2.10956536e-01
4.29355 2.10525731e-01
4.30841 2.10045212e-01
4.32332 2.09461109e-01
4.33829 2.08740627e-01
4.35331 2.07885546e-01
4.36838 2.06918720e-01
4.38350 2.05863300e-01
4.39867 2.04733382e-01
4.41390 2.03539949e-01
4.42918 2.02296357e-01
4.44451 2.01017446e-01
4.45990 1.99714791e-01
4.47533 1.98395366e-01
4.49083 1.97064664e-01
4.50637 1.95899575e-01
4.52197 1.94974153e-01
4.53762 1.94036858e-01
4.55333 1.93090363e-01
4.56909 1.92137487e-01
4.58491 1.91177784e-01
4.60078 1.90208732e-01
4.61670 1.89230479e-01
4.63269 1.88246290e-01
4.64872 1.87259282e-01
4.66481 1.86270641e-01
4.68096 1.85281704e-01
4.69717 1.84296773e-01
4.71343 1.83323269e-01
4.72974 1.82369057e-01
4.74611 1.81441408e-01
4.76254 1.80548337e-01
4.77903 1.79699489e-01
4.79557 1.78906291e-01
4.81217 1.78179280e-01
4.82883 1.77528397e-01
4.84555 1.76961954e-01
4.86232 1.76487223e-01
4.87915 1.76108951e-01
4.89604 1.75828772e-01
4.91299 1.75644311e-01
4.92999 1.75548296e-01
4.94706 1.75528559e-01
4.96418 1.75568478e-01
4.98137 1.75647724e-01
4.99861 1.75743739e-01
5.01591 1.76048256e-01
5.03328 1.76341494e-01
5.05070 1.76584870e-01
5.06818 1.76763247e-01
5.08573 1.76865643e-01
5.10333 1.76886122e-01
5.12100 1.76822162e-01
5.13873 1.76674504e-01
5.15651 1.76446116e-01
5.17436 1.76141154e-01
5.19228 1.75764515e-01
5.21025 1.75321689e-01
5.22828 1.74818020e-01
5.24638 1.74258700e-01
5.26454 1.73648924e-01
5.28277 1.72993590e-01
5.30105 1.72297446e-01
5.31940 1.71565240e-01
5.33782 1.70801425e-01
5.35629 1.70010750e-01
5.37484 1.69197666e-01
5.39344 1.68366775e-01
5.41211 1.67522972e-01
5.43084 1.66671156e-01
5.44965 1.65816224e-01
5.46851 1.64963072e-01
5.48744 1.64117044e-01
5.50643 1.63106143e-01
5.52550 1.61772027e-01
5.54462 1.60469669e-01
5.56381 1.59204856e-01
5.58308 1.57983078e-01
5.60240 1.56809680e-01
5.62179 1.55689853e-01
5.64125 1.54628051e-01
5.66078 1.53628577e-01
5.68038 1.52694844e-01
5.70004 1.51829821e-01
5.71977 1.51035287e-01
5.73957 1.50312728e-01
5.75944 1.49661845e-01
5.77938 1.49081750e-01
5.79938 1.48570066e-01
5.81946 1.48123204e-01
5.83960 1.47736236e-01
5.85982 1.47402945e-01
5.88010 1.47115910e-01
5.90045 1.46866627e-01
5.92088 1.46645764e-01
5.94137 1.46443361e-01
5.96194 1.46249194e-01
5.98258 1.46053009e-01
6.00329 1.45842059e-01
6.02407 1.45593266e-01
6.04492 1.45311544e-01
6.06585 1.44988907e-01
6.08684 1.44618679e-01
6.10791 1.44195635e-01
6.12906 1.43715977e-01
6.15027 1.43177225e-01
6.17156 1.42578268e-01
6.19293 1.41919090e-01
6.21436 1.41200745e-01
6.23588 1.40425221e-01
6.25746 1.39595265e-01
6.27912 1.38714273e-01
6.30086 1.37786180e-01
6.32267 1.36815362e-01
6.34455 1.35806479e-01
6.36652 1.34764459e-01
6.38856 1.33694376e-01
6.41067 1.32601336e-01
6.43286 1.31490488e-01
6.45513 1.30366937e-01
6.47747 1.29235669e-01
6.49990 1.28101507e-01
6.52240 1.27300993e-01
6.54497 1.26506785e-01
6.56763 1.25722922e-01
6.59037 1.24954566e-01
6.61318 1.24206467e-01
6.63607 1.23482928e-01
6.65904 1.22787763e-01
6.68209 1.22124385e-01
6.70522 1.21495674e-01
6.72843 1.20904047e-01
6.75172 1.20351465e-01
6.77510 1.19839411e-01
6.79855 1.19368849e-01
6.82208 1.18940344e-01
6.84570 1.18553926e-01
6.86939 1.18209237e-01
6.89317 1.17905432e-01
6.91704 1.17641236e-01
6.94098 1.17415015e-01
6.96500 1.17224662e-01
6.98911 1.17067789e-01
7.01331 1.17107293e-01
7.03759 1.17313138e-01
7.06195 1.17546126e-01
7.08639 1.17801463e-01
7.11092 1.18074193e-01
7.13554 1.18359269e-01
7.16024 1.18651677e-01
7.18502 1.18946473e-01
7.20990 1.19238925e-01
7.23485 1.19524595e-01
7.25990 1.19799402e-01
7.28503 1.20059651e-01
7.31025 1.20302167e-01
7.33555 1.20524232e-01
7.36094 1.20723697e-01
7.38642 1.20898942e-01
7.41199 1.21048841e-01
7.43765 1.21172815e-01
7.46340 1.21270729e-01
7.48923 1.21342925e-01
7.51516 1.22327292e-01
7.54117 1.23961681e-01
7.56727 1.25583871e-01
7.59347 1.27197780e-01
7.61975 1.28807727e-01
7.64613 1.30418283e-01
7.67260 1.32034211e-01
7.69916 1.33660304e-01
7.72581 1.35301266e-01
7.75255 1.36961729e-01
7.77939 1.38646069e-01
7.80632 1.40358441e-01
7.83334 1.42102735e-01
7.86046 1.43882496e-01
7.88767 1.45700960e-01
7.91497 1.47561021e-01
7.94237 1.49465215e-01
7.96986 1.51415636e-01
7.99745 1.53414436e-01
8.02513 1.61192970e-01
8.05291 1.70016983e-01
8.08079 1.79347484e-01
8.10876 1.89208368e-01
8.13683 1.99623525e-01
8.16500 2.10617145e-01
8.19326 2.22213121e-01
8.22162 2.43353146e-01
8.25008 2.69462346e-01
8.27864 2.98131148e-01
8.30730 3.29541789e-01
8.33605 3.63876948e-01
8.36491 4.01316042e-01
8.39386 4.42032699e-01
8.42292 4.76490437e-01
8.45208 5.10449699e-01
8.48133 5.46401380e-01
8.51069 5.84400387e-01
8.54016 6.24493615e-01
8.56972 6.66716828e-01
8.59938 7.11091842e-01
8.62915 7.45126491e-01
8.65902 7.80097693e-01
8.68899 8.16255353e-01
8.71907 8.53585522e-01
8.74925 8.92064751e-01
8.77954 9.31658910e-01
8.80993 9.71665472e-01
8.84043 1.01125147e+00
8.87103 1.05166880e+00
8.90174 1.09284387e+00
8.93255 1.13469089e+00
8.96347 1.17711206e+00
8.99450 1.21999685e+00
9.02563 1.25668904e+00
9.05688 1.29211865e+00
9.08823 1.32760881e+00
9.11969 1.36308516e+00
9.15126 1.39846996e+00
9.18294 1.43368305e+00
9.21472 1.46577885e+00
9.24662 1.49431677e+00
9.27863 1.52261071e+00
9.31075 1.55061824e+00
9.34298 1.57829930e+00
9.37532 1.60561232e+00
9.40777 1.63133894e+00
9.44034 1.65298308e+00
9.47302 1.67434971e+00
9.50581 1.69541361e+00
9.53871 1.71615399e+00
9.57173 1.73654712e+00
9.60487 1.75603798e+00
9.63811 1.77213344e+00
9.67148 1.78797217e+00
9.70495 1.80353636e+00
9.73855 1.81880821e+00
9.77226 1.83377138e+00
9.80609 1.84791835e+00
9.84003 1.85955588e+00
9.87409 1.87095152e+00
9.90827 1.88209042e+00
9.94257 1.89295775e+00
9.97699 1.90354016e+00
10.01153 1.91287006e+00
10.04618 1.92008379e+00
10.08096 1.92712685e+00
10.11585 1.93399332e+00
10.15087 1.94067429e+00
10.18601 1.94716085e+00
10.22127 1.95254332e+00
10.25665 1.95719418e+00
10.29215 1.96172038e+00
10.32778 1.96611747e+00
10.36353 1.97038100e+00
10.39941 1.97450207e+00
10.43540 1.97769712e+00
10.47153 1.98075713e+00
10.50777 1.98368654e+00
10.54415 1.98648388e+00
10.58065 1.98914173e+00
10.61727 1.99071180e+00
10.65403 1.99112732e+00
10.69091 1.99146419e+00
10.72791 1.99171944e+00
10.76505 1.99188713e+00
10.80231 1.99189010e+00
10.83971 1.99071032e+00
10.87723 1.98947266e+00
10.91488 1.98817416e+00
10.95266 1.98681630e+00
10.99058 1.98539760e+00
11.02862 1.98321463e+00
11.06680 1.98073338e+00
11.10511 1.97818832e+00
11.14355 1.97557945e+00
11.18212 1.97290825e+00
11.22083 1.96939266e+00
11.25967 1.96511577e+00
11.29865 1.96074390e+00
11.33776 1.95628300e+00
11.37701 1.95173899e+00
11.41639 1.94571544e+00
11.45591 1.93750446e+00
11.49556 1.92902192e+00
11.53536 1.92027671e+00
11.57529 1.91127476e+00
11.61536 1.90073243e+00
11.65556 1.88759606e+00
11.69591 1.87383641e+00
11.73640 1.85945348e+00
11.77702 1.84444728e+00
11.81779 1.82633209e+00
11.85870 1.80383168e+00
11.89975 1.77996748e+00
11.94094 1.75477361e+00
11.98227 1.72829905e+00
12.02375 1.69797054e+00
12.06537 1.66422438e+00
12.10714 1.62918714e+00
12.14905 1.59313633e+00
12.19110 1.55634648e+00
12.23330 1.51908324e+00
12.27565 1.48158909e+00
12.31814 1.44407372e+00
12.36078 1.40670987e+00
12.40357 1.36962916e+00
12.44651 1.33292183e+00
12.48959 1.29663788e+00
12.53283 1.27170237e+00
12.57621 1.25031882e+00
12.61974 1.22883080e+00
12.66343 1.20709094e+00
12.70726 1.18496821e+00
12.75125 1.16235398e+00
12.79539 1.13916604e+00
12.83968 1.11535259e+00
12.88413 1.09089270e+00
12.92873 1.06579633e+00
12.97348 1.04010295e+00
13.01839 1.02360621e+00
13.06345 1.02074106e+00
13.10867 1.01753562e+00
13.15405 1.01405653e+00
13.19959 1.01036730e+00
13.24528 1.00652805e+00
13.29113 1.00259411e+00
13.33713 9.98616100e-01
13.38330 9.94639573e-01
13.42963 9.90705192e-01
13.47612 9.86848276e-01
13.52277 9.86523429e-01
13.56958 9.89901161e-01
13.61655 9.93386038e-01
13.66368 9.96987855e-01
13.71098 1.00071522e+00
13.75844 1.00457570e+00
13.80607 1.00857582e+00
13.85386 1.01272122e+00
13.90182 1.01701696e+00
13.94994 1.02146718e+00
13.99823 1.02607529e+00
14.04668 1.02718280e+00
14.09531 1.02827918e+00
14.14410 1.02950511e+00
14.19306 1.03086179e+00
14.24219 1.03235024e+00
14.29149 1.03397121e+00
14.34096 1.03572486e+00
14.39060 1.03761102e+00
14.44042 1.03962970e+00
14.49041 1.04178002e+00
14.54057 1.04278573e+00
14.59090 1.04370328e+00
14.64141 1.04483929e+00
14.69209 1.04618884e+00
14.74295 1.04774689e+00
14.79398 1.04950825e+00
14.84519 1.05146787e+00
14.89658 1.05362026e+00
14.94814 1.05596023e+00
14.99989 1.05848244e+00
15.05181 1.07443722e+00
15.10392 1.09080633e+00
15.15620 1.10755624e+00
15.20866 1.12468131e+00
15.26131 1.14217603e+00
15.31414 1.16003464e+00
15.36715 1.17825163e+00
15.42034 1.19682122e+00
15.47372 1.21573762e+00
15.52729 1.23637471e+00
15.58103 1.25867092e+00
15.63497 1.28128797e+00
15.68909 1.30422186e+00
15.74340 1.32746857e+00
15.79790 1.35102381e+00
15.85258 1.37488326e+00
15.90746 1.39904308e+00
15.96252 1.42349895e+00
16.01778 1.44789042e+00
16.07323 1.47175774e+00
16.12886 1.49582006e+00
16.18470 1.52007307e+00
16.24072 1.54451158e+00
16.29694 1.56912966e+00
16.35335 1.59392582e+00
16.40996 1.61888966e+00
16.46677 1.64401972e+00
16.52377 1.66638508e+00
16.58097 1.68474662e+00
16.63836 1.70316899e+00
16.69596 1.72164924e+00
16.75375 1.74017847e+00
16.81175 1.75875370e+00
16.86994 1.77736602e+00
16.92834 1.79600952e+00
16.98694 1.81467824e+00
17.04574 1.83008958e+00
17.10474 1.84455561e+00
17.16395 1.85900235e+00
17.22337 1.87342386e+00
17.28299 1.88781421e+00
17.34281 1.90216894e+00
17.40285 1.91648212e+00
17.46309 1.93074484e+00
17.52354 1.94332174e+00
17.58420 1.95328532e+00
17.64507 1.96320141e+00
17.70615 1.97307001e+00
17.76744 1.98288518e+00
17.82894 1.99264545e+00
17.89066 2.00234933e+00
17.95259 2.01199088e+00
18.01473 2.02064260e+00
18.07709 2.02626250e+00
18.13967 2.03184531e+00
18.20246 2.03739250e+00
18.26547 2.04290260e+00
18.32870 2.04837410e+00
18.39214 2.05380554e+00
18.45581 2.05919692e+00
18.51969 2.06386113e+00
18.58380 2.06695527e+00
18.64813 2.07002270e+00
18.71268 2.07306341e+00
18.77746 2.07607593e+00
18.84246 2.07905877e+00
18.90768 2.08201193e+00
18.97313 2.08493541e+00
19.03881 2.08718070e+00
19.10472 2.08894666e+00
19.17085 2.09068294e+00
19.23721 2.09238658e+00
19.30380 2.09405608e+00
19.37062 2.09569293e+00
19.43768 2.09729268e+00
19.50496 2.09880784e+00
19.57248 2.09966708e+00
19.64023 2.10048773e+00
19.70822 2.10127277e+00
19.77644 2.10201774e+00
19.84490 2.10272264e+00
19.91359 2.10338747e+00
19.98252 2.10400926e+00
20.05169 2.10352103e+00
20.12110 2.10262469e+00
20.19076 2.10167642e+00
20.26065 2.10067768e+00
20.33078 2.09962701e+00
20.40116 2.09852440e+00
20.47178 2.09736688e+00
20.54264 2.09615594e+00
20.61375 2.09488712e+00
20.68511 2.09356339e+00
20.75671 2.09218178e+00
20.82856 2.09074230e+00
20.90066 2.08924198e+00
20.97301 2.08768378e+00
21.04561 2.08619978e+00
21.11846 2.08474249e+00
21.19157 2.08323178e+00
21.26492 2.08166468e+00
21.33853 2.08004266e+00
21.41240 2.07836278e+00
21.48652 2.07662798e+00
21.56090 2.07483531e+00
21.63553 2.07298624e+00
21.71043 2.07107782e+00
21.78558 2.06911004e+00
21.86099 2.06708438e+00
21.93666 2.06499936e+00
22.01260 2.06308796e+00
22.08880 2.06229699e+00
22.16526 2.06145260e+00
22.24199 2.06055626e+00
22.31898 2.05960353e+00
22.39624 2.05859886e+00
22.47377 2.05753780e+00
22.55156 2.05642035e+00
22.62962 2.05524799e+00
22.70796 2.05401924e+00
22.78656 2.05273558e+00
22.86544 2.05139256e+00
22.94459 2.04999315e+00
23.02402 2.04873917e+00
23.10372 2.04789180e+00
23.18369 2.04698508e+00
23.26394 2.04601751e+00
23.34447 2.04498910e+00
23.42528 2.04389984e+00
23.50637 2.04274974e+00
23.58774 2.04153732e+00
23.66939 2.04026256e+00
23.75133 2.03892548e+00
23.83354 2.03752606e+00
23.91604 2.03606284e+00
23.99883 2.03453580e+00
24.08191 2.03177556e+00
24.16527 2.02892332e+00
24.24892 2.02599538e+00
24.33286 2.02299325e+00
24.41709 2.01991692e+00
24.50161 2.01676490e+00
24.58642 2.01353720e+00
24.67153 2.01023679e+00
24.75693 2.00686069e+00
24.84263 2.00341039e+00
24.92863 1.99988737e+00
25.01492 1.99604233e+00
25.10151 1.99094330e+00
25.18840 1.98577008e+00
25.27559 1.98052562e+00
25.36309 1.97520994e+00
25.45088 1.96982302e+00
25.53898 1.96436486e+00
25.62739 1.95883696e+00
25.71610 1.95324080e+00
25.80512 1.94757489e+00
25.89444 1.94184220e+00
25.98408 1.93604272e+00
26.07403 1.92957990e+00
26.16428 1.92292268e+00
26.25485 1.91620016e+00
26.34574 1.90941531e+00
26.43694 1.90256665e+00
26.52845 1.89565715e+00
26.62028 1.88868680e+00
26.71243 1.88165709e+00
26.80489 1.87456802e+00
26.89768 1.86742256e+00
26.99079 1.86021923e+00
27.08422 1.85164468e+00
27.17798 1.84287424e+00
27.27205 1.83405186e+00
27.36646 1.82518050e+00
27.46119 1.81626166e+00
27.55625 1.80729534e+00
27.65164 1.79828449e+00
27.74736 1.78922912e+00
27.84341 1.78013220e+00
27.93979 1.77099373e+00
28.03650 1.76167124e+00
28.13355 1.75207124e+00
28.23094 1.74243415e+00
28.32867 1.73276144e+00
28.42673 1.72305608e+00
28.52513 1.71331807e+00
28.62387 1.70354890e+00
28.72295 1.69375153e+00
28.82238 1.68392596e+00
28.92215 1.67407517e+00
29.02227 1.66353432e+00
29.12273 1.65064578e+00
29.22354 1.63774388e+00
29.32470 1.62483160e+00
29.42621 1.61191041e+00
29.52807 1.59898626e+00
29.63029 1.58605765e+00
29.73286 1.57312904e+00
29.83578 1.56020340e+00
29.93906 1.54728221e+00
30.04269 1.53391582e+00
30.14669 1.51991428e+00
30.25104 1.50592907e+00
30.35576 1.49196314e+00
30.46084 1.47801963e+00
30.56628 1.46410223e+00
30.67209 1.45021348e+00
30.77826 1.43635633e+00
30.88481 1.42253331e+00
30.99172 1.40874740e+00
31.09900 1.39500096e+00
31.20665 1.38129681e+00
31.31467 1.36763748e+00
31.42307 1.35402534e+00
31.53184 1.34046262e+00
31.64099 1.32695199e+00
31.75052 1.31349537e+00
31.86043 1.30009500e+00
31.97072 1.28675310e+00
32.08139 1.27354001e+00
32.19244 1.26041997e+00
32.30388 1.24737086e+00
32.41570 1.23439476e+00
32.52791 1.22149331e+00
32.64051 1.20866843e+00
32.75349 1.19592147e+00
32.86687 1.18325404e+00
32.98064 1.17066765e+00
33.09481 1.15816361e+00
33.20937 1.14574342e+00
33.32433 1.13340812e+00
33.43968 1.12115888e+00
33.55544 1.10899691e+00
33.67159 1.09692309e+00
33.78815 1.08493845e+00
33.90511 1.07304389e+00
34.02247 1.06130857e+00
34.14024 1.04995612e+00
34.25842 1.03870028e+00
34.37701 1.02754134e+00
34.49601 1.01647960e+00
34.61542 1.00551522e+00
34.73525 9.94648626e-01
34.85549 9.83879683e-01
34.97614 9.73208832e-01
35.09721 9.62635778e-01
35.21871 9.52160815e-01
35.34062 9.41783797e-01
35.46295 9.31504574e-01
35.58571 9.21323147e-01
35.70889 9.11239218e-01
35.83250 9.01252640e-01
35.95654 8.91363264e-01
36.08101 8.81700347e-01
36.20590 8.72196366e-01
36.33123 8.62779792e-01
36.45700 8.53450626e-01
36.58320 8.44208571e-01
36.70983 8.35053330e-01
36.83691 8.25984754e-01
36.96442 8.17002399e-01
37.09238 8.08106116e-01
37.22077 7.99295459e-01
37.34962 7.90570281e-01
37.47890 7.81929988e-01
37.60864 7.73374283e-01
37.73883 7.64902869e-01
37.86946 7.56515152e-01
38.00055 7.48209650e-01
38.13209 7.39718350e-01
38.26409 7.31322175e-01
38.39654 7.23020085e-01
38.52946 7.14811636e-01
38.66283 7.06695788e-01
38.79667 6.98671800e-01
38.93096 6.90738782e-01
39.06573 6.82896138e-01
39.20096 6.75142832e-01
39.33665 6.67478269e-01
39.47282 6.59901410e-01
39.60946 6.52411365e-01
39.74657 6.45007541e-01
39.88416 6.37689046e-01
40.02222 6.30664384e-01
40.16076 6.24804216e-01
40.29978 6.19003706e-01
40.43928 6.13261813e-01
40.57926 6.07578390e-01
40.71973 6.01952694e-01
40.86069 5.96383984e-01
41.00213 5.90871814e-01
41.14406 5.85415592e-01
41.28648 5.80014722e-01
41.42940 5.74668612e-01
41.57281 5.69376816e-01
41.71672 5.64138445e-01
41.86113 5.58953349e-01
42.00603 5.53820638e-01
42.15144 5.48739867e-01
42.29735 5.43710591e-01
42.44377 5.38732068e-01
42.59069 5.33804001e-01
42.73812 5.28925648e-01
42.88606 5.24096563e-01
43.03451 5.19316154e-01
43.18348 5.14584123e-01
43.33297 5.09899580e-01
43.48297 5.05262377e-01
43.63349 5.00671772e-01
43.78453 4.96127318e-01
43.93609 4.91628572e-01
44.08818 4.87175088e-01
44.24079 4.82766124e-01
44.39394 4.78401532e-01
44.54761 4.74080569e-01
44.70182 4.69802939e-01
44.85655 4.65568197e-01
45.01183 4.61405874e-01
45.16764 4.57648237e-01
45.32399 4.53925326e-01
45.48089 4.50236548e-01
45.63832 4.46581752e-01
45.79630 4.42960347e-01
45.95483 4.39372184e-01
46.11391 4.35816816e-01
46.27353 4.32293949e-01
46.43371 4.28803284e-01
46.59445 4.25344377e-01
46.75574 4.21917079e-01
46.91759 4.18520945e-01
47.08000 4.15155678e-01
47.24297 4.11820982e-01
47.40650 4.08516559e-01
47.57060 4.05241964e-01
47.73527 4.01997198e-01
47.90051 3.98781667e-01
48.06633 3.95595222e-01
48.23271 3.92437419e-01
48.39967 3.89308108e-01
48.56721 3.86206993e-01
48.73533 3.83133778e-01
48.90403 3.80088164e-01
49.07332 3.77069857e-01
49.24319 3.74078706e-01
49.41365 3.71114120e-01
49.58470 3.68176096e-01
49.75634 3.65264340e-01
49.92858 3.62378554e-01
50.10141 3.59024417e-01
50.27484 3.55358046e-01
50.44887 3.51731002e-01
50.62350 3.48142393e-01
50.79874 3.44592220e-01
50.97458 3.41079889e-01
51.15104 3.37604954e-01
51.32810 3.34167120e-01
51.50578 3.30765792e-01
51.68407 3.27400674e-01
51.86298 3.24071468e-01
52.04250 3.20777730e-01
52.22265 3.17519014e-01
52.40343 3.14294876e-01
52.58482 3.11105018e-01
52.76685 3.07949144e-01
52.94951 3.04826808e-01
53.13280 3.01737565e-01
53.31672 2.98681267e-01
53.50128 2.95657172e-01
53.68648 2.92665428e-01
53.87232 2.89705293e-01
54.05880 2.86776470e-01
54.24593 2.83878812e-01
54.43371 2.81011724e-01
54.62214 2.78175058e-01
54.81122 2.75368517e-01
55.00095 2.72593586e-01
55.19134 2.70249904e-01
55.38239 2.67928483e-01
55.57410 2.65629025e-01
55.76647 2.63351382e-01
55.95951 2.61095108e-01
56.15322 2.58860056e-01
56.34760 2.56646225e-01
56.54265 2.54453021e-01
56.73838 2.52280594e-01
56.93479 2.50128497e-01
57.13187 2.47996582e-01
57.32964 2.45884554e-01
57.52809 2.43792262e-01
57.72723 2.41719708e-01
57.92705 2.39666297e-01
58.12757 2.37632178e-01
58.32879 2.35616906e-01
58.53070 2.33620481e-01
58.73331 2.31642457e-01
58.93662 2.29682984e-01
59.14063 2.27741615e-01
59.34535 2.25818202e-01
59.55078 2.23912598e-01
59.75692 2.22024505e-01
59.96377 2.20153923e-01
60.17134 2.18129747e-01
60.37963 2.16089692e-01
60.58864 2.14070116e-01
60.79837 2.12070872e-01
61.00883 2.10091512e-01
61.22002 2.08132187e-01
61.43194 2.06192451e-01
61.64459 2.04272006e-01
61.85797 2.02370854e-01
62.07210 2.00488697e-01
62.28697 1.98625386e-01
62.50258 1.96780478e-01
62.71894 1.94954119e-01
62.93605 1.93145865e-01
63.15390 1.91355567e-01
63.37252 1.89583078e-01
63.59189 1.87828248e-01
63.81201 1.86090780e-01
64.03290 1.84370379e-01
64.25456 1.82667192e-01
64.47698 1.80980775e-01
64.70017 1.79311126e-01
64.92414 1.77657802e-01
65.14888 1.76164601e-01
65.37440 1.74757918e-01
65.60070 1.73363700e-01
65.82778 1.71981650e-01
66.05565 1.70611770e-01
66.28430 1.69253910e-01
66.51375 1.67907922e-01
66.74400 1.66573806e-01
66.97504 1.65251265e-01
67.20688 1.63940300e-01
67.43952 1.62640761e-01
67.67297 1.61352649e-01
67.90722 1.60075667e-01
68.14229 1.58809815e-01
68.37817 1.57554944e-01
68.61486 1.56310907e-01
68.85238 1.55077703e-01
69.09072 1.53855036e-01
69.32988 1.52643053e-01
69.56987 1.51441606e-01
69.81069 1.50250400e-01
70.05235 1.49069581e-01
70.29484 1.47899016e-01
70.53817 1.46738543e-01
70.78235 1.45588043e-01
71.02737 1.44447425e-01
71.27323 1.43316603e-01
71.51995 1.42195470e-01
71.76752 1.41083925e-01
72.01595 1.39981906e-01
72.26524 1.38889296e-01
72.51539 1.37806006e-01
72.76641 1.36731946e-01
73.01830 1.35667043e-01
73.27106 1.34611177e-01
73.52469 1.33564304e-01
73.77920 1.32526305e-01
74.03460 1.31497106e-01
74.29087 1.30476619e-01
74.54804 1.29464768e-01
74.80609 1.28461466e-01
75.06504 1.27468907e-01
75.32488 1.26491441e-01
75.58563 1.25522151e-01
75.84727 1.24560950e-01
76.10982 1.23607777e-01
76.37328 1.22662543e-01
76.63766 1.21725174e-01
76.90295 1.20795597e-01
77.16915 1.19873751e-01
77.43628 1.18959547e-01
77.70433 1.18052927e-01
77.97331 1.17153816e-01
78.24322 1.16262140e-01
78.51407 1.15377824e-01
78.78585 1.14500825e-01
79.05857 1.13631052e-01
79.33224 1.12768433e-01
79.60686 1.11912922e-01
79.88242 1.11064445e-01
80.15894 1.10216843e-01
80.43642 1.09371765e-01
80.71486 1.08533676e-01
80.99426 1.07702532e-01
81.27463 1.06878259e-01
81.55596 1.06060783e-01
81.83828 1.05250058e-01
82.12157 1.04446012e-01
82.40584 1.03648585e-01
82.69109 1.02857717e-01
82.97733 1.02073364e-01
83.26457 1.01295436e-01
83.55279 1.00523889e-01
83.84202 9.97586797e-02
84.13225 9.89997176e-02
84.42348 9.82469734e-02
84.71572 9.75003879e-02
85.00897 9.67599016e-02
85.30323 9.60254403e-02
85.59852 9.52969744e-02
85.89482 9.45744444e-02
86.19215 9.38577912e-02
86.49052 9.31469552e-02
86.78991 9.24418919e-02
87.09034 9.17425569e-02
87.39181 9.10488908e-02
87.69432 9.03608490e-02
87.99789 8.96783574e-02
88.30250 8.90014012e-02
88.60816 8.83299060e-02
88.91489 8.76638274e-02
89.22267 8.70031358e-02
89.53153 8.63477569e-02
89.84145 8.56976462e-02
90.15244 8.50527740e-02
90.46451 8.44130809e-02
90.77766 8.37785374e-02
91.09190 8.31490691e-02
91.40722 8.25246612e-02
91.72363 8.19052396e-02
92.04114 8.12907894e-02
92.35975 8.06812364e-02
92.67946 8.00765658e-02
93.00028 7.94767182e-02
93.32221 7.88816638e-02
93.64525 7.82913435e-02
93.96941 7.77057274e-02
94.29469 7.71247711e-02
94.62110 7.65484448e-02
94.94864 7.59766893e-02
95.27731 7.54094748e-02
95.60712 7.48467569e-02
95.93807 7.42884909e-02
96.27017 7.37346621e-02
96.60342 7.31852111e-02
96.93782 7.26401082e-02
97.27338 7.20993090e-02
97.61010 7.15627688e-02
97.94798 7.10304728e-02
98.28704 7.05023766e-02
98.62727 6.99784355e-02
98.96867 6.94586348e-02
99.31126 6.89429003e-02
99.65504 6.84312320e-02
100.00000 6.79235852e-02
