        2000  5.000000 3.200000
0.10000 1.27202987e+00
0.10035 1.27209835e+00
0.10069 1.27216725e+00
0.10104 1.27223637e+00
0.10139 1.27230549e+00
0.10174 1.27237504e+00
0.10210 1.27244459e+00
0.10245 1.27251456e+00
0.10280 1.27258475e+00
0.10316 1.27265493e+00
0.10352 1.27272555e+00
0.10387 1.27279616e+00
0.10423 1.27286699e+00
0.10459 1.27293824e+00
0.10496 1.27300949e+00
0.10532 1.27308117e+00
0.10568 1.27315285e+00
0.10605 1.27322475e+00
0.10642 1.27329707e+00
0.10679 1.27336939e+00
0.10716 1.27344213e+00
0.10753 1.27351488e+00
0.10790 1.27358805e+00
0.10827 1.27366123e+00
0.10865 1.27373483e+00
0.10902 1.27380843e+00
0.10940 1.27388245e+00
0.10978 1.27395648e+00
0.11016 1.27403093e+00
0.11054 1.27410539e+00
0.11092 1.27418027e+00
0.11131 1.27425536e+00
0.11169 1.27433045e+00
0.11208 1.27440597e+00
0.11247 1.27448171e+00
0.11286 1.27455765e+00
0.11325 1.27463381e+00
0.11364 1.27471019e+00
0.11403 1.27478677e+00
0.11443 1.27486357e+00
0.11482 1.27494059e+00
0.11522 1.27501803e+00
0.11562 1.27509547e+00
0.11602 1.27517312e+00
0.11642 1.27525120e+00
0.11682 1.27532928e+00
0.11723 1.27540779e+00
0.11763 1.27548651e+00
0.11804 1.27556544e+00
0.11845 1.27564437e+00
0.11886 1.27572373e+00
0.11927 1.27580352e+00
0.11968 1.27588331e+00
0.12010 1.27596331e+00
0.12051 1.27604373e+00
0.12093 1.27612416e+00
0.12135 1.27620501e+00
0.12177 1.27628608e+00
0.12219 1.27636736e+00
0.12262 1.27644885e+00
0.12304 1.27653056e+00
0.12347 1.27661248e+00
0.12389 1.27669461e+00
0.12432 1.27677717e+00
0.12475 1.27685995e+00
0.12518 1.27694293e+00
0.12562 1.27702613e+00
0.12605 1.27710955e+00
0.12649 1.27719317e+00
0.12693 1.27727723e+00
0.12737 1.27736128e+00
0.12781 1.27744576e+00
0.12825 1.27753045e+00
0.12869 1.27761536e+00
0.12914 1.27770048e+00
0.12959 1.27778603e+00
0.13003 1.27787157e+00
0.13048 1.27795755e+00
0.13094 1.27804373e+00
0.13139 1.27813035e+00
0.13184 1.27821696e+00
0.13230 1.27830400e+00
0.13276 1.27839104e+00
0.13322 1.27847851e+00
0.13368 1.27856640e+00
0.13414 1.27865429e+00
0.13461 1.27874261e+00
0.13507 1.27883115e+00
0.13554 1.27891989e+00
0.13601 1.27900885e+00
0.13648 1.27909824e+00
0.13695 1.27918763e+00
0.13743 1.27927744e+00
0.13790 1.27936768e+00
0.13838 1.27945792e+00
0.13886 1.27954859e+00
0.13934 1.27963947e+00
0.13982 1.27973056e+00
0.14031 1.27982187e+00
0.14079 1.27991360e+00
0.14128 1.28000555e+00
0.14177 1.28009771e+00
0.14226 1.28019029e+00
0.14275 1.28028309e+00
0.14324 1.28037611e+00
0.14374 1.28046933e+00
0.14424 1.28056299e+00
0.14474 1.28065685e+00
0.14524 1.28075093e+00
0.14574 1.28084544e+00
0.14625 1.28094016e+00
0.14675 1.28103509e+00
0.14726 1.28113024e+00
0.14777 1.28122581e+00
0.14828 1.28132160e+00
0.14879 1.28141760e+00
0.14931 1.28151403e+00
0.14983 1.28161067e+00
0.15034 1.28170773e+00
0.15087 1.28180480e+00
0.15139 1.28190229e+00
0.15191 1.28200021e+00
0.15244 1.28209813e+00
0.15297 1.28219648e+00
0.15349 1.28229525e+00
0.15403 1.28239403e+00
0.15456 1.28249323e+00
0.15509 1.28259285e+00
0.15563 1.28269269e+00
0.15617 1.28279275e+00
0.15671 1.28289323e+00
0.15725 1.28299392e+00
0.15780 1.28309483e+00
0.15834 1.28319616e+00
0.15889 1.28329771e+00
0.15944 1.28339968e+00
0.15999 1.28350187e+00
0.16055 1.28360427e+00
0.16110 1.28370688e+00
0.16166 1.28380992e+00
0.16222 1.28391339e+00
0.16278 1.28401707e+00
0.16335 1.28412096e+00
0.16391 1.28422528e+00
0.16448 1.28432981e+00
0.16505 1.28443477e+00
0.16562 1.28453995e+00
0.16619 1.28464533e+00
0.16677 1.28475136e+00
0.16734 1.28485739e+00
0.16792 1.28496384e+00
0.16851 1.28507072e+00
0.16909 1.28517760e+00
0.16967 1.28528512e+00
0.17026 1.28539264e+00
0.17085 1.28550059e+00
0.17144 1.28560875e+00
0.17204 1.28571733e+00
0.17263 1.28582635e+00
0.17323 1.28593557e+00
0.17383 1.28604501e+00
0.17443 1.28615488e+00
0.17503 1.28626517e+00
0.17564 1.28637589e+00
0.17625 1.28648683e+00
0.17686 1.28659797e+00
0.17747 1.28670955e+00
0.17808 1.28682155e+00
0.17870 1.28693376e+00
0.17932 1.28704619e+00
0.17994 1.28715883e+00
0.18056 1.28727189e+00
0.18119 1.28738517e+00
0.18182 1.28749888e+00
0.18244 1.28761280e+00
0.18308 1.28772736e+00
0.18371 1.28784213e+00
0.18435 1.28795712e+00
0.18498 1.28807275e+00
0.18562 1.28818859e+00
0.18627 1.28830485e+00
0.18691 1.28842155e+00
0.18756 1.28853845e+00
0.18821 1.28865557e+00
0.18886 1.28877333e+00
0.18951 1.28889109e+00
0.19017 1.28900928e+00
0.19083 1.28912747e+00
0.19149 1.28924629e+00
0.19215 1.28936533e+00
0.19282 1.28948480e+00
0.19348 1.28960448e+00
0.19415 1.28972459e+00
0.19483 1.28984512e+00
0.19550 1.28996608e+00
0.19618 1.29008725e+00
0.19686 1.29020907e+00
0.19754 1.29033131e+00
0.19822 1.29045376e+00
0.19891 1.29057664e+00
0.19960 1.29069995e+00
0.20029 1.29082859e+00
0.20098 1.29096384e+00
0.20168 1.29109803e+00
0.20237 1.29123157e+00
0.20307 1.29136405e+00
0.20378 1.29149589e+00
0.20448 1.29162688e+00
0.20519 1.29175680e+00
0.20590 1.29188608e+00
0.20661 1.29201429e+00
0.20733 1.29214165e+00
0.20805 1.29226837e+00
0.20877 1.29239403e+00
0.20949 1.29251861e+00
0.21021 1.29264235e+00
0.21094 1.29276501e+00
0.21167 1.29288683e+00
0.21240 1.29300736e+00
0.21314 1.29312683e+00
0.21388 1.29324501e+00
0.21462 1.29336213e+00
0.21536 1.29347797e+00
0.21611 1.29359253e+00
0.21685 1.29370603e+00
0.21760 1.29381824e+00
0.21836 1.29392896e+00
0.21911 1.29403861e+00
0.21987 1.29414677e+00
0.22063 1.29424640e+00
0.22140 1.29434432e+00
0.22216 1.29444267e+00
0.22293 1.29454123e+00
0.22370 1.29464000e+00
0.22448 1.29473899e+00
0.22526 1.29483819e+00
0.22604 1.29493781e+00
0.22682 1.29503744e+00
0.22760 1.29513728e+00
0.22839 1.29523733e+00
0.22918 1.29533760e+00
0.22998 1.29543829e+00
0.23077 1.29553877e+00
0.23157 1.29563989e+00
0.23237 1.29574101e+00
0.23318 1.29584213e+00
0.23398 1.29594389e+00
0.23479 1.29604544e+00
0.23561 1.29614763e+00
0.23642 1.29624981e+00
0.23724 1.29635221e+00
0.23806 1.29645483e+00
0.23889 1.29655765e+00
0.23971 1.29666091e+00
0.24054 1.29673579e+00
0.24137 1.29679595e+00
0.24221 1.29685632e+00
0.24305 1.29691733e+00
0.24389 1.29697856e+00
0.24473 1.29704021e+00
0.24558 1.29710229e+00
0.24643 1.29716480e+00
0.24728 1.29722773e+00
0.24814 1.29729088e+00
0.24900 1.29735445e+00
0.24986 1.29741845e+00
0.25073 1.29748288e+00
0.25159 1.29754752e+00
0.25246 1.29761280e+00
0.25334 1.29767829e+00
0.25422 1.29774421e+00
0.25510 1.29781077e+00
0.25598 1.29787755e+00
0.25687 1.29794475e+00
0.25775 1.29801237e+00
0.25865 1.29808043e+00
0.25954 1.29814891e+00
0.26044 1.29822251e+00
0.26134 1.29830123e+00
0.26225 1.29838016e+00
0.26315 1.29845973e+00
0.26406 1.29853909e+00
0.26498 1.29861909e+00
0.26590 1.29869909e+00
0.26682 1.29877952e+00
0.26774 1.29886016e+00
0.26867 1.29894101e+00
0.26960 1.29902229e+00
0.27053 1.29910379e+00
0.27147 1.29918528e+00
0.27241 1.29926741e+00
0.27335 1.29934976e+00
0.27430 1.29943232e+00
0.27525 1.29951531e+00
0.27620 1.29959851e+00
0.27715 1.29968192e+00
0.27811 1.29976619e+00
0.27908 1.29985003e+00
0.28004 1.29993600e+00
0.28101 1.30004501e+00
0.28198 1.30015467e+00
0.28296 1.30026411e+00
0.28394 1.30037397e+00
0.28492 1.30048384e+00
0.28591 1.30059392e+00
0.28690 1.30070421e+00
0.28789 1.30081451e+00
0.28889 1.30092501e+00
0.28989 1.30103531e+00
0.29089 1.30114624e+00
0.29190 1.30125653e+00
0.29291 1.30136768e+00
0.29392 1.30147797e+00
0.29494 1.30158933e+00
0.29596 1.30169963e+00
0.29699 1.30181077e+00
0.29801 1.30192213e+00
0.29905 1.30203264e+00
0.30008 1.30214656e+00
0.30112 1.30227797e+00
0.30216 1.30240960e+00
0.30321 1.30254123e+00
0.30426 1.30267264e+00
0.30531 1.30280405e+00
0.30637 1.30293483e+00
0.30743 1.30306645e+00
0.30849 1.30319808e+00
0.30956 1.30332821e+00
0.31063 1.30346027e+00
0.31171 1.30359211e+00
0.31279 1.30372160e+00
0.31387 1.30385451e+00
0.31496 1.30398464e+00
0.31605 1.30411477e+00
0.31714 1.30424597e+00
0.31824 1.30437568e+00
0.31934 1.30450453e+00
0.32044 1.30466624e+00
0.32155 1.30487445e+00
0.32267 1.30508032e+00
0.32378 1.30528725e+00
0.32490 1.30549077e+00
0.32603 1.30569472e+00
0.32716 1.30589675e+00
0.32829 1.30609749e+00
0.32943 1.30629995e+00
0.33057 1.30649792e+00
0.33171 1.30669824e+00
0.33286 1.30689899e+00
0.33401 1.30709568e+00
0.33517 1.30729621e+00
0.33633 1.30749611e+00
0.33749 1.30769408e+00
0.33866 1.30789611e+00
0.33983 1.30809301e+00
0.34101 1.30835733e+00
0.34219 1.30863232e+00
0.34337 1.30889621e+00
0.34456 1.30917632e+00
0.34576 1.30944512e+00
0.34695 1.30970432e+00
0.34815 1.30998549e+00
0.34936 1.31024256e+00
0.35057 1.31050005e+00
0.35178 1.31077397e+00
0.35300 1.31101952e+00
0.35422 1.31127744e+00
0.35545 1.31153856e+00
0.35668 1.31177707e+00
0.35791 1.31203648e+00
0.35915 1.31228672e+00
0.36039 1.31253269e+00
0.36164 1.31282048e+00
0.36289 1.31309696e+00
0.36415 1.31336832e+00
0.36541 1.31365355e+00
0.36668 1.31393045e+00
0.36795 1.31421269e+00
0.36922 1.31449429e+00
0.37050 1.31476885e+00
0.37178 1.31505707e+00
0.37307 1.31532949e+00
0.37436 1.31559915e+00
0.37565 1.31588075e+00
0.37695 1.31613568e+00
0.37826 1.31639829e+00
0.37957 1.31665429e+00
0.38088 1.31689280e+00
0.38220 1.31715861e+00
0.38352 1.31739883e+00
0.38485 1.31761088e+00
0.38618 1.31785707e+00
0.38752 1.31808683e+00
0.38886 1.31828715e+00
0.39021 1.31851157e+00
0.39156 1.31872704e+00
0.39291 1.31893184e+00
0.39427 1.31916117e+00
0.39564 1.31937707e+00
0.39701 1.31957312e+00
0.39838 1.31980331e+00
0.39976 1.32004501e+00
0.40115 1.32024043e+00
0.40253 1.32045909e+00
0.40393 1.32069867e+00
0.40533 1.32090475e+00
0.40673 1.32108608e+00
0.40814 1.32129984e+00
0.40955 1.32150272e+00
0.41097 1.32163712e+00
0.41239 1.32178048e+00
0.41382 1.32194283e+00
0.41525 1.32204907e+00
0.41669 1.32213845e+00
0.41813 1.32220629e+00
0.41958 1.32226517e+00
0.42103 1.32233067e+00
0.42249 1.32233237e+00
0.42395 1.32233813e+00
0.42542 1.32243136e+00
0.42689 1.32237717e+00
0.42837 1.32227797e+00
0.42985 1.32241899e+00
0.43134 1.32250048e+00
0.43283 1.32231616e+00
0.43433 1.32227371e+00
0.43583 1.32245163e+00
0.43734 1.32246293e+00
0.43886 1.32231957e+00
0.44037 1.32230891e+00
0.44190 1.32234475e+00
0.44343 1.32228032e+00
0.44496 1.32222208e+00
0.44650 1.32216832e+00
0.44805 1.32193429e+00
0.44960 1.32177131e+00
0.45116 1.32173760e+00
0.45272 1.32146091e+00
0.45429 1.32101333e+00
0.45586 1.32077504e+00
0.45744 1.32052437e+00
0.45902 1.32004373e+00
0.46061 1.31956245e+00
0.46220 1.31915157e+00
0.46380 1.31874816e+00
0.46541 1.31822251e+00
0.46702 1.31758272e+00
0.46864 1.31706987e+00
0.47026 1.31674368e+00
0.47189 1.31611115e+00
0.47352 1.31530624e+00
0.47516 1.31486848e+00
0.47680 1.31448064e+00
0.47845 1.31368000e+00
0.48011 1.31292309e+00
0.48177 1.31245397e+00
0.48344 1.31174059e+00
0.48511 1.31088128e+00
0.48679 1.31016085e+00
0.48848 1.30939669e+00
0.49017 1.30835947e+00
0.49186 1.30735531e+00
0.49357 1.30649365e+00
0.49528 1.30545515e+00
0.49699 1.30421547e+00
0.49871 1.30296021e+00
0.50044 1.30178304e+00
0.50217 1.30046272e+00
0.50391 1.29901227e+00
0.50565 1.29746837e+00
0.50740 1.29601856e+00
0.50916 1.29455360e+00
0.51092 1.29298645e+00
0.51269 1.29146347e+00
0.51446 1.28998059e+00
0.51625 1.28838251e+00
0.51803 1.28672704e+00
0.51983 1.28516075e+00
0.52163 1.28361408e+00
0.52343 1.28195691e+00
0.52524 1.28034069e+00
0.52706 1.27858475e+00
0.52889 1.27665984e+00
0.53072 1.27470507e+00
0.53255 1.27301184e+00
0.53440 1.27126933e+00
0.53625 1.26906965e+00
0.53810 1.26655232e+00
0.53997 1.26433131e+00
0.54183 1.26234432e+00
0.54371 1.26001024e+00
0.54559 1.25719765e+00
0.54748 1.25457600e+00
0.54938 1.25228245e+00
0.55128 1.24988395e+00
0.55319 1.24695637e+00
0.55510 1.24426923e+00
0.55702 1.24208171e+00
0.55895 1.23979285e+00
0.56089 1.23684181e+00
0.56283 1.23384405e+00
0.56478 1.23138517e+00
0.56673 1.22915136e+00
0.56869 1.22647531e+00
0.57066 1.22331392e+00
0.57264 1.22047808e+00
0.57462 1.21798805e+00
0.57661 1.21525867e+00
0.57860 1.21196693e+00
0.58061 1.20890219e+00
0.58262 1.20628352e+00
0.58463 1.20351296e+00
0.58666 1.19981739e+00
0.58869 1.19596245e+00
0.59073 1.19271168e+00
0.59277 1.18998485e+00
0.59482 1.18668288e+00
0.59688 1.18270571e+00
0.59895 1.17879168e+00
0.60102 1.17501973e+00
0.60310 1.17104619e+00
0.60519 1.16677888e+00
0.60728 1.16258795e+00
0.60939 1.15854037e+00
0.61150 1.15431851e+00
0.61361 1.14967253e+00
0.61574 1.14528768e+00
0.61787 1.14142891e+00
0.62001 1.13755008e+00
0.62215 1.13311317e+00
0.62431 1.12828011e+00
0.62647 1.12368597e+00
0.62864 1.11964139e+00
0.63081 1.11575339e+00
0.63300 1.11128747e+00
0.63519 1.10644053e+00
0.63739 1.10178368e+00
0.63959 1.09711723e+00
0.64181 1.09238080e+00
0.64403 1.08764053e+00
0.64626 1.08278677e+00
0.64849 1.07801685e+00
0.65074 1.07315989e+00
0.65299 1.06837291e+00
0.65525 1.06367445e+00
0.65752 1.05916949e+00
0.65980 1.05463125e+00
0.66208 1.04968171e+00
0.66437 1.04469205e+00
0.66667 1.04003584e+00
0.66898 1.03557440e+00
0.67130 1.03113728e+00
0.67362 1.02633493e+00
0.67595 1.02130603e+00
0.67829 1.01653184e+00
0.68064 1.01203349e+00
0.68299 1.00753003e+00
0.68536 1.00255104e+00
0.68773 9.97426347e-01
0.69011 9.92670507e-01
0.69250 9.88254933e-01
0.69490 9.83697493e-01
0.69730 9.78424533e-01
0.69972 9.72882773e-01
0.70214 9.68741760e-01
0.70457 9.64901760e-01
0.70701 9.60811947e-01
0.70946 9.56339200e-01
0.71191 9.51661440e-01
0.71438 9.47327147e-01
0.71685 9.43381547e-01
0.71933 9.39440640e-01
0.72182 9.34986880e-01
0.72432 9.30007253e-01
0.72683 9.25181013e-01
0.72934 9.20881493e-01
0.73187 9.17060480e-01
0.73440 9.13115093e-01
0.73694 9.08551893e-01
0.73949 9.03719467e-01
0.74205 8.99330560e-01
0.74462 8.95411840e-01
0.74720 8.91285333e-01
0.74979 8.86883627e-01
0.75238 8.82022187e-01
0.75499 8.77118293e-01
0.75760 8.72838827e-01
0.76022 8.68503040e-01
0.76285 8.63593387e-01
0.76549 8.58794453e-01
0.76814 8.54327040e-01
0.77080 8.50125653e-01
0.77347 8.45650347e-01
0.77615 8.40200320e-01
0.77884 8.34532480e-01
0.78153 8.29736960e-01
0.78424 8.26027307e-01
0.78695 8.22163413e-01
0.78968 8.16850773e-01
0.79241 8.11021013e-01
0.79515 8.06248960e-01
0.79790 8.02651307e-01
0.80067 7.98935680e-01
0.80344 7.94847147e-01
0.80622 7.90750720e-01
0.80901 7.87326933e-01
0.81181 7.84094080e-01
0.81462 7.80902187e-01
0.81744 7.77837440e-01
0.82027 7.74738560e-01
0.82311 7.71285547e-01
0.82596 7.68193493e-01
0.82882 7.65216000e-01
0.83169 7.61627520e-01
0.83457 7.57543893e-01
0.83745 7.53571413e-01
0.84035 7.51008000e-01
0.84326 7.48987947e-01
0.84618 7.45342507e-01
0.84911 7.40899413e-01
0.85205 7.37402667e-01
0.85500 7.34705280e-01
0.85796 7.31313920e-01
0.86093 7.27754240e-01
0.86391 7.25030613e-01
0.86690 7.21672107e-01
0.86990 7.17290453e-01
0.87291 7.13517867e-01
0.87593 7.11005867e-01
0.87897 7.08619307e-01
0.88201 7.04706987e-01
0.88506 7.00559787e-01
0.88813 6.98241280e-01
0.89120 6.96490027e-01
0.89428 6.92867413e-01
0.89738 6.88010027e-01
0.90049 6.84289067e-01
0.90360 6.83442347e-01
0.90673 6.82970240e-01
0.90987 6.82465493e-01
0.91302 6.80794453e-01
0.91618 6.77446827e-01
0.91935 6.74945067e-01
0.92253 6.74352213e-01
0.92573 6.74322560e-01
0.92893 6.72448640e-01
0.93215 6.70154880e-01
0.93537 6.68789973e-01
0.93861 6.66915840e-01
0.94186 6.64880640e-01
0.94512 6.64053973e-01
0.94839 6.62872747e-01
0.95168 6.60839680e-01
0.95497 6.58643627e-01
0.95828 6.57565440e-01
0.96159 6.57661440e-01
0.96492 6.55685333e-01
0.96826 6.52967467e-01
0.97161 6.51693227e-01
0.97498 6.50278400e-01
0.97835 6.48638720e-01
0.98174 6.47161173e-01
0.98514 6.45976960e-01
0.98855 6.45514240e-01
0.99197 6.43604693e-01
0.99540 6.41009493e-01
0.99885 6.39108693e-01
1.00231 6.37198507e-01
1.00578 6.34524587e-01
1.00926 6.31396693e-01
1.01275 6.28204800e-01
1.01626 6.24920533e-01
1.01978 6.22171947e-01
1.02330 6.19214933e-01
1.02685 6.15923840e-01
1.03040 6.12654720e-01
1.03397 6.09593600e-01
1.03755 6.06202880e-01
1.04114 6.03340373e-01
1.04474 6.01045120e-01
1.04836 5.98538880e-01
1.05199 5.95469227e-01
1.05563 5.91160960e-01
1.05928 5.87082027e-01
1.06295 5.84429440e-01
1.06663 5.82946347e-01
1.07032 5.80547627e-01
1.07403 5.76727680e-01
1.07775 5.73207680e-01
1.08148 5.70866347e-01
1.08522 5.68112853e-01
1.08898 5.63917653e-01
1.09275 5.59757227e-01
1.09653 5.57205333e-01
1.10032 5.56414720e-01
1.10413 5.53379627e-01
1.10796 5.47364907e-01
1.11179 5.41398187e-01
1.11564 5.38002987e-01
1.11950 5.36625920e-01
1.12338 5.33588480e-01
1.12726 5.25819520e-01
1.13117 5.19204053e-01
1.13508 5.16858667e-01
1.13901 5.16611840e-01
1.14295 5.15527040e-01
1.14691 5.09019093e-01
1.15088 5.00850987e-01
1.15487 4.96343040e-01
1.15886 4.95672533e-01
1.16287 4.94674560e-01
1.16690 4.88658133e-01
1.17094 4.82683520e-01
1.17499 4.80206507e-01
1.17906 4.77549227e-01
1.18314 4.75244373e-01
1.18724 4.71202347e-01
1.19135 4.65884587e-01
1.19547 4.59582080e-01
1.19961 4.56849067e-01
1.20376 4.55927253e-01
1.20793 4.50943360e-01
1.21211 4.43979307e-01
1.21630 4.37322667e-01
1.22052 4.32654720e-01
1.22474 4.28688853e-01
1.22898 4.24676907e-01
1.23323 4.18145920e-01
1.23750 4.11221547e-01
1.24179 4.07893333e-01
1.24609 4.05888427e-01
1.25040 4.01732693e-01
1.25473 3.94406613e-01
1.25907 3.86192853e-01
1.26343 3.81693653e-01
1.26780 3.83691520e-01
1.27219 3.80003413e-01
1.27659 3.69462187e-01
1.28101 3.64583467e-01
1.28545 3.63635200e-01
1.28990 3.59621547e-01
1.29436 3.54290560e-01
1.29884 3.48955307e-01
1.30334 3.44338987e-01
1.30785 3.40671573e-01
1.31238 3.40427093e-01
1.31692 3.37767040e-01
1.32148 3.33690667e-01
1.32605 3.28836267e-01
1.33064 3.24959787e-01
1.33525 3.23079680e-01
1.33987 3.21554347e-01
1.34451 3.17339733e-01
1.34916 3.13322880e-01
1.35383 3.09803947e-01
1.35852 3.09308373e-01
1.36322 3.05687040e-01
1.36794 2.98327680e-01
1.37268 2.96654720e-01
1.37743 2.96676907e-01
1.38220 2.94784000e-01
1.38698 2.91190613e-01
1.39178 2.84828373e-01
1.39660 2.83409920e-01
1.40144 2.81516373e-01
1.40629 2.79569280e-01
1.41115 2.81397120e-01
1.41604 2.77170560e-01
1.42094 2.73841067e-01
1.42586 2.70355413e-01
1.43080 2.68517547e-01
1.43575 2.70663253e-01
1.44072 2.74114347e-01
1.44571 2.69386453e-01
1.45071 2.64858027e-01
1.45573 2.58662827e-01
1.46077 2.61000533e-01
1.46583 2.64756267e-01
1.47090 2.61747200e-01
1.47599 2.57770027e-01
1.48110 2.56420053e-01
1.48623 2.52218027e-01
1.49137 2.51454720e-01
1.49654 2.53256320e-01
1.50172 2.56635733e-01
1.50692 2.54026240e-01
1.51213 2.46704640e-01
1.51737 2.42856320e-01
1.52262 2.43511893e-01
1.52789 2.50867200e-01
1.53318 2.48129493e-01
1.53849 2.44892800e-01
1.54381 2.41275307e-01
1.54916 2.40309120e-01
1.55452 2.46079787e-01
1.55990 2.43408000e-01
1.56530 2.38018773e-01
1.57072 2.35339093e-01
1.57615 2.39352320e-01
1.58161 2.35467947e-01
1.58709 2.34815573e-01
1.59258 2.36269440e-01
1.59809 2.40495360e-01
1.60362 2.38408960e-01
1.60918 2.28855893e-01
1.61475 2.27001813e-01
1.62034 2.31614720e-01
1.62594 2.34003200e-01
1.63157 2.35697067e-01
1.63722 2.33803733e-01
1.64289 2.28317440e-01
1.64857 2.25283413e-01
1.65428 2.30427947e-01
1.66001 2.31193173e-01
1.66575 2.30361387e-01
1.67152 2.28387627e-01
1.67731 2.26129920e-01
1.68311 2.27984853e-01
1.68894 2.28017280e-01
1.69478 2.25826133e-01
1.70065 2.21237333e-01
1.70654 2.24568533e-01
1.71245 2.28892587e-01
1.71837 2.26481707e-01
1.72432 2.26907520e-01
1.73029 2.18177493e-01
1.73628 2.21164373e-01
1.74229 2.31462827e-01
1.74832 2.26526507e-01
1.75437 2.14184320e-01
1.76045 2.15779627e-01
1.76654 2.21074560e-01
1.77266 2.30601173e-01
1.77879 2.25243307e-01
1.78495 2.15716267e-01
1.79113 2.12537557e-01
1.79733 2.21774293e-01
1.80355 2.23399253e-01
1.80979 2.16015573e-01
1.81606 2.15975467e-01
1.82234 2.14823467e-01
1.82865 2.18122880e-01
1.83498 2.17957120e-01
1.84133 2.13502720e-01
1.84771 2.10243776e-01
1.85410 2.11673109e-01
1.86052 2.07733995e-01
1.86696 2.13112747e-01
1.87342 2.17728427e-01
1.87991 2.13460480e-01
1.88642 2.08179840e-01
1.89295 2.00970965e-01
1.89950 2.02406293e-01
1.90607 2.09104405e-01
1.91267 2.09588032e-01
1.91929 2.06125952e-01
1.92594 2.01290069e-01
1.93260 1.98031189e-01
1.93929 2.00562027e-01
1.94601 2.07250069e-01
1.95274 2.03181973e-01
1.95950 1.94663787e-01
1.96629 1.94428800e-01
1.97309 1.96748309e-01
1.97992 2.01448107e-01
1.98678 2.02966549e-01
1.99365 1.90966187e-01
2.00055 1.86286891e-01
2.00748 1.87307413e-01
2.01443 1.89825664e-01
2.02140 1.93179968e-01
2.02840 1.90722816e-01
2.03542 1.87423680e-01
2.04247 1.83614187e-01
2.04954 1.81757227e-01
2.05663 1.83791360e-01
2.06375 1.82894741e-01
2.07090 1.77262293e-01
2.07806 1.73053525e-01
2.08526 1.73316672e-01
2.09247 1.74275392e-01
2.09972 1.76423488e-01
2.10699 1.74395989e-01
2.11428 1.69469504e-01
2.12160 1.67326827e-01
2.12894 1.66842389e-01
2.13631 1.66882475e-01
2.14371 1.66755477e-01
2.15113 1.64465131e-01
2.15857 1.64035691e-01
2.16605 1.60873301e-01
2.17354 1.60075669e-01
2.18107 1.58045120e-01
2.18862 1.57076395e-01
2.19619 1.57183680e-01
2.20380 1.53197483e-01
2.21143 1.50450539e-01
2.21908 1.51722389e-01
2.22676 1.52468309e-01
2.23447 1.52828864e-01
2.24220 1.50533312e-01
2.24997 1.48283392e-01
2.25775 1.46917099e-01
2.26557 1.49542763e-01
2.27341 1.44464299e-01
2.28128 1.42047637e-01
2.28918 1.38735424e-01
2.29710 1.42364501e-01
2.30505 1.41597035e-01
2.31303 1.39591701e-01
2.32104 1.37914816e-01
2.32908 1.36485163e-01
2.33714 1.40763776e-01
2.34523 1.37014720e-01
2.35335 1.31490773e-01
2.36149 1.30374741e-01
2.36967 1.35317653e-01
2.37787 1.35174912e-01
2.38610 1.34650496e-01
2.39436 1.31682283e-01
2.40265 1.25070016e-01
2.41097 1.29138197e-01
2.41931 1.33742805e-01
2.42769 1.28679424e-01
2.43609 1.25607765e-01
2.44452 1.20893269e-01
2.45298 1.30593045e-01
2.46148 1.18580309e-01
2.47000 1.22404288e-01
2.47855 1.35713280e-01
2.48713 1.26724843e-01
2.49574 1.29950144e-01
2.50438 1.20556117e-01
2.51304 1.21919723e-01
2.52174 1.19051328e-01
2.53047 1.23856853e-01
2.53923 1.26484352e-01
2.54802 1.19608533e-01
2.55684 1.15242731e-01
2.56569 1.16448597e-01
2.57457 1.21313451e-01
2.58349 1.22341653e-01
2.59243 1.23528576e-01
2.60140 1.16856811e-01
2.61041 1.15599317e-01
2.61944 1.17332075e-01
2.62851 1.23192939e-01
2.63761 1.25082304e-01
2.64674 1.14778219e-01
2.65590 1.18978453e-01
2.66510 1.14133696e-01
2.67432 1.21873387e-01
2.68358 1.21885909e-01
2.69287 1.09767467e-01
2.70219 1.15790272e-01
2.71154 1.21903509e-01
2.72093 1.16740544e-01
2.73035 1.18510272e-01
2.73980 1.10552832e-01
2.74928 1.21397397e-01
2.75880 1.13982592e-01
2.76835 1.24075776e-01
2.77793 1.22504619e-01
2.78755 1.20669227e-01
2.79720 1.08984896e-01
2.80688 1.06690475e-01
2.81660 1.23182699e-01
2.82635 1.30005547e-01
2.83613 1.11556501e-01
2.84595 1.18821867e-01
2.85580 1.09609877e-01
2.86569 1.15184576e-01
2.87561 1.17280469e-01
2.88556 1.17202155e-01
2.89555 1.18234261e-01
2.90557 1.21136384e-01
2.91563 1.16219413e-01
2.92572 1.11524075e-01
2.93585 1.11756160e-01
2.94601 1.13597355e-01
2.95621 1.12355733e-01
2.96644 1.26206315e-01
2.97671 1.19095168e-01
2.98702 1.23742507e-01
2.99736 1.12833451e-01
3.00773 1.09682944e-01
3.01814 1.04398336e-01
3.02859 1.06289707e-01
3.03907 1.31402304e-01
3.04960 1.30694912e-01
3.06015 1.17032448e-01
3.07074 1.03728853e-01
3.08137 9.89950080e-02
3.09204 1.11867307e-01
3.10274 1.19378795e-01
3.11348 1.22442688e-01
3.12426 1.18632981e-01
3.13508 1.11323797e-01
3.14593 1.07802432e-01
3.15682 1.14123285e-01
3.16775 1.19989696e-01
3.17871 1.19943488e-01
3.18972 1.09404501e-01
3.20076 1.12240661e-01
3.21184 1.12520320e-01
3.22295 1.14475307e-01
3.23411 1.23682560e-01
3.24531 1.08658240e-01
3.25654 1.00230677e-01
3.26781 1.07478528e-01
3.27912 1.14891669e-01
3.29047 1.28588267e-01
3.30187 1.13224277e-01
3.31330 1.14042688e-01
3.32476 1.06634155e-01
3.33627 1.06373632e-01
3.34782 1.12181611e-01
3.35941 1.14646635e-01
3.37104 1.15560811e-01
3.38271 1.07686571e-01
3.39442 1.15205739e-01
3.40617 1.10923221e-01
3.41796 1.00863637e-01
3.42979 1.03603051e-01
3.44166 1.17435797e-01
3.45358 1.18506560e-01
3.46553 1.04566720e-01
3.47753 1.04751488e-01
3.48957 1.05269952e-01
3.50164 1.06488747e-01
3.51377 1.17889173e-01
3.52593 1.19660779e-01
3.53814 1.02351893e-01
3.55038 9.96977493e-02
3.56267 1.07261035e-01
3.57500 1.07240427e-01
3.58738 1.09668608e-01
3.59980 1.09644907e-01
3.61226 1.08068779e-01
3.62476 1.02342379e-01
3.63731 1.05550720e-01
3.64990 1.07922240e-01
3.66254 1.03158549e-01
3.67521 1.05912576e-01
3.68794 1.06020757e-01
3.70070 1.08791787e-01
3.71351 1.05212011e-01
3.72637 9.94263893e-02
3.73927 9.46624853e-02
3.75221 9.75168640e-02
3.76520 1.05491157e-01
3.77823 1.10272917e-01
3.79131 1.09250475e-01
3.80443 9.96125867e-02
3.81760 9.56557653e-02
3.83082 9.75273600e-02
3.84408 1.04753195e-01
3.85739 1.12264960e-01
3.87074 1.08596288e-01
3.88414 1.00020693e-01
3.89758 9.48477867e-02
3.91107 9.29405653e-02
3.92461 9.53366827e-02
3.93820 1.03285675e-01
3.95183 1.07771563e-01
3.96551 9.89824427e-02
3.97924 9.17982933e-02
3.99301 9.05639040e-02
4.00683 9.37083307e-02
4.02070 9.83814827e-02
4.03462 1.01808469e-01
4.04859 9.96892373e-02
4.06260 9.47082880e-02
4.07667 9.35656960e-02
4.09078 9.43764907e-02
4.10494 9.54651520e-02
4.11915 9.82375467e-02
4.13341 1.00032597e-01
4.14771 9.79338027e-02
4.16207 9.58612053e-02
4.17648 9.49640320e-02
4.19094 9.40348800e-02
4.20545 9.39774080e-02
4.22000 9.47293440e-02
4.23461 9.51675520e-02
4.24927 9.46443520e-02
4.26398 9.39796053e-02
4.27874 9.26205440e-02
4.29355 9.15428053e-02
4.30841 9.15802667e-02
4.32332 9.22373547e-02
4.33829 9.27829120e-02
4.35331 9.31735253e-02
4.36838 9.23696640e-02
4.38350 9.04425173e-02
4.39867 8.91790507e-02
4.41390 8.90809600e-02
4.42918 8.96542507e-02
4.44451 9.03761067e-02
4.45990 9.01991040e-02
4.47533 8.89314347e-02
4.49083 8.79949013e-02
4.50637 8.87278507e-02
4.52197 9.11984427e-02
4.53762 9.37996587e-02
4.55333 9.54493867e-02
4.56909 9.59715627e-02
4.58491 9.62962987e-02
4.60078 9.73453227e-02
4.61670 9.91243947e-02
4.63269 1.00785515e-01
4.64872 1.01541056e-01
4.66481 1.01574784e-01
4.68096 1.01741355e-01
4.69717 1.02629376e-01
4.71343 1.04021760e-01
4.72974 1.05202368e-01
4.74611 1.05804288e-01
4.76254 1.06191723e-01
4.77903 1.06885184e-01
4.79557 1.08067371e-01
4.81217 1.09596757e-01
4.82883 1.11136725e-01
4.84555 1.12419371e-01
4.86232 1.13494229e-01
4.87915 1.14611136e-01
4.89604 1.16002432e-01
4.91299 1.17727701e-01
4.92999 1.19609472e-01
4.94706 1.21391168e-01
4.96418 1.22972117e-01
4.98137 1.24474453e-01
4.99861 1.26099712e-01
5.01591 1.27528555e-01
5.03328 1.28946005e-01
5.05070 1.30138283e-01
5.06818 1.31001579e-01
5.08573 1.31660629e-01
5.10333 1.32332565e-01
5.12100 1.33126443e-01
5.13873 1.33985280e-01
5.15651 1.34786432e-01
5.17436 1.35477739e-01
5.19228 1.36122475e-01
5.21025 1.36826624e-01
5.22828 1.37643051e-01
5.24638 1.38539499e-01
5.26454 1.39439339e-01
5.28277 1.40296384e-01
5.30105 1.41136235e-01
5.31940 1.42022507e-01
5.33782 1.42987883e-01
5.35629 1.44007211e-01
5.37484 1.45035413e-01
5.39344 1.46061440e-01
5.41211 1.47117803e-01
5.43084 1.48243200e-01
5.44965 1.49448000e-01
5.46851 1.50718507e-01
5.48744 1.52045269e-01
5.50643 1.52696299e-01
5.52550 1.51976235e-01
5.54462 1.51322389e-01
5.56381 1.50694976e-01
5.58308 1.50051307e-01
5.60240 1.49364544e-01
5.62179 1.48620309e-01
5.64125 1.47804757e-01
5.66078 1.46903275e-01
5.68038 1.45909163e-01
5.70004 1.44829205e-01
5.71977 1.43679125e-01
5.73957 1.42474411e-01
5.75944 1.41226048e-01
5.77938 1.39942827e-01
5.79938 1.38635264e-01
5.81946 1.37315925e-01
5.83960 1.35997056e-01
5.85982 1.34688683e-01
5.88010 1.33398763e-01
5.90045 1.32134507e-01
5.92088 1.30902912e-01
5.94137 1.29710315e-01
5.96194 1.28561963e-01
5.98258 1.27461803e-01
6.00329 1.26483200e-01
6.02407 1.25931691e-01
6.04492 1.25432021e-01
6.06585 1.24983595e-01
6.08684 1.24584747e-01
6.10791 1.24232341e-01
6.12906 1.23921536e-01
6.15027 1.23645867e-01
6.17156 1.23397419e-01
6.19293 1.23167083e-01
6.21436 1.22944875e-01
6.23588 1.22720277e-01
6.25746 1.22483008e-01
6.27912 1.22223872e-01
6.30086 1.21935360e-01
6.32267 1.21612117e-01
6.34455 1.21251008e-01
6.36652 1.20851115e-01
6.38856 1.20413419e-01
6.41067 1.19940480e-01
6.43286 1.19436011e-01
6.45513 1.18904448e-01
6.47747 1.18350613e-01
6.49990 1.17779435e-01
6.52240 1.18030229e-01
6.54497 1.18274603e-01
6.56763 1.18513792e-01
6.59037 1.18752491e-01
6.61318 1.18994923e-01
6.63607 1.19244928e-01
6.65904 1.19505920e-01
6.68209 1.19780928e-01
6.70522 1.20072640e-01
6.72843 1.20383381e-01
6.75172 1.20715072e-01
6.77510 1.21069227e-01
6.79855 1.21446933e-01
6.82208 1.21848789e-01
6.84570 1.22274859e-01
6.86939 1.22724608e-01
6.89317 1.23196971e-01
6.91704 1.23690240e-01
6.94098 1.24202176e-01
6.96500 1.24730048e-01
6.98911 1.25270677e-01
7.01331 1.26304491e-01
7.03759 1.27748779e-01
7.06195 1.29202773e-01
7.08639 1.30659883e-01
7.11092 1.32114709e-01
7.13554 1.33563115e-01
7.16024 1.35002517e-01
7.18502 1.36431765e-01
7.20990 1.37851029e-01
7.23485 1.39261717e-01
7.25990 1.40666112e-01
7.28503 1.42067371e-01
7.31025 1.43469163e-01
7.33555 1.44875563e-01
7.36094 1.46290773e-01
7.38642 1.47719083e-01
7.41199 1.49164651e-01
7.43765 1.50631360e-01
7.46340 1.52122795e-01
7.48923 1.53642069e-01
7.51516 1.62673195e-01
7.54117 1.78091349e-01
7.56727 1.94934016e-01
7.59347 2.13308864e-01
7.61975 2.33323733e-01
7.64613 2.55085867e-01
7.67260 2.78702507e-01
7.69916 3.04280320e-01
7.72581 3.31924267e-01
7.75255 3.61737600e-01
7.77939 3.93819093e-01
7.80632 4.28260693e-01
7.83334 4.65143680e-01
7.86046 5.04534827e-01
7.88767 5.46481280e-01
7.91497 5.91005440e-01
7.94237 6.38098560e-01
7.96986 6.87715627e-01
7.99745 7.39769600e-01
8.02513 7.91556907e-01
8.05291 8.45041493e-01
8.08079 9.00268587e-01
8.10876 9.56978133e-01
8.13683 1.01485568e+00
8.16500 1.07353067e+00
8.19326 1.13257771e+00
8.22162 1.17462421e+00
8.25008 1.21121728e+00
8.27864 1.24753067e+00
8.30730 1.28342805e+00
8.33605 1.31876821e+00
8.36491 1.35340608e+00
8.39386 1.38719445e+00
8.42292 1.41358485e+00
8.45208 1.43762624e+00
8.48133 1.46103168e+00
8.51069 1.48374443e+00
8.54016 1.50570923e+00
8.56972 1.52687253e+00
8.59938 1.54718208e+00
8.62915 1.56717824e+00
8.65902 1.58631445e+00
8.68899 1.60453952e+00
8.71907 1.62181739e+00
8.74925 1.63811456e+00
8.77954 1.65340011e+00
8.80993 1.66861525e+00
8.84043 1.68486955e+00
8.87103 1.70019328e+00
8.90174 1.71456491e+00
8.93255 1.72796651e+00
8.96347 1.74038336e+00
8.99450 1.75180480e+00
9.02563 1.75967189e+00
9.05688 1.76661973e+00
9.08823 1.77325611e+00
9.11969 1.77957845e+00
9.15126 1.78558549e+00
9.18294 1.79127531e+00
9.21472 1.79660117e+00
9.24662 1.80157653e+00
9.27863 1.80626155e+00
9.31075 1.81065493e+00
9.34298 1.81475648e+00
9.37532 1.81856576e+00
9.40777 1.82216789e+00
9.44034 1.82575723e+00
9.47302 1.82906389e+00
9.50581 1.83208597e+00
9.53871 1.83482133e+00
9.57173 1.83726848e+00
9.60487 1.83945429e+00
9.63811 1.84156864e+00
9.67148 1.84348544e+00
9.70495 1.84520107e+00
9.73855 1.84671211e+00
9.77226 1.84801515e+00
9.80609 1.84913835e+00
9.84003 1.85025024e+00
9.87409 1.85124352e+00
9.90827 1.85211541e+00
9.94257 1.85286379e+00
9.97699 1.85348629e+00
10.01153 1.85400576e+00
10.04618 1.85446635e+00
10.08096 1.85482816e+00
10.11585 1.85508992e+00
10.15087 1.85525077e+00
10.18601 1.85530987e+00
10.22127 1.85531328e+00
10.25665 1.85524565e+00
10.29215 1.85507648e+00
10.32778 1.85480512e+00
10.36353 1.85443179e+00
10.39941 1.85395584e+00
10.43540 1.85342016e+00
10.47153 1.85277483e+00
10.50777 1.85201899e+00
10.54415 1.85115264e+00
10.58065 1.85017579e+00
10.61727 1.84913856e+00
10.65403 1.84803051e+00
10.69091 1.84678891e+00
10.72791 1.84541355e+00
10.76505 1.84390400e+00
10.80231 1.84227861e+00
10.83971 1.84079040e+00
10.87723 1.83912811e+00
10.91488 1.83729088e+00
10.95266 1.83527808e+00
10.99058 1.83308864e+00
11.02862 1.83102955e+00
11.06680 1.82884821e+00
11.10511 1.82643627e+00
11.14355 1.82379285e+00
11.18212 1.82091627e+00
11.22083 1.81804779e+00
11.25967 1.81509205e+00
11.29865 1.81182080e+00
11.33776 1.80823189e+00
11.37701 1.80432256e+00
11.41639 1.80004523e+00
11.45591 1.79527701e+00
11.49556 1.79003307e+00
11.53536 1.78430741e+00
11.57529 1.77809365e+00
11.61536 1.77121024e+00
11.65556 1.76333184e+00
11.69591 1.75463211e+00
11.73640 1.74509589e+00
11.77702 1.73470997e+00
11.81779 1.72315968e+00
11.85870 1.71013013e+00
11.89975 1.69592256e+00
11.94094 1.68054037e+00
11.98227 1.66400043e+00
12.02375 1.64894485e+00
12.06537 1.63485184e+00
12.10714 1.61984661e+00
12.14905 1.60398080e+00
12.19110 1.58729621e+00
12.23330 1.56981589e+00
12.27565 1.55153771e+00
12.31814 1.53242923e+00
12.36078 1.51243051e+00
12.40357 1.49145920e+00
12.44651 1.46942165e+00
12.48959 1.44622699e+00
12.53283 1.43167979e+00
12.57621 1.41946560e+00
12.61974 1.40655061e+00
12.66343 1.39300437e+00
12.70726 1.37891797e+00
12.75125 1.36439915e+00
12.79539 1.34956501e+00
12.83968 1.33453717e+00
12.88413 1.31943296e+00
12.92873 1.30436117e+00
12.97348 1.28941632e+00
13.01839 1.28025621e+00
13.06345 1.27945131e+00
13.10867 1.27895019e+00
13.15405 1.27872832e+00
13.19959 1.27875456e+00
13.24528 1.27899115e+00
13.29113 1.27939648e+00
13.33713 1.27992747e+00
13.38330 1.28054059e+00
13.42963 1.28119360e+00
13.47612 1.28184768e+00
13.52277 1.28424064e+00
13.56958 1.28846379e+00
13.61655 1.29264875e+00
13.66368 1.29678464e+00
13.71098 1.30086293e+00
13.75844 1.30487701e+00
13.80607 1.30882325e+00
13.85386 1.31269952e+00
13.90182 1.31650581e+00
13.94994 1.32024363e+00
13.99823 1.32391573e+00
14.04668 1.32536555e+00
14.09531 1.32666688e+00
14.14410 1.32790549e+00
14.19306 1.32908672e+00
14.24219 1.33021632e+00
14.29149 1.33130005e+00
14.34096 1.33234453e+00
14.39060 1.33335616e+00
14.44042 1.33434155e+00
14.49041 1.33530688e+00
14.54057 1.33661184e+00
14.59090 1.33799936e+00
14.64141 1.33939541e+00
14.69209 1.34080789e+00
14.74295 1.34224363e+00
14.79398 1.34370901e+00
14.84519 1.34520896e+00
14.89658 1.34674816e+00
14.94814 1.34832981e+00
14.99989 1.34995712e+00
15.05181 1.35396459e+00
15.10392 1.35807211e+00
15.15620 1.36227499e+00
15.20866 1.36657259e+00
15.26131 1.37096341e+00
15.31414 1.37544597e+00
15.36715 1.38001856e+00
15.42034 1.38467925e+00
15.47372 1.38942613e+00
15.52729 1.39911488e+00
15.58103 1.41356672e+00
15.63497 1.42808960e+00
15.68909 1.44267883e+00
15.74340 1.45732971e+00
15.79790 1.47203733e+00
15.85258 1.48679680e+00
15.90746 1.50160341e+00
15.96252 1.51645227e+00
16.01778 1.53161621e+00
16.07323 1.54736491e+00
16.12886 1.56308651e+00
16.18470 1.57877568e+00
16.24072 1.59442624e+00
16.29694 1.61003264e+00
16.35335 1.62558891e+00
16.40996 1.64108949e+00
16.46677 1.65652821e+00
16.52377 1.67100053e+00
16.58097 1.68414549e+00
16.63836 1.69722048e+00
16.69596 1.71022251e+00
16.75375 1.72314880e+00
16.81175 1.73599595e+00
16.86994 1.74876181e+00
16.92834 1.76144341e+00
16.98694 1.77403797e+00
17.04574 1.78559765e+00
17.10474 1.79679787e+00
17.16395 1.80790656e+00
17.22337 1.81892117e+00
17.28299 1.82983957e+00
17.34281 1.84065877e+00
17.40285 1.85137664e+00
17.46309 1.86199040e+00
17.52354 1.87187989e+00
17.58420 1.88070571e+00
17.64507 1.88944277e+00
17.70615 1.89808832e+00
17.76744 1.90664000e+00
17.82894 1.91509461e+00
17.89066 1.92344981e+00
17.95259 1.93170261e+00
18.01473 1.93938837e+00
18.07709 1.94550208e+00
18.13967 1.95154517e+00
18.20246 1.95751552e+00
18.26547 1.96341035e+00
18.32870 1.96922795e+00
18.39214 1.97496576e+00
18.45581 1.98062123e+00
18.51969 1.98575381e+00
18.58380 1.98983979e+00
18.64813 1.99387691e+00
18.71268 1.99786411e+00
18.77746 2.00179989e+00
18.84246 2.00568320e+00
18.90768 2.00951232e+00
18.97313 2.01328640e+00
19.03881 2.01671040e+00
19.10472 2.01988843e+00
19.17085 2.02302656e+00
19.23721 2.02612416e+00
19.30380 2.02918059e+00
19.37062 2.03219477e+00
19.43768 2.03516629e+00
19.50496 2.03811797e+00
19.57248 2.04132181e+00
19.64023 2.04447936e+00
19.70822 2.04758955e+00
19.77644 2.05065216e+00
19.84490 2.05366635e+00
19.91359 2.05663147e+00
19.98252 2.05954709e+00
20.05169 2.06295061e+00
20.12110 2.06641685e+00
20.19076 2.06975253e+00
20.26065 2.07295552e+00
20.33078 2.07602496e+00
20.40116 2.07895893e+00
20.47178 2.08175637e+00
20.54264 2.08441600e+00
20.61375 2.08693675e+00
20.68511 2.08931733e+00
20.75671 2.09155712e+00
20.82856 2.09365525e+00
20.90066 2.09561088e+00
20.97301 2.09742315e+00
21.04561 2.09701227e+00
21.11846 2.09530389e+00
21.19157 2.09354965e+00
21.26492 2.09175125e+00
21.33853 2.08990912e+00
21.41240 2.08802475e+00
21.48652 2.08609877e+00
21.56090 2.08413163e+00
21.63553 2.08212373e+00
21.71043 2.08007552e+00
21.78558 2.07798699e+00
21.86099 2.07585792e+00
21.93666 2.07368811e+00
22.01260 2.07153579e+00
22.08880 2.06962709e+00
22.16526 2.06766123e+00
22.24199 2.06564117e+00
22.31898 2.06356928e+00
22.39624 2.06144811e+00
22.47377 2.05928021e+00
22.55156 2.05706795e+00
22.62962 2.05481365e+00
22.70796 2.05251968e+00
22.78656 2.05018816e+00
22.86544 2.04782123e+00
22.94459 2.04542101e+00
23.02402 2.04334933e+00
23.10372 2.04207211e+00
23.18369 2.04075520e+00
23.26394 2.03940053e+00
23.34447 2.03800939e+00
23.42528 2.03658368e+00
23.50637 2.03512448e+00
23.58774 2.03363328e+00
23.66939 2.03211200e+00
23.75133 2.03056128e+00
23.83354 2.02898304e+00
23.91604 2.02737792e+00
23.99883 2.02574741e+00
24.08191 2.02513685e+00
24.16527 2.02453525e+00
24.24892 2.02392789e+00
24.33286 2.02331435e+00
24.41709 2.02269440e+00
24.50161 2.02206720e+00
24.58642 2.02143232e+00
24.67153 2.02078848e+00
24.75693 2.02013461e+00
24.84263 2.01946987e+00
24.92863 2.01879253e+00
25.01492 2.01822336e+00
25.10151 2.01823040e+00
25.18840 2.01822848e+00
25.27559 2.01821611e+00
25.36309 2.01819072e+00
25.45088 2.01815040e+00
25.53898 2.01809237e+00
25.62739 2.01801451e+00
25.71610 2.01791403e+00
25.80512 2.01778816e+00
25.89444 2.01763435e+00
25.98408 2.01744939e+00
26.07403 2.01785067e+00
26.16428 2.01837013e+00
26.25485 2.01887403e+00
26.34574 2.01936000e+00
26.43694 2.01982635e+00
26.52845 2.02027029e+00
26.62028 2.02068949e+00
26.71243 2.02108203e+00
26.80489 2.02144491e+00
26.89768 2.02177621e+00
26.99079 2.02207296e+00
27.08422 2.02247595e+00
27.17798 2.02286187e+00
27.27205 2.02321280e+00
27.36646 2.02352661e+00
27.46119 2.02380096e+00
27.55625 2.02403307e+00
27.65164 2.02422101e+00
27.74736 2.02436181e+00
27.84341 2.02445376e+00
27.93979 2.02449365e+00
28.03650 2.02453397e+00
28.13355 2.02461376e+00
28.23094 2.02464384e+00
28.32867 2.02462165e+00
28.42673 2.02454507e+00
28.52513 2.02441195e+00
28.62387 2.02421952e+00
28.72295 2.02396608e+00
28.82238 2.02364907e+00
28.92215 2.02326635e+00
29.02227 2.02278165e+00
29.12273 2.02210901e+00
29.22354 2.02136640e+00
29.32470 2.02055125e+00
29.42621 2.01966165e+00
29.52807 2.01869504e+00
29.63029 2.01764949e+00
29.73286 2.01652245e+00
29.83578 2.01531179e+00
29.93906 2.01401536e+00
30.04269 2.01243904e+00
30.14669 2.01049131e+00
30.25104 2.00844331e+00
30.35576 2.00629205e+00
30.46084 2.00403584e+00
30.56628 2.00167211e+00
30.67209 1.99919893e+00
30.77826 1.99661440e+00
30.88481 1.99391637e+00
30.99172 1.99110293e+00
31.09900 1.98817237e+00
31.20665 1.98512299e+00
31.31467 1.98195285e+00
31.42307 1.97866048e+00
31.53184 1.97524459e+00
31.64099 1.97170347e+00
31.75052 1.96803605e+00
31.86043 1.96424085e+00
31.97072 1.96031723e+00
32.08139 1.95545579e+00
32.19244 1.95014912e+00
32.30388 1.94468416e+00
32.41570 1.93905984e+00
32.52791 1.93327616e+00
32.64051 1.92733227e+00
32.75349 1.92122816e+00
32.86687 1.91496384e+00
32.98064 1.90853952e+00
33.09481 1.90195520e+00
33.20937 1.89521131e+00
33.32433 1.88830869e+00
33.43968 1.88124779e+00
33.55544 1.87402987e+00
33.67159 1.86665557e+00
33.78815 1.85912661e+00
33.90511 1.85144384e+00
34.02247 1.84331115e+00
34.14024 1.83375083e+00
34.25842 1.82401408e+00
34.37701 1.81410432e+00
34.49601 1.80402475e+00
34.61542 1.79377963e+00
34.73525 1.78337259e+00
34.85549 1.77280789e+00
34.97614 1.76208960e+00
35.09721 1.75122240e+00
35.21871 1.74021077e+00
35.34062 1.72905941e+00
35.46295 1.71777323e+00
35.58571 1.70635691e+00
35.70889 1.69481600e+00
35.83250 1.68315520e+00
35.95654 1.67137984e+00
36.08101 1.65872085e+00
36.20590 1.64553813e+00
36.33123 1.63225365e+00
36.45700 1.61887445e+00
36.58320 1.60540715e+00
36.70983 1.59185920e+00
36.83691 1.57823744e+00
36.96442 1.56454891e+00
37.09238 1.55080021e+00
37.22077 1.53699840e+00
37.34962 1.52315029e+00
37.47890 1.50926229e+00
37.60864 1.49534123e+00
37.73883 1.48139371e+00
37.86946 1.46742571e+00
38.00055 1.45344171e+00
38.13209 1.43899840e+00
38.26409 1.42456875e+00
38.39654 1.41015872e+00
38.52946 1.39577429e+00
38.66283 1.38142187e+00
38.79667 1.36710656e+00
38.93096 1.35283413e+00
39.06573 1.33860971e+00
39.20096 1.32443819e+00
39.33665 1.31032469e+00
39.47282 1.29627349e+00
39.60946 1.28228928e+00
39.74657 1.26837589e+00
39.88416 1.25453760e+00
40.02222 1.24089344e+00
40.16076 1.22793728e+00
40.29978 1.21507157e+00
40.43928 1.20229845e+00
40.57926 1.18962027e+00
40.71973 1.17703915e+00
40.86069 1.16455680e+00
41.00213 1.15217515e+00
41.14406 1.13989589e+00
41.28648 1.12772011e+00
41.42940 1.11564949e+00
41.57281 1.10368491e+00
41.71672 1.09182763e+00
41.86113 1.08007829e+00
42.00603 1.06843776e+00
42.15144 1.05690688e+00
42.29735 1.04548629e+00
42.44377 1.03417600e+00
42.59069 1.02297664e+00
42.73812 1.01188843e+00
42.88606 1.00091157e+00
43.03451 9.90046080e-01
43.18348 9.79291947e-01
43.33297 9.68648960e-01
43.48297 9.58117333e-01
43.63349 9.47696640e-01
43.78453 9.37386453e-01
43.93609 9.27186560e-01
44.08818 9.17096533e-01
44.24079 9.07115947e-01
44.39394 8.97244373e-01
44.54761 8.87481173e-01
44.70182 8.77825707e-01
44.85655 8.68277333e-01
45.01183 8.58859947e-01
45.16764 8.49842773e-01
45.32399 8.40924160e-01
45.48089 8.32103680e-01
45.63832 8.23380267e-01
45.79630 8.14753493e-01
45.95483 8.06222293e-01
46.11391 7.97786027e-01
46.27353 7.89443840e-01
46.43371 7.81194667e-01
46.59445 7.73038080e-01
46.75574 7.64973013e-01
46.91759 7.56998613e-01
47.08000 7.49114027e-01
47.24297 7.41318400e-01
47.40650 7.33610667e-01
47.57060 7.25989973e-01
47.73527 7.18455680e-01
47.90051 7.11006720e-01
48.06633 7.03642240e-01
48.23271 6.96361173e-01
48.39967 6.89162880e-01
48.56721 6.82046080e-01
48.73533 6.75010347e-01
48.90403 6.68054400e-01
49.07332 6.61177600e-01
49.24319 6.54378880e-01
49.41365 6.47657600e-01
49.58470 6.41012480e-01
49.75634 6.34442880e-01
49.92858 6.27947947e-01
50.10141 6.21549867e-01
50.27484 6.15240747e-01
50.44887 6.09002880e-01
50.62350 6.02835627e-01
50.79874 5.96738133e-01
50.97458 5.90709760e-01
51.15104 5.84749227e-01
51.32810 5.78856107e-01
51.50578 5.73029333e-01
51.68407 5.67268053e-01
51.86298 5.61571840e-01
52.04250 5.55939627e-01
52.22265 5.50370773e-01
52.40343 5.44864213e-01
52.58482 5.39419520e-01
52.76685 5.34035840e-01
52.94951 5.28712320e-01
53.13280 5.23448320e-01
53.31672 5.18243200e-01
53.50128 5.13095893e-01
53.68648 5.08006187e-01
53.87232 5.02972800e-01
54.05880 4.97995520e-01
54.24593 4.93073493e-01
54.43371 4.88205867e-01
54.62214 4.83392213e-01
54.81122 4.78631680e-01
55.00095 4.73928320e-01
55.19134 4.70172587e-01
55.38239 4.66453973e-01
55.57410 4.62772480e-01
55.76647 4.59127040e-01
55.95951 4.55517653e-01
56.15322 4.51943680e-01
56.34760 4.48404480e-01
56.54265 4.44900053e-01
56.73838 4.41429760e-01
56.93479 4.37992960e-01
57.13187 4.34589653e-01
57.32964 4.31218987e-01
57.52809 4.27880960e-01
57.72723 4.24574720e-01
57.92705 4.21300480e-01
58.12757 4.18057173e-01
58.32879 4.14845013e-01
58.53070 4.11663147e-01
58.73331 4.08511573e-01
58.93662 4.05389653e-01
59.14063 4.02297173e-01
59.34535 3.99233920e-01
59.55078 3.96199253e-01
59.75692 3.93192960e-01
59.96377 3.90214613e-01
60.17134 3.86400213e-01
60.37963 3.82445653e-01
60.58864 3.78535467e-01
60.79837 3.74668800e-01
61.00883 3.70845013e-01
61.22002 3.67063893e-01
61.43194 3.63324800e-01
61.64459 3.59627093e-01
61.85797 3.55970560e-01
62.07210 3.52354347e-01
62.28697 3.48778240e-01
62.50258 3.45241813e-01
62.71894 3.41744213e-01
62.93605 3.38285227e-01
63.15390 3.34864427e-01
63.37252 3.31481387e-01
63.59189 3.28135467e-01
63.81201 3.24826240e-01
64.03290 3.21553493e-01
64.25456 3.18316587e-01
64.47698 3.15115093e-01
64.70017 3.11948587e-01
64.92414 3.08816853e-01
65.14888 3.05985280e-01
65.37440 3.03317333e-01
65.60070 3.00675413e-01
65.82778 2.98059093e-01
66.05565 2.95468373e-01
66.28430 2.92903040e-01
66.51375 2.90362453e-01
66.74400 2.87846613e-01
66.97504 2.85355093e-01
67.20688 2.82887680e-01
67.43952 2.80444160e-01
67.67297 2.78024107e-01
67.90722 2.75627520e-01
68.14229 2.73253973e-01
68.37817 2.70903253e-01
68.61486 2.68575147e-01
68.85238 2.66269227e-01
69.09072 2.63985493e-01
69.32988 2.61723733e-01
69.56987 2.59483520e-01
69.81069 2.57264640e-01
70.05235 2.55111467e-01
70.29484 2.53138773e-01
70.53817 2.51184000e-01
70.78235 2.49246933e-01
71.02737 2.47327360e-01
71.27323 2.45425067e-01
71.51995 2.43539840e-01
71.76752 2.41671680e-01
72.01595 2.39820160e-01
72.26524 2.37985280e-01
72.51539 2.36166827e-01
72.76641 2.34364587e-01
73.01830 2.32578347e-01
73.27106 2.30808107e-01
73.52469 2.29053440e-01
73.77920 2.27314347e-01
74.03460 2.25590613e-01
74.29087 2.23882027e-01
74.54804 2.22188587e-01
74.80609 2.20510080e-01
75.06504 2.18768853e-01
75.32488 2.16813440e-01
75.58563 2.14877013e-01
75.84727 2.12959168e-01
76.10982 2.11059797e-01
76.37328 2.09178688e-01
76.63766 2.07315648e-01
76.90295 2.05470507e-01
77.16915 2.03643072e-01
77.43628 2.01833131e-01
77.70433 2.00040533e-01
77.97331 1.98265088e-01
78.24322 1.96506624e-01
78.51407 1.94764949e-01
78.78585 1.93039893e-01
79.05857 1.91331307e-01
79.33224 1.89638997e-01
79.60686 1.87962816e-01
79.88242 1.86302571e-01
80.15894 1.84742464e-01
80.43642 1.83258837e-01
80.71486 1.81788629e-01
80.99426 1.80331669e-01
81.27463 1.78887829e-01
81.55596 1.77456960e-01
81.83828 1.76038955e-01
82.12157 1.74633685e-01
82.40584 1.73240981e-01
82.69109 1.71860736e-01
82.97733 1.70492821e-01
83.26457 1.69137088e-01
83.55279 1.67793472e-01
83.84202 1.66461781e-01
84.13225 1.65141931e-01
84.42348 1.63833792e-01
84.71572 1.62537259e-01
85.00897 1.61252181e-01
85.30323 1.59978475e-01
85.59852 1.58716011e-01
85.89482 1.57464661e-01
86.19215 1.56224363e-01
86.49052 1.54994944e-01
86.78991 1.53776320e-01
87.09034 1.52568405e-01
87.39181 1.51371051e-01
87.69432 1.50184192e-01
87.99789 1.49007701e-01
88.30250 1.47841472e-01
88.60816 1.46685397e-01
88.91489 1.45539392e-01
89.22267 1.44403371e-01
89.53153 1.43277184e-01
89.84145 1.42160789e-01
90.15244 1.41054059e-01
90.46451 1.39956907e-01
90.77766 1.38869227e-01
91.09190 1.37790933e-01
91.40722 1.36721941e-01
91.72363 1.35662144e-01
92.04114 1.34611456e-01
92.35975 1.33569813e-01
92.67946 1.32537088e-01
93.00028 1.31513216e-01
93.32221 1.30498112e-01
93.64525 1.29491691e-01
93.96941 1.28493845e-01
94.29469 1.27504512e-01
94.62110 1.26523627e-01
94.94864 1.25551061e-01
95.27731 1.24586773e-01
95.60712 1.23630677e-01
95.93807 1.22682667e-01
96.27017 1.21742699e-01
96.60342 1.20810688e-01
96.93782 1.19886528e-01
97.27338 1.18970176e-01
97.61010 1.18061568e-01
97.94798 1.17160597e-01
98.28704 1.16267200e-01
98.62727 1.15381312e-01
98.96867 1.14502848e-01
99.31126 1.13631765e-01
99.65504 1.12767957e-01
100.00000 1.11911381e-01
