        2000  5.000000 3.710000
0.10000 8.58773981e-01
0.10035 8.58618161e-01
0.10069 8.58457889e-01
0.10104 8.58293413e-01
0.10139 8.58124731e-01
0.10174 8.57951845e-01
0.10210 8.57774755e-01
0.10245 8.57593212e-01
0.10280 8.57407217e-01
0.10316 8.57196489e-01
0.10352 8.56887570e-01
0.10387 8.56569005e-01
0.10423 8.56240793e-01
0.10459 8.55903183e-01
0.10496 8.55386999e-01
0.10532 8.40963261e-01
0.10568 7.91967764e-01
0.10605 7.25723983e-01
0.10642 7.25395524e-01
0.10679 7.25058656e-01
0.10716 7.24713379e-01
0.10753 7.24359939e-01
0.10790 7.23998091e-01
0.10827 7.23627833e-01
0.10865 7.23249413e-01
0.10902 7.22862336e-01
0.10940 7.22466850e-01
0.10978 7.22063202e-01
0.11016 7.21650897e-01
0.11054 7.21230183e-01
0.11092 7.20801060e-01
0.11131 7.20363280e-01
0.11169 7.19917091e-01
0.11208 7.19462492e-01
0.11247 7.18999237e-01
0.11286 7.18379667e-01
0.11325 7.17738331e-01
0.11364 7.17082403e-01
0.11403 7.16411883e-01
0.11443 7.15726769e-01
0.11482 7.15027063e-01
0.11522 7.14313012e-01
0.11562 7.13584121e-01
0.11602 7.12840637e-01
0.11642 7.12082807e-01
0.11682 7.11310138e-01
0.11723 7.10522876e-01
0.11763 7.09720774e-01
0.11804 7.08904327e-01
0.11845 7.08073039e-01
0.11886 7.07227159e-01
0.11927 7.06366934e-01
0.11968 7.05491621e-01
0.12010 7.04601963e-01
0.12051 7.03697713e-01
0.12093 7.02778869e-01
0.12135 7.01845186e-01
0.12177 7.00897157e-01
0.12219 6.99934536e-01
0.12262 6.98957322e-01
0.12304 6.97965763e-01
0.12347 6.96959363e-01
0.12389 6.97765423e-01
0.12432 7.02521148e-01
0.12475 7.06960287e-01
0.12518 7.09899349e-01
0.12562 7.11131069e-01
0.12605 7.12334345e-01
0.12649 7.12788449e-01
0.12693 7.12561892e-01
0.12737 7.12333851e-01
0.12781 7.12257177e-01
0.12825 7.12291062e-01
0.12869 7.12325441e-01
0.12914 7.12306891e-01
0.12959 7.12254704e-01
0.13003 7.12202269e-01
0.13048 7.12044471e-01
0.13094 7.11818408e-01
0.13139 7.11591109e-01
0.13184 7.11414265e-01
0.13230 7.11273780e-01
0.13276 7.11132800e-01
0.13322 7.10961645e-01
0.13368 7.10761800e-01
0.13414 7.10560965e-01
0.13461 7.10354689e-01
0.13507 7.10034393e-01
0.13554 7.09711623e-01
0.13601 7.09386132e-01
0.13648 7.08895423e-01
0.13695 7.08381464e-01
0.13743 7.07862064e-01
0.13790 7.07268464e-01
0.13838 7.06643205e-01
0.13886 7.06010032e-01
0.13934 7.05160689e-01
0.13982 7.04112491e-01
0.14031 7.03045989e-01
0.14079 7.01866209e-01
0.14128 7.00434891e-01
0.14177 6.98973151e-01
0.14226 6.97480989e-01
0.14275 6.95941834e-01
0.14324 6.94372009e-01
0.14374 6.92771268e-01
0.14424 6.90689216e-01
0.14474 6.88368487e-01
0.14524 6.85990625e-01
0.14574 6.82894011e-01
0.14625 6.78482079e-01
0.14675 6.73903939e-01
0.14726 6.69162312e-01
0.14777 6.65967755e-01
0.14828 6.62759841e-01
0.14879 6.59485890e-01
0.14931 6.54540707e-01
0.14983 6.48040045e-01
0.15034 6.41326182e-01
0.15087 6.34436217e-01
0.15139 6.27766132e-01
0.15191 6.20928355e-01
0.15244 6.13930800e-01
0.15297 6.06539985e-01
0.15349 5.98798205e-01
0.15403 5.90903325e-01
0.15456 5.82864991e-01
0.15509 5.73761641e-01
0.15563 5.63722628e-01
0.15617 5.53486243e-01
0.15671 5.42951327e-01
0.15725 5.30125115e-01
0.15780 4.04564123e-01
0.15834 3.27334289e-01
0.15889 2.50576121e-01
0.15944 2.43688605e-01
0.15999 4.37095876e-01
0.16055 4.69742639e-01
0.16110 4.58485263e-01
0.16166 4.48011685e-01
0.16222 4.37633579e-01
0.16278 4.27389774e-01
0.16335 4.11785019e-01
0.16391 3.95652455e-01
0.16448 3.79924529e-01
0.16505 3.65119155e-01
0.16562 3.58451049e-01
0.16619 3.64360584e-01
0.16677 1.87133513e-01
0.16734 3.51755488e-01
0.16792 3.50301663e-01
0.16851 2.52666582e-01
0.16909 2.23135328e-01
0.16967 2.39300070e-01
0.17026 2.55676134e-01
0.17085 2.87619234e-01
0.17144 1.74360725e-01
0.17204 2.44932518e-01
0.17263 2.00722724e-01
0.17323 1.63880717e-01
0.17383 1.20353785e-01
0.17443 1.10061083e-01
0.17503 1.34761446e-01
0.17564 2.15651887e-01
0.17625 2.00735634e-01
0.17686 1.89298496e-01
0.17747 1.83956145e-01
0.17808 1.82250114e-01
0.17870 1.77505395e-01
0.17932 1.70841394e-01
0.17994 1.24747761e-01
0.18056 6.38498173e-02
0.18119 5.86788935e-02
0.18182 5.39491134e-02
0.18244 5.08762688e-02
0.18308 5.27120263e-02
0.18371 5.16060258e-02
0.18435 4.92271985e-02
0.18498 6.78053945e-02
0.18562 7.17909981e-02
0.18627 8.40812387e-02
0.18691 8.49058975e-02
0.18756 7.34209495e-02
0.18821 5.66149463e-02
0.18886 7.01760598e-02
0.18951 6.42947205e-02
0.19017 6.07718776e-02
0.19083 5.84944075e-02
0.19149 5.78056337e-02
0.19215 5.51293633e-02
0.19282 5.64276407e-02
0.19348 5.57735430e-02
0.19415 5.54305906e-02
0.19483 2.52215941e-02
0.19550 2.51427689e-02
0.19618 2.50498705e-02
0.19686 3.52742348e-02
0.19754 3.95372474e-02
0.19822 2.38729794e-02
0.19891 3.20712929e-02
0.19960 4.94467069e-02
0.20029 4.50870611e-02
0.20098 2.92523112e-02
0.20168 1.68486657e-02
0.20237 1.59985539e-02
0.20307 1.32135038e-02
0.20378 1.90676711e-02
0.20448 2.11170949e-02
0.20519 1.92864202e-02
0.20590 1.93923827e-02
0.20661 1.72777074e-02
0.20733 1.91579157e-02
0.20805 2.80008045e-02
0.20877 2.58809847e-02
0.20949 2.40520586e-02
0.21021 1.55973272e-02
0.21094 1.29917844e-02
0.21167 7.85145321e-03
0.21240 2.55297714e-02
0.21314 2.50942421e-02
0.21388 1.78336831e-02
0.21462 1.26718142e-02
0.21536 1.34747398e-02
0.21611 5.66002299e-03
0.21685 5.50642405e-03
0.21760 5.49497004e-03
0.21836 1.05172292e-02
0.21911 4.54105731e-03
0.21987 3.97222280e-03
0.22063 4.52228471e-03
0.22140 4.19564889e-02
0.22216 4.58100412e-02
0.22293 5.85395953e-02
0.22370 4.29259861e-02
0.22448 2.07632425e-01
0.22526 6.86033413e-01
0.22604 2.10908108e-01
0.22682 4.62402281e-02
0.22760 9.23703928e-03
0.22839 1.68960919e-03
0.22918 3.39574816e-04
0.22998 3.15288661e-04
0.23077 2.44590580e-04
0.23157 2.55510668e-04
0.23237 2.56046145e-04
0.23318 2.46330397e-04
0.23398 2.40030594e-04
0.23479 2.31676070e-04
0.23561 2.31608498e-04
0.23642 2.44128685e-04
0.23724 2.56385981e-04
0.23806 2.57741615e-04
0.23889 2.48190096e-04
0.23971 2.37989674e-04
0.24054 2.34446079e-04
0.24137 2.35093005e-04
0.24221 2.40471293e-04
0.24305 2.50584035e-04
0.24389 2.56394143e-04
0.24473 2.56210127e-04
0.24558 2.51342854e-04
0.24643 2.44290020e-04
0.24728 2.39709976e-04
0.24814 2.39321984e-04
0.24900 2.40067793e-04
0.24986 2.41840703e-04
0.25073 2.44382127e-04
0.25159 2.48147060e-04
0.25246 2.50624103e-04
0.25334 2.48423331e-04
0.25422 2.43686107e-04
0.25510 2.40201056e-04
0.25598 2.39792437e-04
0.25687 2.47787932e-04
0.25775 2.44984656e-04
0.25865 2.48512866e-04
0.25954 2.46657619e-04
0.26044 2.44275081e-04
0.26134 2.45291968e-04
0.26225 2.45839044e-04
0.26315 2.43390123e-04
0.26406 2.42691307e-04
0.26498 2.43743612e-04
0.26590 2.46186003e-04
0.26682 4.66968301e-04
0.26774 4.13341241e-03
0.26867 3.84439846e-02
0.26960 5.78862643e-02
0.27053 6.43118112e-02
0.27147 7.26823874e-02
0.27241 7.95625329e-02
0.27335 8.95061244e-02
0.27430 9.70380180e-02
0.27525 1.03457382e-01
0.27620 1.09790920e-01
0.27715 1.18308858e-01
0.27811 1.26208536e-01
0.27908 1.33916556e-01
0.28004 1.43038135e-01
0.28101 1.49638373e-01
0.28198 1.51534901e-01
0.28296 1.56107649e-01
0.28394 1.61097945e-01
0.28492 1.64379217e-01
0.28591 1.70191229e-01
0.28690 1.74909854e-01
0.28789 1.81243740e-01
0.28889 1.85457755e-01
0.28989 1.88253240e-01
0.29089 1.92861704e-01
0.29190 1.99923293e-01
0.29291 2.04304605e-01
0.29392 2.09584726e-01
0.29494 2.17044300e-01
0.29596 2.21000347e-01
0.29699 2.23541301e-01
0.29801 2.29220347e-01
0.29905 2.32600701e-01
0.30008 2.37843673e-01
0.30112 2.42509616e-01
0.30216 2.49172751e-01
0.30321 2.50806883e-01
0.30426 2.54892335e-01
0.30531 2.60033158e-01
0.30637 2.64093382e-01
0.30743 2.67248861e-01
0.30849 2.70933138e-01
0.30956 2.73222950e-01
0.31063 2.77836211e-01
0.31171 2.82529609e-01
0.31279 2.82656243e-01
0.31387 2.86421893e-01
0.31496 2.89841524e-01
0.31605 2.91606742e-01
0.31714 2.94205968e-01
0.31824 2.98484340e-01
0.31934 2.99602039e-01
0.32044 3.02838149e-01
0.32155 3.06203366e-01
0.32267 3.07986887e-01
0.32378 3.12494042e-01
0.32490 3.15088074e-01
0.32603 3.17378133e-01
0.32716 3.20652827e-01
0.32829 3.24155314e-01
0.32943 3.25623237e-01
0.33057 3.31813249e-01
0.33171 3.33181497e-01
0.33286 3.36036218e-01
0.33401 3.41003413e-01
0.33517 3.42742661e-01
0.33633 3.45348071e-01
0.33749 3.49601957e-01
0.33866 3.51212097e-01
0.33983 3.56028913e-01
0.34101 3.58079307e-01
0.34219 3.62051727e-01
0.34337 3.65995705e-01
0.34456 3.67160397e-01
0.34576 3.69307498e-01
0.34695 3.71761292e-01
0.34815 3.72819384e-01
0.34936 3.74506445e-01
0.35057 3.76577367e-01
0.35178 3.76746048e-01
0.35300 3.80519365e-01
0.35422 3.81664271e-01
0.35545 3.82572479e-01
0.35668 3.86258735e-01
0.35791 3.85771983e-01
0.35915 3.90004846e-01
0.36039 3.90778010e-01
0.36164 3.91842780e-01
0.36289 3.95270078e-01
0.36415 3.96743690e-01
0.36541 3.98087452e-01
0.36668 4.00323098e-01
0.36795 4.01769503e-01
0.36922 4.03841167e-01
0.37050 4.05066457e-01
0.37178 4.07415876e-01
0.37307 4.08891961e-01
0.37436 4.10437300e-01
0.37565 4.14102038e-01
0.37695 4.14095855e-01
0.37826 4.17760098e-01
0.37957 4.18699470e-01
0.38088 4.21726830e-01
0.38220 4.22776760e-01
0.38352 4.25388600e-01
0.38485 4.27571811e-01
0.38618 4.27887656e-01
0.38752 4.30596203e-01
0.38886 4.29083760e-01
0.39021 4.32269413e-01
0.39156 4.31052286e-01
0.39291 4.34195645e-01
0.39427 4.33464775e-01
0.39564 4.35613607e-01
0.39701 4.36561883e-01
0.39838 4.36637815e-01
0.39976 4.38821273e-01
0.40115 4.38501966e-01
0.40253 4.40254075e-01
0.40393 4.40702738e-01
0.40533 4.41262948e-01
0.40673 4.42926265e-01
0.40814 4.43332881e-01
0.40955 4.44578451e-01
0.41097 4.45695656e-01
0.41239 4.45342217e-01
0.41382 4.47866501e-01
0.41525 4.46817807e-01
0.41669 4.49457596e-01
0.41813 4.49804110e-01
0.41958 4.50656668e-01
0.42103 4.52830233e-01
0.42249 4.51903475e-01
0.42395 4.54828934e-01
0.42542 4.54484399e-01
0.42689 4.55984970e-01
0.42837 4.56881059e-01
0.42985 4.57649276e-01
0.43134 4.58369263e-01
0.43283 4.59971489e-01
0.43433 4.59680872e-01
0.43583 4.61415915e-01
0.43734 4.61801755e-01
0.43886 4.62751763e-01
0.44037 4.65189727e-01
0.44190 4.64756399e-01
0.44343 4.65916393e-01
0.44496 4.66958408e-01
0.44650 4.66197858e-01
0.44805 4.68401845e-01
0.44960 4.67725883e-01
0.45116 4.67679137e-01
0.45272 4.70014211e-01
0.45429 4.68153275e-01
0.45586 4.69585830e-01
0.45744 4.69789385e-01
0.45902 4.70057989e-01
0.46061 4.70296419e-01
0.46220 4.71430937e-01
0.46380 4.70766847e-01
0.46541 4.72201133e-01
0.46702 4.73408367e-01
0.46864 4.71173463e-01
0.47026 4.75042745e-01
0.47189 4.73701704e-01
0.47352 4.73819435e-01
0.47516 4.76365979e-01
0.47680 4.74978439e-01
0.47845 4.75630904e-01
0.48011 4.77827224e-01
0.48177 4.76078083e-01
0.48344 4.76311318e-01
0.48511 4.79239745e-01
0.48679 4.76571018e-01
0.48848 4.78241507e-01
0.49017 4.79902845e-01
0.49186 4.78537565e-01
0.49357 4.79594668e-01
0.49528 4.81658417e-01
0.49699 4.80217206e-01
0.49871 4.81052945e-01
0.50044 4.83632385e-01
0.50217 4.81569872e-01
0.50391 4.82933173e-01
0.50565 4.85168325e-01
0.50740 4.83203509e-01
0.50916 4.83435507e-01
0.51092 4.86716384e-01
0.51269 4.84282377e-01
0.51446 4.84709027e-01
0.51625 4.88359419e-01
0.51803 4.84178991e-01
0.51983 4.84837640e-01
0.52163 4.87920403e-01
0.52343 4.85272947e-01
0.52524 4.85219028e-01
0.52706 4.86848707e-01
0.52889 4.86656777e-01
0.53072 4.84922723e-01
0.53255 4.86455942e-01
0.53440 4.87821222e-01
0.53625 4.84862621e-01
0.53810 4.85642710e-01
0.53997 4.87763099e-01
0.54183 4.85697865e-01
0.54371 4.84969963e-01
0.54559 4.87568200e-01
0.54748 4.86767829e-01
0.54938 4.84082531e-01
0.55128 4.85648646e-01
0.55319 4.87547671e-01
0.55510 4.85336017e-01
0.55702 4.85059498e-01
0.55895 4.87855354e-01
0.56089 4.86391883e-01
0.56283 4.84715952e-01
0.56478 4.87126957e-01
0.56673 4.88341611e-01
0.56869 4.85723341e-01
0.57066 4.86156174e-01
0.57264 4.88735861e-01
0.57462 4.86833867e-01
0.57661 4.85231395e-01
0.57860 4.86863547e-01
0.58061 4.88727204e-01
0.58262 4.85719631e-01
0.58463 4.85686983e-01
0.58666 4.88803135e-01
0.58869 4.86289734e-01
0.59073 4.85882623e-01
0.59277 4.86368633e-01
0.59482 4.87580319e-01
0.59688 4.88207804e-01
0.59895 4.85171045e-01
0.60102 4.87041380e-01
0.60310 4.89101914e-01
0.60519 4.86236805e-01
0.60728 4.85268000e-01
0.60939 4.89306706e-01
0.61150 4.87581309e-01
0.61361 4.85422336e-01
0.61574 4.87236526e-01
0.61787 4.87516755e-01
0.62001 4.86997849e-01
0.62215 4.85652356e-01
0.62431 4.84953887e-01
0.62647 4.86367891e-01
0.62864 4.85959049e-01
0.63081 4.83696939e-01
0.63300 4.85190337e-01
0.63519 4.86258817e-01
0.63739 4.84114685e-01
0.63959 4.83674679e-01
0.64181 4.84689982e-01
0.64403 4.84201251e-01
0.64626 4.84286087e-01
0.64849 4.83227747e-01
0.65074 4.84059529e-01
0.65299 4.83219091e-01
0.65525 4.83501051e-01
0.65752 4.81482316e-01
0.65980 4.82587649e-01
0.66208 4.82550054e-01
0.66437 4.81265899e-01
0.66667 4.81188979e-01
0.66898 4.82637363e-01
0.67130 4.80962916e-01
0.67362 4.80577323e-01
0.67595 4.81013867e-01
0.67829 4.80162545e-01
0.68064 4.80104422e-01
0.68299 4.81216185e-01
0.68536 4.79222926e-01
0.68773 4.79868466e-01
0.69011 4.80580044e-01
0.69250 4.78909802e-01
0.69490 4.77201718e-01
0.69730 4.79840023e-01
0.69972 4.78670383e-01
0.70214 4.76622711e-01
0.70457 4.77441384e-01
0.70701 4.79362669e-01
0.70946 4.76148325e-01
0.71191 4.75916574e-01
0.71438 4.77014981e-01
0.71685 4.76245527e-01
0.71933 4.75298488e-01
0.72182 4.76442652e-01
0.72432 4.76100590e-01
0.72683 4.73862471e-01
0.72934 4.75794391e-01
0.73187 4.75731321e-01
0.73440 4.74324489e-01
0.73694 4.72935960e-01
0.73949 4.74873569e-01
0.74205 4.74487977e-01
0.74462 4.72598350e-01
0.74720 4.73435821e-01
0.74979 4.73070015e-01
0.75238 4.73273075e-01
0.75499 4.71895181e-01
0.75760 4.73190713e-01
0.76022 4.72013159e-01
0.76285 4.70698335e-01
0.76549 4.72505847e-01
0.76814 4.71968887e-01
0.77080 4.71912000e-01
0.77347 4.70097315e-01
0.77615 4.71451713e-01
0.77884 4.71217488e-01
0.78153 4.70003081e-01
0.78424 4.69106498e-01
0.78695 4.68817365e-01
0.78968 4.70454712e-01
0.79241 4.68050879e-01
0.79515 4.68890823e-01
0.79790 4.68145855e-01
0.80067 4.66771919e-01
0.80344 4.66714043e-01
0.80622 4.66549566e-01
0.80901 4.67454311e-01
0.81181 4.65127647e-01
0.81462 4.64793994e-01
0.81744 4.65765767e-01
0.82027 4.65348021e-01
0.82311 4.63110149e-01
0.82596 4.63587502e-01
0.82882 4.64105913e-01
0.83169 4.63426488e-01
0.83457 4.60828746e-01
0.83745 4.61867299e-01
0.84035 4.63432424e-01
0.84326 4.61631837e-01
0.84618 4.59291569e-01
0.84911 4.58781568e-01
0.85205 4.61449058e-01
0.85500 4.59644019e-01
0.85796 4.57526351e-01
0.86093 4.57962647e-01
0.86391 4.58304462e-01
0.86690 4.58306688e-01
0.86990 4.55349323e-01
0.87291 4.55822719e-01
0.87593 4.57164008e-01
0.87897 4.55345119e-01
0.88201 4.53821298e-01
0.88506 4.53671167e-01
0.88813 4.54839817e-01
0.89120 4.55085171e-01
0.89428 4.51619537e-01
0.89738 4.51070704e-01
0.90049 4.53163639e-01
0.90360 4.52164412e-01
0.90673 4.51434779e-01
0.90987 4.49912689e-01
0.91302 4.49700725e-01
0.91618 4.51456544e-01
0.91935 4.49525365e-01
0.92253 4.47513309e-01
0.92573 4.49634192e-01
0.92893 4.49005965e-01
0.93215 4.48684432e-01
0.93537 4.47956777e-01
0.93861 4.45521286e-01
0.94186 4.47364414e-01
0.94512 4.48252341e-01
0.94839 4.46127500e-01
0.95168 4.45887339e-01
0.95497 4.45652620e-01
0.95828 4.45034534e-01
0.96159 4.45808687e-01
0.96492 4.45784201e-01
0.96826 4.43769671e-01
0.97161 4.45076828e-01
0.97498 4.44348431e-01
0.97835 4.42443717e-01
0.98174 4.42648757e-01
0.98514 4.44181976e-01
0.98855 4.42353935e-01
0.99197 4.44150565e-01
0.99540 4.42724193e-01
0.99885 4.39395087e-01
1.00231 4.41933469e-01
1.00578 4.42664586e-01
1.00926 4.39407701e-01
1.01275 4.41127409e-01
1.01626 4.39827673e-01
1.01978 4.38030549e-01
1.02330 4.41343084e-01
1.02685 4.39849438e-01
1.03040 4.35674946e-01
1.03397 4.38752762e-01
1.03755 4.38394129e-01
1.04114 4.36081315e-01
1.04474 4.37385751e-01
1.04836 4.34497145e-01
1.05199 4.31675319e-01
1.05563 4.34459550e-01
1.05928 4.36523052e-01
1.06295 4.32653027e-01
1.06663 4.31167296e-01
1.07032 4.31544232e-01
1.07403 4.29200749e-01
1.07775 4.29973913e-01
1.08148 4.32046813e-01
1.08522 4.27745439e-01
1.08898 4.25428915e-01
1.09275 4.28374903e-01
1.09653 4.27830275e-01
1.10032 4.25300302e-01
1.10413 4.25270127e-01
1.10796 4.24195959e-01
1.11179 4.21985046e-01
1.11564 4.24070808e-01
1.11950 4.26666819e-01
1.12338 4.21882155e-01
1.12726 4.17878076e-01
1.13117 4.20028887e-01
1.13508 4.19600258e-01
1.13901 4.18883981e-01
1.14295 4.21343216e-01
1.14691 4.20770639e-01
1.15088 4.14961027e-01
1.15487 4.14422829e-01
1.15886 4.18438286e-01
1.16287 4.16222921e-01
1.16690 4.14362233e-01
1.17094 4.15875418e-01
1.17499 4.15229136e-01
1.17906 4.11745693e-01
1.18314 4.12249759e-01
1.18724 4.15436896e-01
1.19135 4.12345229e-01
1.19547 4.08874895e-01
1.19961 4.11378156e-01
1.20376 4.12842617e-01
1.20793 4.09242185e-01
1.21211 4.09273597e-01
1.21630 4.11764491e-01
1.22052 4.09537749e-01
1.22474 4.06075329e-01
1.22898 4.07832633e-01
1.23323 4.09211021e-01
1.23750 4.06393400e-01
1.24179 4.05433499e-01
1.24609 4.07907822e-01
1.25040 4.07867259e-01
1.25473 4.05440425e-01
1.25907 4.04245805e-01
1.26343 4.04729094e-01
1.26780 4.04113729e-01
1.27219 4.02169194e-01
1.27659 4.03881483e-01
1.28101 4.06247226e-01
1.28545 4.03707855e-01
1.28990 4.02430131e-01
1.29436 4.00695087e-01
1.29884 4.00953798e-01
1.30334 4.00153180e-01
1.30785 3.99543009e-01
1.31238 4.01440797e-01
1.31692 4.01332465e-01
1.32148 3.99538804e-01
1.32605 3.98370896e-01
1.33064 3.98393403e-01
1.33525 3.98415416e-01
1.33987 3.97200020e-01
1.34451 3.97104549e-01
1.34916 3.96094193e-01
1.35383 3.96340289e-01
1.35852 3.95121431e-01
1.36322 3.94023518e-01
1.36794 3.96455299e-01
1.37268 3.94977730e-01
1.37743 3.93371547e-01
1.38220 3.93000795e-01
1.38698 3.90236597e-01
1.39178 3.90457466e-01
1.39660 3.91643924e-01
1.40144 3.90775042e-01
1.40629 3.92679756e-01
1.41115 3.92384440e-01
1.41604 3.89500533e-01
1.42094 3.87347002e-01
1.42586 3.85221667e-01
1.43080 3.85294383e-01
1.43575 3.86426675e-01
1.44072 3.87138995e-01
1.44571 3.86733615e-01
1.45071 3.86834527e-01
1.45573 3.84923383e-01
1.46077 3.82113429e-01
1.46583 3.81660067e-01
1.47090 3.82676854e-01
1.47599 3.82685511e-01
1.48110 3.82891292e-01
1.48623 3.82098836e-01
1.49137 3.78808066e-01
1.49654 3.77710648e-01
1.50172 3.78164505e-01
1.50692 3.77038149e-01
1.51213 3.79218392e-01
1.51737 3.79907957e-01
1.52262 3.78303259e-01
1.52789 3.76088636e-01
1.53318 3.73128056e-01
1.53849 3.70247612e-01
1.54381 3.71175359e-01
1.54916 3.73569793e-01
1.55452 3.72831256e-01
1.55990 3.73383799e-01
1.56530 3.70304993e-01
1.57072 3.64695968e-01
1.57615 3.59788627e-01
1.58161 3.55753879e-01
1.58709 3.52951592e-01
1.59258 3.52332517e-01
1.59809 3.54392803e-01
1.60362 3.53632748e-01
1.60918 3.51376079e-01
1.61475 3.48890626e-01
1.62034 3.43431237e-01
1.62594 3.39620078e-01
1.63157 3.37796489e-01
1.63722 3.37650068e-01
1.64289 3.34689735e-01
1.64857 3.35864816e-01
1.65428 3.34388236e-01
1.66001 3.29694097e-01
1.66575 3.28513080e-01
1.67152 3.27313019e-01
1.67731 3.20051559e-01
1.68311 3.21893451e-01
1.68894 3.22800422e-01
1.69478 3.18652889e-01
1.70065 3.16978937e-01
1.70654 3.16674717e-01
1.71245 3.11846029e-01
1.71837 3.07839971e-01
1.72432 3.09649709e-01
1.73029 3.07486284e-01
1.73628 3.03384013e-01
1.74229 3.07173902e-01
1.74832 3.07296579e-01
1.75437 3.00402657e-01
1.76045 3.01391249e-01
1.76654 3.00308918e-01
1.77266 2.91225601e-01
1.77879 2.89465825e-01
1.78495 2.92132573e-01
1.79113 2.90134861e-01
1.79733 2.89409927e-01
1.80355 2.89877387e-01
1.80979 2.90852623e-01
1.81606 2.84773911e-01
1.82234 2.83290653e-01
1.82865 2.84536471e-01
1.83498 2.75340371e-01
1.84133 2.73787859e-01
1.84771 2.77201307e-01
1.85410 2.74550141e-01
1.86052 2.74019611e-01
1.86696 2.74898633e-01
1.87342 2.74466295e-01
1.87991 2.69675201e-01
1.88642 2.65871461e-01
1.89295 2.65399055e-01
1.89950 2.62482500e-01
1.90607 2.61659869e-01
1.91267 2.60508533e-01
1.91929 2.62205239e-01
1.92594 2.61007157e-01
1.93260 2.55629388e-01
1.93929 2.58782641e-01
1.94601 2.55574975e-01
1.95274 2.47996434e-01
1.95950 2.48430751e-01
1.96629 2.46673943e-01
1.97309 2.45250515e-01
1.97992 2.48727304e-01
1.98678 2.46874110e-01
1.99365 2.48234616e-01
2.00055 2.45641499e-01
2.00748 2.41353679e-01
2.01443 2.38450530e-01
2.02140 2.36410203e-01
2.02840 2.31349788e-01
2.03542 2.28612698e-01
2.04247 2.30159174e-01
2.04954 2.31229361e-01
2.05663 2.29718896e-01
2.06375 2.31178757e-01
2.07090 2.32967694e-01
2.07806 2.29176989e-01
2.08526 2.26776223e-01
2.09247 2.23240198e-01
2.09972 2.18007663e-01
2.10699 2.14003386e-01
2.11428 2.14620557e-01
2.12160 2.11370621e-01
2.12894 2.13036164e-01
2.13631 2.15544174e-01
2.14371 2.12123628e-01
2.15113 2.12788608e-01
2.15857 2.13913752e-01
2.16605 2.10413788e-01
2.17354 2.07257839e-01
2.18107 2.05785414e-01
2.18862 2.00725024e-01
2.19619 1.98574263e-01
2.20380 1.98671959e-01
2.21143 1.97645946e-01
2.21908 1.96554168e-01
2.22676 1.96465919e-01
2.23447 1.96329985e-01
2.24220 1.94246696e-01
2.24997 1.92660424e-01
2.25775 1.90655911e-01
2.26557 1.87402933e-01
2.27341 1.85308391e-01
2.28128 1.85887200e-01
2.28918 1.84589319e-01
2.29710 1.83695827e-01
2.30505 1.83496006e-01
2.31303 1.83289656e-01
2.32104 1.81171815e-01
2.32908 1.80300534e-01
2.33714 1.78157737e-01
2.34523 1.75733821e-01
2.35335 1.73007490e-01
2.36149 1.69800789e-01
2.36967 1.67739439e-01
2.37787 1.68761816e-01
2.38610 1.67168568e-01
2.39436 1.68458906e-01
2.40265 1.70957690e-01
2.41097 1.68862851e-01
2.41931 1.66822796e-01
2.42769 1.70235996e-01
2.43609 1.64088724e-01
2.44452 1.61473249e-01
2.45298 1.59357361e-01
2.46148 1.57204226e-01
2.47000 1.53574263e-01
2.47855 1.51999912e-01
2.48713 1.54061460e-01
2.49574 1.51604772e-01
2.50438 1.49776979e-01
2.51304 1.53286293e-01
2.52174 1.57607255e-01
2.53047 1.52194662e-01
2.53923 1.52940718e-01
2.54802 1.54892080e-01
2.55684 1.48127068e-01
2.56569 1.42352329e-01
2.57457 1.49406325e-01
2.58349 1.42163515e-01
2.59243 1.38153796e-01
2.60140 1.42224532e-01
2.61041 1.40449198e-01
2.61944 1.39582196e-01
2.62851 1.37994093e-01
2.63761 1.40072930e-01
2.64674 1.41474395e-01
2.65590 1.37515726e-01
2.66510 1.38375629e-01
2.67432 1.37246083e-01
2.68358 1.37383798e-01
2.69287 1.32493053e-01
2.70219 1.33722597e-01
2.71154 1.31252380e-01
2.72093 1.33279376e-01
2.73035 1.26605605e-01
2.73980 1.32319994e-01
2.74928 1.36389765e-01
2.75880 1.24945429e-01
2.76835 1.31479086e-01
2.77793 1.31877169e-01
2.78755 1.21778227e-01
2.79720 1.24299889e-01
2.80688 1.22082101e-01
2.81660 1.28740834e-01
2.82635 1.19876580e-01
2.83613 1.25486249e-01
2.84595 1.26054299e-01
2.85580 1.19905518e-01
2.86569 1.25545386e-01
2.87561 1.23462493e-01
2.88556 1.21645780e-01
2.89555 1.18078022e-01
2.90557 1.31290321e-01
2.91563 1.14379993e-01
2.92572 1.15455695e-01
2.93585 1.26990579e-01
2.94601 1.10126576e-01
2.95621 1.09369959e-01
2.96644 1.19217684e-01
2.97671 1.12152509e-01
2.98702 1.10003231e-01
2.99736 1.17101500e-01
3.00773 1.14219721e-01
3.01814 1.18438980e-01
3.02859 1.10382047e-01
3.03907 1.17692948e-01
3.04960 1.22045941e-01
3.06015 1.10417935e-01
3.07074 1.10742338e-01
3.08137 1.12875761e-01
3.09204 1.06950841e-01
3.10274 9.88335096e-02
3.11348 1.09614028e-01
3.12426 9.74062231e-02
3.13508 9.72136494e-02
3.14593 1.06719164e-01
3.15682 8.94257163e-02
3.16775 9.15511506e-02
3.17871 9.86238204e-02
3.18972 8.86935849e-02
3.20076 8.75727197e-02
3.21184 8.39714475e-02
3.22295 8.59141024e-02
3.23411 7.68186417e-02
3.24531 6.63963613e-02
3.25654 7.08851397e-02
3.26781 6.77273361e-02
3.27912 5.58348075e-02
3.29047 5.78742192e-02
3.30187 5.77482276e-02
3.31330 5.25695375e-02
3.32476 5.26100507e-02
3.33627 4.91096410e-02
3.34782 5.22806769e-02
3.35941 4.69635544e-02
3.37104 3.82763421e-02
3.38271 3.81524033e-02
3.39442 3.92639935e-02
3.40617 3.01112504e-02
3.41796 2.58915953e-02
3.42979 2.92230022e-02
3.44166 1.04914348e-02
3.45358 1.43537897e-03
3.46553 2.92465483e-04
3.47753 2.35351221e-04
3.48957 2.28875811e-04
3.50164 2.31769834e-04
3.51377 2.31817668e-04
3.52593 2.26237432e-04
3.53814 2.28548886e-04
3.55038 2.30226499e-04
3.56267 2.24780169e-04
3.57500 2.27728852e-04
3.58738 2.29568369e-04
3.59980 2.25215402e-04
3.61226 2.24146328e-04
3.62476 2.23051260e-04
3.63731 2.21361454e-04
3.64990 2.15599205e-04
3.66254 2.11730195e-04
3.67521 2.11152795e-04
3.68794 2.08995702e-04
3.70070 2.07167736e-04
3.71351 2.11264417e-04
3.72637 2.07119654e-04
3.73927 2.08740825e-04
3.75221 2.10749741e-04
3.76520 2.07362931e-04
3.77823 2.09262773e-04
3.79131 2.10017535e-04
3.80443 2.09658630e-04
3.81760 2.08258302e-04
3.83082 2.08648965e-04
3.84408 2.11640932e-04
3.85739 2.09104652e-04
3.87074 2.06809646e-04
3.88414 2.06912512e-04
3.89758 2.05234009e-04
3.91107 2.00796305e-04
3.92461 1.99920819e-04
3.93820 2.01648344e-04
3.95183 1.99701410e-04
3.96551 1.98799262e-04
3.97924 2.02738144e-04
3.99301 2.04043297e-04
4.00683 2.04012109e-04
4.02070 2.08932904e-04
4.03462 2.11441458e-04
4.04859 2.11417738e-04
4.06260 2.15965951e-04
4.07667 2.17363533e-04
4.09078 2.16837529e-04
4.10494 2.19693512e-04
4.11915 2.20825087e-04
4.13341 2.19723686e-04
4.14771 2.19369555e-04
4.16207 2.19746045e-04
4.17648 2.17358586e-04
4.19094 2.17589719e-04
4.20545 2.20474244e-04
4.22000 2.20362672e-04
4.23461 2.21273081e-04
4.24927 2.24427274e-04
4.26398 2.25440277e-04
4.27874 2.27447461e-04
4.29355 2.30961029e-04
4.30841 2.32837127e-04
4.32332 2.35321664e-04
4.33829 2.39270514e-04
4.35331 2.42145096e-04
4.36838 2.45582708e-04
4.38350 2.49493048e-04
4.39867 2.52218661e-04
4.41390 2.55877711e-04
4.42918 2.58634983e-04
4.44451 2.60167460e-04
4.45990 2.61796645e-04
4.47533 2.62697927e-04
4.49083 2.62100370e-04
4.50637 2.62088745e-04
4.52197 2.63317250e-04
4.53762 2.64194047e-04
4.55333 2.64888559e-04
4.56909 2.66930543e-04
4.58491 2.69706365e-04
4.60078 2.72961766e-04
4.61670 2.77538422e-04
4.63269 2.82848916e-04
4.64872 2.87119868e-04
4.66481 2.91645573e-04
4.68096 2.96382007e-04
4.69717 3.00497139e-04
4.71343 3.05024081e-04
4.72974 3.09441454e-04
4.74611 3.13670607e-04
4.76254 3.17883435e-04
4.77903 3.20816067e-04
4.79557 3.23643829e-04
4.81217 3.26085256e-04
4.82883 3.28157167e-04
4.84555 3.29906803e-04
4.86232 3.31245124e-04
4.87915 3.32552775e-04
4.89604 3.34300927e-04
4.91299 3.36332771e-04
4.92999 3.38448460e-04
4.94706 3.40829538e-04
4.96418 3.44923399e-04
4.98137 3.49391971e-04
4.99861 3.54249845e-04
5.01591 3.59452007e-04
5.03328 3.64889383e-04
5.05070 3.70845169e-04
5.06818 3.77089347e-04
5.08573 3.83457438e-04
5.10333 5.55903679e-04
5.12100 2.04789477e-03
5.13873 7.86232104e-03
5.15651 2.60567893e-02
5.17436 2.74072045e-02
5.19228 2.87147322e-02
5.21025 2.99675250e-02
5.22828 3.11564316e-02
5.24638 3.22851373e-02
5.26454 3.33908409e-02
5.28277 3.45466296e-02
5.30105 3.58337770e-02
5.31940 3.73039758e-02
5.33782 3.89749351e-02
5.35629 4.08478915e-02
5.37484 4.29163649e-02
5.39344 4.41551586e-02
5.41211 4.54083719e-02
5.43084 4.67536179e-02
5.44965 4.81863951e-02
5.46851 4.97041314e-02
5.48744 5.13044770e-02
5.50643 5.29869620e-02
5.52550 5.47500035e-02
5.54462 5.65886547e-02
5.56381 5.84928988e-02
5.58308 6.04438641e-02
5.60240 6.24121923e-02
5.62179 6.42356820e-02
5.64125 6.54725960e-02
5.66078 6.65842109e-02
5.68038 6.75504928e-02
5.70004 6.83709222e-02
5.71977 6.90659041e-02
5.73957 6.96733053e-02
5.75944 7.02403665e-02
5.77938 7.08134131e-02
5.79938 7.14295204e-02
5.81946 7.21126551e-02
5.83960 7.28747880e-02
5.85982 7.37189614e-02
5.88010 7.46428751e-02
5.90045 7.52347685e-02
5.92088 7.58437773e-02
5.94137 7.65113300e-02
5.96194 7.72289677e-02
5.98258 7.79891714e-02
6.00329 7.87852879e-02
6.02407 7.96114555e-02
6.04492 8.04624058e-02
6.06585 8.13332912e-02
6.08684 8.22196597e-02
6.10791 8.31172076e-02
6.12906 8.40217303e-02
6.15027 8.49291221e-02
6.17156 8.58353020e-02
6.19293 8.65032999e-02
6.21436 8.71473064e-02
6.23588 8.77803066e-02
6.25746 8.84015337e-02
6.27912 8.90114083e-02
6.30086 8.96114142e-02
6.32267 9.02040249e-02
6.34455 9.07921588e-02
6.36652 9.13787345e-02
6.38856 9.19661759e-02
6.41067 9.25562143e-02
6.43286 9.31496412e-02
6.45513 9.37464071e-02
6.47747 9.43457947e-02
6.49990 9.48601738e-02
6.52240 9.51557619e-02
6.54497 9.54470711e-02
6.56763 9.57325679e-02
6.59037 9.60107437e-02
6.61318 9.62802876e-02
6.63607 9.65400865e-02
6.65904 9.67893243e-02
6.68209 9.70274321e-02
6.70522 9.72542368e-02
6.72843 9.74698867e-02
6.75172 9.76749508e-02
6.77510 9.78703689e-02
6.79855 9.80575755e-02
6.82208 9.82384503e-02
6.84570 9.84153431e-02
6.86939 9.85909993e-02
6.89317 9.87686588e-02
6.91704 9.88936611e-02
6.94098 9.90186386e-02
6.96500 9.91572195e-02
6.98911 9.93133857e-02
7.01331 9.94909216e-02
7.03759 9.96930424e-02
7.06195 9.99224193e-02
7.08639 1.00180808e-01
7.11092 1.00469075e-01
7.13554 1.00786924e-01
7.16024 1.01133042e-01
7.18502 1.01505105e-01
7.20990 1.01899849e-01
7.23485 1.02313292e-01
7.25990 1.02740882e-01
7.28503 1.03177697e-01
7.31025 1.03556859e-01
7.33555 1.03854302e-01
7.36094 1.04145710e-01
7.38642 1.04426829e-01
7.41199 1.04693875e-01
7.43765 1.04943583e-01
7.46340 1.05173257e-01
7.48923 1.05380819e-01
7.51516 1.05564686e-01
7.54117 1.05723895e-01
7.56727 1.05857999e-01
7.59347 1.05967122e-01
7.61975 1.06051760e-01
7.64613 1.06112925e-01
7.67260 1.06152004e-01
7.69916 1.06170826e-01
7.72581 1.06171444e-01
7.75255 1.06154007e-01
7.77939 1.06024825e-01
7.80632 1.05885527e-01
7.83334 1.05739106e-01
7.86046 1.05588653e-01
7.88767 1.05437310e-01
7.91497 1.05288291e-01
7.94237 1.05144714e-01
7.96986 1.05009621e-01
7.99745 1.04885929e-01
8.02513 1.04776287e-01
8.05291 1.04683215e-01
8.08079 1.04608792e-01
8.10876 1.04554898e-01
8.13683 1.04522894e-01
8.16500 1.04513866e-01
8.19326 1.04528384e-01
8.22162 1.04566647e-01
8.25008 1.04628381e-01
8.27864 1.10961796e-01
8.30730 1.24819289e-01
8.33605 1.40361543e-01
8.36491 1.57739109e-01
8.39386 1.77106323e-01
8.42292 1.98621751e-01
8.45208 2.22448731e-01
8.48133 2.48755005e-01
8.51069 2.77711308e-01
8.54016 3.09488942e-01
8.56972 3.44255599e-01
8.59938 3.82168337e-01
8.62915 4.23364919e-01
8.65902 4.67953677e-01
8.68899 5.15998672e-01
8.71907 5.67506333e-01
8.74925 6.22408645e-01
8.77954 6.80547560e-01
8.80993 7.41660411e-01
8.84043 8.05366553e-01
8.87103 8.45904239e-01
8.90174 8.76268857e-01
8.93255 9.06943137e-01
8.96347 9.37860299e-01
8.99450 9.68947625e-01
9.02563 1.00012721e+00
9.05688 1.03131693e+00
9.08823 1.06243097e+00
9.11969 1.09337880e+00
9.15126 1.12406841e+00
9.18294 1.15440459e+00
9.21472 1.18429111e+00
9.24662 1.21363177e+00
9.27863 1.24233011e+00
9.31075 1.27029213e+00
9.34298 1.29742558e+00
9.37532 1.32364242e+00
9.40777 1.34885954e+00
9.44034 1.37299903e+00
9.47302 1.39598990e+00
9.50581 1.41776957e+00
9.53871 1.43621100e+00
9.57173 1.45140592e+00
9.60487 1.46605671e+00
9.63811 1.48014877e+00
9.67148 1.49366950e+00
9.70495 1.50660800e+00
9.73855 1.51895513e+00
9.77226 1.53070321e+00
9.80609 1.54184706e+00
9.84003 1.55238247e+00
9.87409 1.56230722e+00
9.90827 1.57134824e+00
9.94257 1.57896339e+00
9.97699 1.58628272e+00
10.01153 1.59330254e+00
10.04618 1.60001986e+00
10.08096 1.60643173e+00
10.11585 1.61253641e+00
10.15087 1.61833242e+00
10.18601 1.62381852e+00
10.22127 1.62899422e+00
10.25665 1.63385951e+00
10.29215 1.63841515e+00
10.32778 1.64212663e+00
10.36353 1.64517600e+00
10.39941 1.64810468e+00
10.43540 1.65091241e+00
10.47153 1.65359894e+00
10.50777 1.65616403e+00
10.54415 1.65860769e+00
10.58065 1.66093039e+00
10.61727 1.66226253e+00
10.65403 1.66348560e+00
10.69091 1.66463347e+00
10.72791 1.66570541e+00
10.76505 1.66670019e+00
10.80231 1.66761680e+00
10.83971 1.66845378e+00
10.87723 1.66921013e+00
10.91488 1.66988361e+00
10.95266 1.67047227e+00
10.99058 1.67097435e+00
11.02862 1.67138740e+00
11.06680 1.67170869e+00
11.10511 1.67193574e+00
11.14355 1.67206534e+00
11.18212 1.67209453e+00
11.22083 1.67201958e+00
11.25967 1.67062932e+00
11.29865 1.66545783e+00
11.33776 1.65916666e+00
11.37701 1.65174270e+00
11.41639 1.64317903e+00
11.45591 1.63347714e+00
11.49556 1.62264666e+00
11.53536 1.61070417e+00
11.57529 1.59767316e+00
11.61536 1.58358308e+00
11.65556 1.56846730e+00
11.69591 1.55236194e+00
11.73640 1.53530411e+00
11.77702 1.51732990e+00
11.81779 1.49847395e+00
11.85870 1.47876742e+00
11.89975 1.45823677e+00
11.94094 1.43690402e+00
11.98227 1.41478649e+00
12.02375 1.39189702e+00
12.06537 1.36824429e+00
12.10714 1.34383472e+00
12.14905 1.31867374e+00
12.19110 1.29276632e+00
12.23330 1.26612060e+00
12.27565 1.23874798e+00
12.31814 1.21066550e+00
12.36078 1.18189767e+00
12.40357 1.15848163e+00
12.44651 1.13798759e+00
12.48959 1.11744285e+00
12.53283 1.09726465e+00
12.57621 1.07781758e+00
12.61974 1.05939940e+00
12.66343 1.04223175e+00
12.70726 1.02645930e+00
12.75125 1.01215107e+00
12.79539 9.99306803e-01
12.83968 9.87865657e-01
12.88413 9.77713613e-01
12.92873 9.68695840e-01
12.97348 9.60624611e-01
13.01839 9.53289694e-01
13.06345 9.46468241e-01
13.10867 9.39933941e-01
13.15405 9.33465680e-01
13.19959 9.26856191e-01
13.24528 9.19919481e-01
13.29113 9.12497749e-01
13.33713 9.04464857e-01
13.38330 8.95731270e-01
13.42963 8.86243069e-01
13.47612 8.75983435e-01
13.52277 8.64967455e-01
13.56958 8.53240145e-01
13.61655 8.40870511e-01
13.66368 8.27945860e-01
13.71098 8.14566116e-01
13.75844 8.02207859e-01
13.80607 8.08141633e-01
13.85386 8.14049931e-01
13.90182 8.19991125e-01
13.94994 8.26015671e-01
13.99823 8.32165614e-01
14.04668 8.38475087e-01
14.09531 8.44970308e-01
14.14410 8.51670568e-01
14.19306 8.58588729e-01
14.24219 8.65731963e-01
14.29149 8.73102496e-01
14.34096 8.80698845e-01
14.39060 8.88515567e-01
14.44042 8.96544502e-01
14.49041 9.04775755e-01
14.54057 9.13198197e-01
14.59090 9.21799461e-01
14.64141 9.30566933e-01
14.69209 9.39487505e-01
14.74295 9.48549056e-01
14.79398 9.57739963e-01
14.84519 9.67048600e-01
14.89658 9.76465322e-01
14.94814 9.85980977e-01
14.99989 9.95587651e-01
15.05181 1.00527817e+00
15.10392 1.01504710e+00
15.15620 1.02488973e+00
15.20866 1.03480235e+00
15.26131 1.04478225e+00
15.31414 1.05482745e+00
15.36715 1.06493670e+00
15.42034 1.07510928e+00
15.47372 1.08534566e+00
15.52729 1.09837196e+00
15.58103 1.11178708e+00
15.63497 1.12523088e+00
15.68909 1.13869991e+00
15.74340 1.15219021e+00
15.79790 1.16569758e+00
15.85258 1.17921855e+00
15.90746 1.19274868e+00
15.96252 1.20628375e+00
16.01778 1.21982030e+00
16.07323 1.23335339e+00
16.12886 1.24687931e+00
16.18470 1.26039360e+00
16.24072 1.27389206e+00
16.29694 1.28737025e+00
16.35335 1.30082394e+00
16.40996 1.31424870e+00
16.46677 1.32764007e+00
16.52377 1.34099385e+00
16.58097 1.35430533e+00
16.63836 1.36757031e+00
16.69596 1.38078458e+00
16.75375 1.39394321e+00
16.81175 1.40704199e+00
16.86994 1.42007645e+00
16.92834 1.43304241e+00
16.98694 1.44593515e+00
17.04574 1.45875048e+00
17.10474 1.47148394e+00
17.16395 1.48413109e+00
17.22337 1.49668771e+00
17.28299 1.50914960e+00
17.34281 1.52151206e+00
17.40285 1.53377113e+00
17.46309 1.54592237e+00
17.52354 1.55796157e+00
17.58420 1.56988452e+00
17.64507 1.58168702e+00
17.70615 1.58801702e+00
17.76744 1.59112699e+00
17.82894 1.59422410e+00
17.89066 1.59730760e+00
17.95259 1.60037751e+00
18.01473 1.60343380e+00
18.07709 1.60647600e+00
18.13967 1.60950460e+00
18.20246 1.61251885e+00
18.26547 1.61551876e+00
18.32870 1.61850432e+00
18.39214 1.62147553e+00
18.45581 1.62443191e+00
18.51969 1.62737369e+00
18.58380 1.63030063e+00
18.64813 1.63321274e+00
18.71268 1.63610975e+00
18.77746 1.63899193e+00
18.84246 1.64185877e+00
18.90768 1.64471052e+00
18.97313 1.64754719e+00
19.03881 1.65036852e+00
19.10472 1.65317476e+00
19.17085 1.65596567e+00
19.23721 1.65874125e+00
19.30380 1.66150149e+00
19.37062 1.66424664e+00
19.43768 1.66697646e+00
19.50496 1.66969119e+00
19.57248 1.67239058e+00
19.64023 1.67507514e+00
19.70822 1.67774436e+00
19.77644 1.68039874e+00
19.84490 1.68303828e+00
19.91359 1.68566299e+00
19.98252 1.68827285e+00
20.05169 1.69086836e+00
20.12110 1.69344904e+00
20.19076 1.69601562e+00
20.26065 1.69856785e+00
20.33078 1.70110574e+00
20.40116 1.70363002e+00
20.47178 1.70614021e+00
20.54264 1.70863704e+00
20.61375 1.71112026e+00
20.68511 1.71140396e+00
20.75671 1.71152911e+00
20.82856 1.71165426e+00
20.90066 1.71178040e+00
20.97301 1.71190802e+00
21.04561 1.71203762e+00
21.11846 1.71216970e+00
21.19157 1.71230499e+00
21.26492 1.71244374e+00
21.33853 1.71258646e+00
21.41240 1.71273387e+00
21.48652 1.71288647e+00
21.56090 1.71304427e+00
21.63553 1.71320800e+00
21.71043 1.71337817e+00
21.78558 1.71355501e+00
21.86099 1.71373878e+00
21.93666 1.71392997e+00
22.01260 1.71412883e+00
22.08880 1.71433560e+00
22.16526 1.71455053e+00
22.24199 1.71477412e+00
22.31898 1.71500637e+00
22.39624 1.71524727e+00
22.47377 1.71549732e+00
22.55156 1.71575653e+00
22.62962 1.71602488e+00
22.70796 1.71630239e+00
22.78656 1.71658930e+00
22.86544 1.71688560e+00
22.94459 1.71719106e+00
23.02402 1.71750592e+00
23.10372 1.71782992e+00
23.18369 1.71816283e+00
23.26394 1.71850465e+00
23.34447 1.71885537e+00
23.42528 1.71921449e+00
23.50637 1.71958203e+00
23.58774 1.71995748e+00
23.66939 1.72034060e+00
23.75133 1.72073114e+00
23.83354 1.72112885e+00
23.91604 1.72153300e+00
23.99883 1.72194357e+00
24.08191 1.72235983e+00
24.16527 1.72278154e+00
24.24892 1.72320794e+00
24.33286 1.72363855e+00
24.41709 1.72407286e+00
24.50161 1.72451040e+00
24.58642 1.72495065e+00
24.67153 1.72539239e+00
24.75693 1.72579678e+00
24.84263 1.72548984e+00
24.92863 1.72516929e+00
25.01492 1.72483440e+00
25.10151 1.72448393e+00
25.18840 1.72411689e+00
25.27559 1.72373179e+00
25.36309 1.72332790e+00
25.45088 1.72290397e+00
25.53898 1.72245877e+00
25.62739 1.72199081e+00
25.71610 1.72149936e+00
25.80512 1.72098318e+00
25.89444 1.72044077e+00
25.98408 1.71987116e+00
26.07403 1.71927336e+00
26.16428 1.71864563e+00
26.25485 1.71798723e+00
26.34574 1.71729692e+00
26.43694 1.71657322e+00
26.52845 1.71581539e+00
26.62028 1.71502195e+00
26.71243 1.71419165e+00
26.80489 1.71332351e+00
26.89768 1.71241629e+00
26.99079 1.71146900e+00
27.08422 1.71048041e+00
27.17798 1.70944928e+00
27.27205 1.70837486e+00
27.36646 1.70725568e+00
27.46119 1.70609074e+00
27.55625 1.70487930e+00
27.65164 1.70362013e+00
27.74736 1.70231198e+00
27.84341 1.70095412e+00
27.93979 1.69954581e+00
28.03650 1.69808555e+00
28.13355 1.69657286e+00
28.23094 1.69500650e+00
28.32867 1.69338597e+00
28.42673 1.69171029e+00
28.52513 1.68997846e+00
28.62387 1.68818974e+00
28.72295 1.68634340e+00
28.82238 1.68443893e+00
28.92215 1.68247535e+00
29.02227 1.68045192e+00
29.12273 1.67836814e+00
29.22354 1.67622351e+00
29.32470 1.67401705e+00
29.42621 1.67174875e+00
29.52807 1.66941739e+00
29.63029 1.66702320e+00
29.73286 1.66456521e+00
29.83578 1.66204339e+00
29.93906 1.65945703e+00
30.04269 1.65680586e+00
30.14669 1.65408940e+00
30.25104 1.65130789e+00
30.35576 1.64846034e+00
30.46084 1.64554700e+00
30.56628 1.64256763e+00
30.67209 1.63952196e+00
30.77826 1.63641002e+00
30.88481 1.63323153e+00
30.99172 1.62971668e+00
31.09900 1.62549668e+00
31.20665 1.62120223e+00
31.31467 1.61683333e+00
31.42307 1.61239073e+00
31.53184 1.60787542e+00
31.64099 1.60328738e+00
31.75052 1.59862762e+00
31.86043 1.59389688e+00
31.97072 1.58909589e+00
32.08139 1.58422516e+00
32.19244 1.57928566e+00
32.30388 1.57427840e+00
32.41570 1.56920386e+00
32.52791 1.56406328e+00
32.64051 1.55885741e+00
32.75349 1.55358723e+00
32.86687 1.54825374e+00
32.98064 1.54285816e+00
33.09481 1.53740100e+00
33.20937 1.53188373e+00
33.32433 1.52630711e+00
33.43968 1.52067261e+00
33.55544 1.51498122e+00
33.67159 1.50923394e+00
33.78815 1.50343174e+00
33.90511 1.49757637e+00
34.02247 1.49166832e+00
34.14024 1.48570932e+00
34.25842 1.47970036e+00
34.37701 1.47364267e+00
34.49601 1.46753725e+00
34.61542 1.46138582e+00
34.73525 1.45518913e+00
34.85549 1.44894891e+00
34.97614 1.44266590e+00
35.09721 1.43634159e+00
35.21871 1.42997745e+00
35.34062 1.42357449e+00
35.46295 1.41713393e+00
35.58571 1.41065701e+00
35.70889 1.40414522e+00
35.83250 1.39759979e+00
35.95654 1.39102196e+00
36.08101 1.38441296e+00
36.20590 1.37777380e+00
36.33123 1.37110618e+00
36.45700 1.36441112e+00
36.58320 1.35768983e+00
36.70983 1.35094357e+00
36.83691 1.34417356e+00
36.96442 1.33738105e+00
37.09238 1.33056726e+00
37.22077 1.32373344e+00
37.34962 1.31688058e+00
37.47890 1.31001015e+00
37.60864 1.30312315e+00
37.73883 1.29622082e+00
37.86946 1.28930439e+00
38.00055 1.28237461e+00
38.13209 1.27543320e+00
38.26409 1.26848066e+00
38.39654 1.26151847e+00
38.52946 1.25454763e+00
38.66283 1.24756937e+00
38.79667 1.24058443e+00
38.93096 1.23359429e+00
39.06573 1.22659946e+00
39.20096 1.21960141e+00
39.33665 1.21260064e+00
39.47282 1.20559888e+00
39.60946 1.19859638e+00
39.74657 1.19159462e+00
39.88416 1.18459410e+00
40.02222 1.17759605e+00
40.16076 1.17060146e+00
40.29978 1.16361083e+00
40.43928 1.15662540e+00
40.57926 1.14964590e+00
40.71973 1.14267307e+00
40.86069 1.13570792e+00
41.00213 1.12875142e+00
41.14406 1.12180383e+00
41.28648 1.11486638e+00
41.42940 1.10711742e+00
41.57281 1.09911644e+00
41.71672 1.09114192e+00
41.86113 1.08319435e+00
42.00603 1.07527499e+00
42.15144 1.06738431e+00
42.29735 1.05952332e+00
42.44377 1.05169250e+00
42.59069 1.04389284e+00
42.73812 1.03612484e+00
42.88606 1.02838925e+00
43.03451 1.02068654e+00
43.18348 1.01301773e+00
43.33297 1.00538329e+00
43.48297 9.97783477e-01
43.63349 9.90219034e-01
43.78453 9.82690702e-01
43.93609 9.75198481e-01
44.08818 9.67743359e-01
44.24079 9.60325338e-01
44.39394 9.52945159e-01
44.54761 9.45603069e-01
44.70182 9.38299563e-01
44.85655 9.31035135e-01
45.01183 9.23809787e-01
45.16764 9.16624011e-01
45.32399 9.09478057e-01
45.48089 9.02372417e-01
45.63832 8.95307341e-01
45.79630 8.88282827e-01
45.95483 8.81299370e-01
46.11391 8.74356971e-01
46.27353 8.67455876e-01
46.43371 8.60596581e-01
46.59445 8.53778837e-01
46.75574 8.47003141e-01
46.91759 8.40269243e-01
47.08000 8.33577640e-01
47.24297 8.26928578e-01
47.40650 8.20321563e-01
47.57060 8.13757336e-01
47.73527 8.07235403e-01
47.90051 8.00756259e-01
48.06633 7.94319657e-01
48.23271 7.87925843e-01
48.39967 7.81574817e-01
48.56721 7.75266333e-01
48.73533 7.69000885e-01
48.90403 7.62777979e-01
49.07332 7.56598108e-01
49.24319 7.50460779e-01
49.41365 7.44365991e-01
49.58470 7.38314239e-01
49.75634 7.32304781e-01
49.92858 7.26338111e-01
50.10141 7.20413736e-01
50.27484 7.14531902e-01
50.44887 7.08692362e-01
50.62350 7.02895116e-01
50.79874 6.97139917e-01
50.97458 6.91427011e-01
51.15104 6.85755658e-01
51.32810 6.80126351e-01
51.50578 6.74538844e-01
51.68407 6.68992641e-01
51.86298 6.63487991e-01
52.04250 6.58024892e-01
52.22265 6.52602603e-01
52.40343 6.47221372e-01
52.58482 6.41881198e-01
52.76685 6.36581587e-01
52.94951 6.31322538e-01
53.13280 6.26103805e-01
53.31672 6.20925139e-01
53.50128 6.15786789e-01
53.68648 6.10688013e-01
53.87232 6.05629057e-01
54.05880 6.00609427e-01
54.24593 5.95629123e-01
54.43371 5.90688145e-01
54.62214 5.85785751e-01
54.81122 5.80922188e-01
55.00095 5.76096962e-01
55.19134 5.71310320e-01
55.38239 5.66561520e-01
55.57410 5.61850809e-01
55.76647 5.57177693e-01
55.95951 5.52541925e-01
56.15322 5.47943503e-01
56.34760 5.43381935e-01
56.54265 5.38857466e-01
56.73838 5.34369355e-01
56.93479 5.29917850e-01
57.13187 5.25502208e-01
57.32964 5.21122677e-01
57.52809 5.16778761e-01
57.72723 5.12470462e-01
57.92705 5.08197284e-01
58.12757 5.03959227e-01
58.32879 4.99756045e-01
58.53070 4.95587241e-01
58.73331 4.91452817e-01
58.93662 4.87352773e-01
59.14063 4.83286365e-01
59.34535 4.79253595e-01
59.55078 4.75254463e-01
59.75692 4.71288473e-01
59.96377 4.67355378e-01
60.17134 4.63454931e-01
60.37963 4.59587133e-01
60.58864 4.55751487e-01
60.79837 4.51947995e-01
61.00883 4.48176409e-01
61.22002 4.44436235e-01
61.43194 4.40727719e-01
61.64459 4.37050119e-01
61.85797 4.33403437e-01
62.07210 4.29787423e-01
62.28697 4.26201832e-01
62.50258 4.22646415e-01
62.71894 4.19121173e-01
62.93605 4.15625364e-01
63.15390 4.12159482e-01
63.37252 4.08722785e-01
63.59189 4.05315027e-01
63.81201 4.01936206e-01
64.03290 3.98586076e-01
64.25456 3.95264389e-01
64.47698 3.91970899e-01
64.70017 3.88705357e-01
64.92414 3.85467516e-01
65.14888 3.82257377e-01
65.37440 3.79074444e-01
65.60070 3.75918718e-01
65.82778 3.72789704e-01
66.05565 3.69687402e-01
66.28430 3.66611812e-01
66.51375 3.63562192e-01
66.74400 3.60538789e-01
66.97504 3.57541109e-01
67.20688 3.54568905e-01
67.43952 3.51622175e-01
67.67297 3.48700921e-01
67.90722 3.45804401e-01
68.14229 3.42932613e-01
68.37817 3.40085559e-01
68.61486 3.37262744e-01
68.85238 3.34464415e-01
69.09072 3.31689829e-01
69.32988 3.28938988e-01
69.56987 3.26211643e-01
69.81069 3.23508043e-01
70.05235 3.20827197e-01
70.29484 3.18169600e-01
70.53817 3.15534758e-01
70.78235 3.12922671e-01
71.02737 3.10332843e-01
71.27323 3.07765029e-01
71.51995 3.05219474e-01
71.76752 3.02695932e-01
72.01595 3.00193908e-01
72.26524 2.97713155e-01
72.51539 2.95253919e-01
72.76641 2.92815707e-01
73.01830 2.90398519e-01
73.27106 2.88002106e-01
73.52469 2.85626222e-01
73.77920 2.83270619e-01
74.03460 2.80935298e-01
74.29087 2.78620258e-01
74.54804 2.76324757e-01
74.80609 2.74049291e-01
75.06504 2.71793116e-01
75.32488 2.69556233e-01
75.58563 2.67338643e-01
75.84727 2.65140344e-01
76.10982 2.62960595e-01
76.37328 2.60799644e-01
76.63766 2.58657243e-01
76.90295 2.56533144e-01
77.16915 2.54427348e-01
77.43628 2.52339607e-01
77.70433 2.50269675e-01
77.97331 2.48217550e-01
78.24322 2.46183060e-01
78.51407 2.44165958e-01
78.78585 2.42166120e-01
79.05857 2.40183421e-01
79.33224 2.38217715e-01
79.60686 2.36268827e-01
79.88242 2.34336610e-01
80.15894 2.32420939e-01
80.43642 2.30521641e-01
80.71486 2.28638619e-01
80.99426 2.26771672e-01
81.27463 2.24920704e-01
81.55596 2.23085540e-01
81.83828 2.21266057e-01
82.12157 2.19462107e-01
82.40584 2.17673565e-01
82.69109 2.15900309e-01
82.97733 2.14142165e-01
83.26457 2.12399033e-01
83.55279 2.10670767e-01
83.84202 2.08957217e-01
84.13225 2.07258284e-01
84.42348 2.05573821e-01
84.71572 2.03903702e-01
85.00897 2.02247806e-01
85.30323 2.00606007e-01
85.59852 1.98978183e-01
85.89482 1.97364209e-01
86.19215 1.95763938e-01
86.49052 1.94177270e-01
86.78991 1.92604081e-01
87.09034 1.91044249e-01
87.39181 1.89497673e-01
87.69432 1.87964231e-01
87.99789 1.86443775e-01
88.30250 1.84936204e-01
88.60816 1.83441420e-01
88.91489 1.81959324e-01
89.22267 1.80489744e-01
89.53153 1.79032629e-01
89.84145 1.77587831e-01
90.15244 1.76155277e-01
90.46451 1.74734817e-01
90.77766 1.73326377e-01
91.09190 1.71929809e-01
91.40722 1.70545064e-01
91.72363 1.69171993e-01
92.04114 1.67810497e-01
92.35975 1.66460503e-01
92.67946 1.65121885e-01
93.00028 1.63794546e-01
93.32221 1.62478362e-01
93.64525 1.61173283e-01
93.96941 1.59879185e-01
94.29469 1.58595970e-01
94.62110 1.57323564e-01
94.94864 1.56061818e-01
95.27731 1.54810682e-01
95.60712 1.53570058e-01
95.93807 1.52339847e-01
96.27017 1.51119949e-01
96.60342 1.49910292e-01
96.93782 1.48710750e-01
97.27338 1.47521274e-01
97.61010 1.46341741e-01
97.94798 1.45172102e-01
98.28704 1.44012232e-01
98.62727 1.42862058e-01
98.96867 1.41721505e-01
99.31126 1.40590475e-01
99.65504 1.39468892e-01
100.00000 1.38356684e-01
