        2000  3.000000 3.710000
0.10000 1.74432031e+00
0.10035 1.74399977e+00
0.10069 1.74367774e+00
0.10104 1.74334087e+00
0.10139 1.74105996e+00
0.10174 1.73952551e+00
0.10210 1.71891720e+00
0.10245 1.71855362e+00
0.10280 1.68224608e+00
0.10316 1.65340899e+00
0.10352 1.61557738e+00
0.10387 1.56747648e+00
0.10423 1.50762676e+00
0.10459 1.50702129e+00
0.10496 1.43391545e+00
0.10532 1.43330656e+00
0.10568 1.34544842e+00
0.10605 1.24139152e+00
0.10642 1.24082612e+00
0.10679 1.11956922e+00
0.10716 1.11902578e+00
0.10753 9.81311621e-01
0.10790 9.80807506e-01
0.10827 8.35534591e-01
0.10865 8.35085829e-01
0.10902 7.29064714e-01
0.10940 7.28660472e-01
0.10978 7.28247920e-01
0.11016 7.27826613e-01
0.11054 7.27396846e-01
0.11092 7.26958473e-01
0.11131 7.26511492e-01
0.11169 7.26055904e-01
0.11208 7.25591560e-01
0.11247 7.25118610e-01
0.11286 7.24480786e-01
0.11325 7.23820406e-01
0.11364 7.23145335e-01
0.11403 7.22455423e-01
0.11443 7.21750968e-01
0.11482 7.21031674e-01
0.11522 7.20297539e-01
0.11562 7.19548712e-01
0.11602 7.18785046e-01
0.11642 7.18006688e-01
0.11682 7.17213490e-01
0.11723 7.16405452e-01
0.11763 7.15582574e-01
0.11804 7.14745004e-01
0.11845 7.13892446e-01
0.11886 7.13025345e-01
0.11927 7.12143256e-01
0.11968 7.11246474e-01
0.12010 7.10334853e-01
0.12051 7.09408540e-01
0.12093 7.08467388e-01
0.12135 7.07511543e-01
0.12177 7.06540859e-01
0.12219 7.05555483e-01
0.12262 7.04555564e-01
0.12304 7.03540953e-01
0.12347 7.02511650e-01
0.12389 7.03365841e-01
0.12432 7.08333976e-01
0.12475 7.12987800e-01
0.12518 7.16084760e-01
0.12562 7.17395874e-01
0.12605 7.18678940e-01
0.12649 7.19175190e-01
0.12693 7.18955112e-01
0.12737 7.18733551e-01
0.12781 7.18671223e-01
0.12825 7.18725538e-01
0.12869 7.18780000e-01
0.12914 7.18779110e-01
0.12959 7.18742752e-01
0.13003 7.18706394e-01
0.13048 7.18558884e-01
0.13094 7.18339846e-01
0.13139 7.18119324e-01
0.13184 7.17951928e-01
0.13230 7.17822969e-01
0.13276 7.17693416e-01
0.13322 7.17532105e-01
0.13368 7.17340817e-01
0.13414 7.17148491e-01
0.13461 7.16950525e-01
0.13507 7.16632652e-01
0.13554 7.16312108e-01
0.13601 7.15988893e-01
0.13648 7.15492050e-01
0.13695 7.14971166e-01
0.13743 7.14444643e-01
0.13790 7.13840506e-01
0.13838 7.13203128e-01
0.13886 7.12558034e-01
0.13934 7.11686184e-01
0.13982 7.10606870e-01
0.14031 7.09508710e-01
0.14079 7.08292721e-01
0.14128 7.06814805e-01
0.14177 7.05306319e-01
0.14226 7.03766818e-01
0.14275 7.02179680e-01
0.14324 7.00561526e-01
0.14374 6.98912505e-01
0.14424 6.96763525e-01
0.14474 6.94368349e-01
0.14524 6.91916039e-01
0.14574 6.88720096e-01
0.14625 6.84165107e-01
0.14675 6.79444503e-01
0.14726 6.74560807e-01
0.14777 6.71279386e-01
0.14828 6.67986242e-01
0.14879 6.64627505e-01
0.14931 6.59550296e-01
0.14983 6.52878974e-01
0.15034 6.45996627e-01
0.15087 6.38941394e-01
0.15139 6.32118259e-01
0.15191 6.25130103e-01
0.15244 6.17984346e-01
0.15297 6.10442658e-01
0.15349 6.02548817e-01
0.15403 5.94505240e-01
0.15456 5.86321425e-01
0.15509 5.77060820e-01
0.15563 5.66871231e-01
0.15617 5.56527157e-01
0.15671 5.46046556e-01
0.15725 5.34969980e-01
0.15780 5.23756134e-01
0.15834 5.12452357e-01
0.15889 5.01121275e-01
0.15944 4.89843172e-01
0.15999 4.78533608e-01
0.16055 4.67210688e-01
0.16110 4.56985631e-01
0.16166 4.47517118e-01
0.16222 4.38071012e-01
0.16278 4.28656368e-01
0.16335 4.12923594e-01
0.16391 3.96265990e-01
0.16448 3.79798339e-01
0.16505 3.64328530e-01
0.16562 3.59256218e-01
0.16619 3.54623466e-01
0.16677 3.49607398e-01
0.16734 3.40186669e-01
0.16792 3.14550124e-01
0.16851 2.90748990e-01
0.16909 2.67240946e-01
0.16967 2.49215985e-01
0.17026 2.42939110e-01
0.17085 2.36649473e-01
0.17144 2.31116528e-01
0.17204 2.25592783e-01
0.17263 2.19092121e-01
0.17323 2.14800690e-01
0.17383 2.09788628e-01
0.17443 1.92887352e-01
0.17503 1.74737290e-01
0.17564 1.56593312e-01
0.17625 1.40053138e-01
0.17686 1.27605925e-01
0.17747 1.22434957e-01
0.17808 1.17435732e-01
0.17870 1.13075754e-01
0.17932 1.06640047e-01
0.17994 9.44273504e-02
0.18056 8.21088741e-02
0.18119 8.18187818e-02
0.18182 7.93693359e-02
0.18244 7.28566090e-02
0.18308 7.00885186e-02
0.18371 6.71612990e-02
0.18435 6.45666734e-02
0.18498 3.28806467e-02
0.18562 4.60577950e-02
0.18627 2.72105646e-02
0.18691 2.41648030e-02
0.18756 2.13940712e-02
0.18821 1.91119611e-02
0.18886 2.53142649e-02
0.18951 1.61637874e-02
0.19017 1.44528021e-02
0.19083 1.63801397e-02
0.19149 3.18843781e-02
0.19215 1.40199060e-02
0.19282 1.30133370e-02
0.19348 1.35133485e-02
0.19415 1.27138005e-02
0.19483 1.33793804e-02
0.19550 1.25944913e-02
0.19618 1.36274830e-02
0.19686 1.82865010e-02
0.19754 1.78173047e-02
0.19822 1.73616128e-02
0.19891 1.69118718e-02
0.19960 1.39398902e-02
0.20029 1.22089051e-02
0.20098 1.22436678e-02
0.20168 1.10590425e-02
0.20237 9.53337479e-03
0.20307 8.67606057e-03
0.20378 8.75134240e-03
0.20448 8.81641729e-03
0.20519 8.88706756e-03
0.20590 8.95851474e-03
0.20661 7.17469925e-03
0.20733 4.96987593e-03
0.20805 3.50027518e-03
0.20877 2.49819231e-03
0.20949 1.80421158e-03
0.21021 1.75568478e-03
0.21094 1.12416042e-02
0.21167 1.65727926e-02
0.21240 1.63338983e-02
0.21314 1.60445776e-02
0.21388 1.02495294e-02
0.21462 1.25061933e-03
0.21536 1.44862708e-03
0.21611 3.79690898e-04
0.21685 2.93830071e-04
0.21760 3.65653890e-04
0.21836 8.79512337e-04
0.21911 1.26658895e-03
0.21987 2.11701652e-03
0.22063 3.22982212e-03
0.22140 6.41686942e-03
0.22216 8.75506131e-03
0.22293 1.09119143e-02
0.22370 1.52659377e-02
0.22448 1.68455963e-01
0.22526 4.66503117e-01
0.22604 1.13168267e-01
0.22682 2.34491440e-02
0.22760 4.56214842e-03
0.22839 1.07442728e-03
0.22918 5.86390134e-04
0.22998 5.42384786e-04
0.23077 5.33959821e-04
0.23157 5.10207807e-04
0.23237 5.26923583e-04
0.23318 5.05558287e-04
0.23398 5.05764414e-04
0.23479 5.10571536e-04
0.23561 5.05936113e-04
0.23642 5.09757858e-04
0.23724 5.44934446e-04
0.23806 5.53986846e-04
0.23889 5.86164418e-04
0.23971 5.25165488e-04
0.24054 5.21999523e-04
0.24137 5.21168038e-04
0.24221 5.17864950e-04
0.24305 5.54613539e-04
0.24389 5.10096952e-04
0.24473 5.76076483e-04
0.24558 5.04278337e-04
0.24643 6.88766842e-04
0.24728 5.50733621e-04
0.24814 4.93660614e-04
0.24900 6.01268273e-04
0.24986 5.06550934e-04
0.25073 4.93437272e-04
0.25159 4.89859348e-04
0.25246 5.00633039e-04
0.25334 5.05055508e-04
0.25422 4.86233787e-04
0.25510 4.91790328e-04
0.25598 4.96672688e-04
0.25687 5.10090126e-04
0.25775 5.17619794e-04
0.25865 1.01510349e-03
0.25954 5.04462946e-04
0.26044 5.15983535e-04
0.26134 5.70188268e-04
0.26225 5.16556508e-04
0.26315 5.21047685e-04
0.26406 5.28698299e-04
0.26498 5.18905680e-04
0.26590 6.29237666e-04
0.26682 6.16849531e-04
0.26774 1.86606767e-03
0.26867 1.93425599e-02
0.26960 3.00973750e-02
0.27053 3.24423028e-02
0.27147 3.69571056e-02
0.27241 4.07553294e-02
0.27335 4.53681208e-02
0.27430 5.16981822e-02
0.27525 5.40830147e-02
0.27620 5.83649928e-02
0.27715 6.24127809e-02
0.27811 6.44436943e-02
0.27908 7.01239566e-02
0.28004 7.65896555e-02
0.28101 7.91554618e-02
0.28198 8.14089158e-02
0.28296 8.24098887e-02
0.28394 8.68854398e-02
0.28492 8.68507438e-02
0.28591 9.03530135e-02
0.28690 9.33176300e-02
0.28789 9.65435789e-02
0.28889 9.87683472e-02
0.28989 1.00809589e-01
0.29089 1.02986202e-01
0.29190 1.07792388e-01
0.29291 1.10515038e-01
0.29392 1.15814818e-01
0.29494 1.15502911e-01
0.29596 1.19451375e-01
0.29699 1.23995843e-01
0.29801 1.26491990e-01
0.29905 1.25416535e-01
0.30008 1.31875719e-01
0.30112 1.31849675e-01
0.30216 1.36609190e-01
0.30321 1.36745035e-01
0.30426 1.39645483e-01
0.30531 1.42947383e-01
0.30637 1.46656419e-01
0.30743 1.44528274e-01
0.30849 1.48786730e-01
0.30956 1.52985115e-01
0.31063 1.51384918e-01
0.31171 1.56260154e-01
0.31279 1.55750994e-01
0.31387 1.56812796e-01
0.31496 1.59424339e-01
0.31605 1.61605374e-01
0.31714 1.60965325e-01
0.31824 1.65159999e-01
0.31934 1.66287394e-01
0.32044 1.68035546e-01
0.32155 1.69671508e-01
0.32267 1.72939424e-01
0.32378 1.73859207e-01
0.32490 1.75813338e-01
0.32603 1.78556216e-01
0.32716 1.78656237e-01
0.32829 1.80424126e-01
0.32943 1.84979264e-01
0.33057 1.85908397e-01
0.33171 1.87612622e-01
0.33286 1.91790528e-01
0.33401 1.92222520e-01
0.33517 1.96002416e-01
0.33633 1.94102748e-01
0.33749 1.99483138e-01
0.33866 2.02973061e-01
0.33983 2.02375306e-01
0.34101 2.06510472e-01
0.34219 2.08994540e-01
0.34337 2.11142333e-01
0.34456 2.11250220e-01
0.34576 2.14216884e-01
0.34695 2.15339382e-01
0.34815 2.14592781e-01
0.34936 2.18280670e-01
0.35057 2.17903882e-01
0.35178 2.18940456e-01
0.35300 2.21657660e-01
0.35422 2.24321885e-01
0.35545 2.23914230e-01
0.35668 2.23243166e-01
0.35791 2.27329805e-01
0.35915 2.27069956e-01
0.36039 2.26002218e-01
0.36164 2.29529241e-01
0.36289 2.30781144e-01
0.36415 2.30875081e-01
0.36541 2.32568325e-01
0.36668 2.35378427e-01
0.36795 2.38031077e-01
0.36922 2.35563185e-01
0.37050 2.39329874e-01
0.37178 2.41609595e-01
0.37307 2.39035894e-01
0.37436 2.41753543e-01
0.37565 2.44384823e-01
0.37695 2.45865855e-01
0.37826 2.42752275e-01
0.37957 2.48767372e-01
0.38088 2.49770853e-01
0.38220 2.48302286e-01
0.38352 2.50953156e-01
0.38485 2.50466849e-01
0.38618 2.55015160e-01
0.38752 2.53461561e-01
0.38886 2.52545042e-01
0.39021 2.56538932e-01
0.39156 2.55509926e-01
0.39291 2.55261950e-01
0.39427 2.55816520e-01
0.39564 2.58593826e-01
0.39701 2.57733700e-01
0.39838 2.58099358e-01
0.39976 2.57821553e-01
0.40115 2.59316831e-01
0.40253 2.61606495e-01
0.40393 2.59850478e-01
0.40533 2.59871105e-01
0.40673 2.62439316e-01
0.40814 2.62296703e-01
0.40955 2.65681856e-01
0.41097 2.61921696e-01
0.41239 2.63511802e-01
0.41382 2.69143879e-01
0.41525 2.63975701e-01
0.41669 2.66287921e-01
0.41813 2.68687994e-01
0.41958 2.69231138e-01
0.42103 2.66307955e-01
0.42249 2.71186012e-01
0.42395 2.69669364e-01
0.42542 2.71262141e-01
0.42689 2.73051400e-01
0.42837 2.72331808e-01
0.42985 2.73247288e-01
0.43134 2.74376166e-01
0.43283 2.74968134e-01
0.43433 2.78583603e-01
0.43583 2.74283713e-01
0.43734 2.77085654e-01
0.43886 2.79227808e-01
0.44037 2.81158937e-01
0.44190 2.78380889e-01
0.44343 2.79640211e-01
0.44496 2.82777090e-01
0.44650 2.80803222e-01
0.44805 2.84132873e-01
0.44960 2.80570679e-01
0.45116 2.81239963e-01
0.45272 2.84791472e-01
0.45429 2.84416020e-01
0.45586 2.82509525e-01
0.45744 2.82934394e-01
0.45902 2.83683518e-01
0.46061 2.86334832e-01
0.46220 2.86131079e-01
0.46380 2.84039084e-01
0.46541 2.85009323e-01
0.46702 2.86364512e-01
0.46864 2.87294090e-01
0.47026 2.86016069e-01
0.47189 2.86073500e-01
0.47352 2.88817416e-01
0.47516 2.87387878e-01
0.47680 2.88797975e-01
0.47845 2.88351885e-01
0.48011 2.88532488e-01
0.48177 2.89006329e-01
0.48344 2.90338812e-01
0.48511 2.91789274e-01
0.48679 2.89271371e-01
0.48848 2.91562816e-01
0.49017 2.89883076e-01
0.49186 2.92971725e-01
0.49357 2.95558782e-01
0.49528 2.92211472e-01
0.49699 2.90759230e-01
0.49871 2.92019294e-01
0.50044 2.95190602e-01
0.50217 2.97185988e-01
0.50391 2.92896190e-01
0.50565 2.89747438e-01
0.50740 2.97645880e-01
0.50916 2.99344466e-01
0.51092 2.94985662e-01
0.51269 2.92219189e-01
0.51446 2.96657388e-01
0.51625 2.96531841e-01
0.51803 2.95975786e-01
0.51983 2.95958127e-01
0.52163 2.96966060e-01
0.52343 2.93330408e-01
0.52524 2.93488602e-01
0.52706 2.93368250e-01
0.52889 2.98027565e-01
0.53072 2.96248842e-01
0.53255 2.94022991e-01
0.53440 2.90937755e-01
0.53625 2.96292769e-01
0.53810 2.97508165e-01
0.53997 2.95865674e-01
0.54183 2.92339096e-01
0.54371 2.98600537e-01
0.54559 2.94006518e-01
0.54748 2.93527038e-01
0.54938 2.98821653e-01
0.55128 3.00214981e-01
0.55319 2.93264518e-01
0.55510 2.97501932e-01
0.55702 2.96732923e-01
0.55895 2.94544617e-01
0.56089 3.01294442e-01
0.56283 2.98297356e-01
0.56478 2.98089744e-01
0.56673 2.99147391e-01
0.56869 2.94402301e-01
0.57066 2.97381580e-01
0.57264 3.03507828e-01
0.57462 3.02158724e-01
0.57661 2.96069724e-01
0.57860 2.95183924e-01
0.58061 2.96997817e-01
0.58262 3.02144478e-01
0.58463 3.01604747e-01
0.58666 3.00263508e-01
0.58869 2.97413337e-01
0.59073 2.96317552e-01
0.59277 2.96521008e-01
0.59482 3.00302537e-01
0.59688 3.02386666e-01
0.59895 2.98466087e-01
0.60102 2.97351751e-01
0.60310 2.96948845e-01
0.60519 2.97065488e-01
0.60728 3.00668046e-01
0.60939 3.00125792e-01
0.61150 2.98149253e-01
0.61361 2.97988684e-01
0.61574 2.98568928e-01
0.61787 2.97546897e-01
0.62001 2.97845775e-01
0.62215 2.99592294e-01
0.62431 2.96554398e-01
0.62647 2.98100578e-01
0.62864 2.99774678e-01
0.63081 2.94830584e-01
0.63300 2.95175762e-01
0.63519 2.99318051e-01
0.63739 2.97084334e-01
0.63959 2.95930970e-01
0.64181 2.97091012e-01
0.64403 2.98275838e-01
0.64626 2.94320236e-01
0.64849 2.93716693e-01
0.65074 2.93230832e-01
0.65299 2.98645354e-01
0.65525 3.01001204e-01
0.65752 2.92944568e-01
0.65980 2.91055733e-01
0.66208 2.94289814e-01
0.66437 2.96343076e-01
0.66667 2.96840662e-01
0.66898 2.96913971e-01
0.67130 2.93291972e-01
0.67362 2.93092968e-01
0.67595 2.92702824e-01
0.67829 2.95704660e-01
0.68064 2.96993959e-01
0.68299 2.92207020e-01
0.68536 2.92363285e-01
0.68773 2.96823744e-01
0.69011 2.97355610e-01
0.69250 2.89945701e-01
0.69490 2.89019833e-01
0.69730 2.94757126e-01
0.69972 2.99495538e-01
0.70214 2.97217746e-01
0.70457 2.90732518e-01
0.70701 2.89343939e-01
0.70946 2.90956305e-01
0.71191 2.93239290e-01
0.71438 2.98515059e-01
0.71685 2.96897202e-01
0.71933 2.90812357e-01
0.72182 2.85013478e-01
0.72432 2.92719148e-01
0.72683 2.96932521e-01
0.72934 2.92747493e-01
0.73187 2.92614675e-01
0.73440 2.93539800e-01
0.73694 2.89494713e-01
0.73949 2.89724585e-01
0.74205 2.94697172e-01
0.74462 2.91709286e-01
0.74720 2.90268916e-01
0.74979 2.91558512e-01
0.75238 2.96804304e-01
0.75499 2.91197752e-01
0.75760 2.87144502e-01
0.76022 2.89425114e-01
0.76285 2.91218973e-01
0.76549 2.93833039e-01
0.76814 2.92658008e-01
0.77080 2.90230332e-01
0.77347 2.87719998e-01
0.77615 2.90690817e-01
0.77884 2.94733233e-01
0.78153 2.91780518e-01
0.78424 2.88917289e-01
0.78695 2.85268875e-01
0.78968 2.89199546e-01
0.79241 2.91426139e-01
0.79515 2.88664118e-01
0.79790 2.89229819e-01
0.80067 2.89013007e-01
0.80344 2.89057972e-01
0.80622 2.88805395e-01
0.80901 2.83849132e-01
0.81181 2.85193933e-01
0.81462 2.86707464e-01
0.81744 2.90584860e-01
0.82027 2.90177947e-01
0.82311 2.84011482e-01
0.82596 2.82451649e-01
0.82882 2.86017256e-01
0.83169 2.86849632e-01
0.83457 2.84441248e-01
0.83745 2.83866050e-01
0.84035 2.84129460e-01
0.84326 2.84841483e-01
0.84618 2.85767499e-01
0.84911 2.85550538e-01
0.85205 2.83872431e-01
0.85500 2.80414266e-01
0.85796 2.79336733e-01
0.86093 2.81402313e-01
0.86391 2.84791324e-01
0.86690 2.82785104e-01
0.86990 2.84630903e-01
0.87291 2.84792659e-01
0.87593 2.79607712e-01
0.87897 2.76510900e-01
0.88201 2.80426880e-01
0.88506 2.79498638e-01
0.88813 2.84817887e-01
0.89120 2.84064015e-01
0.89428 2.77668717e-01
0.89738 2.75177378e-01
0.90049 2.79610086e-01
0.90360 2.79441207e-01
0.90673 2.80208880e-01
0.90987 2.78369907e-01
0.91302 2.76275241e-01
0.91618 2.77956762e-01
0.91935 2.78501835e-01
0.92253 2.80081404e-01
0.92573 2.77615145e-01
0.92893 2.75715180e-01
0.93215 2.76800577e-01
0.93537 2.75699449e-01
0.93861 2.74796287e-01
0.94186 2.78128906e-01
0.94512 2.82375965e-01
0.94839 2.74642841e-01
0.95168 2.69609707e-01
0.95497 2.73157209e-01
0.95828 2.76038395e-01
0.96159 2.76957584e-01
0.96492 2.79830905e-01
0.96826 2.77924114e-01
0.97161 2.69835720e-01
0.97498 2.70021072e-01
0.97835 2.75041147e-01
0.98174 2.76569073e-01
0.98514 2.75227389e-01
0.98855 2.73515298e-01
0.99197 2.74986387e-01
0.99540 2.75010725e-01
0.99885 2.71590995e-01
1.00231 2.74711699e-01
1.00578 2.72360301e-01
1.00926 2.72506326e-01
1.01275 2.73209891e-01
1.01626 2.75480114e-01
1.01978 2.70329595e-01
1.02330 2.71127690e-01
1.02685 2.73761494e-01
1.03040 2.77264476e-01
1.03397 2.72525767e-01
1.03755 2.72063501e-01
1.04114 2.71880672e-01
1.04474 2.70527561e-01
1.04836 2.68346526e-01
1.05199 2.73980977e-01
1.05563 2.76541026e-01
1.05928 2.69916895e-01
1.06295 2.63438938e-01
1.06663 2.65905940e-01
1.07032 2.76157857e-01
1.07403 2.74932815e-01
1.07775 2.69928322e-01
1.08148 2.66977981e-01
1.08522 2.65599494e-01
1.08898 2.66263880e-01
1.09275 2.71209904e-01
1.09653 2.70864429e-01
1.10032 2.68926325e-01
1.10413 2.68831497e-01
1.10796 2.64773944e-01
1.11179 2.63479154e-01
1.11564 2.68502940e-01
1.11950 2.70588553e-01
1.12338 2.65753088e-01
1.12726 2.61997677e-01
1.13117 2.63763192e-01
1.13508 2.67102637e-01
1.13901 2.70377677e-01
1.14295 2.67432085e-01
1.14691 2.66309291e-01
1.15088 2.63201498e-01
1.15487 2.57300075e-01
1.15886 2.56630791e-01
1.16287 2.64410810e-01
1.16690 2.72143043e-01
1.17094 2.69750984e-01
1.17499 2.61519384e-01
1.17906 2.55226927e-01
1.18314 2.55740391e-01
1.18724 2.61694941e-01
1.19135 2.67998380e-01
1.19547 2.63014217e-01
1.19961 2.60130954e-01
1.20376 2.60459214e-01
1.20793 2.60768183e-01
1.21211 2.63706652e-01
1.21630 2.55607276e-01
1.22052 2.51224728e-01
1.22474 2.54258617e-01
1.22898 2.61397251e-01
1.23323 2.66665154e-01
1.23750 2.61025212e-01
1.24179 2.57713963e-01
1.24609 2.53777801e-01
1.25040 2.52138278e-01
1.25473 2.55408717e-01
1.25907 2.59896630e-01
1.26343 2.58521407e-01
1.26780 2.54086473e-01
1.27219 2.52561960e-01
1.27659 2.52855940e-01
1.28101 2.52482269e-01
1.28545 2.50063794e-01
1.28990 2.52472772e-01
1.29436 2.62466028e-01
1.29884 2.59510048e-01
1.30334 2.51871900e-01
1.30785 2.48685010e-01
1.31238 2.43944372e-01
1.31692 2.45157245e-01
1.32148 2.51537703e-01
1.32605 2.55339860e-01
1.33064 2.60279057e-01
1.33525 2.55858814e-01
1.33987 2.44763688e-01
1.34451 2.39808019e-01
1.34916 2.42233617e-01
1.35383 2.48119161e-01
1.35852 2.49145050e-01
1.36322 2.50968441e-01
1.36794 2.52499484e-01
1.37268 2.48890099e-01
1.37743 2.45670561e-01
1.38220 2.46799440e-01
1.38698 2.46961047e-01
1.39178 2.43962328e-01
1.39660 2.38539496e-01
1.40144 2.37304214e-01
1.40629 2.42594377e-01
1.41115 2.50610797e-01
1.41604 2.53345215e-01
1.42094 2.50579633e-01
1.42586 2.42879157e-01
1.43080 2.36929652e-01
1.43575 2.32537161e-01
1.44072 2.33429787e-01
1.44571 2.39194978e-01
1.45071 2.50439395e-01
1.45573 2.53911806e-01
1.46077 2.47418861e-01
1.46583 2.41396492e-01
1.47090 2.34825489e-01
1.47599 2.34631085e-01
1.48110 2.35935076e-01
1.48623 2.38977721e-01
1.49137 2.38171909e-01
1.49654 2.37433174e-01
1.50172 2.40454004e-01
1.50692 2.37872141e-01
1.51213 2.36592933e-01
1.51737 2.39401700e-01
1.52262 2.40093540e-01
1.52789 2.40847116e-01
1.53318 2.38658364e-01
1.53849 2.35448027e-01
1.54381 2.35920384e-01
1.54916 2.34470071e-01
1.55452 2.35756996e-01
1.55990 2.33732374e-01
1.56530 2.36482226e-01
1.57072 2.37507819e-01
1.57615 2.26369063e-01
1.58161 2.20925454e-01
1.58709 2.24153006e-01
1.59258 2.27208562e-01
1.59809 2.20556532e-01
1.60362 2.19208763e-01
1.60918 2.24696447e-01
1.61475 2.27540681e-01
1.62034 2.21693573e-01
1.62594 2.16558488e-01
1.63157 2.17495485e-01
1.63722 2.17404813e-01
1.64289 2.15297384e-01
1.64857 2.09949939e-01
1.65428 2.16552700e-01
1.66001 2.11129719e-01
1.66575 2.04943665e-01
1.67152 2.06292918e-01
1.67731 2.04118858e-01
1.68311 2.10011228e-01
1.68894 2.08885614e-01
1.69478 2.04627424e-01
1.70065 2.08833526e-01
1.70654 2.04984326e-01
1.71245 2.00071990e-01
1.71837 2.02746158e-01
1.72432 1.97847622e-01
1.73029 1.93947076e-01
1.73628 1.98008784e-01
1.74229 1.98977391e-01
1.74832 1.96526714e-01
1.75437 2.00977972e-01
1.76045 2.05398956e-01
1.76654 1.96617386e-01
1.77266 1.85348335e-01
1.77879 1.75669390e-01
1.78495 1.78567197e-01
1.79113 1.89119624e-01
1.79733 2.04542391e-01
1.80355 2.08955362e-01
1.80979 1.91856120e-01
1.81606 1.81525106e-01
1.82234 1.80455736e-01
1.82865 1.76251564e-01
1.83498 1.76758943e-01
1.84133 1.83040418e-01
1.84771 1.90487130e-01
1.85410 1.81158410e-01
1.86052 1.76699286e-01
1.86696 1.85669918e-01
1.87342 1.90856795e-01
1.87991 1.87001511e-01
1.88642 1.80595380e-01
1.89295 1.83485915e-01
1.89950 1.77975972e-01
1.90607 1.64129806e-01
1.91267 1.55964838e-01
1.91929 1.63011909e-01
1.92594 1.74759253e-01
1.93260 1.77102044e-01
1.93929 1.76263139e-01
1.94601 1.75233094e-01
1.95274 1.89690964e-01
1.95950 1.80561545e-01
1.96629 1.72920726e-01
1.97309 1.68345405e-01
1.97992 1.64928495e-01
1.98678 1.58967861e-01
1.99365 1.56955260e-01
2.00055 1.65354700e-01
2.00748 1.68241822e-01
2.01443 1.63207797e-01
2.02140 1.55179802e-01
2.02840 1.49420844e-01
2.03542 1.58411509e-01
2.04247 1.75886796e-01
2.04954 1.81530894e-01
2.05663 1.79875195e-01
2.06375 1.64763474e-01
2.07090 1.50912709e-01
2.07806 1.45339220e-01
2.08526 1.50589494e-01
2.09247 1.53751156e-01
2.09972 1.52029716e-01
2.10699 1.47032924e-01
2.11428 1.49950335e-01
2.12160 1.47759654e-01
2.12894 1.55048914e-01
2.13631 1.60548321e-01
2.14371 1.67224243e-01
2.15113 1.60918430e-01
2.15857 1.48430867e-01
2.16605 1.45372877e-01
2.17354 1.48618148e-01
2.18107 1.42894983e-01
2.18862 1.46329137e-01
2.19619 1.46280284e-01
2.20380 1.44577869e-01
2.21143 1.44382931e-01
2.21908 1.33213664e-01
2.22676 1.28114655e-01
2.23447 1.31938463e-01
2.24220 1.43773022e-01
2.24997 1.52894739e-01
2.25775 1.64158448e-01
2.26557 1.66752776e-01
2.27341 1.37421131e-01
2.28128 1.24607414e-01
2.28918 1.24889151e-01
2.29710 1.33867411e-01
2.30505 1.31747368e-01
2.31303 1.22180495e-01
2.32104 1.16738830e-01
2.32908 1.20110790e-01
2.33714 1.32110770e-01
2.34523 1.38997747e-01
2.35335 1.42876745e-01
2.36149 1.41856807e-01
2.36967 1.37540756e-01
2.37787 1.28543917e-01
2.38610 1.25235487e-01
2.39436 1.23969027e-01
2.40265 1.19451137e-01
2.41097 1.18725105e-01
2.41931 1.24178434e-01
2.42769 1.25517358e-01
2.43609 1.30510246e-01
2.44452 1.25465314e-01
2.45298 1.13316786e-01
2.46148 1.06427494e-01
2.47000 1.05477660e-01
2.47855 1.08434010e-01
2.48713 1.14406620e-01
2.49574 1.22888140e-01
2.50438 1.30282200e-01
2.51304 1.29558513e-01
2.52174 1.16935178e-01
2.53047 1.09330910e-01
2.53923 1.07414191e-01
2.54802 1.05329126e-01
2.55684 1.04929811e-01
2.56569 1.04637908e-01
2.57457 1.02250998e-01
2.58349 1.03524166e-01
2.59243 1.10218298e-01
2.60140 1.15897521e-01
2.61041 1.10604509e-01
2.61944 1.05383708e-01
2.62851 1.05343595e-01
2.63761 1.05566700e-01
2.64674 1.01447071e-01
2.65590 9.77297698e-02
2.66510 9.64944882e-02
2.67432 9.69222660e-02
2.68358 9.86482916e-02
2.69287 1.00804069e-01
2.70219 1.00444629e-01
2.71154 1.00332453e-01
2.72093 9.96736020e-02
2.73035 9.46074041e-02
2.73980 8.83711167e-02
2.74928 8.44896850e-02
2.75880 8.34744064e-02
2.76835 8.49482113e-02
2.77793 8.87105223e-02
2.78755 9.38955293e-02
2.79720 9.76121182e-02
2.80688 9.72838871e-02
2.81660 9.31195754e-02
2.82635 8.79255308e-02
2.83613 8.43636637e-02
2.84595 8.26479965e-02
2.85580 8.26219078e-02
2.86569 8.40192125e-02
2.87561 8.57162555e-02
2.88556 8.62079492e-02
2.89555 8.59848150e-02
2.90557 8.49312492e-02
2.91563 8.22264069e-02
2.92572 7.92667618e-02
2.93585 7.77091406e-02
2.94601 7.75513914e-02
2.95621 7.79016302e-02
2.96644 7.75750315e-02
2.97671 7.62573879e-02
2.98702 7.53292201e-02
2.99736 7.53667060e-02
3.00773 7.54420932e-02
3.01814 7.45943878e-02
3.02859 7.32104688e-02
3.03907 7.22825681e-02
3.04960 7.20812042e-02
3.06015 7.19171183e-02
3.07074 7.10755567e-02
3.08137 6.96338507e-02
3.09204 6.79563223e-02
3.10274 6.55082120e-02
3.11348 6.35632816e-02
3.12426 6.27254152e-02
3.13508 6.25050560e-02
3.14593 6.20521541e-02
3.15682 6.02673324e-02
3.16775 5.71247398e-02
3.17871 5.37964988e-02
3.18972 5.09457348e-02
3.20076 4.87407631e-02
3.21184 4.70703727e-02
3.22295 4.57350695e-02
3.23411 4.44750496e-02
3.24531 4.29892392e-02
3.25654 4.11097235e-02
3.26781 3.84125386e-02
3.27912 3.57082454e-02
3.29047 3.32680004e-02
3.30187 3.12176763e-02
3.31330 2.95495564e-02
3.32476 2.81341766e-02
3.33627 2.67787800e-02
3.34782 2.50913681e-02
3.35941 2.27977719e-02
3.37104 2.06722981e-02
3.38271 1.87975312e-02
3.39442 1.71711117e-02
3.40617 1.57328189e-02
3.41796 1.44132803e-02
3.42979 1.31744460e-02
3.44166 5.43999378e-03
3.45358 8.16634367e-04
3.46553 5.47487223e-04
3.47753 5.47502063e-04
3.48957 5.47667380e-04
3.50164 5.47869056e-04
3.51377 5.47963587e-04
3.52593 5.47937765e-04
3.53814 5.47901407e-04
3.55038 5.47936281e-04
3.56267 5.48012410e-04
3.57500 5.48015972e-04
3.58738 5.47809251e-04
3.59980 5.47286734e-04
3.61226 5.46438925e-04
3.62476 5.45393150e-04
3.63731 5.44340401e-04
3.64990 5.43224878e-04
3.66254 5.42475458e-04
3.67521 5.41951012e-04
3.68794 5.41381602e-04
3.70070 5.40547594e-04
3.71351 5.39417676e-04
3.72637 5.38130306e-04
3.73927 5.36854808e-04
3.75221 5.35894957e-04
3.76520 5.35238138e-04
3.77823 5.34699150e-04
3.79131 5.34260924e-04
3.80443 5.33881762e-04
3.81760 5.33502007e-04
3.83082 5.33068382e-04
3.84408 5.32562783e-04
3.85739 5.32014000e-04
3.87074 5.31482580e-04
3.88414 5.31023282e-04
3.89758 5.30651540e-04
3.91107 5.30335448e-04
3.92461 5.30013420e-04
3.93820 5.29629509e-04
3.95183 5.29162197e-04
3.96551 5.28633003e-04
3.97924 5.28088226e-04
3.99301 5.27568530e-04
4.00683 5.27085933e-04
4.02070 5.26619957e-04
4.03462 5.26128901e-04
4.04859 5.25570769e-04
4.06260 5.24919886e-04
4.07667 5.24171060e-04
4.09078 5.23333639e-04
4.10494 5.22419495e-04
4.11915 5.21435454e-04
4.13341 5.20338778e-04
4.14771 5.18674027e-04
4.16207 5.16908067e-04
4.17648 5.15060339e-04
4.19094 5.13160522e-04
4.20545 5.11238000e-04
4.22000 5.09312065e-04
4.23461 5.07389394e-04
4.24927 5.05466576e-04
4.26398 5.03536782e-04
4.27874 5.01814897e-04
4.29355 5.00489685e-04
4.30841 4.99163879e-04
4.32332 4.97841932e-04
4.33829 4.96528889e-04
4.35331 4.95228311e-04
4.36838 4.93940496e-04
4.38350 4.92663069e-04
4.39867 4.91392468e-04
4.41390 4.90126913e-04
4.42918 4.88866403e-04
4.44451 4.87612572e-04
4.45990 4.86367199e-04
4.47533 4.85131472e-04
4.49083 4.83905688e-04
4.50637 4.82689550e-04
4.52197 4.81483652e-04
4.53762 4.80289328e-04
4.55333 4.79107916e-04
4.56909 4.77940750e-04
4.58491 4.76787534e-04
4.60078 4.75128273e-04
4.61670 4.73391548e-04
4.63269 4.71660759e-04
4.64872 4.69933531e-04
4.66481 4.68206600e-04
4.68096 4.66475514e-04
4.69717 4.64732853e-04
4.71343 4.62969713e-04
4.72974 4.61175705e-04
4.74611 4.59340739e-04
4.76254 4.57480842e-04
4.77903 4.56206828e-04
4.79557 4.54889184e-04
4.81217 4.53525537e-04
4.82883 4.52114401e-04
4.84555 4.50655778e-04
4.86232 4.49151150e-04
4.87915 4.47602448e-04
4.89604 4.46012638e-04
4.91299 4.44385581e-04
4.92999 4.42724836e-04
4.94706 4.41034709e-04
4.96418 4.38204424e-04
4.98137 4.35053002e-04
4.99861 4.31864924e-04
5.01591 4.28646425e-04
5.03328 4.25402846e-04
5.05070 4.22138640e-04
5.06818 4.18858555e-04
5.08573 4.15566598e-04
5.10333 4.15114126e-04
5.12100 9.21371377e-04
5.13873 3.50783616e-03
5.15651 1.16395537e-02
5.17436 1.22241369e-02
5.19228 1.28382146e-02
5.21025 1.34836670e-02
5.22828 1.41625273e-02
5.24638 1.48769961e-02
5.26454 1.56294286e-02
5.28277 1.64224040e-02
5.30105 1.72586232e-02
5.31940 1.81410393e-02
5.33782 1.90727390e-02
5.35629 2.00570317e-02
5.37484 2.10974196e-02
5.39344 2.16890607e-02
5.41211 2.22577592e-02
5.43084 2.28476343e-02
5.44965 2.34595024e-02
5.46851 2.40940311e-02
5.48744 2.47517992e-02
5.50643 2.54332669e-02
5.52550 2.61387160e-02
5.54462 2.68682800e-02
5.56381 2.76219740e-02
5.58308 2.83996196e-02
5.60240 2.92009203e-02
5.62179 2.99663972e-02
5.64125 3.05049704e-02
5.66078 3.10517354e-02
5.68038 3.16056829e-02
5.70004 3.21658632e-02
5.71977 3.27313266e-02
5.73957 3.33012123e-02
5.75944 3.38747486e-02
5.77938 3.44512381e-02
5.79938 3.50301316e-02
5.81946 3.56109841e-02
5.83960 3.61934392e-02
5.85982 3.67773190e-02
5.88010 3.73625048e-02
5.90045 3.77457329e-02
5.92088 3.80986726e-02
5.94137 3.84467448e-02
5.96194 3.87905134e-02
5.98258 3.91306908e-02
6.00329 3.94680040e-02
6.02407 3.98032841e-02
6.04492 4.01374215e-02
6.06585 4.04713215e-02
6.08684 4.08059190e-02
6.10791 4.11421786e-02
6.12906 4.14810203e-02
6.15027 4.18234236e-02
6.17156 4.21702789e-02
6.19293 4.24073628e-02
6.21436 4.26405585e-02
6.23588 4.28777017e-02
6.25746 4.31193711e-02
6.27912 4.33660861e-02
6.30086 4.36183513e-02
6.32267 4.38766563e-02
6.34455 4.41413722e-02
6.36652 4.44128849e-02
6.38856 4.46915207e-02
6.41067 4.49775320e-02
6.43286 4.52711414e-02
6.45513 4.55724825e-02
6.47747 4.58816590e-02
6.49990 4.61547150e-02
6.52240 4.63237426e-02
6.54497 4.64986172e-02
6.56763 4.66791755e-02
6.59037 4.68652394e-02
6.61318 4.70565567e-02
6.63607 4.72528602e-02
6.65904 4.74538235e-02
6.68209 4.76591052e-02
6.70522 4.78683047e-02
6.72843 4.80810509e-02
6.75172 4.82969136e-02
6.77510 4.85154474e-02
6.79855 4.87362221e-02
6.82208 4.89587627e-02
6.84570 4.91826538e-02
6.86939 4.94074353e-02
6.89317 4.96326768e-02
6.91704 4.98299449e-02
6.94098 5.00219152e-02
6.96500 5.02128169e-02
6.98911 5.04023237e-02
7.01331 5.05901091e-02
7.03759 5.07758910e-02
7.06195 5.09594470e-02
7.08639 5.11405840e-02
7.11092 5.13191092e-02
7.13554 5.14949484e-02
7.16024 5.16679828e-02
7.18502 5.18381828e-02
7.20990 5.20055334e-02
7.23485 5.21700645e-02
7.25990 5.23318502e-02
7.28503 5.24909647e-02
7.31025 5.26153387e-02
7.33555 5.26952373e-02
7.36094 5.27725982e-02
7.38642 5.28475996e-02
7.41199 5.29204194e-02
7.43765 5.29912804e-02
7.46340 5.30604200e-02
7.48923 5.31280607e-02
7.51516 5.31944400e-02
7.54117 5.32597806e-02
7.56727 5.33243494e-02
7.59347 5.33883692e-02
7.61975 5.34520773e-02
7.64613 5.35157260e-02
7.67260 5.35795232e-02
7.69916 5.36437062e-02
7.72581 5.37084976e-02
7.75255 5.37728439e-02
7.77939 5.37854876e-02
7.80632 5.37991849e-02
7.83334 5.38141139e-02
7.86046 5.38304082e-02
7.88767 5.38482311e-02
7.91497 5.38677012e-02
7.94237 5.38889520e-02
7.96986 5.39120876e-02
7.99745 5.39371969e-02
8.02513 5.39643541e-02
8.05291 5.39936334e-02
8.08079 5.40250942e-02
8.10876 5.40587810e-02
8.13683 5.40947086e-02
8.16500 5.41329068e-02
8.19326 5.41733755e-02
8.22162 5.42160998e-02
8.25008 5.42610947e-02
8.27864 5.76574068e-02
8.30730 6.51059441e-02
8.33605 7.35097768e-02
8.36491 8.29856658e-02
8.39386 9.36629420e-02
8.42292 1.05684648e-01
8.45208 1.19208429e-01
8.48133 1.34407661e-01
8.51069 1.51472325e-01
8.54016 1.70609692e-01
8.56972 1.92045330e-01
8.59938 2.16022912e-01
8.62915 2.42804512e-01
8.65902 2.72669863e-01
8.68899 3.05915618e-01
8.71907 3.42852082e-01
8.74925 3.83801132e-01
8.77954 4.29090586e-01
8.80993 4.79048259e-01
8.84043 5.33992914e-01
8.87103 5.70776377e-01
8.90174 5.99371573e-01
8.93255 6.29157085e-01
8.96347 6.60157252e-01
8.99450 6.92394184e-01
9.02563 7.25886728e-01
9.05688 7.60650318e-01
9.08823 7.96696382e-01
9.11969 8.34031596e-01
9.15126 8.72657148e-01
9.18294 9.12568289e-01
9.21472 9.53753741e-01
9.24662 9.96194212e-01
9.27863 1.03986240e+00
9.31075 1.08472164e+00
9.34298 1.13072504e+00
9.37532 1.17781533e+00
9.40777 1.22592320e+00
9.44034 1.27496702e+00
9.47302 1.32485213e+00
9.50581 1.37547048e+00
9.53871 1.41723781e+00
9.57173 1.44786668e+00
9.60487 1.47870153e+00
9.63811 1.50971772e+00
9.67148 1.54089359e+00
9.70495 1.57220006e+00
9.73855 1.60361337e+00
9.77226 1.63510533e+00
9.80609 1.66665072e+00
9.84003 1.69821985e+00
9.87409 1.72978453e+00
9.90827 1.75845986e+00
9.94257 1.77661215e+00
9.97699 1.79486090e+00
10.01153 1.81319869e+00
10.04618 1.83161364e+00
10.08096 1.85009686e+00
10.11585 1.86863648e+00
10.15087 1.88722358e+00
10.18601 1.90584629e+00
10.22127 1.92449275e+00
10.25665 1.94315108e+00
10.29215 1.96181090e+00
10.32778 1.97472764e+00
10.36353 1.98237320e+00
10.39941 1.99007665e+00
10.43540 1.99783500e+00
10.47153 2.00564678e+00
10.50777 2.01350901e+00
10.54415 2.02141724e+00
10.58065 2.02937000e+00
10.61727 2.02543740e+00
10.65403 2.02106999e+00
10.69091 2.01672929e+00
10.72791 2.01241975e+00
10.76505 2.00813990e+00
10.80231 2.00389566e+00
10.83971 1.99968406e+00
10.87723 1.99550957e+00
10.91488 1.99137366e+00
10.95266 1.98727486e+00
10.99058 1.98321463e+00
11.02862 1.97919448e+00
11.06680 1.97521439e+00
11.10511 1.97127437e+00
11.14355 1.96737590e+00
11.18212 1.96351750e+00
11.22083 1.95970065e+00
11.25967 1.94519900e+00
11.29865 1.90343776e+00
11.33776 1.86119273e+00
11.37701 1.81855593e+00
11.41639 1.77561936e+00
11.45591 1.73247799e+00
11.49556 1.68922236e+00
11.53536 1.64594298e+00
11.57529 1.60273039e+00
11.61536 1.55967064e+00
11.65556 1.51684686e+00
11.69591 1.47433515e+00
11.73640 1.43221077e+00
11.77702 1.39054109e+00
11.81779 1.34938814e+00
11.85870 1.30880831e+00
11.89975 1.26885131e+00
11.94094 1.22956093e+00
11.98227 1.19097470e+00
12.02375 1.15312469e+00
12.06537 1.11603701e+00
12.10714 1.07973243e+00
12.14905 1.04422699e+00
12.19110 1.00953211e+00
12.23330 9.75655206e-01
12.27565 9.42599848e-01
12.31814 9.10366478e-01
12.36078 8.78952869e-01
12.40357 8.59893412e-01
12.44651 8.47381066e-01
12.48959 8.34687078e-01
12.53283 8.21800171e-01
12.57621 8.08718117e-01
12.61974 7.95446557e-01
12.66343 7.81998400e-01
12.70726 7.68392792e-01
12.75125 7.54653623e-01
12.79539 7.40809090e-01
12.83968 7.26890060e-01
12.88413 7.12928885e-01
12.92873 6.98958954e-01
12.97348 6.85013064e-01
13.01839 6.71123418e-01
13.06345 6.57320586e-01
13.10867 6.43633208e-01
13.15405 6.30087405e-01
13.19959 6.16706919e-01
13.24528 6.03512972e-01
13.29113 5.90523816e-01
13.33713 5.77755184e-01
13.38330 5.65220281e-01
13.42963 5.52929941e-01
13.47612 5.40892624e-01
13.52277 5.29114561e-01
13.56958 5.17600650e-01
13.61655 5.06353266e-01
13.66368 4.95373892e-01
13.71098 4.84662528e-01
13.75844 4.75295668e-01
13.80607 4.80650386e-01
13.85386 4.86154690e-01
13.90182 4.91811253e-01
13.94994 4.97622597e-01
13.99823 5.03590948e-01
14.04668 5.09718681e-01
14.09531 5.16007873e-01
14.14410 5.22460305e-01
14.19306 5.29078054e-01
14.24219 5.35863051e-01
14.29149 5.42816630e-01
14.34096 5.49940868e-01
14.39060 5.57237251e-01
14.44042 5.64707410e-01
14.49041 5.72352978e-01
14.54057 5.80175291e-01
14.59090 5.88176128e-01
14.64141 5.96356827e-01
14.69209 6.04719018e-01
14.74295 6.13264187e-01
14.79398 6.21993520e-01
14.84519 6.30908799e-01
14.89658 6.40011358e-01
14.94814 6.49302534e-01
14.99989 6.58783810e-01
15.05181 6.68456670e-01
15.10392 6.78322450e-01
15.15620 6.88382635e-01
15.20866 6.98638410e-01
15.26131 7.09091261e-01
15.31414 7.19742374e-01
15.36715 7.30593086e-01
15.42034 7.41644730e-01
15.47372 7.52898348e-01
15.52729 7.65445122e-01
15.58103 7.78317190e-01
15.63497 7.91372828e-01
15.68909 8.04613670e-01
15.74340 8.18041347e-01
15.79790 8.31657196e-01
15.85258 8.45462848e-01
15.90746 8.59459639e-01
15.96252 8.73648905e-01
16.01778 8.88032130e-01
16.07323 9.02610797e-01
16.12886 9.17385946e-01
16.18470 9.32358913e-01
16.24072 9.47531180e-01
16.29694 9.62903788e-01
16.35335 9.78477774e-01
16.40996 9.94254475e-01
16.46677 1.01023493e+00
16.52377 1.02642018e+00
16.58097 1.04281110e+00
16.63836 1.05940875e+00
16.69596 1.07621416e+00
16.75375 1.09322793e+00
16.81175 1.11045108e+00
16.86994 1.12788422e+00
16.92834 1.14552809e+00
16.98694 1.16338358e+00
17.04574 1.18145098e+00
17.10474 1.19973104e+00
17.16395 1.21822421e+00
17.22337 1.23693077e+00
17.28299 1.25585147e+00
17.34281 1.27498632e+00
17.40285 1.29433575e+00
17.46309 1.31389991e+00
17.52354 1.33367896e+00
17.58420 1.35367319e+00
17.64507 1.37388245e+00
17.70615 1.38395629e+00
17.76744 1.38791100e+00
17.82894 1.39187358e+00
17.89066 1.39584387e+00
17.95259 1.39982173e+00
18.01473 1.40380731e+00
18.07709 1.40780031e+00
18.13967 1.41180073e+00
18.20246 1.41580842e+00
18.26547 1.41982338e+00
18.32870 1.42384547e+00
18.39214 1.42787453e+00
18.45581 1.43191056e+00
18.51969 1.43595327e+00
18.58380 1.44000281e+00
18.64813 1.44405888e+00
18.71268 1.44812133e+00
18.77746 1.45219031e+00
18.84246 1.45626552e+00
18.90768 1.46034682e+00
18.97313 1.46443420e+00
19.03881 1.46852737e+00
19.10472 1.47262648e+00
19.17085 1.47673122e+00
19.23721 1.48084145e+00
19.30380 1.48495718e+00
19.37062 1.48907825e+00
19.43768 1.49320377e+00
19.50496 1.49733522e+00
19.57248 1.50147113e+00
19.64023 1.50561149e+00
19.70822 1.50975779e+00
19.77644 1.51390705e+00
19.84490 1.51806077e+00
19.91359 1.52221894e+00
19.98252 1.52638156e+00
20.05169 1.53054714e+00
20.12110 1.53471718e+00
20.19076 1.53889168e+00
20.26065 1.54306765e+00
20.33078 1.54724808e+00
20.40116 1.55143148e+00
20.47178 1.55561784e+00
20.54264 1.55980569e+00
20.61375 1.56399799e+00
20.68511 1.56268613e+00
20.75671 1.56095579e+00
20.82856 1.55920615e+00
20.90066 1.55743574e+00
20.97301 1.55564307e+00
21.04561 1.55383110e+00
21.11846 1.55199688e+00
21.19157 1.55014188e+00
21.26492 1.54826610e+00
21.33853 1.54636955e+00
21.41240 1.54445074e+00
21.48652 1.54251115e+00
21.56090 1.54054930e+00
21.63553 1.53856668e+00
21.71043 1.53656328e+00
21.78558 1.53453762e+00
21.86099 1.53248970e+00
21.93666 1.53042100e+00
22.01260 1.52833005e+00
22.08880 1.52621832e+00
22.16526 1.52408432e+00
22.24199 1.52192956e+00
22.31898 1.51975253e+00
22.39624 1.51755472e+00
22.47377 1.51533466e+00
22.55156 1.51309382e+00
22.62962 1.51083072e+00
22.70796 1.50854536e+00
22.78656 1.50623922e+00
22.86544 1.50391231e+00
22.94459 1.50156314e+00
23.02402 1.49919171e+00
23.10372 1.49680098e+00
23.18369 1.49438800e+00
23.26394 1.49195424e+00
23.34447 1.48949822e+00
23.42528 1.48702291e+00
23.50637 1.48452534e+00
23.58774 1.48200684e+00
23.66939 1.47946786e+00
23.75133 1.47690826e+00
23.83354 1.47432803e+00
23.91604 1.47172717e+00
23.99883 1.46910598e+00
24.08191 1.46646446e+00
24.16527 1.46380261e+00
24.24892 1.46112088e+00
24.33286 1.45841910e+00
24.41709 1.45569745e+00
24.50161 1.45295606e+00
24.58642 1.45019522e+00
24.67153 1.44741480e+00
24.75693 1.44453450e+00
24.84263 1.44017110e+00
24.92863 1.43579731e+00
25.01492 1.43141342e+00
25.10151 1.42701974e+00
25.18840 1.42261657e+00
25.27559 1.41820404e+00
25.36309 1.41378246e+00
25.45088 1.40935213e+00
25.53898 1.40491348e+00
25.62739 1.40046653e+00
25.71610 1.39601171e+00
25.80512 1.39154932e+00
25.89444 1.38707951e+00
25.98408 1.38260273e+00
26.07403 1.37811912e+00
26.16428 1.37362884e+00
26.25485 1.36913246e+00
26.34574 1.36463001e+00
26.43694 1.36012176e+00
26.52845 1.35560818e+00
26.62028 1.35108940e+00
26.71243 1.34656572e+00
26.80489 1.34203744e+00
26.89768 1.33750471e+00
26.99079 1.33296798e+00
27.08422 1.32842723e+00
27.17798 1.32388308e+00
27.27205 1.31933551e+00
27.36646 1.31478482e+00
27.46119 1.31023147e+00
27.55625 1.30567544e+00
27.65164 1.30111718e+00
27.74736 1.29655685e+00
27.84341 1.29199474e+00
27.93979 1.28743114e+00
28.03650 1.28286621e+00
28.13355 1.27830024e+00
28.23094 1.27373338e+00
28.32867 1.26916607e+00
28.42673 1.26459832e+00
28.52513 1.26003056e+00
28.62387 1.25546296e+00
28.72295 1.25089565e+00
28.82238 1.24632909e+00
28.92215 1.24176342e+00
29.02227 1.23719863e+00
29.12273 1.23263533e+00
29.22354 1.22807337e+00
29.32470 1.22351333e+00
29.42621 1.21895523e+00
29.52807 1.21439920e+00
29.63029 1.20984569e+00
29.73286 1.20529471e+00
29.83578 1.20074655e+00
29.93906 1.19620150e+00
30.04269 1.19165957e+00
30.14669 1.18712120e+00
30.25104 1.18258639e+00
30.35576 1.17805530e+00
30.46084 1.17352835e+00
30.56628 1.16900571e+00
30.67209 1.16448738e+00
30.77826 1.15997365e+00
30.88481 1.15546466e+00
30.99172 1.15069805e+00
31.09900 1.14532508e+00
31.20665 1.13996621e+00
31.31467 1.13462158e+00
31.42307 1.12929135e+00
31.53184 1.12397581e+00
31.64099 1.11867482e+00
31.75052 1.11338881e+00
31.86043 1.10811779e+00
31.97072 1.10286176e+00
32.08139 1.09762116e+00
32.19244 1.09239585e+00
32.30388 1.08718597e+00
32.41570 1.08199182e+00
32.52791 1.07681340e+00
32.64051 1.07165101e+00
32.75349 1.06650435e+00
32.86687 1.06137401e+00
32.98064 1.05625971e+00
33.09481 1.05116172e+00
33.20937 1.04608021e+00
33.32433 1.04101502e+00
33.43968 1.03596660e+00
33.55544 1.03093480e+00
33.67159 1.02591977e+00
33.78815 1.02092151e+00
33.90511 1.01594017e+00
34.02247 1.01097589e+00
34.14024 1.00602883e+00
34.25842 1.00109868e+00
34.37701 9.96185901e-01
34.49601 9.91290334e-01
34.61542 9.86412129e-01
34.73525 9.81551435e-01
34.85549 9.76708104e-01
34.97614 9.71882285e-01
35.09721 9.67074125e-01
35.21871 9.62283476e-01
35.34062 9.57510635e-01
35.46295 9.52755454e-01
35.58571 9.48018081e-01
35.70889 9.43298516e-01
35.83250 9.38596907e-01
35.95654 9.33913106e-01
36.08101 9.29247113e-01
36.20590 9.24599225e-01
36.33123 9.19969294e-01
36.45700 9.15357318e-01
36.58320 9.10763448e-01
36.70983 9.06187682e-01
36.83691 9.01630022e-01
36.96442 8.97090317e-01
37.09238 8.92568866e-01
37.22077 8.88065520e-01
37.34962 8.83580426e-01
37.47890 8.79113438e-01
37.60864 8.74664554e-01
37.73883 8.70233924e-01
37.86946 8.65821547e-01
38.00055 8.61427274e-01
38.13209 8.57051255e-01
38.26409 8.52693489e-01
38.39654 8.48353976e-01
38.52946 8.44032568e-01
38.66283 8.39729414e-01
38.79667 8.35444512e-01
38.93096 8.31177715e-01
39.06573 8.26929172e-01
39.20096 8.22698733e-01
39.33665 8.18486547e-01
39.47282 8.14292466e-01
39.60946 8.10116639e-01
39.74657 8.05958916e-01
39.88416 8.01819150e-01
40.02222 7.97697636e-01
40.16076 7.93594228e-01
40.29978 7.89508924e-01
40.43928 7.85441577e-01
40.57926 7.81392186e-01
40.71973 7.77360900e-01
40.86069 7.73347571e-01
41.00213 7.69352198e-01
41.14406 7.65374781e-01
41.28648 7.61415172e-01
41.42940 7.56830354e-01
41.57281 7.52056771e-01
41.71672 7.47311533e-01
41.86113 7.42594194e-01
42.00603 7.37904902e-01
42.15144 7.33243361e-01
42.29735 7.28609571e-01
42.44377 7.24003235e-01
42.59069 7.19424502e-01
42.73812 7.14873074e-01
42.88606 7.10348951e-01
43.03451 7.05851838e-01
43.18348 7.01381881e-01
43.33297 6.96938637e-01
43.48297 6.92522253e-01
43.63349 6.88132432e-01
43.78453 6.83769324e-01
43.93609 6.79432482e-01
44.08818 6.75121908e-01
44.24079 6.70837451e-01
44.39394 6.66579113e-01
44.54761 6.62346597e-01
44.70182 6.58139902e-01
44.85655 6.53958880e-01
45.01183 6.49803532e-01
45.16764 6.45673412e-01
45.32399 6.41568668e-01
45.48089 6.37489152e-01
45.63832 6.33434567e-01
45.79630 6.29405062e-01
45.95483 6.25400191e-01
46.11391 6.21420103e-01
46.27353 6.17464501e-01
46.43371 6.13533385e-01
46.59445 6.09626606e-01
46.75574 6.05743869e-01
46.91759 6.01885320e-01
47.08000 5.98050664e-01
47.24297 5.94239752e-01
47.40650 5.90452584e-01
47.57060 5.86689012e-01
47.73527 5.82948738e-01
47.90051 5.79231912e-01
48.06633 5.75538088e-01
48.23271 5.71867414e-01
48.39967 5.68219742e-01
48.56721 5.64594775e-01
48.73533 5.60992662e-01
48.90403 5.57412957e-01
49.07332 5.53855809e-01
49.24319 5.50320772e-01
49.41365 5.46808144e-01
49.58470 5.43317480e-01
49.75634 5.39848778e-01
49.92858 5.36402040e-01
50.10141 5.32976819e-01
50.27484 5.29573265e-01
50.44887 5.26191229e-01
50.62350 5.22830414e-01
50.79874 5.19490821e-01
50.97458 5.16172448e-01
51.15104 5.12875000e-01
51.32810 5.09598477e-01
51.50578 5.06342581e-01
51.68407 5.03107312e-01
51.86298 4.99892672e-01
52.04250 4.96698362e-01
52.22265 4.93524234e-01
52.40343 4.90370289e-01
52.58482 4.87236526e-01
52.76685 4.84122500e-01
52.94951 4.81028360e-01
53.13280 4.77953958e-01
53.31672 4.74898995e-01
53.50128 4.71863622e-01
53.68648 4.68847392e-01
53.87232 4.65850602e-01
54.05880 4.62872808e-01
54.24593 4.59914008e-01
54.43371 4.56974204e-01
54.62214 4.54053099e-01
54.81122 4.51150543e-01
55.00095 4.48266686e-01
55.19134 4.45401230e-01
55.38239 4.42554028e-01
55.57410 4.39725079e-01
55.76647 4.36914234e-01
55.95951 4.34121495e-01
56.15322 4.31346563e-01
56.34760 4.28589291e-01
56.54265 4.25849827e-01
56.73838 4.23127874e-01
56.93479 4.20423433e-01
57.13187 4.17736354e-01
57.32964 4.15066490e-01
57.52809 4.12413691e-01
57.72723 4.09777959e-01
57.92705 4.07159144e-01
58.12757 4.04557247e-01
58.32879 4.01971970e-01
58.53070 3.99403315e-01
58.73331 3.96851280e-01
58.93662 3.94315569e-01
59.14063 3.91796034e-01
59.34535 3.89292971e-01
59.55078 3.86805787e-01
59.75692 3.84334779e-01
59.96377 3.81879501e-01
60.17134 3.79440250e-01
60.37963 3.77016581e-01
60.58864 3.74608494e-01
60.79837 3.72215990e-01
61.00883 3.69838770e-01
61.22002 3.67476984e-01
61.43194 3.65130483e-01
61.64459 3.62798971e-01
61.85797 3.60482595e-01
62.07210 3.58181060e-01
62.28697 3.55894364e-01
62.50258 3.53622508e-01
62.71894 3.51365344e-01
62.93605 3.49122575e-01
63.15390 3.46894349e-01
63.37252 3.44680518e-01
63.59189 3.42481082e-01
63.81201 3.40295743e-01
64.03290 3.38124503e-01
64.25456 3.35967212e-01
64.47698 3.33823871e-01
64.70017 3.31694479e-01
64.92414 3.29578740e-01
65.14888 3.27476654e-01
65.37440 3.25388221e-01
65.60070 3.23313292e-01
65.82778 3.21251720e-01
66.05565 3.19203354e-01
66.28430 3.17168345e-01
66.51375 3.15146395e-01
66.74400 3.13137653e-01
66.97504 3.11141821e-01
67.20688 3.09158900e-01
67.43952 3.07188742e-01
67.67297 3.05231346e-01
67.90722 3.03286564e-01
68.14229 3.01354248e-01
68.37817 2.99434545e-01
68.61486 2.97527308e-01
68.85238 2.95632240e-01
69.09072 2.93749490e-01
69.32988 2.91878908e-01
69.56987 2.90020494e-01
69.81069 2.88173953e-01
70.05235 2.86339432e-01
70.29484 2.84516784e-01
70.53817 2.82705858e-01
70.78235 2.80906657e-01
71.02737 2.79119030e-01
71.27323 2.77342979e-01
71.51995 2.75578355e-01
71.76752 2.73825306e-01
72.01595 2.72083386e-01
72.26524 2.70352894e-01
72.51539 2.68633383e-01
72.76641 2.66925151e-01
73.01830 2.65227900e-01
73.27106 2.63541631e-01
73.52469 2.61866195e-01
73.77920 2.60201592e-01
74.03460 2.58547822e-01
74.29087 2.56904589e-01
74.54804 2.55272041e-01
74.80609 2.53650029e-01
75.06504 2.52038553e-01
75.32488 2.50437466e-01
75.58563 2.48846618e-01
75.84727 2.47266158e-01
76.10982 2.45695789e-01
76.37328 2.44135660e-01
76.63766 2.42585473e-01
76.90295 2.41045378e-01
77.16915 2.39515226e-01
77.43628 2.37995016e-01
77.70433 2.36484601e-01
77.97331 2.34983832e-01
78.24322 2.33492708e-01
78.51407 2.32011380e-01
78.78585 2.30539400e-01
79.05857 2.29077066e-01
79.33224 2.27624082e-01
79.60686 2.26180595e-01
79.88242 2.24746309e-01
80.15894 2.23321224e-01
80.43642 2.21905488e-01
80.71486 2.20498804e-01
80.99426 2.19101173e-01
81.27463 2.17712446e-01
81.55596 2.16332771e-01
81.83828 2.14962000e-01
82.12157 2.13600134e-01
82.40584 2.12246874e-01
82.69109 2.10902370e-01
82.97733 2.09566622e-01
83.26457 2.08239480e-01
83.55279 2.06920798e-01
83.84202 2.05610574e-01
84.13225 2.04308810e-01
84.42348 2.03015504e-01
84.71572 2.01730508e-01
85.00897 2.00453674e-01
85.30323 1.99185151e-01
85.59852 1.97924790e-01
85.89482 1.96672591e-01
86.19215 1.95428405e-01
86.49052 1.94192085e-01
86.78991 1.92963926e-01
87.09034 1.91743485e-01
87.39181 1.90531057e-01
87.69432 1.89326346e-01
87.99789 1.88129351e-01
88.30250 1.86940074e-01
88.60816 1.85758364e-01
88.91489 1.84584372e-01
89.22267 1.83417800e-01
89.53153 1.82258796e-01
89.84145 1.81107212e-01
90.15244 1.79963048e-01
90.46451 1.78826304e-01
90.77766 1.77696831e-01
91.09190 1.76574482e-01
91.40722 1.75459404e-01
91.72363 1.74351450e-01
92.04114 1.73250767e-01
92.35975 1.72156911e-01
92.67946 1.71070178e-01
93.00028 1.69990419e-01
93.32221 1.68917636e-01
93.64525 1.67851678e-01
93.96941 1.66792548e-01
94.29469 1.65740243e-01
94.62110 1.64694765e-01
94.94864 1.63655817e-01
95.27731 1.62623546e-01
95.60712 1.61597954e-01
95.93807 1.60578891e-01
96.27017 1.59566506e-01
96.60342 1.58560354e-01
96.93782 1.57560880e-01
97.27338 1.56567639e-01
97.61010 1.55580779e-01
97.94798 1.54600300e-01
98.28704 1.53626054e-01
98.62727 1.52658041e-01
98.96867 1.51696261e-01
99.31126 1.50740565e-01
99.65504 1.49791102e-01
100.00000 1.48847574e-01
