        2000  0.100000 3.710000
0.10000 2.81216912e-01
0.10035 2.80627764e-01
0.10069 2.83242819e-01
0.10104 2.88266258e-01
0.10139 2.94836619e-01
0.10174 3.01787675e-01
0.10210 3.07561226e-01
0.10245 3.10443105e-01
0.10280 3.09185810e-01
0.10316 3.03680022e-01
0.10352 2.95077571e-01
0.10387 2.85204172e-01
0.10423 2.75778695e-01
0.10459 2.67984974e-01
0.10496 2.62463060e-01
0.10532 2.59504260e-01
0.10568 2.59261527e-01
0.10605 2.61910121e-01
0.10642 2.67758071e-01
0.10679 2.77319977e-01
0.10716 2.91331856e-01
0.10753 3.10594720e-01
0.10790 3.35327954e-01
0.10827 3.63492840e-01
0.10865 3.88268220e-01
0.10902 3.98479525e-01
0.10940 3.87333893e-01
0.10978 3.60676653e-01
0.11016 3.30447870e-01
0.11054 3.04421923e-01
0.11092 2.84779551e-01
0.11131 2.70963560e-01
0.11169 2.61747920e-01
0.11208 2.56012606e-01
0.11247 2.52898135e-01
0.11286 2.51762628e-01
0.11325 2.52101772e-01
0.11364 2.53478033e-01
0.11403 2.55471639e-01
0.11443 2.57656680e-01
0.11482 2.59607695e-01
0.11522 2.60937359e-01
0.11562 2.61357628e-01
0.11602 2.60741916e-01
0.11642 2.59161061e-01
0.11682 2.56871941e-01
0.11723 2.54262278e-01
0.11763 2.51775440e-01
0.11804 2.49844904e-01
0.11845 2.48856907e-01
0.11886 2.49143220e-01
0.11927 2.50995647e-01
0.11968 2.54688829e-01
0.12010 2.60499728e-01
0.12051 2.68707732e-01
0.12093 2.79552853e-01
0.12135 2.93112161e-01
0.12177 3.09040725e-01
0.12219 3.26152580e-01
0.12262 3.41991955e-01
0.12304 3.52918202e-01
0.12347 3.55384561e-01
0.12389 3.48081797e-01
0.12432 3.32981008e-01
0.12475 3.14004507e-01
0.12518 2.94796600e-01
0.12562 2.77559891e-01
0.12605 2.63138280e-01
0.12649 2.51557737e-01
0.12693 2.42488024e-01
0.12737 2.35505655e-01
0.12781 2.30210199e-01
0.12825 2.26261127e-01
0.12869 2.23380584e-01
0.12914 2.21343398e-01
0.12959 2.19964911e-01
0.13003 2.19090934e-01
0.13048 2.18590479e-01
0.13094 2.18351951e-01
0.13139 2.18282203e-01
0.13184 2.18307876e-01
0.13230 2.18378168e-01
0.13276 2.18467703e-01
0.13322 2.18579053e-01
0.13368 2.18743678e-01
0.13414 2.19020543e-01
0.13461 2.19493246e-01
0.13507 2.20265421e-01
0.13554 2.21455589e-01
0.13601 2.23191621e-01
0.13648 2.25605891e-01
0.13695 2.28829535e-01
0.13743 2.32986120e-01
0.13790 2.38181159e-01
0.13838 2.44485339e-01
0.13886 2.51907021e-01
0.13934 2.60350190e-01
0.13982 2.69557569e-01
0.14031 2.79047452e-01
0.14079 2.88071211e-01
0.14128 2.95638028e-01
0.14177 3.00659439e-01
0.14226 3.02220508e-01
0.14275 2.99888303e-01
0.14324 2.93889134e-01
0.14374 2.85034996e-01
0.14424 2.74440968e-01
0.14474 2.63202685e-01
0.14524 2.52180325e-01
0.14574 2.41929941e-01
0.14625 2.32736957e-01
0.14675 2.24691649e-01
0.14726 2.17764188e-01
0.14777 2.11861776e-01
0.14828 2.06866780e-01
0.14879 2.02658404e-01
0.14931 1.99124208e-01
0.14983 1.96165112e-01
0.15034 1.93696528e-01
0.15087 1.91647816e-01
0.15139 1.89960805e-01
0.15191 1.88588253e-01
0.15244 1.87492468e-01
0.15297 1.86643669e-01
0.15349 1.86019202e-01
0.15403 1.85602792e-01
0.15456 1.85383654e-01
0.15509 1.85356448e-01
0.15563 1.85520875e-01
0.15617 1.85881240e-01
0.15671 1.86446495e-01
0.15725 1.87229948e-01
0.15780 1.88248615e-01
0.15834 1.89522976e-01
0.15889 1.91076081e-01
0.15944 1.92932515e-01
0.15999 1.95116864e-01
0.16055 1.97651734e-01
0.16110 2.00554883e-01
0.16166 2.03835710e-01
0.16222 2.07490357e-01
0.16278 2.11496019e-01
0.16335 2.15804022e-01
0.16391 2.20332547e-01
0.16448 2.24959609e-01
0.16505 2.29519002e-01
0.16562 2.33800589e-01
0.16619 2.37558720e-01
0.16677 2.40531024e-01
0.16734 2.42466753e-01
0.16792 2.43162255e-01
0.16851 2.42494751e-01
0.16909 2.40446633e-01
0.16967 2.37110799e-01
0.17026 2.32676063e-01
0.17085 2.27396090e-01
0.17144 2.21551900e-01
0.17204 2.15416550e-01
0.17263 2.09229605e-01
0.17323 2.03182998e-01
0.17383 1.97417262e-01
0.17443 1.92025346e-01
0.17503 1.87060278e-01
0.17564 1.82543971e-01
0.17625 1.78476030e-01
0.17686 1.74840972e-01
0.17747 1.71614064e-01
0.17808 1.68765822e-01
0.17870 1.66264837e-01
0.17932 1.64080142e-01
0.17994 1.62182254e-01
0.18056 1.60544265e-01
0.18119 1.59141983e-01
0.18182 1.57954190e-01
0.18244 1.56962532e-01
0.18308 1.56151625e-01
0.18371 1.55508508e-01
0.18435 1.55022696e-01
0.18498 1.54685680e-01
0.18562 1.54491029e-01
0.18627 1.54433895e-01
0.18691 1.54510815e-01
0.18756 1.54719614e-01
0.18821 1.55059153e-01
0.18886 1.55529037e-01
0.18951 1.56129661e-01
0.19017 1.56861620e-01
0.19083 1.57725802e-01
0.19149 1.58723050e-01
0.19215 1.59853611e-01
0.19282 1.61117237e-01
0.19348 1.62512395e-01
0.19415 1.64036018e-01
0.19483 1.65682862e-01
0.19550 1.67444963e-01
0.19618 1.54851344e-01
0.19686 1.39801655e-01
0.19754 1.28136524e-01
0.19822 1.18379917e-01
0.19891 1.10034544e-01
0.19960 1.02830218e-01
0.20029 9.64563395e-02
0.20098 9.05787596e-02
0.20168 8.49963473e-02
0.20237 7.97777624e-02
0.20307 7.48375759e-02
0.20378 7.01884512e-02
0.20448 6.56842639e-02
0.20519 6.16547587e-02
0.20590 5.77439735e-02
0.20661 5.42050787e-02
0.20733 5.09072844e-02
0.20805 4.79153821e-02
0.20877 4.49527295e-02
0.20949 4.24568591e-02
0.21021 4.00961218e-02
0.21094 3.80425873e-02
0.21167 3.60857107e-02
0.21240 3.43483721e-02
0.21314 3.27094772e-02
0.21388 3.13125286e-02
0.21462 2.98603901e-02
0.21536 2.86318162e-02
0.21611 2.75004294e-02
0.21685 2.65316841e-02
0.21760 2.56301788e-02
0.21836 2.47831809e-02
0.21911 2.39784967e-02
0.21987 2.32124658e-02
0.22063 2.26275670e-02
0.22140 2.19677262e-02
0.22216 2.13961092e-02
0.22293 2.08902977e-02
0.22370 2.04050989e-02
0.22448 1.99381732e-02
0.22526 1.94873142e-02
0.22604 1.91960643e-02
0.22682 1.87715909e-02
0.22760 1.84268478e-02
0.22839 1.80988887e-02
0.22918 1.78482263e-02
0.22998 1.75301606e-02
0.23077 1.72584253e-02
0.23157 1.69983840e-02
0.23237 1.67551960e-02
0.23318 1.65275553e-02
0.23398 1.63014481e-02
0.23479 1.62052899e-02
0.23561 1.58498966e-02
0.23642 1.57748458e-02
0.23724 1.55460971e-02
0.23806 1.53328117e-02
0.23889 1.52329137e-02
0.23971 1.49930449e-02
0.24054 1.49034905e-02
0.24137 1.46523531e-02
0.24221 1.45513620e-02
0.24305 1.44098873e-02
0.24389 1.41707457e-02
0.24473 1.40475786e-02
0.24558 1.37694473e-02
0.24643 1.36161056e-02
0.24728 1.34660683e-02
0.24814 1.33065630e-02
0.24900 1.31372980e-02
0.24986 1.28066331e-02
0.25073 1.26283255e-02
0.25159 1.24133780e-02
0.25246 1.22069586e-02
0.25334 1.19919567e-02
0.25422 1.17690945e-02
0.25510 1.15389657e-02
0.25598 1.13024161e-02
0.25687 1.10600838e-02
0.25775 1.08128346e-02
0.25865 1.06008353e-02
0.25954 1.03552531e-02
0.26044 1.00560836e-02
0.26134 9.94043549e-03
0.26225 9.68105208e-03
0.26315 9.42240077e-03
0.26406 9.16489709e-03
0.26498 9.04817555e-03
0.26590 8.79346179e-03
0.26682 8.54211176e-03
0.26774 8.29426397e-03
0.26867 8.18245941e-03
0.26960 7.94177935e-03
0.27053 7.70605089e-03
0.27147 7.47542740e-03
0.27241 7.37500017e-03
0.27335 7.15351812e-03
0.27430 6.99072827e-03
0.27525 6.84779433e-03
0.27620 6.64190912e-03
0.27715 6.55875565e-03
0.27811 6.36299627e-03
0.27908 6.22926313e-03
0.28004 6.10109500e-03
0.28101 5.92066039e-03
0.28198 5.85592831e-03
0.28296 5.68478848e-03
0.28394 5.62680365e-03
0.28492 5.46460245e-03
0.28591 5.41310765e-03
0.28690 5.25931084e-03
0.28789 5.21403400e-03
0.28889 5.06796883e-03
0.28989 5.02850927e-03
0.29089 4.88972757e-03
0.29190 4.85563415e-03
0.29291 4.72345773e-03
0.29392 4.69441189e-03
0.29494 4.65756615e-03
0.29596 4.54383041e-03
0.29699 4.51705708e-03
0.29801 4.40298101e-03
0.29905 4.38452104e-03
0.30008 4.27087186e-03
0.30112 4.25611052e-03
0.30216 4.14660319e-03
0.30321 4.13516551e-03
0.30426 4.12512822e-03
0.30531 4.02082825e-03
0.30637 4.01360068e-03
0.30743 3.99561163e-03
0.30849 3.90750259e-03
0.30956 3.90378765e-03
0.31063 3.80605289e-03
0.31171 3.80432156e-03
0.31279 3.80344748e-03
0.31387 3.80337526e-03
0.31496 3.70907646e-03
0.31605 3.71039128e-03
0.31714 3.63424032e-03
0.31824 3.61965161e-03
0.31934 3.62251523e-03
0.32044 3.53050575e-03
0.32155 3.53402679e-03
0.32267 3.53782236e-03
0.32378 3.54183263e-03
0.32490 3.45029456e-03
0.32603 3.45443442e-03
0.32716 3.45860249e-03
0.32829 3.43601304e-03
0.32943 3.37062206e-03
0.33057 3.37440775e-03
0.33171 3.37798913e-03
0.33286 3.28483351e-03
0.33401 3.28775352e-03
0.33517 3.29031293e-03
0.33633 3.21764293e-03
0.33749 3.19739524e-03
0.33866 3.19854731e-03
0.33983 3.19915180e-03
0.34101 3.19917208e-03
0.34219 3.10179645e-03
0.34337 3.10058254e-03
0.34456 3.09870231e-03
0.34576 3.09612807e-03
0.34695 2.99630878e-03
0.34815 2.99238608e-03
0.34936 2.98771692e-03
0.35057 2.98230378e-03
0.35178 2.88020755e-03
0.35300 2.87342963e-03
0.35422 2.86592355e-03
0.35545 2.85765273e-03
0.35668 2.84860527e-03
0.35791 2.83878416e-03
0.35915 2.73407015e-03
0.36039 2.72314495e-03
0.36164 2.71151187e-03
0.36289 2.69915708e-03
0.36415 2.68615921e-03
0.36541 2.58045389e-03
0.36668 2.56666011e-03
0.36795 2.55231973e-03
0.36922 2.53741641e-03
0.37050 2.52193829e-03
0.37178 2.41654164e-03
0.37307 2.40070044e-03
0.37436 2.38438336e-03
0.37565 2.36770221e-03
0.37695 2.35060307e-03
0.37826 2.24686257e-03
0.37957 2.22979558e-03
0.38088 2.21242783e-03
0.38220 2.19482314e-03
0.38352 2.17701267e-03
0.38485 2.15900977e-03
0.38618 2.14084115e-03
0.38752 2.04096004e-03
0.38886 2.02324553e-03
0.39021 2.00544495e-03
0.39156 1.98762013e-03
0.39291 1.96971666e-03
0.39427 1.95179341e-03
0.39564 1.85660223e-03
0.39701 1.83941355e-03
0.39838 1.82226247e-03
0.39976 1.80520438e-03
0.40115 1.78818191e-03
0.40253 1.77124601e-03
0.40393 1.75442388e-03
0.40533 1.66531314e-03
0.40673 1.64940763e-03
0.40814 1.63362578e-03
0.40955 1.61797700e-03
0.41097 1.60246970e-03
0.41239 1.58708408e-03
0.41382 1.57188248e-03
0.41525 1.55684362e-03
0.41669 1.54197197e-03
0.41813 1.46089956e-03
0.41958 1.44700784e-03
0.42103 1.43328875e-03
0.42249 1.41974725e-03
0.42395 1.40640115e-03
0.42542 1.39321383e-03
0.42689 1.38020706e-03
0.42837 1.31618186e-03
0.42985 1.29320410e-03
0.43134 1.28130934e-03
0.43283 1.26958228e-03
0.43433 1.25804567e-03
0.43583 1.24667377e-03
0.43734 1.23549134e-03
0.43886 1.22446275e-03
0.44037 1.15584753e-03
0.44190 1.14566581e-03
0.44343 1.13565771e-03
0.44496 1.12579159e-03
0.44650 1.11609463e-03
0.44805 1.10654955e-03
0.44960 1.09712911e-03
0.45116 1.08788429e-03
0.45272 1.07878490e-03
0.45429 1.01633966e-03
0.45586 1.00796594e-03
0.45744 9.99723807e-04
0.45902 9.91610779e-04
0.46061 9.83611524e-04
0.46220 9.75743851e-04
0.46380 9.68005780e-04
0.46541 9.60387419e-04
0.46702 9.52886293e-04
0.46864 9.45500425e-04
0.47026 9.38226352e-04
0.47189 9.31062589e-04
0.47352 9.23998749e-04
0.47516 8.68792960e-04
0.47680 8.62305901e-04
0.47845 8.55914313e-04
0.48011 8.49616217e-04
0.48177 8.43408645e-04
0.48344 8.37283683e-04
0.48511 8.31252707e-04
0.48679 8.25305824e-04
0.48848 8.19443529e-04
0.49017 8.13659392e-04
0.49186 8.07958853e-04
0.49357 7.57762553e-04
0.49528 7.52519087e-04
0.49699 7.47347347e-04
0.49871 7.42243376e-04
0.50044 7.37200744e-04
0.50217 7.32221429e-04
0.50391 7.27307905e-04
0.50565 7.22454236e-04
0.50740 7.17665368e-04
0.50916 7.12926956e-04
0.51092 7.08249388e-04
0.51269 7.03630685e-04
0.51446 6.57947724e-04
0.51625 6.53697053e-04
0.51803 6.49497333e-04
0.51983 6.45343123e-04
0.52163 6.41235905e-04
0.52343 6.37176176e-04
0.52524 6.33155031e-04
0.52706 6.29180384e-04
0.52889 6.25249268e-04
0.53072 6.21356736e-04
0.53255 6.17504272e-04
0.53440 6.13691381e-04
0.53625 6.09919053e-04
0.53810 5.84839453e-04
0.53997 5.64830187e-04
0.54183 5.61394232e-04
0.54371 5.57990925e-04
0.54559 5.54620267e-04
0.54748 5.51279783e-04
0.54938 5.47972441e-04
0.55128 5.44693791e-04
0.55319 5.41444820e-04
0.55510 5.38223551e-04
0.55702 5.35032456e-04
0.55895 5.31868073e-04
0.56089 5.28730403e-04
0.56283 5.25619444e-04
0.56478 5.22535692e-04
0.56673 5.19476179e-04
0.56869 5.16443377e-04
0.57066 5.13433825e-04
0.57264 5.10449501e-04
0.57462 5.07487932e-04
0.57661 5.04551591e-04
0.57860 4.95045581e-04
0.58061 4.65498152e-04
0.58262 4.62819581e-04
0.58463 4.60162381e-04
0.58666 4.57524323e-04
0.58869 4.54906102e-04
0.59073 4.52307569e-04
0.59277 4.49727783e-04
0.59482 4.47167883e-04
0.59688 4.44625840e-04
0.59895 4.42102150e-04
0.60102 4.39596614e-04
0.60310 4.37109529e-04
0.60519 4.34639262e-04
0.60728 4.32186755e-04
0.60939 4.29751263e-04
0.61150 4.27332689e-04
0.61361 4.24931330e-04
0.61574 4.22546047e-04
0.61787 4.20177039e-04
0.62001 3.87982006e-04
0.62215 3.85812299e-04
0.62431 3.83656888e-04
0.62647 3.81516119e-04
0.62864 3.79389695e-04
0.63081 3.77277369e-04
0.63300 3.75179191e-04
0.63519 3.73094715e-04
0.63739 3.71024288e-04
0.63959 3.68967316e-04
0.64181 3.66923798e-04
0.64403 3.64893686e-04
0.64626 3.62876782e-04
0.64849 3.60873036e-04
0.65074 3.58882299e-04
0.65299 3.56904374e-04
0.65525 3.54939262e-04
0.65752 3.52986812e-04
0.65980 3.51046927e-04
0.66208 3.49119459e-04
0.66437 3.47204406e-04
0.66667 3.45301572e-04
0.66898 3.43410857e-04
0.67130 3.41532261e-04
0.67362 3.13538976e-04
0.67595 3.11826935e-04
0.67829 3.10125677e-04
0.68064 3.08435351e-04
0.68299 3.06755612e-04
0.68536 3.05086607e-04
0.68773 3.03428138e-04
0.69011 3.01780106e-04
0.69250 3.00142661e-04
0.69490 2.98515504e-04
0.69730 2.96898439e-04
0.69972 2.95291959e-04
0.70214 2.93695175e-04
0.70457 2.92108928e-04
0.70701 2.90532425e-04
0.70946 2.88966013e-04
0.71191 2.87409347e-04
0.71438 2.85862475e-04
0.71685 2.84325447e-04
0.71933 2.82797965e-04
0.72182 2.81280328e-04
0.72432 2.79772139e-04
0.72683 2.78273398e-04
0.72934 2.76784154e-04
0.73187 2.75304260e-04
0.73440 2.73833715e-04
0.73694 2.72372766e-04
0.73949 2.70920326e-04
0.74205 2.69477433e-04
0.74462 2.68043839e-04
0.74720 2.66618853e-04
0.74979 2.65203216e-04
0.75238 2.63796285e-04
0.75499 2.62398357e-04
0.75760 2.61008987e-04
0.76022 2.59628768e-04
0.76285 2.58257107e-04
0.76549 2.35951449e-04
0.76814 2.34245245e-04
0.77080 2.33011645e-04
0.77347 2.31785762e-04
0.77615 2.30567398e-04
0.77884 2.29356751e-04
0.78153 2.28154167e-04
0.78424 2.26958508e-04
0.78695 2.25770962e-04
0.78968 2.24590440e-04
0.79241 2.23417931e-04
0.79515 2.22252348e-04
0.79790 2.21094531e-04
0.80067 2.19943591e-04
0.80344 2.18800119e-04
0.80622 2.17663672e-04
0.80901 2.16534941e-04
0.81181 2.15412790e-04
0.81462 2.14298257e-04
0.81744 2.13190253e-04
0.82027 2.12089422e-04
0.82311 2.10995664e-04
0.82596 2.09908486e-04
0.82882 2.08828381e-04
0.83169 2.07755202e-04
0.83457 2.06688453e-04
0.83745 2.05628927e-04
0.84035 2.04575583e-04
0.84326 2.03529462e-04
0.84618 2.02489327e-04
0.84911 2.01456314e-04
0.85205 2.00429287e-04
0.85500 1.99409235e-04
0.85796 1.98394031e-04
0.86093 1.97386543e-04
0.86391 1.96385635e-04
0.86690 1.95390662e-04
0.86990 1.94402516e-04
0.87291 1.93420009e-04
0.87593 1.92444279e-04
0.87897 1.91473990e-04
0.88201 1.90510330e-04
0.88506 1.89552111e-04
0.88813 1.88600521e-04
0.89120 1.87654471e-04
0.89428 1.86714951e-04
0.89738 1.85781366e-04
0.90049 1.84852778e-04
0.90360 1.83930670e-04
0.90673 1.83013706e-04
0.90987 1.82103322e-04
0.91302 1.81198082e-04
0.91618 1.80298778e-04
0.91935 1.79404915e-04
0.92253 1.78516989e-04
0.92573 1.77634404e-04
0.92893 1.76756767e-04
0.93215 1.75885461e-04
0.93537 1.75018953e-04
0.93861 1.74158134e-04
0.94186 1.73302757e-04
0.94512 1.72452573e-04
0.94839 1.71607732e-04
0.95168 1.70768134e-04
0.95497 1.69933730e-04
0.95828 1.69104372e-04
0.96159 1.68280357e-04
0.96492 1.67461337e-04
0.96826 1.66647363e-04
0.97161 1.65838435e-04
0.97498 1.65034502e-04
0.97835 1.70564480e-04
0.98174 1.78299583e-04
0.98514 1.77438516e-04
0.98855 1.76583584e-04
0.99197 1.75733202e-04
0.99540 1.74888015e-04
0.99885 1.74048467e-04
1.00231 1.73213173e-04
1.00578 1.72384111e-04
1.00926 1.71559452e-04
1.01275 1.70740235e-04
1.01626 1.69925420e-04
1.01978 1.69116195e-04
1.02330 1.68311422e-04
1.02685 1.67511546e-04
1.03040 1.66717210e-04
1.03397 1.65927722e-04
1.03755 1.65142340e-04
1.04114 1.64361706e-04
1.04474 1.63585772e-04
1.04836 1.62815230e-04
1.05199 1.62049337e-04
1.05563 1.61287353e-04
1.05928 1.60529919e-04
1.06295 1.59777333e-04
1.06663 1.59029496e-04
1.07032 1.58286359e-04
1.07403 1.57547079e-04
1.07775 1.56812697e-04
1.08148 1.56082866e-04
1.08522 1.55356646e-04
1.08898 1.54635471e-04
1.09275 1.66646769e-04
1.09653 1.65972143e-04
1.10032 1.65204767e-04
1.10413 1.64441199e-04
1.10796 1.63682776e-04
1.11179 1.62928954e-04
1.11564 1.62179583e-04
1.11950 1.61434615e-04
1.12338 1.60694000e-04
1.12726 1.59957046e-04
1.13117 1.59225137e-04
1.13508 1.58497581e-04
1.13901 1.57774230e-04
1.14295 1.57055183e-04
1.14691 1.56340290e-04
1.15088 1.55629603e-04
1.15487 1.54923021e-04
1.15886 1.54220199e-04
1.16287 1.53900644e-04
1.16690 1.64583762e-04
1.17094 1.63840377e-04
1.17499 1.63101295e-04
1.17906 1.62366518e-04
1.18314 1.61635944e-04
1.18724 1.60909625e-04
1.19135 1.60188154e-04
1.19547 1.59469799e-04
1.19961 1.58755797e-04
1.20376 1.58046594e-04
1.20793 1.57340853e-04
1.21211 1.56639168e-04
1.21630 1.55942282e-04
1.22052 1.55249254e-04
1.22474 1.61878183e-04
1.22898 1.64864584e-04
1.23323 1.64134704e-04
1.23750 1.63407395e-04
1.24179 1.62685874e-04
1.24609 1.61968212e-04
1.25040 1.61254062e-04
1.25473 1.60543819e-04
1.25907 1.59838375e-04
1.26343 1.59136097e-04
1.26780 1.58438567e-04
1.27219 1.57744946e-04
1.27659 1.61171551e-04
1.28101 1.66792498e-04
1.28545 1.66065338e-04
1.28990 1.65340948e-04
1.29436 1.64621505e-04
1.29884 1.63905772e-04
1.30334 1.63194293e-04
1.30785 1.62486029e-04
1.31238 1.61782613e-04
1.31692 1.61082561e-04
1.32148 1.60385773e-04
1.32605 1.59694279e-04
1.33064 1.59005455e-04
1.33525 1.60775521e-04
1.33987 1.67492451e-04
1.34451 1.66772959e-04
1.34916 1.66057473e-04
1.35383 1.65345895e-04
1.35852 1.64638917e-04
1.36322 1.63934512e-04
1.36794 1.63234806e-04
1.37268 1.62538909e-04
1.37743 1.70175969e-04
1.38220 1.70637344e-04
1.38698 1.69911965e-04
1.39178 1.69190939e-04
1.39660 1.68473672e-04
1.40144 1.67760116e-04
1.40629 1.67050615e-04
1.41115 1.66344973e-04
1.41604 1.74844979e-04
1.42094 1.74107827e-04
1.42586 1.73374582e-04
1.43080 1.72645196e-04
1.43575 1.71920707e-04
1.44072 1.71199038e-04
1.44571 1.70482118e-04
1.45071 1.74946682e-04
1.45573 1.77955344e-04
1.46077 1.77211860e-04
1.46583 1.76471690e-04
1.47090 1.75736566e-04
1.47599 1.75004361e-04
1.48110 1.78271931e-04
1.48623 1.82230946e-04
1.49137 1.81475145e-04
1.49654 1.80722163e-04
1.50172 1.79973732e-04
1.50692 1.79229506e-04
1.51213 1.78489683e-04
1.51737 1.77752135e-04
1.52262 1.83829709e-04
1.52789 1.84685185e-04
1.53318 1.83925476e-04
1.53849 1.83169625e-04
1.54381 1.82417633e-04
1.54916 1.81669450e-04
1.55452 1.88116737e-04
1.55990 1.88374706e-04
1.56530 1.87604411e-04
1.57072 1.86839162e-04
1.57615 1.86237400e-04
1.58161 1.93375539e-04
1.58709 1.92587980e-04
1.59258 1.91805071e-04
1.59809 1.91025328e-04
1.60362 1.90250680e-04
1.60918 1.96658987e-04
1.61475 1.96574696e-04
1.62034 1.95779074e-04
1.62594 1.94988449e-04
1.63157 1.94200741e-04
1.63722 1.93417635e-04
1.64289 1.98404963e-04
1.64857 1.99537156e-04
1.65428 1.98734015e-04
1.66001 1.97935623e-04
1.66575 2.02419875e-04
1.67152 2.03902639e-04
1.67731 2.03085647e-04
1.68311 2.02272762e-04
1.68894 2.06165442e-04
1.69478 2.08091080e-04
1.70065 2.07261327e-04
1.70654 2.06434887e-04
1.71245 2.08966492e-04
1.71837 2.12108813e-04
1.72432 2.11266296e-04
1.73029 2.10426501e-04
1.73628 2.15724529e-04
1.74229 2.15958952e-04
1.74832 2.15104069e-04
1.75437 2.14252401e-04
1.76045 2.13967819e-04
1.76654 2.19648077e-04
1.77266 2.18781569e-04
1.77879 2.17919019e-04
1.78495 2.23208638e-04
1.79113 2.23180887e-04
1.79733 2.22481082e-04
1.80355 2.28350995e-04
1.80979 2.27454560e-04
1.81606 2.26562329e-04
1.82234 2.30449272e-04
1.82865 2.31602785e-04
1.83498 2.30699078e-04
1.84133 2.33311314e-04
1.84771 2.35633032e-04
1.85410 2.34713793e-04
1.86052 2.33799352e-04
1.86696 2.37882925e-04
1.87342 2.38611816e-04
1.87991 2.37684761e-04
1.88642 2.39007698e-04
1.89295 2.42394581e-04
1.89950 2.41454517e-04
1.90607 2.45362532e-04
1.91267 2.46064365e-04
1.91929 2.45622974e-04
1.92594 2.50592296e-04
1.93260 2.50370438e-04
1.93929 2.54752987e-04
1.94601 2.54054567e-04
1.95274 2.53068746e-04
1.95950 2.57382981e-04
1.96629 2.57404895e-04
1.97309 2.57082917e-04
1.97992 2.61381026e-04
1.98678 2.60660742e-04
1.99365 2.65364774e-04
2.00055 2.64826181e-04
2.00748 2.65042202e-04
2.01443 2.68917619e-04
2.02140 2.67891482e-04
2.02840 2.72555793e-04
2.03542 2.71893731e-04
2.04247 2.72288920e-04
2.04954 2.75824649e-04
2.05663 2.75249599e-04
2.06375 2.79316650e-04
2.07090 2.78622138e-04
2.07806 2.82404656e-04
2.08526 2.84671862e-04
2.09247 2.87185758e-04
2.09972 2.87444518e-04
2.10699 2.90727175e-04
2.11428 2.90801078e-04
2.12160 2.94172776e-04
2.12894 2.93567601e-04
2.13631 2.97905877e-04
2.14371 2.99204179e-04
2.15113 3.01373441e-04
2.15857 3.01539649e-04
2.16605 3.04806477e-04
2.17354 3.07206896e-04
2.18107 3.08548383e-04
2.18862 3.12059329e-04
2.19619 3.11553285e-04
2.20380 3.14339198e-04
2.21143 3.15959034e-04
2.21908 3.18838983e-04
2.22676 3.17768178e-04
2.23447 3.21098917e-04
2.24220 3.22815015e-04
2.24997 3.25395839e-04
2.25775 3.28596283e-04
2.26557 3.29301183e-04
2.27341 3.31788763e-04
2.28128 3.34449723e-04
2.28918 3.36257334e-04
2.29710 3.38979979e-04
2.30505 3.40573053e-04
2.31303 3.41687191e-04
2.32104 3.45652884e-04
2.32908 3.49060247e-04
2.33714 3.48535901e-04
2.34523 3.50837436e-04
2.35335 3.55794095e-04
2.36149 3.56111275e-04
2.36967 3.60476313e-04
2.37787 3.62543327e-04
2.38610 3.64487318e-04
2.39436 3.65598784e-04
2.40265 3.69415682e-04
2.41097 3.71908455e-04
2.41931 3.74026915e-04
2.42769 3.77951254e-04
2.43609 3.78932920e-04
2.44452 3.82446883e-04
2.45298 3.85099533e-04
2.46148 3.86238553e-04
2.47000 3.90521773e-04
2.47855 3.91391743e-04
2.48713 3.94079861e-04
2.49574 3.98204441e-04
2.50438 4.00883259e-04
2.51304 4.01826687e-04
2.52174 4.05573441e-04
2.53047 4.09237733e-04
2.53923 4.10211287e-04
2.54802 4.12560855e-04
2.55684 4.16403079e-04
2.56569 4.20309956e-04
2.57457 4.24170434e-04
2.58349 4.25208789e-04
2.59243 4.26616066e-04
2.60140 4.30338779e-04
2.61041 4.33725366e-04
2.61944 4.37186994e-04
2.62851 4.40768034e-04
2.63761 4.44298322e-04
2.64674 4.47500546e-04
2.65590 4.50769254e-04
2.66510 4.52845222e-04
2.67432 4.56745223e-04
2.68358 4.60597044e-04
2.69287 4.64399992e-04
2.70219 4.68152286e-04
2.71154 4.71018681e-04
2.72093 4.71068692e-04
2.73035 4.74684310e-04
2.73980 4.78252439e-04
2.74928 4.81773378e-04
2.75880 4.89605930e-04
2.76835 4.93009385e-04
2.77793 4.94001637e-04
2.78755 4.95366620e-04
2.79720 4.98648239e-04
2.80688 5.06174592e-04
2.81660 5.09345900e-04
2.82635 5.12473183e-04
2.83613 5.15558419e-04
2.84595 5.21583953e-04
2.85580 5.22200803e-04
2.86569 5.24556900e-04
2.87561 5.28067549e-04
2.88556 5.34498216e-04
2.89555 5.39029857e-04
2.90557 5.44217427e-04
2.91563 5.46932157e-04
2.92572 5.49608304e-04
2.93585 5.55982579e-04
2.94601 5.58916941e-04
2.95621 5.62014544e-04
2.96644 5.68001989e-04
2.97671 5.70449105e-04
2.98702 5.74646352e-04
2.99736 5.79232901e-04
3.00773 5.84082119e-04
3.01814 5.87815368e-04
3.02859 5.93241367e-04
3.03907 5.96194032e-04
3.04960 6.02138936e-04
3.06015 6.04521745e-04
3.07074 6.10754051e-04
3.08137 6.16915619e-04
3.09204 6.22092800e-04
3.10274 6.25131537e-04
3.11348 6.29749251e-04
3.12426 6.34617760e-04
3.13508 6.41040017e-04
3.14593 6.44640696e-04
3.15682 6.50298693e-04
3.16775 6.55885953e-04
3.17871 6.59148280e-04
3.18972 6.63078901e-04
3.20076 6.68460875e-04
3.21184 6.76285512e-04
3.22295 6.82741407e-04
3.23411 6.85276573e-04
3.24531 6.91958531e-04
3.25654 6.98024133e-04
3.26781 7.02980199e-04
3.27912 7.05183444e-04
3.29047 7.11721453e-04
3.30187 7.20098139e-04
3.31330 7.25778396e-04
3.32476 7.30398583e-04
3.33627 7.34954463e-04
3.34782 7.39445541e-04
3.35941 7.46182407e-04
3.37104 7.54009023e-04
3.38271 7.59643771e-04
3.39442 7.65841944e-04
3.40617 7.71557817e-04
3.41796 7.77346901e-04
3.42979 7.84724360e-04
3.44166 7.90633153e-04
3.45358 7.95726736e-04
3.46553 8.02843505e-04
3.47753 8.09049593e-04
3.48957 8.13367539e-04
3.50164 8.20231533e-04
3.51377 8.27007477e-04
3.52593 8.33698339e-04
3.53814 8.40288288e-04
3.55038 8.46797112e-04
3.56267 8.53226295e-04
3.57500 8.61829043e-04
3.58738 8.69169896e-04
3.59980 8.77007395e-04
3.61226 8.84753875e-04
3.62476 8.90753687e-04
3.63731 8.96673363e-04
3.64990 9.02909131e-04
3.66254 9.11618727e-04
3.67521 9.20200699e-04
3.68794 9.28672855e-04
3.70070 9.37045088e-04
3.71351 9.43472787e-04
3.72637 9.50262581e-04
3.73927 9.58347908e-04
3.75221 9.66335291e-04
3.76520 9.74468600e-04
3.77823 9.85012420e-04
3.79131 9.92833595e-04
3.80443 1.00039705e-03
3.81760 1.00954591e-03
3.83082 1.01838461e-03
3.84408 1.02643630e-03
3.85739 1.03596902e-03
3.87074 1.04304177e-03
3.88414 1.05245973e-03
3.89758 1.06193259e-03
3.91107 1.07129465e-03
3.92461 1.08054789e-03
3.93820 1.08969576e-03
3.95183 1.09872788e-03
3.96551 1.10761852e-03
3.97924 1.11830184e-03
3.99301 1.12810564e-03
4.00683 1.13748204e-03
4.02070 1.14814656e-03
4.03462 1.15648565e-03
4.04859 1.16681874e-03
4.06260 1.17579595e-03
4.07667 1.18572293e-03
4.09078 1.19800649e-03
4.10494 1.20815457e-03
4.11915 1.22025956e-03
4.13341 1.23094189e-03
4.14771 1.24070414e-03
4.16207 1.25064545e-03
4.17648 1.26243385e-03
4.19094 1.27405407e-03
4.20545 1.28555012e-03
4.22000 1.29692399e-03
4.23461 1.30819497e-03
4.24927 1.32144511e-03
4.26398 1.33301932e-03
4.27874 1.34471770e-03
4.29355 1.35758101e-03
4.30841 1.37023804e-03
4.32332 1.38274074e-03
4.33829 1.39511978e-03
4.35331 1.40768134e-03
4.36838 1.42183376e-03
4.38350 1.43412128e-03
4.39867 1.44590473e-03
4.41390 1.45784549e-03
4.42918 1.47135780e-03
4.44451 1.48626805e-03
4.45990 1.50147459e-03
4.47533 1.51640363e-03
4.49083 1.52924023e-03
4.50637 1.54330608e-03
4.52197 1.55846761e-03
4.53762 1.57478667e-03
4.55333 1.58899745e-03
4.56909 1.60299009e-03
4.58491 1.61748085e-03
4.60078 1.63489263e-03
4.61670 1.65066210e-03
4.63269 1.66651122e-03
4.64872 1.68341349e-03
4.66481 1.70000016e-03
4.68096 1.71552577e-03
4.69717 1.73036181e-03
4.71343 1.74819504e-03
4.72974 1.76585464e-03
4.74611 1.78338711e-03
4.76254 1.80066285e-03
4.77903 1.81770213e-03
4.79557 1.83514012e-03
4.81217 1.85359762e-03
4.82883 1.87174694e-03
4.84555 1.89038598e-03
4.86232 1.90992977e-03
4.87915 1.92912135e-03
4.89604 1.94884668e-03
4.91299 1.96940997e-03
4.92999 1.98959484e-03
4.94706 2.00966199e-03
4.96418 2.02953571e-03
4.98137 2.05046902e-03
4.99861 2.07205973e-03
5.01591 2.09445033e-03
5.03328 2.11513382e-03
5.05070 2.13639707e-03
5.06818 2.15959644e-03
5.08573 2.18245697e-03
5.10333 2.20553267e-03
5.12100 2.22945920e-03
5.13873 2.25311416e-03
5.15651 2.27666772e-03
5.17436 2.29975282e-03
5.19228 2.32416363e-03
5.21025 2.34991796e-03
5.22828 2.37516030e-03
5.24638 2.40078997e-03
5.26454 2.42708893e-03
5.28277 2.45403985e-03
5.30105 2.48133011e-03
5.31940 2.50808713e-03
5.33782 2.53535810e-03
5.35629 2.56316628e-03
5.37484 2.59163732e-03
5.39344 2.62055949e-03
5.41211 2.65007724e-03
5.43084 2.68009856e-03
5.44965 2.71059130e-03
5.46851 2.74166675e-03
5.48744 2.77316564e-03
5.50643 2.80516315e-03
5.52550 2.83760883e-03
5.54462 2.87049131e-03
5.56381 2.90384421e-03
5.58308 2.93760521e-03
5.60240 2.97179162e-03
5.62179 3.00697578e-03
5.64125 3.04325315e-03
5.66078 3.07987381e-03
5.68038 3.11686548e-03
5.70004 3.15294301e-03
5.71977 3.19010484e-03
5.73957 3.22935763e-03
5.75944 3.26958936e-03
5.77938 3.31074662e-03
5.79938 3.35117127e-03
5.81946 3.39174581e-03
5.83960 3.43359857e-03
5.85982 3.47613248e-03
5.88010 3.51975021e-03
5.90045 3.56416039e-03
5.92088 3.60944812e-03
5.94137 3.65562624e-03
5.96194 3.70257654e-03
5.98258 3.75042465e-03
6.00329 3.79895442e-03
6.02407 3.84951430e-03
6.04492 3.90059210e-03
6.06585 3.95149528e-03
6.08684 4.00343033e-03
6.10791 4.05688005e-03
6.12906 4.11149125e-03
6.15027 4.16739551e-03
6.17156 4.22391415e-03
6.19293 4.28109019e-03
6.21436 4.33955930e-03
6.23588 4.39906176e-03
6.25746 4.46067447e-03
6.27912 4.52349022e-03
6.30086 4.58750948e-03
6.32267 4.65247405e-03
6.34455 4.71954047e-03
6.36652 4.78759522e-03
6.38856 4.85565888e-03
6.41067 4.92490628e-03
6.43286 4.99787456e-03
6.45513 5.07198552e-03
6.47747 5.14772393e-03
6.49990 5.22477321e-03
6.52240 5.30413259e-03
6.54497 5.38471379e-03
6.56763 5.46663553e-03
6.59037 5.55006107e-03
6.61318 5.63634083e-03
6.63607 5.72402544e-03
6.65904 5.81353537e-03
6.68209 5.90474696e-03
6.70522 6.00020279e-03
6.72843 6.09718219e-03
6.75172 6.19559117e-03
6.77510 6.29558309e-03
6.79855 6.39953235e-03
6.82208 6.50519315e-03
6.84570 6.61521691e-03
6.86939 6.72731827e-03
6.89317 6.84243215e-03
6.91704 6.95973245e-03
6.94098 7.07972869e-03
6.96500 7.20204987e-03
6.98911 7.32836300e-03
7.01331 7.45812891e-03
7.03759 7.59134264e-03
7.06195 7.72825648e-03
7.08639 7.86846975e-03
7.11092 8.01306576e-03
7.13554 8.16059515e-03
7.16024 8.31254685e-03
7.18502 8.46729837e-03
7.20990 8.62866853e-03
7.23485 8.79320951e-03
7.25990 8.96502208e-03
7.28503 9.14144495e-03
7.31025 9.32318548e-03
7.33555 9.51006560e-03
7.36094 9.70191712e-03
7.38642 9.90042685e-03
7.41199 1.01032155e-02
7.43765 1.03143046e-02
7.46340 1.05297418e-02
7.48923 1.07540237e-02
7.51516 1.09841921e-02
7.54117 1.12212858e-02
7.56727 1.14654879e-02
7.59347 1.17163383e-02
7.61975 1.19783583e-02
7.64613 1.22461609e-02
7.67260 1.25264984e-02
7.69916 1.28141372e-02
7.72581 1.31138458e-02
7.75255 1.34254858e-02
7.77939 1.37459556e-02
7.80632 1.40816562e-02
7.83334 1.44254397e-02
7.86046 1.47848842e-02
7.88767 1.51551967e-02
7.91497 1.55388849e-02
7.94237 1.59390702e-02
7.96986 1.63494011e-02
7.99745 1.67808296e-02
8.02513 1.72238729e-02
8.05291 1.76853177e-02
8.08079 1.81654115e-02
8.10876 1.86591779e-02
8.13683 1.91799679e-02
8.16500 1.97150686e-02
8.19326 2.02743585e-02
8.22162 2.08564872e-02
8.25008 2.14570472e-02
8.27864 2.21016671e-02
8.30730 2.27653811e-02
8.33605 2.34601603e-02
8.36491 2.41731431e-02
8.39386 2.49206191e-02
8.42292 2.57143019e-02
8.45208 2.65331533e-02
8.48133 2.73876504e-02
8.51069 2.82834125e-02
8.54016 2.92082216e-02
8.56972 3.01839763e-02
8.59938 3.11967173e-02
8.62915 3.22485616e-02
8.65902 3.33567930e-02
8.68899 3.45030643e-02
8.71907 3.57024381e-02
8.74925 3.69546274e-02
8.77954 3.82509459e-02
8.80993 3.96126148e-02
8.84043 4.10256153e-02
8.87103 4.24977532e-02
8.90174 4.40563193e-02
8.93255 4.56731768e-02
8.96347 4.73525751e-02
8.99450 4.90974029e-02
9.02563 5.09084221e-02
9.05688 5.27694076e-02
9.08823 5.46940072e-02
9.11969 5.66914217e-02
9.15126 5.87389460e-02
9.18294 6.08625995e-02
9.21472 6.31537471e-02
9.24662 6.57930905e-02
9.27863 6.85460589e-02
9.31075 7.13402825e-02
9.34298 7.41022539e-02
9.37532 7.69679568e-02
9.40777 7.96690841e-02
9.44034 8.21781819e-02
9.47302 8.47505475e-02
9.50581 8.69702652e-02
9.53871 8.89596167e-02
9.57173 9.09547557e-02
9.60487 9.20201688e-02
9.63811 9.26755032e-02
9.67148 9.32811731e-02
9.70495 9.32675203e-02
9.73855 9.30497680e-02
9.77226 9.27910573e-02
9.80609 9.22787805e-02
9.84003 9.16802339e-02
9.87409 9.10466648e-02
9.90827 8.98292901e-02
9.94257 8.84735572e-02
9.97699 8.71107505e-02
10.01153 8.56659281e-02
10.04618 8.42034461e-02
10.08096 8.27465044e-02
10.11585 8.11181112e-02
10.15087 7.94385200e-02
10.18601 7.77792101e-02
10.22127 7.60663773e-02
10.25665 7.43363301e-02
10.29215 7.26351220e-02
10.32778 7.08971107e-02
10.36353 6.91271933e-02
10.39941 6.73936340e-02
10.43540 6.56663075e-02
10.47153 6.39188480e-02
10.50777 6.22116544e-02
10.54415 6.05398295e-02
10.58065 5.88817563e-02
10.61727 5.72639984e-02
10.65403 5.56856655e-02
10.69091 5.41300872e-02
10.72791 5.26120541e-02
10.76505 5.11325556e-02
10.80231 4.97464996e-02
10.83971 4.84264519e-02
10.87723 4.71384339e-02
10.91488 4.58932441e-02
10.95266 4.47013745e-02
10.99058 4.35379531e-02
11.02862 4.24024853e-02
11.06680 4.14272352e-02
11.10511 4.04756400e-02
11.14355 3.95444102e-02
11.18212 3.86674008e-02
11.22083 3.78314834e-02
11.25967 3.70125133e-02
11.29865 3.62215363e-02
11.33776 3.54918980e-02
11.37701 3.47851381e-02
11.41639 3.40917490e-02
11.45591 3.33964752e-02
11.49556 3.27085225e-02
11.53536 3.20341088e-02
11.57529 3.13316673e-02
11.61536 3.04783475e-02
11.65556 2.96472531e-02
11.69591 2.88378745e-02
11.73640 2.79501705e-02
11.77702 2.70356258e-02
11.81779 2.61497915e-02
11.85870 2.52944684e-02
11.89975 2.45134144e-02
11.94094 2.37555356e-02
11.98227 2.30202285e-02
12.02375 2.21341370e-02
12.06537 2.10440302e-02
12.10714 2.00060711e-02
12.14905 1.90179843e-02
12.19110 1.82002212e-02
12.23330 1.74610556e-02
12.27565 1.67503730e-02
12.31814 1.60672235e-02
12.36078 1.55886829e-02
12.40357 1.51252396e-02
12.44651 1.46746478e-02
12.48959 1.42752094e-02
12.53283 1.40308342e-02
12.57621 1.37898425e-02
12.61974 1.35521996e-02
12.66343 1.33635140e-02
12.70726 1.32524217e-02
12.75125 1.31415224e-02
12.79539 1.30308210e-02
12.83968 1.30239995e-02
12.88413 1.31256288e-02
12.92873 1.32275351e-02
12.97348 1.33297184e-02
13.01839 1.34487352e-02
13.06345 1.35819736e-02
13.10867 1.37161421e-02
13.15405 1.38512454e-02
13.19959 1.40119973e-02
13.24528 1.41939455e-02
13.29113 1.43779813e-02
13.33713 1.45641343e-02
13.38330 1.47537301e-02
13.42963 1.49468233e-02
13.47612 1.51422314e-02
13.52277 1.53399744e-02
13.56958 1.55184551e-02
13.61655 1.56671915e-02
13.66368 1.58172091e-02
13.71098 1.59685177e-02
13.75844 1.61214093e-02
13.80607 1.62765021e-02
13.85386 1.64329256e-02
13.90182 1.65906896e-02
13.94994 1.67478304e-02
13.99823 1.68077741e-02
14.04668 1.68677871e-02
14.09531 1.69278792e-02
14.14410 1.69880405e-02
14.19306 1.70672070e-02
14.24219 1.71534867e-02
14.29149 1.72399743e-02
14.34096 1.73266695e-02
14.39060 1.74377667e-02
14.44042 1.75889270e-02
14.49041 1.77410172e-02
14.54057 1.78940423e-02
14.59090 1.80479925e-02
14.64141 1.82363517e-02
14.69209 1.84275403e-02
14.74295 1.86202822e-02
14.79398 1.88145873e-02
14.84519 1.91359623e-02
14.89658 1.96036449e-02
14.94814 2.00819085e-02
14.99989 2.05709805e-02
15.05181 2.10710983e-02
15.10392 2.16397820e-02
15.15620 2.22284205e-02
15.20866 2.28324728e-02
15.26131 2.34523346e-02
15.31414 2.41145944e-02
15.36715 2.48616400e-02
15.42034 2.56314155e-02
15.47372 2.64246185e-02
15.52729 2.72419512e-02
15.58103 2.80299404e-02
15.63497 2.88005420e-02
15.68909 2.95920285e-02
15.74340 3.04049192e-02
15.79790 3.12397533e-02
15.85258 3.19329989e-02
15.90746 3.25991566e-02
15.96252 3.32786159e-02
16.01778 3.39715796e-02
16.07323 3.46782357e-02
16.12886 3.52611212e-02
16.18470 3.58432400e-02
16.24072 3.64339264e-02
16.29694 3.70332101e-02
16.35335 3.76411208e-02
16.40996 3.81186423e-02
16.46677 3.85988796e-02
16.52377 3.90833116e-02
16.58097 3.95718543e-02
16.63836 4.00644186e-02
16.69596 4.04068417e-02
16.75375 4.07423494e-02
16.81175 4.10778323e-02
16.86994 4.14131718e-02
16.92834 4.17482244e-02
16.98694 4.19490838e-02
17.04574 4.21209656e-02
17.10474 4.22902603e-02
17.16395 4.24568739e-02
17.22337 4.26207026e-02
17.28299 4.26605035e-02
17.34281 4.26226021e-02
17.40285 4.25812876e-02
17.46309 4.25365450e-02
17.52354 4.24883793e-02
17.58420 4.23964850e-02
17.64507 4.22122860e-02
17.70615 4.20261875e-02
17.76744 4.18382191e-02
17.82894 4.16484155e-02
17.89066 4.14568212e-02
17.95259 4.11223276e-02
18.01473 4.07729841e-02
18.07709 4.04245607e-02
18.13967 4.00770870e-02
18.20246 3.97306027e-02
18.26547 3.93735523e-02
18.32870 3.90002323e-02
18.39214 3.86293214e-02
18.45581 3.82608244e-02
18.51969 3.78947414e-02
18.58380 3.75310674e-02
18.64813 3.71712122e-02
18.71268 3.68145971e-02
18.77746 3.64608412e-02
18.84246 3.61099247e-02
18.90768 3.57618277e-02
18.97313 3.54167878e-02
19.03881 3.50808201e-02
19.10472 3.47476819e-02
19.17085 3.44173485e-02
19.23721 3.40898049e-02
19.30380 3.37650266e-02
19.37062 3.34559044e-02
19.43768 3.32033326e-02
19.50496 3.29525613e-02
19.57248 3.27035906e-02
19.64023 3.24564008e-02
19.70822 3.22109768e-02
19.77644 3.19825101e-02
19.84490 3.18075910e-02
19.91359 3.16335673e-02
19.98252 3.14604438e-02
20.05169 3.12882059e-02
20.12110 3.11168583e-02
20.19076 3.09576201e-02
20.26065 3.08724039e-02
20.33078 3.07873707e-02
20.40116 3.07025106e-02
20.47178 3.06178286e-02
20.54264 3.05333247e-02
20.61375 3.04489940e-02
20.68511 3.03965543e-02
20.75671 3.03471965e-02
20.82856 3.02977348e-02
20.90066 3.02481692e-02
20.97301 3.01984948e-02
21.04561 3.01487165e-02
21.11846 3.00789091e-02
21.19157 2.99924513e-02
21.26492 2.99057065e-02
21.33853 2.98186699e-02
21.41240 2.97313513e-02
21.48652 2.96437508e-02
21.56090 2.95538155e-02
21.63553 2.94205869e-02
21.71043 2.92876106e-02
21.78558 2.91548866e-02
21.86099 2.90224149e-02
21.93666 2.88902053e-02
22.01260 2.87582579e-02
22.08880 2.86165260e-02
22.16526 2.84595782e-02
22.24199 2.83029964e-02
22.31898 2.81467856e-02
22.39624 2.79909557e-02
22.47377 2.78355067e-02
22.55156 2.76804485e-02
22.62962 2.74952948e-02
22.70796 2.72893650e-02
22.78656 2.70846077e-02
22.86544 2.68810227e-02
22.94459 2.66786100e-02
23.02402 2.64773598e-02
23.10372 2.62772770e-02
23.18369 2.60666727e-02
23.26394 2.58500038e-02
23.34447 2.56348188e-02
23.42528 2.54211080e-02
23.50637 2.52088613e-02
23.58774 2.49980789e-02
23.66939 2.47887558e-02
23.75133 2.45725815e-02
23.83354 2.43485123e-02
23.91604 2.41262042e-02
23.99883 2.39056472e-02
24.08191 2.36868264e-02
24.16527 2.34697370e-02
24.24892 2.32543641e-02
24.33286 2.30362458e-02
24.41709 2.27922366e-02
24.50161 2.25505177e-02
24.58642 2.23110644e-02
24.67153 2.20738668e-02
24.75693 2.18389002e-02
24.84263 2.16061496e-02
24.92863 2.13756003e-02
25.01492 2.11345146e-02
25.10151 2.08881756e-02
25.18840 2.06444286e-02
25.27559 2.04032489e-02
25.36309 2.01646167e-02
25.45088 1.99285024e-02
25.53898 1.96948912e-02
25.62739 1.94637532e-02
25.71610 1.92686517e-02
25.80512 1.90789322e-02
25.89444 1.88909342e-02
25.98408 1.87046476e-02
26.07403 1.85200628e-02
26.16428 1.83371598e-02
26.25485 1.81559287e-02
26.34574 1.79763549e-02
26.43694 1.77707467e-02
26.52845 1.75665680e-02
26.62028 1.73645363e-02
26.71243 1.71646365e-02
26.80489 1.69668441e-02
26.89768 1.67711391e-02
26.99079 1.65775068e-02
27.08422 1.63859273e-02
27.17798 1.62102118e-02
27.27205 1.60392105e-02
27.36646 1.58698812e-02
27.46119 1.57022040e-02
27.55625 1.55361741e-02
27.65164 1.53717716e-02
27.74736 1.52089867e-02
27.84341 1.50477996e-02
27.93979 1.48914404e-02
28.03650 1.47407798e-02
28.13355 1.45915388e-02
28.23094 1.44437126e-02
28.32867 1.42972814e-02
28.42673 1.41522353e-02
28.52513 1.40085643e-02
28.62387 1.38662586e-02
28.72295 1.37253082e-02
28.82238 1.35781647e-02
28.92215 1.34305611e-02
29.02227 1.32844514e-02
29.12273 1.31398257e-02
29.22354 1.29966692e-02
29.32470 1.28549719e-02
29.42621 1.27147191e-02
29.52807 1.25758958e-02
29.63029 1.24384972e-02
29.73286 1.23168834e-02
29.83578 1.21981585e-02
29.93906 1.20805168e-02
30.04269 1.19639486e-02
30.14669 1.18484440e-02
30.25104 1.17339979e-02
30.35576 1.16205956e-02
30.46084 1.15082320e-02
30.56628 1.13969023e-02
30.67209 1.12906479e-02
30.77826 1.11870450e-02
30.88481 1.10843423e-02
30.99172 1.09825399e-02
31.09900 1.08816229e-02
31.20665 1.07815865e-02
31.31467 1.06824305e-02
31.42307 1.05841403e-02
31.53184 1.04867107e-02
31.64099 1.03916803e-02
31.75052 1.03031201e-02
31.86043 1.02152822e-02
31.97072 1.01281664e-02
32.08139 1.00417630e-02
32.19244 9.95606696e-03
32.30388 9.87107333e-03
32.41570 9.78678213e-03
32.52791 9.70317852e-03
32.64051 9.62026249e-03
32.75349 9.53554588e-03
32.86687 9.44788600e-03
32.98064 9.36099780e-03
33.09481 9.27487633e-03
33.20937 9.18950676e-03
33.32433 9.10489403e-03
33.43968 9.02102329e-03
33.55544 8.93789951e-03
33.67159 8.85550288e-03
33.78815 8.77383836e-03
33.90511 8.69497860e-03
34.02247 8.62306396e-03
34.14024 8.55172313e-03
34.25842 8.48095612e-03
34.37701 8.41075303e-03
34.49601 8.34111385e-03
34.61542 8.27203365e-03
34.73525 8.20351243e-03
34.85549 8.13553533e-03
34.97614 8.06810732e-03
35.09721 8.00121849e-03
35.21871 7.93544267e-03
35.34062 7.87040884e-03
35.46295 7.80589441e-03
35.58571 7.74189444e-03
35.70889 7.67839903e-03
35.83250 7.61541312e-03
35.95654 7.55293177e-03
36.08101 7.49094509e-03
36.20590 7.42945308e-03
36.33123 7.36845573e-03
36.45700 7.30794316e-03
36.58320 7.24845455e-03
36.70983 7.18957437e-03
36.83691 7.13115919e-03
36.96442 7.07320899e-03
37.09238 7.01571388e-03
37.22077 6.95867387e-03
37.34962 6.90208895e-03
37.47890 6.84594923e-03
37.60864 6.79025965e-03
37.73883 6.73500539e-03
37.86946 6.68019632e-03
38.00055 6.62631228e-03
38.13209 6.57344725e-03
38.26409 6.52099280e-03
38.39654 6.46894397e-03
38.52946 6.41730572e-03
38.66283 6.36606815e-03
38.79667 6.31523125e-03
38.93096 6.26479009e-03
39.06573 6.21474467e-03
39.20096 6.16509003e-03
39.33665 6.11582123e-03
39.47282 6.06694321e-03
39.60946 6.01890119e-03
39.74657 5.97148739e-03
39.88416 5.92443964e-03
40.02222 5.87775795e-03
40.16076 5.83143241e-03
40.29978 5.78546799e-03
40.43928 5.73985477e-03
40.57926 5.69459772e-03
40.71973 5.64969188e-03
40.86069 5.60512736e-03
41.00213 5.56091405e-03
41.14406 5.51703712e-03
41.28648 5.47376863e-03
41.42940 5.43139548e-03
41.57281 5.38934387e-03
41.71672 5.34760884e-03
41.86113 5.30619535e-03
42.00603 5.26509349e-03
42.15144 5.22430328e-03
42.29735 5.18382965e-03
42.44377 5.14365777e-03
42.59069 5.10379259e-03
42.73812 5.06423409e-03
42.88606 5.02497735e-03
43.03451 4.98601740e-03
43.18348 4.94759169e-03
43.33297 4.90973436e-03
43.48297 4.87216195e-03
43.63349 4.83487200e-03
43.78453 4.79786351e-03
43.93609 4.76113303e-03
44.08818 4.72468005e-03
44.24079 4.68850162e-03
44.39394 4.65259574e-03
44.54761 4.61696095e-03
44.70182 4.58159525e-03
44.85655 4.54649568e-03
45.01183 4.51166175e-03
45.16764 4.47709048e-03
45.32399 4.44328298e-03
45.48089 4.40972925e-03
45.63832 4.37642532e-03
45.79630 4.34336972e-03
45.95483 4.31055996e-03
46.11391 4.27799457e-03
46.27353 4.24567206e-03
46.43371 4.21358996e-03
46.59445 4.18174728e-03
46.75574 4.15014253e-03
46.91759 4.11877275e-03
47.08000 4.08763744e-03
47.24297 4.05673413e-03
47.40650 4.02606183e-03
47.57060 3.99601181e-03
47.73527 3.96623783e-03
47.90051 3.93668298e-03
48.06633 3.90734529e-03
48.23271 3.87822377e-03
48.39967 3.84931693e-03
48.56721 3.82062280e-03
48.73533 3.79213989e-03
48.90403 3.76386722e-03
49.07332 3.73580280e-03
49.24319 3.70794466e-03
49.41365 3.68029230e-03
49.58470 3.65284374e-03
49.75634 3.62559799e-03
49.92858 3.59856496e-03
50.10141 3.57207407e-03
50.27484 3.54577561e-03
50.44887 3.51966909e-03
50.62350 3.49375251e-03
50.79874 3.46802490e-03
50.97458 3.44248476e-03
51.15104 3.41713112e-03
51.32810 3.39196198e-03
51.50578 3.36697587e-03
51.68407 3.34217230e-03
51.86298 3.31754977e-03
52.04250 3.29310681e-03
52.22265 3.26884192e-03
52.40343 3.24475413e-03
52.58482 3.22084194e-03
52.76685 3.19726613e-03
52.94951 3.17411375e-03
53.13280 3.15112807e-03
53.31672 3.12830712e-03
53.50128 3.10564941e-03
53.68648 3.08315494e-03
53.87232 3.06082173e-03
54.05880 3.03864879e-03
54.24593 3.01663513e-03
54.43371 2.99477927e-03
54.62214 2.97308072e-03
54.81122 2.95153799e-03
55.00095 2.93015009e-03
55.19134 2.90891553e-03
55.38239 2.88783383e-03
55.57410 2.86690349e-03
55.76647 2.84612353e-03
55.95951 2.82562257e-03
56.15322 2.80529127e-03
56.34760 2.78510491e-03
56.54265 2.76506300e-03
56.73838 2.74516404e-03
56.93479 2.72540706e-03
57.13187 2.70579105e-03
57.32964 2.68631503e-03
57.52809 2.66697851e-03
57.72723 2.64778001e-03
57.92705 2.62871852e-03
58.12757 2.60979307e-03
58.32879 2.59100316e-03
58.53070 2.57234730e-03
58.73331 2.55382500e-03
58.93662 2.53543478e-03
59.14063 2.51717613e-03
59.34535 2.49911487e-03
59.55078 2.48133506e-03
59.75692 2.46368041e-03
59.96377 2.44615041e-03
60.17134 2.42874408e-03
60.37963 2.41146142e-03
60.58864 2.39430044e-03
60.79837 2.37726115e-03
61.00883 2.36034207e-03
61.22002 2.34354220e-03
61.43194 2.32686154e-03
61.64459 2.31029911e-03
61.85797 2.29385343e-03
62.07210 2.27752399e-03
62.28697 2.26131030e-03
62.50258 2.24521137e-03
62.71894 2.22922622e-03
62.93605 2.21335385e-03
63.15390 2.19759426e-03
63.37252 2.18203996e-03
63.59189 2.16665138e-03
63.81201 2.15137013e-03
64.03290 2.13619623e-03
64.25456 2.12112918e-03
64.47698 2.10616700e-03
64.70017 2.09131018e-03
64.92414 2.07655774e-03
65.14888 2.06190868e-03
65.37440 2.04736202e-03
65.60070 2.03291775e-03
65.82778 2.01857489e-03
66.05565 2.00433245e-03
66.28430 1.99018993e-03
66.51375 1.97614634e-03
66.74400 1.96220169e-03
66.97504 1.94835498e-03
67.20688 1.93460522e-03
67.43952 1.92095242e-03
67.67297 1.90739509e-03
67.90722 1.89403365e-03
68.14229 1.88081616e-03
68.37817 1.86769018e-03
68.61486 1.85465571e-03
68.85238 1.84171177e-03
69.09072 1.82885786e-03
69.32988 1.81609298e-03
69.56987 1.80341665e-03
69.81069 1.79082887e-03
70.05235 1.77832815e-03
70.29484 1.76591400e-03
70.53817 1.75358641e-03
70.78235 1.74134440e-03
71.02737 1.72918796e-03
71.27323 1.71711513e-03
71.51995 1.70512688e-03
71.76752 1.69322174e-03
72.01595 1.68139921e-03
72.26524 1.66965879e-03
72.51539 1.65800048e-03
72.76641 1.64642281e-03
73.01830 1.63493616e-03
73.27106 1.62356674e-03
73.52469 1.61227647e-03
73.77920 1.60106386e-03
74.03460 1.58992940e-03
74.29087 1.57887163e-03
74.54804 1.56789101e-03
74.80609 1.55698609e-03
75.06504 1.54615635e-03
75.32488 1.53540230e-03
75.58563 1.52472195e-03
75.84727 1.51411630e-03
76.10982 1.50358385e-03
76.37328 1.49312462e-03
76.63766 1.48273761e-03
76.90295 1.47242233e-03
77.16915 1.46217877e-03
77.43628 1.45200644e-03
77.70433 1.44190436e-03
77.97331 1.43187203e-03
78.24322 1.42190944e-03
78.51407 1.41201611e-03
78.78585 1.40219153e-03
79.05857 1.39243868e-03
79.33224 1.38282385e-03
79.60686 1.37327579e-03
79.88242 1.36379303e-03
80.15894 1.35437557e-03
80.43642 1.34502291e-03
80.71486 1.33573504e-03
80.99426 1.32651050e-03
81.27463 1.31734977e-03
81.55596 1.30825186e-03
81.83828 1.29921677e-03
82.12157 1.29024352e-03
82.40584 1.28133259e-03
82.69109 1.27248251e-03
82.97733 1.26369377e-03
83.26457 1.25496538e-03
83.55279 1.24629684e-03
83.84202 1.23768815e-03
84.13225 1.22913883e-03
84.42348 1.22064788e-03
84.71572 1.21221579e-03
85.00897 1.20384207e-03
85.30323 1.19552573e-03
85.59852 1.18726629e-03
85.89482 1.17906422e-03
86.19215 1.17091854e-03
86.49052 1.16284657e-03
86.78991 1.15483248e-03
87.09034 1.14687378e-03
87.39181 1.13896951e-03
87.69432 1.13111964e-03
87.99789 1.12332419e-03
88.30250 1.11558167e-03
88.60816 1.10789257e-03
88.91489 1.10025640e-03
89.22267 1.09267266e-03
89.53153 1.08514087e-03
89.84145 1.07766101e-03
90.15244 1.07023260e-03
90.46451 1.06285515e-03
90.77766 1.05552814e-03
91.09190 1.04825209e-03
91.40722 1.04102551e-03
91.72363 1.03384888e-03
92.04114 1.02672172e-03
92.35975 1.01964354e-03
92.67946 1.01261383e-03
93.00028 1.00563260e-03
93.32221 9.98699352e-04
93.64525 9.91813592e-04
93.96941 9.84975320e-04
94.29469 9.78184041e-04
94.62110 9.71439756e-04
94.94864 9.64750873e-04
95.27731 9.58130255e-04
95.60712 9.51554651e-04
95.93807 9.45024556e-04
96.27017 9.38538981e-04
96.60342 9.32097432e-04
96.93782 9.25700403e-04
97.27338 9.19347399e-04
97.61010 9.13037431e-04
97.94798 9.06770993e-04
98.28704 9.00547097e-04
98.62727 8.94365743e-04
98.96867 8.88227424e-04
99.31126 8.82130657e-04
99.65504 8.76075443e-04
100.00000 8.70061780e-04
