        2000  1.000000 2.650000
0.10000 8.74102853e-01
0.10035 8.73313153e-01
0.10069 8.72517800e-01
0.10104 8.71716087e-01
0.10139 8.70936987e-01
0.10174 8.70162833e-01
0.10210 8.69367127e-01
0.10245 8.68549867e-01
0.10280 8.67712467e-01
0.10316 8.66854220e-01
0.10352 8.66484280e-01
0.10387 8.66403013e-01
0.10423 8.66271927e-01
0.10459 8.66091727e-01
0.10496 8.65862413e-01
0.10532 8.66240480e-01
0.10568 8.66974707e-01
0.10605 8.67632260e-01
0.10642 8.68213493e-01
0.10679 8.68718760e-01
0.10716 8.70000300e-01
0.10753 8.71548607e-01
0.10790 8.72977133e-01
0.10827 8.74286233e-01
0.10865 8.75477320e-01
0.10902 8.77669400e-01
0.10940 8.80463913e-01
0.10978 8.83084587e-01
0.11016 8.85535307e-01
0.11054 8.87821020e-01
0.11092 8.91743727e-01
0.11131 8.96713360e-01
0.11169 9.01434247e-01
0.11208 9.05920167e-01
0.11247 9.10183487e-01
0.11286 9.13472313e-01
0.11325 9.15520587e-01
0.11364 9.17512680e-01
0.11403 9.17979433e-01
0.11443 9.17595007e-01
0.11482 9.16378480e-01
0.11522 9.11462907e-01
0.11562 9.05465427e-01
0.11602 8.97149373e-01
0.11642 8.84671407e-01
0.11682 8.70609093e-01
0.11723 8.56845347e-01
0.11763 8.43628560e-01
0.11804 8.29616773e-01
0.11845 8.26091920e-01
0.11886 8.25899000e-01
0.11927 8.28727433e-01
0.11968 8.36431513e-01
0.12010 8.44365967e-01
0.12051 8.50459907e-01
0.12093 8.54830993e-01
0.12135 8.57217760e-01
0.12177 8.61280033e-01
0.12219 8.65207333e-01
0.12262 8.67141127e-01
0.12304 8.69338507e-01
0.12347 8.72090267e-01
0.12389 8.74277047e-01
0.12432 8.77100533e-01
0.12475 8.80018713e-01
0.12518 8.82734787e-01
0.12562 8.85659327e-01
0.12605 8.88467973e-01
0.12649 8.91172033e-01
0.12693 8.94037920e-01
0.12737 8.96840913e-01
0.12781 8.99588080e-01
0.12825 9.02265993e-01
0.12869 9.04889493e-01
0.12914 9.07456460e-01
0.12959 9.09820260e-01
0.13003 9.12167100e-01
0.13048 9.14490267e-01
0.13094 9.16719800e-01
0.13139 9.18895627e-01
0.13184 9.20973580e-01
0.13230 9.22828933e-01
0.13276 9.24485713e-01
0.13322 9.25850287e-01
0.13368 9.26766833e-01
0.13414 9.27162567e-01
0.13461 9.27169987e-01
0.13507 9.26698287e-01
0.13554 9.25815307e-01
0.13601 9.24380067e-01
0.13648 9.22422600e-01
0.13695 9.18782913e-01
0.13743 9.15891587e-01
0.13790 9.10199740e-01
0.13838 9.04522027e-01
0.13886 8.97434513e-01
0.13934 8.86740880e-01
0.13982 8.71398793e-01
0.14031 8.43749753e-01
0.14079 8.27007407e-01
0.14128 7.92934060e-01
0.14177 7.85008793e-01
0.14226 7.44309033e-01
0.14275 7.32648680e-01
0.14324 6.73488667e-01
0.14374 6.53652533e-01
0.14424 5.96350700e-01
0.14474 5.43431260e-01
0.14524 5.01952400e-01
0.14574 4.18065413e-01
0.14625 3.97362907e-01
0.14675 2.97189797e-01
0.14726 2.62968015e-01
0.14777 2.06226074e-01
0.14828 1.38208489e-01
0.14879 1.26790451e-01
0.14931 8.65749700e-02
0.14983 7.81573687e-02
0.15034 9.96608467e-02
0.15087 7.11493907e-02
0.15139 6.98737867e-02
0.15191 5.46290080e-02
0.15244 3.05713611e-02
0.15297 2.31130032e-02
0.15349 1.89678414e-02
0.15403 1.09493018e-02
0.15456 7.35014247e-03
0.15509 6.37172713e-03
0.15563 4.43014987e-03
0.15617 2.94781689e-03
0.15671 3.05428612e-03
0.15725 1.86669675e-03
0.15780 1.30431269e-03
0.15834 1.45687389e-03
0.15889 8.30907147e-04
0.15944 7.26447680e-04
0.15999 8.19088147e-04
0.16055 8.36989427e-04
0.16110 8.51672193e-04
0.16166 7.41383080e-04
0.16222 8.11415867e-04
0.16278 9.90111727e-04
0.16335 7.05516920e-04
0.16391 1.05927849e-03
0.16448 7.80711553e-04
0.16505 9.71517913e-04
0.16562 7.04347033e-04
0.16619 7.49958127e-04
0.16677 7.72168660e-04
0.16734 7.98217453e-04
0.16792 7.27580820e-04
0.16851 1.88122087e-03
0.16909 7.60636567e-04
0.16967 8.25133327e-04
0.17026 7.23141187e-04
0.17085 2.96507546e-03
0.17144 7.34080033e-04
0.17204 8.43809113e-04
0.17263 7.08369027e-04
0.17323 9.79467913e-04
0.17383 7.02630540e-04
0.17443 7.80163533e-04
0.17503 7.10936347e-04
0.17564 8.31008200e-04
0.17625 6.78836013e-04
0.17686 7.16150487e-04
0.17747 7.33541553e-04
0.17808 7.79997467e-04
0.17870 2.45305695e-03
0.17932 6.73083040e-04
0.17994 1.09264765e-03
0.18056 6.96497733e-04
0.18119 8.15014920e-04
0.18182 6.57906313e-04
0.18244 6.72312773e-04
0.18308 7.06924600e-04
0.18371 6.98986967e-04
0.18435 1.15752035e-03
0.18498 6.39680320e-04
0.18562 6.80801607e-04
0.18627 6.80929160e-04
0.18691 6.85220747e-04
0.18756 9.71583987e-04
0.18821 6.32854627e-04
0.18886 6.81380367e-04
0.18951 6.61958340e-04
0.19017 6.61687687e-04
0.19083 7.96699533e-04
0.19149 6.46342773e-04
0.19215 6.46961813e-04
0.19282 7.03691953e-04
0.19348 6.33835480e-04
0.19415 6.87162313e-04
0.19483 7.44621733e-04
0.19550 6.18153487e-04
0.19618 9.99024207e-04
0.19686 6.24217747e-04
0.19754 5.96303000e-03
0.19822 6.95292513e-04
0.19891 6.47527853e-04
0.19960 6.52348733e-04
0.20029 7.12624220e-04
0.20098 6.11324613e-04
0.20168 6.31033547e-04
0.20237 6.66045347e-04
0.20307 6.29213173e-04
0.20378 7.49607267e-04
0.20448 6.57450160e-04
0.20519 6.21137033e-04
0.20590 6.07666200e-04
0.20661 6.30566793e-04
0.20733 6.24234000e-04
0.20805 7.49175847e-04
0.20877 7.12995927e-04
0.20949 5.97066200e-04
0.21021 6.63053673e-04
0.21094 5.89522180e-04
0.21167 6.04895007e-04
0.21240 6.12412527e-04
0.21314 6.34006493e-04
0.21388 6.71958380e-04
0.21462 5.98779513e-04
0.21536 6.02778187e-04
0.21611 5.72052673e-04
0.21685 5.82592960e-04
0.21760 6.13396560e-04
0.21836 6.08755527e-04
0.21911 6.46509547e-04
0.21987 5.98032920e-04
0.22063 6.07943213e-04
0.22140 5.54202980e-04
0.22216 5.62970947e-04
0.22293 5.99348380e-04
0.22370 5.93640987e-04
0.22448 6.15119060e-04
0.22526 5.93186953e-04
0.22604 8.51373273e-04
0.22682 5.36060020e-04
0.22760 5.39687693e-04
0.22839 5.63679380e-04
0.22918 6.58097113e-04
0.22998 5.75755607e-04
0.23077 5.93628620e-04
0.23157 7.74268167e-04
0.23237 5.44921620e-04
0.23318 5.17818833e-04
0.23398 5.29491553e-04
0.23479 8.93947467e-04
0.23561 5.51405287e-04
0.23642 5.62668847e-04
0.23724 5.81247113e-04
0.23806 1.00068311e-03
0.23889 5.16658840e-04
0.23971 5.04820407e-04
0.24054 6.20419413e-04
0.24137 1.00260701e-03
0.24221 5.30123313e-04
0.24305 5.43512173e-04
0.24389 5.76949167e-04
0.24473 9.01385840e-04
0.24558 5.02999680e-04
0.24643 4.91025213e-04
0.24728 5.29136453e-04
0.24814 8.14681373e-04
0.24900 5.15775860e-04
0.24986 5.23800767e-04
0.25073 5.56548760e-04
0.25159 7.91109800e-04
0.25246 5.08142800e-04
0.25334 4.80513193e-04
0.25422 5.02779200e-04
0.25510 1.06443115e-03
0.25598 5.07549200e-04
0.25687 5.01401907e-04
0.25775 5.25072060e-04
0.25865 6.25216620e-04
0.25954 5.79525320e-04
0.26044 4.85224893e-04
0.26134 4.72068173e-04
0.26225 6.36333547e-04
0.26315 5.55367213e-04
0.26406 4.81014927e-04
0.26498 4.90041887e-04
0.26590 5.23379593e-04
0.26682 6.26382973e-04
0.26774 5.27440100e-04
0.26867 4.63637287e-04
0.26960 4.79140493e-04
0.27053 7.74871307e-04
0.27147 5.04653987e-04
0.27241 4.65813113e-04
0.27335 5.63521087e-04
0.27430 5.04666353e-04
0.27525 5.72810573e-04
0.27620 6.26735600e-04
0.27715 4.56499953e-04
0.27811 4.72314800e-04
0.27908 6.88837113e-04
0.28004 5.03818707e-04
0.28101 4.54719153e-04
0.28198 4.59432973e-04
0.28296 4.77074553e-04
0.28394 5.20686840e-04
0.28492 5.34726540e-04
0.28591 4.61991107e-04
0.28690 4.52037353e-04
0.28789 5.52367767e-04
0.28889 5.57443400e-04
0.28989 4.51078760e-04
0.29089 4.38143933e-04
0.29190 4.46055067e-04
0.29291 4.72636333e-04
0.29392 5.33387407e-04
0.29494 4.81764347e-04
0.29596 4.48626980e-04
0.29699 4.62212293e-04
0.29801 5.68024320e-04
0.29905 4.92329720e-04
0.30008 4.43702573e-04
0.30112 4.18018420e-04
0.30216 4.29333920e-04
0.30321 6.36594660e-04
0.30426 4.66068220e-04
0.30531 4.58715353e-04
0.30637 4.41544060e-04
0.30743 4.54505033e-04
0.30849 5.25003513e-04
0.30956 5.25508427e-04
0.31063 4.21098780e-04
0.31171 4.03385120e-04
0.31279 4.13074580e-04
0.31387 9.68589133e-04
0.31496 4.33348847e-04
0.31605 4.35834193e-04
0.31714 4.30062847e-04
0.31824 4.32410393e-04
0.31934 4.70062653e-04
0.32044 6.28640067e-04
0.32155 4.31159593e-04
0.32267 3.95171180e-04
0.32378 3.95104400e-04
0.32490 3.15086307e-03
0.32603 4.08428953e-04
0.32716 4.10285367e-04
0.32829 4.13552287e-04
0.32943 4.14132107e-04
0.33057 4.24568513e-04
0.33171 4.77761433e-04
0.33286 4.73335580e-04
0.33401 4.08151233e-04
0.33517 3.82444820e-04
0.33633 4.11834733e-04
0.33749 4.48981373e-04
0.33866 3.82730313e-04
0.33983 3.86674220e-04
0.34101 3.92390800e-04
0.34219 3.97731433e-04
0.34337 4.10503727e-04
0.34456 6.31967053e-04
0.34576 4.44247767e-04
0.34695 4.07170380e-04
0.34815 3.80578160e-04
0.34936 4.19682620e-04
0.35057 4.68240513e-04
0.35178 3.61148007e-04
0.35300 3.60356893e-04
0.35422 3.65948747e-04
0.35545 3.73245433e-04
0.35668 3.85585600e-04
0.35791 4.81924407e-04
0.35915 4.42864113e-04
0.36039 4.08144873e-04
0.36164 3.88870540e-04
0.36289 3.85909960e-04
0.36415 1.42549542e-03
0.36541 3.70590840e-04
0.36668 3.42159273e-04
0.36795 3.41277176e-04
0.36922 3.45914323e-04
0.37050 3.54180627e-04
0.37178 3.75430800e-04
0.37307 1.54416595e-03
0.37436 4.00219253e-04
0.37565 3.85329080e-04
0.37695 3.79178607e-04
0.37826 3.88932020e-04
0.37957 1.09217524e-03
0.38088 3.79993393e-04
0.38220 3.30864761e-04
0.38352 3.24553450e-04
0.38485 3.26650695e-04
0.38618 3.33870037e-04
0.38752 3.52946575e-04
0.38886 6.01093140e-04
0.39021 4.21304067e-04
0.39156 3.65362213e-04
0.39291 3.64502553e-04
0.39427 3.69699380e-04
0.39564 4.42784967e-04
0.39701 7.82176827e-04
0.39838 3.48811621e-04
0.39976 3.14872011e-04
0.40115 3.08028333e-04
0.40253 3.09647624e-04
0.40393 3.18607133e-04
0.40533 3.50197712e-04
0.40673 9.98107307e-04
0.40814 3.96533280e-04
0.40955 3.46609294e-04
0.41097 3.47006511e-04
0.41239 3.57009060e-04
0.41382 4.07233273e-04
0.41525 8.07537680e-04
0.41669 3.95536880e-04
0.41813 3.16291951e-04
0.41958 2.98421835e-04
0.42103 2.94040997e-04
0.42249 2.97864947e-04
0.42395 3.16160971e-04
0.42542 4.31682173e-04
0.42689 7.47439213e-04
0.42837 3.44645573e-04
0.42985 3.25025433e-04
0.43134 3.29507855e-04
0.43283 3.46162115e-04
0.43433 4.07344927e-04
0.43583 6.55018520e-04
0.43734 4.14569180e-04
0.43886 3.18383649e-04
0.44037 2.93706920e-04
0.44190 2.85893554e-04
0.44343 2.87387306e-04
0.44496 3.03091206e-04
0.44650 3.83593153e-04
0.44805 9.37578127e-04
0.44960 3.67451473e-04
0.45116 3.10501984e-04
0.45272 3.06444410e-04
0.45429 3.15773470e-04
0.45586 3.41274985e-04
0.45744 4.18959347e-04
0.45902 5.45135740e-04
0.46061 3.89849273e-04
0.46220 3.11594809e-04
0.46380 2.86411717e-04
0.46541 2.78175411e-04
0.46702 2.80349224e-04
0.46864 2.98955581e-04
0.47026 3.81974533e-04
0.47189 7.50876440e-04
0.47352 3.91283807e-04
0.47516 3.04181805e-04
0.47680 2.91072749e-04
0.47845 2.94871507e-04
0.48011 3.09758889e-04
0.48177 3.43985865e-04
0.48344 4.17178547e-04
0.48511 4.49523740e-04
0.48679 3.56942280e-04
0.48848 3.00734967e-04
0.49017 2.77940409e-04
0.49186 2.70422253e-04
0.49357 2.74453186e-04
0.49528 2.98091893e-04
0.49699 3.86925440e-04
0.49871 6.10102080e-04
0.50044 3.96115287e-04
0.50217 2.99207119e-04
0.50391 2.78062133e-04
0.50565 2.76996479e-04
0.50740 2.85795327e-04
0.50916 3.04751661e-04
0.51092 3.38966977e-04
0.51269 3.83552873e-04
0.51446 3.83120393e-04
0.51625 3.31813602e-04
0.51803 2.92555018e-04
0.51983 2.73108682e-04
0.52163 2.66786807e-04
0.52343 2.72523209e-04
0.52524 2.98708777e-04
0.52706 3.76886180e-04
0.52889 5.04009153e-04
0.53072 3.93901653e-04
0.53255 2.98001793e-04
0.53440 2.70779049e-04
0.53625 2.72538755e-04
0.53810 2.75780942e-04
0.53997 2.80399751e-04
0.54183 2.89775945e-04
0.54371 3.14125877e-04
0.54559 3.36621691e-04
0.54748 3.35936472e-04
0.54938 3.11099365e-04
0.55128 2.85434998e-04
0.55319 2.79029489e-04
0.55510 2.77971962e-04
0.55702 2.80237359e-04
0.55895 2.92626391e-04
0.56089 3.45887540e-04
0.56283 4.20879007e-04
0.56478 3.91956907e-04
0.56673 3.09847399e-04
0.56869 2.86749257e-04
0.57066 2.85127457e-04
0.57264 2.85841826e-04
0.57462 2.87970377e-04
0.57661 2.91346229e-04
0.57860 2.95981291e-04
0.58061 3.01394005e-04
0.58262 3.05600862e-04
0.58463 3.05228413e-04
0.58666 2.99078223e-04
0.58869 2.90416821e-04
0.59073 2.83125223e-04
0.59277 2.78893879e-04
0.59482 2.78107253e-04
0.59688 2.81149983e-04
0.59895 3.03562835e-04
0.60102 3.46603464e-04
0.60310 3.66978007e-04
0.60519 3.29785575e-04
0.60728 2.82268637e-04
0.60939 2.71060232e-04
0.61150 2.67681977e-04
0.61361 2.66657381e-04
0.61574 2.67100991e-04
0.61787 2.68620713e-04
0.62001 2.70970662e-04
0.62215 2.73752031e-04
0.62431 2.76124135e-04
0.62647 2.76744517e-04
0.62864 2.74381636e-04
0.63081 2.69034961e-04
0.63300 2.62232199e-04
0.63519 2.55984488e-04
0.63739 2.51771907e-04
0.63959 2.53760149e-04
0.64181 2.65068688e-04
0.64403 2.84481457e-04
0.64626 3.07539213e-04
0.64849 3.17974807e-04
0.65074 3.02004777e-04
0.65299 2.72373643e-04
0.65525 2.46885059e-04
0.65752 2.30253624e-04
0.65980 2.24227665e-04
0.66208 2.22849135e-04
0.66437 2.22763558e-04
0.66667 2.23576048e-04
0.66898 2.24968146e-04
0.67130 2.26581148e-04
0.67362 2.28563737e-04
0.67595 2.32566297e-04
0.67829 2.35422926e-04
0.68064 2.36782270e-04
0.68299 2.36896114e-04
0.68536 2.36617122e-04
0.68773 2.37141716e-04
0.69011 2.39707976e-04
0.69250 2.45360143e-04
0.69490 2.54581967e-04
0.69730 2.66354327e-04
0.69972 2.76644418e-04
0.70214 2.78772827e-04
0.70457 2.69093119e-04
0.70701 2.51743499e-04
0.70946 2.33806426e-04
0.71191 2.19315908e-04
0.71438 2.09065567e-04
0.71685 2.02481447e-04
0.71933 1.98747209e-04
0.72182 1.97163039e-04
0.72432 1.97187631e-04
0.72683 1.98394653e-04
0.72934 2.00422998e-04
0.73187 2.02944597e-04
0.73440 2.05657808e-04
0.73694 2.08309221e-04
0.73949 2.10739236e-04
0.74205 2.12932411e-04
0.74462 2.15046369e-04
0.74720 2.17396955e-04
0.74979 2.20394140e-04
0.75238 2.24430514e-04
0.75499 2.29710162e-04
0.75760 2.35986987e-04
0.76022 2.42236641e-04
0.76285 2.46521797e-04
0.76549 2.46597022e-04
0.76814 2.41356629e-04
0.77080 2.31832565e-04
0.77347 2.20448553e-04
0.77615 2.09445647e-04
0.77884 2.00078039e-04
0.78153 1.92729589e-04
0.78424 1.87310586e-04
0.78695 1.83555889e-04
0.78968 1.81174281e-04
0.79241 1.79903306e-04
0.79515 1.79520964e-04
0.79790 1.79841649e-04
0.80067 1.80709436e-04
0.80344 1.81993520e-04
0.80622 1.83588113e-04
0.80901 1.85415977e-04
0.81181 1.87434182e-04
0.81462 1.89638770e-04
0.81744 1.92064757e-04
0.82027 1.94776555e-04
0.82311 1.97845007e-04
0.82596 2.01306861e-04
0.82882 2.05105336e-04
0.83169 2.09016948e-04
0.83457 2.12590455e-04
0.83745 2.15152581e-04
0.84035 2.15950302e-04
0.84326 2.14434820e-04
0.84618 2.10547341e-04
0.84911 2.04787371e-04
0.85205 1.99625489e-04
0.85500 1.95881357e-04
0.85796 1.93087586e-04
0.86093 1.91421655e-04
0.86391 1.90881231e-04
0.86690 1.91366817e-04
0.86990 1.92740471e-04
0.87291 1.94858952e-04
0.87593 1.97588876e-04
0.87897 2.00812018e-04
0.88201 2.04426123e-04
0.88506 2.08343883e-04
0.88813 2.12491946e-04
0.89120 2.16810280e-04
0.89428 2.21251892e-04
0.89738 2.25782191e-04
0.90049 2.30377821e-04
0.90360 2.35023695e-04
0.90673 2.39707658e-04
0.90987 2.44412150e-04
0.91302 2.49102721e-04
0.91618 2.53714392e-04
0.91935 2.58138655e-04
0.92253 2.62215345e-04
0.92573 2.65737124e-04
0.92893 2.68473973e-04
0.93215 2.70220394e-04
0.93537 2.70857207e-04
0.93861 2.70405823e-04
0.94186 2.69047186e-04
0.94512 2.67091203e-04
0.94839 2.64907038e-04
0.95168 2.62846186e-04
0.95497 2.61186827e-04
0.95828 2.60111174e-04
0.96159 2.59710953e-04
0.96492 2.60007471e-04
0.96826 2.60975145e-04
0.97161 2.62561541e-04
0.97498 2.64702140e-04
0.97835 2.67329633e-04
0.98174 2.70379253e-04
0.98514 2.73791357e-04
0.98855 2.77512452e-04
0.99197 2.81494943e-04
0.99540 2.85696853e-04
0.99885 2.90080695e-04
1.00231 2.94612619e-04
1.00578 2.99260861e-04
1.00926 3.03994397e-04
1.01275 3.08780791e-04
1.01626 3.13584181e-04
1.01978 3.18362379e-04
1.02330 3.23064468e-04
1.02685 3.27628051e-04
1.03040 3.31977902e-04
1.03397 3.36026077e-04
1.03755 3.39674845e-04
1.04114 3.42823292e-04
1.04474 3.45377998e-04
1.04836 3.47266706e-04
1.05199 3.48452705e-04
1.05563 3.48946771e-04
1.05928 3.48812221e-04
1.06295 3.48161452e-04
1.06663 3.47143181e-04
1.07032 3.45924251e-04
1.07403 3.44669812e-04
1.07775 3.43527026e-04
1.08148 3.42614295e-04
1.08522 3.42017021e-04
1.08898 3.41788661e-04
1.09275 3.41955117e-04
1.09653 3.42520521e-04
1.10032 3.43473496e-04
1.10413 3.44792277e-04
1.10796 3.46449128e-04
1.11179 3.48413237e-04
1.11564 3.50653053e-04
1.11950 3.53137516e-04
1.12338 3.55836700e-04
1.12726 3.58722373e-04
1.13117 3.61767047e-04
1.13508 3.64945280e-04
1.13901 3.68231280e-04
1.14295 3.71600313e-04
1.14691 3.75026233e-04
1.15088 3.78482540e-04
1.15487 3.81939907e-04
1.15886 3.85367947e-04
1.16287 3.88732033e-04
1.16690 3.91994713e-04
1.17094 3.95115707e-04
1.17499 3.98050847e-04
1.17906 4.00755260e-04
1.18314 4.03182660e-04
1.18724 4.05289233e-04
1.19135 4.07035407e-04
1.19547 4.08389027e-04
1.19961 4.09329600e-04
1.20376 4.09850060e-04
1.20793 4.09959593e-04
1.21211 4.09683993e-04
1.21630 4.09064600e-04
1.22052 4.08157593e-04
1.22474 4.07028693e-04
1.22898 4.05748920e-04
1.23323 4.04390353e-04
1.23750 4.03022247e-04
1.24179 4.01706433e-04
1.24609 4.00495207e-04
1.25040 3.99431320e-04
1.25473 3.98546220e-04
1.25907 3.97860753e-04
1.26343 3.97386933e-04
1.26780 3.97130060e-04
1.27219 3.97088013e-04
1.27659 3.97254080e-04
1.28101 3.97618013e-04
1.28545 3.98167447e-04
1.28990 3.98887893e-04
1.29436 3.99763807e-04
1.29884 4.00778580e-04
1.30334 4.01916313e-04
1.30785 4.03160047e-04
1.31238 4.04493173e-04
1.31692 4.05899087e-04
1.32148 4.07360827e-04
1.32605 4.08861433e-04
1.33064 4.10383593e-04
1.33525 4.11909640e-04
1.33987 4.13421553e-04
1.34451 4.14900960e-04
1.34916 4.16328780e-04
1.35383 4.17685580e-04
1.35852 4.18951220e-04
1.36322 4.20105913e-04
1.36794 4.21129167e-04
1.37268 4.22002253e-04
1.37743 4.22706093e-04
1.38220 4.23223727e-04
1.38698 4.23539960e-04
1.39178 4.23642780e-04
1.39660 4.23522647e-04
1.40144 4.23175320e-04
1.40629 4.22600093e-04
1.41115 4.21800853e-04
1.41604 4.20787493e-04
1.42094 4.19573793e-04
1.42586 4.18178127e-04
1.43080 4.16623107e-04
1.43575 4.14934880e-04
1.44072 4.13140300e-04
1.44571 4.11269047e-04
1.45071 4.09349740e-04
1.45573 4.07411000e-04
1.46077 4.05479327e-04
1.46583 4.03578747e-04
1.47090 4.01731167e-04
1.47599 3.99954607e-04
1.48110 3.98264260e-04
1.48623 3.96671787e-04
1.49137 3.95184960e-04
1.49654 3.93810140e-04
1.50172 3.92550153e-04
1.50692 3.91405000e-04
1.51213 3.90373267e-04
1.51737 3.89451773e-04
1.52262 3.88636280e-04
1.52789 3.87920427e-04
1.53318 3.87297853e-04
1.53849 3.86761140e-04
1.54381 3.86302513e-04
1.54916 3.85913493e-04
1.55452 3.85585600e-04
1.55990 3.85310000e-04
1.56530 3.85078213e-04
1.57072 3.84880700e-04
1.57615 3.84708627e-04
1.58161 3.84553160e-04
1.58709 3.84404760e-04
1.59258 3.84254593e-04
1.59809 3.84093473e-04
1.60362 3.83912213e-04
1.60918 3.83701980e-04
1.61475 3.83453940e-04
1.62034 3.83159260e-04
1.62594 3.82809460e-04
1.63157 3.82396060e-04
1.63722 3.81910933e-04
1.64289 3.81347013e-04
1.64857 3.80697233e-04
1.65428 3.79955233e-04
1.66001 3.79115360e-04
1.66575 3.78172667e-04
1.67152 3.77123620e-04
1.67731 3.75965747e-04
1.68311 3.74697280e-04
1.68894 3.73317867e-04
1.69478 3.71828920e-04
1.70065 3.70232560e-04
1.70654 3.68532673e-04
1.71245 3.66734207e-04
1.71837 3.64843167e-04
1.72432 3.62867327e-04
1.73029 3.60815167e-04
1.73628 3.58695520e-04
1.74229 3.56518633e-04
1.74832 3.54295107e-04
1.75437 3.52035434e-04
1.76045 3.49750745e-04
1.76654 3.47451817e-04
1.77266 3.45149109e-04
1.77879 3.42852795e-04
1.78495 3.40572347e-04
1.79113 3.38316631e-04
1.79733 3.36093670e-04
1.80355 3.33910565e-04
1.80979 3.31773605e-04
1.81606 3.29688019e-04
1.82234 3.27658225e-04
1.82865 3.25687579e-04
1.83498 3.23778625e-04
1.84133 3.21933059e-04
1.84771 3.20151729e-04
1.85410 3.18434812e-04
1.86052 3.16781707e-04
1.86696 3.15191353e-04
1.87342 3.13662056e-04
1.87991 3.12191695e-04
1.88642 3.10777690e-04
1.89295 3.09417109e-04
1.89950 3.08106843e-04
1.90607 3.06843394e-04
1.91267 3.05623122e-04
1.91929 3.04442247e-04
1.92594 3.03296846e-04
1.93260 3.02182927e-04
1.93929 3.01096392e-04
1.94601 3.00033212e-04
1.95274 2.98989253e-04
1.95950 2.97960453e-04
1.96629 2.96942711e-04
1.97309 2.95932037e-04
1.97992 2.94924542e-04
1.98678 2.93916270e-04
1.99365 2.92903475e-04
2.00055 2.91882519e-04
2.00748 2.90849761e-04
2.01443 2.89801845e-04
2.02140 2.88735379e-04
2.02840 2.87647289e-04
2.03542 2.86534571e-04
2.04247 2.85394400e-04
2.04954 2.84224160e-04
2.05663 2.83021449e-04
2.06375 2.81784040e-04
2.07090 2.80510026e-04
2.07806 2.79197640e-04
2.08526 2.77845433e-04
2.09247 2.76452205e-04
2.09972 2.75017035e-04
2.10699 2.73539289e-04
2.11428 2.72018649e-04
2.12160 2.70455078e-04
2.12894 2.68848860e-04
2.13631 2.67200525e-04
2.14371 2.65510991e-04
2.15113 2.63781424e-04
2.15857 2.62013273e-04
2.16605 2.60208341e-04
2.17354 2.58368534e-04
2.18107 2.56496185e-04
2.18862 2.54593733e-04
2.19619 2.52663861e-04
2.20380 2.50709433e-04
2.21143 2.48733452e-04
2.21908 2.46739062e-04
2.22676 2.44729514e-04
2.23447 2.42708023e-04
2.24220 2.40678017e-04
2.24997 2.38642747e-04
2.25775 2.36605568e-04
2.26557 2.34569732e-04
2.27341 2.32538454e-04
2.28128 2.30514737e-04
2.28918 2.28501656e-04
2.29710 2.26501931e-04
2.30505 2.24518282e-04
2.31303 2.22553219e-04
2.32104 2.20609002e-04
2.32908 2.18687752e-04
2.33714 2.16791447e-04
2.34523 2.14921749e-04
2.35335 2.13080175e-04
2.36149 2.11268070e-04
2.36967 2.09486493e-04
2.37787 2.07736362e-04
2.38610 2.06018420e-04
2.39436 2.04333197e-04
2.40265 2.02681010e-04
2.41097 2.01062107e-04
2.41931 1.99476453e-04
2.42769 1.97923977e-04
2.43609 1.96404361e-04
2.44452 1.94917287e-04
2.45298 1.93462225e-04
2.46148 1.92038504e-04
2.47000 1.90645487e-04
2.47855 1.89282363e-04
2.48713 1.87948176e-04
2.49574 1.86642079e-04
2.50438 1.85363013e-04
2.51304 1.84109916e-04
2.52174 1.82881659e-04
2.53047 1.81677110e-04
2.53923 1.80495104e-04
2.54802 1.79334439e-04
2.55684 1.78193879e-04
2.56569 1.77072223e-04
2.57457 1.75968162e-04
2.58349 1.74880461e-04
2.59243 1.73807917e-04
2.60140 1.72749260e-04
2.61041 1.71703252e-04
2.61944 1.70668657e-04
2.62851 1.69644308e-04
2.63761 1.68628969e-04
2.64674 1.67621510e-04
2.65590 1.66620729e-04
2.66510 1.65625565e-04
2.67432 1.64634889e-04
2.68358 1.63647641e-04
2.69287 1.62662795e-04
2.70219 1.61679362e-04
2.71154 1.60696389e-04
2.72093 1.59712956e-04
2.73035 1.58728145e-04
2.73980 1.57741179e-04
2.74928 1.56751175e-04
2.75880 1.55757460e-04
2.76835 1.54759329e-04
2.77793 1.53756074e-04
2.78755 1.52747095e-04
2.79720 1.51731863e-04
2.80688 1.50709811e-04
2.81660 1.49680551e-04
2.82635 1.48643623e-04
2.83613 1.47598711e-04
2.84595 1.46545495e-04
2.85580 1.45483693e-04
2.86569 1.44413163e-04
2.87561 1.43333765e-04
2.88556 1.42245357e-04
2.89555 1.41147939e-04
2.90557 1.40041547e-04
2.91563 1.38926179e-04
2.92572 1.37802014e-04
2.93585 1.36669192e-04
2.94601 1.35527961e-04
2.95621 1.34378532e-04
2.96644 1.33221224e-04
2.97671 1.32056390e-04
2.98702 1.30884383e-04
2.99736 1.29705663e-04
3.00773 1.28520689e-04
3.01814 1.27329956e-04
3.02859 1.26133958e-04
3.03907 1.24933261e-04
3.04960 1.23728429e-04
3.06015 1.22520065e-04
3.07074 1.21308803e-04
3.08137 1.20095244e-04
3.09204 1.18880025e-04
3.10274 1.17663851e-04
3.11348 1.16447325e-04
3.12426 1.15231116e-04
3.13508 1.14015932e-04
3.14593 1.12802444e-04
3.15682 1.11591253e-04
3.16775 1.10383065e-04
3.17871 1.09178481e-04
3.18972 1.07978172e-04
3.20076 1.06782775e-04
3.21184 1.05592854e-04
3.22295 1.04409011e-04
3.23411 1.03231810e-04
3.24531 1.02061817e-04
3.25654 1.00899563e-04
3.26781 9.97455053e-05
3.27912 9.86001753e-05
3.29047 9.74640320e-05
3.30187 9.63374287e-05
3.31330 9.52208600e-05
3.32476 9.41146440e-05
3.33627 9.30191340e-05
3.34782 9.19346833e-05
3.35941 9.08615393e-05
3.37104 8.98000200e-05
3.38271 8.87503020e-05
3.39442 8.77126680e-05
3.40617 8.66872593e-05
3.41796 8.56742527e-05
3.42979 8.46737540e-05
3.44166 8.36859400e-05
3.45358 8.27108460e-05
3.46553 8.17485780e-05
3.47753 8.07991360e-05
3.48957 7.98625553e-05
3.50164 7.89388713e-05
3.51377 7.80280840e-05
3.52593 7.71300873e-05
3.53814 7.62448813e-05
3.55038 7.53723600e-05
3.56267 7.45125233e-05
3.57500 7.36651947e-05
3.58738 7.28303033e-05
3.59980 7.20077080e-05
3.61226 7.11973380e-05
3.62476 7.03989460e-05
3.63731 6.96124967e-05
3.64990 6.88377427e-05
3.66254 6.80745427e-05
3.67521 6.73227553e-05
3.68794 6.65821333e-05
3.70070 6.58525707e-05
3.71351 6.51338553e-05
3.72637 6.44257400e-05
3.73927 6.37280833e-05
3.75221 6.30406733e-05
3.76520 6.23632980e-05
3.77823 6.16957807e-05
3.79131 6.10379093e-05
3.80443 6.03894720e-05
3.81760 5.97502567e-05
3.83082 5.91200513e-05
3.84408 5.84987147e-05
3.85739 5.77927547e-05
3.87074 5.70820953e-05
3.88414 5.63823893e-05
3.89758 5.56933893e-05
3.91107 5.50147773e-05
3.92461 5.43463413e-05
3.93820 5.36877987e-05
3.95183 5.30389020e-05
3.96551 5.23994040e-05
3.97924 5.17690220e-05
3.99301 5.11475793e-05
4.00683 5.05347933e-05
4.02070 4.99304873e-05
4.03462 4.93344140e-05
4.04859 4.87463967e-05
4.06260 4.81661880e-05
4.07667 4.75936113e-05
4.09078 4.70284900e-05
4.10494 4.64706120e-05
4.11915 4.59198007e-05
4.13341 4.53759147e-05
4.14771 4.48387773e-05
4.16207 4.43081767e-05
4.17648 4.37525600e-05
4.19094 4.31877567e-05
4.20545 4.26301967e-05
4.22000 4.20797387e-05
4.23461 4.15362060e-05
4.24927 4.09994927e-05
4.26398 4.04693867e-05
4.27874 3.99457467e-05
4.29355 3.94285020e-05
4.30841 3.89175113e-05
4.32332 3.84125980e-05
4.33829 3.79136913e-05
4.35331 3.74206500e-05
4.36838 3.69334033e-05
4.38350 3.64518100e-05
4.39867 3.59757993e-05
4.41390 3.55052653e-05
4.42918 3.50401091e-05
4.44451 3.45802493e-05
4.45990 3.41256047e-05
4.47533 3.36760940e-05
4.49083 3.32316395e-05
4.50637 3.27921741e-05
4.52197 3.23576236e-05
4.53762 3.19279243e-05
4.55333 3.14911478e-05
4.56909 3.10489900e-05
4.58491 3.06120262e-05
4.60078 3.01801963e-05
4.61670 2.97534333e-05
4.63269 2.93316805e-05
4.64872 2.89148743e-05
4.66481 2.85029619e-05
4.68096 2.80958865e-05
4.69717 2.76935989e-05
4.71343 2.72960423e-05
4.72974 2.69031745e-05
4.74611 2.65149425e-05
4.76254 2.61313002e-05
4.77903 2.57522053e-05
4.79557 2.53776084e-05
4.81217 2.50074741e-05
4.82883 2.46417529e-05
4.84555 2.42804095e-05
4.86232 2.39234015e-05
4.87915 2.35706900e-05
4.89604 2.32222362e-05
4.91299 2.28780012e-05
4.92999 2.25379532e-05
4.94706 2.22020498e-05
4.96418 2.18702592e-05
4.98137 2.15425425e-05
4.99861 2.12188645e-05
5.01591 2.08570193e-05
5.03328 2.04966794e-05
5.05070 2.01415229e-05
5.06818 1.97915003e-05
5.08573 1.94465586e-05
5.10333 1.91066413e-05
5.12100 1.87716990e-05
5.13873 1.84416786e-05
5.15651 1.81165271e-05
5.17436 1.77961951e-05
5.19228 1.74806331e-05
5.21025 1.71697846e-05
5.22828 1.70198017e-05
5.24638 1.69401038e-05
5.26454 1.68609253e-05
5.28277 1.67822592e-05
5.30105 1.67040948e-05
5.31940 1.66264321e-05
5.33782 1.65492571e-05
5.35629 1.64725661e-05
5.37484 1.63963556e-05
5.39344 1.63206151e-05
5.41211 1.62453409e-05
5.43084 1.61705297e-05
5.44965 1.60961707e-05
5.46851 1.60222639e-05
5.48744 1.59488024e-05
5.50643 1.58757790e-05
5.52550 1.58031937e-05
5.54462 1.57310431e-05
5.56381 1.56585426e-05
5.58308 1.55853849e-05
5.60240 1.55127113e-05
5.62179 1.54405218e-05
5.64125 1.53688057e-05
5.66078 1.52975561e-05
5.68038 1.52267763e-05
5.70004 1.51564524e-05
5.71977 1.50865843e-05
5.73957 1.50171649e-05
5.75944 1.49481942e-05
5.77938 1.48796652e-05
5.79938 1.48115743e-05
5.81946 1.47439145e-05
5.83960 1.46766858e-05
5.85982 1.46098811e-05
5.88010 1.45435003e-05
5.90045 1.44761727e-05
5.92088 1.44091665e-05
5.94137 1.43426233e-05
5.96194 1.42765358e-05
5.98258 1.42109006e-05
6.00329 1.41457106e-05
6.02407 1.40809658e-05
6.04492 1.40166591e-05
6.06585 1.39527871e-05
6.08684 1.38893496e-05
6.10791 1.38263361e-05
6.12906 1.37637467e-05
6.15027 1.37015777e-05
6.17156 1.36398221e-05
6.19293 1.35784799e-05
6.21436 1.35175440e-05
6.23588 1.34570180e-05
6.25746 1.33963365e-05
6.27912 1.33350332e-05
6.30086 1.32741715e-05
6.32267 1.32137445e-05
6.34455 1.31537449e-05
6.36652 1.30941694e-05
6.38856 1.30350179e-05
6.41067 1.29762797e-05
6.43286 1.29179550e-05
6.45513 1.28597575e-05
6.47747 1.28002632e-05
6.49990 1.27412000e-05
6.52240 1.26825714e-05
6.54497 1.26243597e-05
6.56763 1.25665721e-05
6.59037 1.25091943e-05
6.61318 1.24522228e-05
6.63607 1.23956577e-05
6.65904 1.23394883e-05
6.68209 1.22830185e-05
6.70522 1.22265771e-05
6.72843 1.21705243e-05
6.75172 1.21148531e-05
6.77510 1.20572597e-05
6.79855 1.19993484e-05
6.82208 1.19417833e-05
6.84570 1.18845610e-05
6.86939 1.18254625e-05
6.89317 1.17662862e-05
6.91704 1.17069545e-05
6.94098 1.16483082e-05
6.96500 4.40718320e-05
6.98911 2.02126347e-04
7.01331 4.00525240e-04
7.03759 4.90253887e-04
7.06195 5.98395087e-04
7.08639 7.28271233e-04
7.11092 8.83872873e-04
7.13554 1.06982196e-03
7.16024 1.29160788e-03
7.18502 1.55550371e-03
7.20990 1.86886021e-03
7.23485 2.24073824e-03
7.25990 2.67594067e-03
7.28503 3.20321577e-03
7.31025 3.82168513e-03
7.33555 4.55413100e-03
7.36094 5.42362780e-03
7.38642 6.45711013e-03
7.41199 7.68869940e-03
7.43765 9.16076733e-03
7.46340 1.09252575e-02
7.48923 1.30473775e-02
7.51516 1.56084223e-02
7.54117 1.87078905e-02
7.56727 2.24679508e-02
7.59347 2.70377839e-02
7.61975 3.25964133e-02
7.64613 3.93579767e-02
7.67260 4.75690547e-02
7.69916 5.75174727e-02
7.72581 6.95344100e-02
7.75255 8.39760620e-02
7.77939 1.01240565e-01
7.80632 1.21739198e-01
7.83334 1.45890026e-01
7.86046 1.74106661e-01
7.88767 2.06752258e-01
7.91497 2.44119449e-01
7.94237 2.86450195e-01
7.96986 3.33747713e-01
7.99745 3.85987340e-01
8.02513 4.42862700e-01
8.05291 5.03850153e-01
8.08079 5.68318293e-01
8.10876 6.35400393e-01
8.13683 7.04203227e-01
8.16500 7.73508500e-01
8.19326 8.42472807e-01
8.22162 9.10144620e-01
8.25008 9.75743427e-01
8.27864 1.03870849e+00
8.30730 1.09881367e+00
8.33605 1.15611197e+00
8.36491 1.21091538e+00
8.39386 1.26379913e+00
8.42292 1.31575998e+00
8.45208 1.36802151e+00
8.48133 1.42200837e+00
8.51069 1.47976601e+00
8.54016 1.54362959e+00
8.56972 1.61651343e+00
8.59938 1.70232643e+00
8.62915 1.80522558e+00
8.65902 1.93028191e+00
8.68899 2.08199971e+00
8.71907 2.26079450e+00
8.74925 2.46022855e+00
8.77954 2.66675825e+00
8.80993 2.87033725e+00
8.84043 3.05373068e+00
8.87103 3.15920315e+00
8.90174 3.10539437e+00
8.93255 2.88082383e+00
8.96347 2.57272953e+00
8.99450 2.27820606e+00
9.02563 2.04139393e+00
9.05688 1.86588161e+00
9.08823 1.73933315e+00
9.11969 1.64822227e+00
9.15126 1.58175320e+00
9.18294 1.53177243e+00
9.21472 1.49280295e+00
9.24662 1.45994083e+00
9.27863 1.43015306e+00
9.31075 1.40127513e+00
9.34298 1.37194952e+00
9.37532 1.34111518e+00
9.40777 1.30841559e+00
9.44034 1.27383981e+00
9.47302 1.23741715e+00
9.50581 1.19901900e+00
9.53871 1.15805212e+00
9.57173 1.11366992e+00
9.60487 1.06478237e+00
9.63811 1.01053934e+00
9.67148 9.50575847e-01
9.70495 8.85217660e-01
9.73855 8.15939240e-01
9.77226 7.44853520e-01
9.80609 6.74601313e-01
9.84003 6.07707187e-01
9.87409 5.46224360e-01
9.90827 4.91491967e-01
9.94257 4.44142120e-01
9.97699 4.04205913e-01
10.01153 3.71253340e-01
10.04618 3.44636952e-01
10.08096 3.23462675e-01
10.11585 3.06923141e-01
10.15087 2.94060607e-01
10.18601 2.84113673e-01
10.22127 2.76324757e-01
10.25665 2.70097257e-01
10.29215 2.64916189e-01
10.32778 2.60392710e-01
10.36353 2.56220373e-01
10.39941 2.52200288e-01
10.43540 2.48193417e-01
10.47153 2.44096093e-01
10.50777 2.39879767e-01
10.54415 2.35495995e-01
10.58065 2.30964177e-01
10.61727 2.26301520e-01
10.65403 2.21516150e-01
10.69091 2.16642553e-01
10.72791 2.11738074e-01
10.76505 2.06803527e-01
10.80231 2.01901097e-01
10.83971 1.97066649e-01
10.87723 1.92336894e-01
10.91488 1.87768683e-01
10.95266 1.83414697e-01
10.99058 1.79308752e-01
11.02862 1.75515895e-01
11.06680 1.72115239e-01
11.10511 1.69146744e-01
11.14355 1.66689099e-01
11.18212 1.64802440e-01
11.22083 1.63576444e-01
11.25967 1.63090081e-01
11.29865 1.63410059e-01
11.33776 1.64612029e-01
11.37701 1.66774464e-01
11.41639 1.69965983e-01
11.45591 1.74236687e-01
11.49556 1.79624667e-01
11.53536 1.86152748e-01
11.57529 1.93827572e-01
11.61536 2.02612534e-01
11.65556 2.12443115e-01
11.69591 2.23229781e-01
11.73640 2.34837488e-01
11.77702 2.47106211e-01
11.81779 2.59813173e-01
11.85870 2.72750261e-01
11.89975 2.85634949e-01
11.94094 2.98221354e-01
11.98227 3.10247513e-01
12.02375 3.21446307e-01
12.06537 3.31577893e-01
12.10714 3.40431084e-01
12.14905 3.47839318e-01
12.19110 3.53641440e-01
12.23330 3.57786393e-01
12.27565 3.60233933e-01
12.31814 3.60969573e-01
12.36078 3.60033593e-01
12.40357 3.57459207e-01
12.44651 3.53375027e-01
12.48959 3.47899985e-01
12.53283 3.41167572e-01
12.57621 3.33252658e-01
12.61974 3.24325515e-01
12.66343 3.14539559e-01
12.70726 3.04033193e-01
12.75125 2.92906761e-01
12.79539 2.81310079e-01
12.83968 2.69352289e-01
12.88413 2.57136849e-01
12.92873 2.44780041e-01
12.97348 2.32369702e-01
13.01839 2.19992294e-01
13.06345 2.07712265e-01
13.10867 1.95628653e-01
13.15405 1.83791987e-01
13.19959 1.72252827e-01
13.24528 1.61076823e-01
13.29113 1.50291605e-01
13.33713 1.39925618e-01
13.38330 1.30034793e-01
13.42963 1.20645066e-01
13.47612 1.11758273e-01
13.52277 1.03394626e-01
13.56958 9.55719673e-02
13.61655 8.82883540e-02
13.66368 8.15540327e-02
13.71098 7.53615833e-02
13.75844 6.96976853e-02
13.80607 6.45640347e-02
13.85386 5.99378413e-02
13.90182 5.58089647e-02
13.94994 5.21564873e-02
13.99823 4.89650747e-02
14.04668 4.62043047e-02
14.09531 4.38665100e-02
14.14410 4.19083367e-02
14.19306 4.03277707e-02
14.24219 3.90841433e-02
14.29149 3.81618020e-02
14.34096 3.75366140e-02
14.39060 3.71807367e-02
14.44042 3.70863260e-02
14.49041 3.72176600e-02
14.54057 3.75663293e-02
14.59090 3.81113107e-02
14.64141 3.88327820e-02
14.69209 3.97251960e-02
14.74295 4.07648793e-02
14.79398 4.19439880e-02
14.84519 4.32531587e-02
14.89658 4.46788233e-02
14.94814 4.62142333e-02
14.99989 4.78507673e-02
15.05181 4.95833020e-02
15.10392 5.14040993e-02
15.15620 5.33094140e-02
15.20866 5.52924973e-02
15.26131 5.73531373e-02
15.31414 5.94847267e-02
15.36715 6.16852867e-02
15.42034 6.39509307e-02
15.47372 6.62831780e-02
15.52729 6.86807213e-02
15.58103 7.11362467e-02
15.63497 7.36532520e-02
15.68909 7.62256600e-02
15.74340 7.88583820e-02
15.79790 8.15515240e-02
15.85258 8.42966060e-02
15.90746 8.70932040e-02
15.96252 8.99502927e-02
16.01778 9.28616180e-02
16.07323 9.58171453e-02
16.12886 9.88315027e-02
16.18470 1.01901051e-01
16.24072 1.05020348e-01
16.29694 1.08181374e-01
16.35335 1.11400170e-01
16.40996 1.14670906e-01
16.46677 1.17990437e-01
16.52377 1.21356397e-01
16.58097 1.24772035e-01
16.63836 1.28241132e-01
16.69596 1.31757894e-01
16.75375 1.35321897e-01
16.81175 1.38943033e-01
16.86994 1.42605722e-01
16.92834 1.46319609e-01
16.98694 1.50085789e-01
17.04574 1.53900729e-01
17.10474 1.57772591e-01
17.16395 1.61697912e-01
17.22337 1.65674961e-01
17.28299 1.69716105e-01
17.34281 1.73807281e-01
17.40285 1.77970820e-01
17.46309 1.82195627e-01
17.52354 1.86495976e-01
17.58420 1.90862717e-01
17.64507 1.95310583e-01
17.70615 1.99848125e-01
17.76744 2.04462163e-01
17.82894 2.09192731e-01
17.89066 2.14019229e-01
17.95259 2.18960419e-01
18.01473 2.24030894e-01
18.07709 2.29233798e-01
18.13967 2.34597963e-01
18.20246 2.40121129e-01
18.26547 2.45832091e-01
18.32870 2.51756643e-01
18.39214 2.57911356e-01
18.45581 2.64329656e-01
18.51969 2.71027337e-01
18.58380 2.78067185e-01
18.64813 2.85484924e-01
18.71268 2.93321575e-01
18.77746 3.01646497e-01
18.84246 3.10533572e-01
18.90768 3.20050217e-01
18.97313 3.30329885e-01
19.03881 3.41504334e-01
19.10472 3.53715287e-01
19.17085 3.67162800e-01
19.23721 3.82064987e-01
19.30380 3.98750447e-01
19.37062 4.17711020e-01
19.43768 4.39349153e-01
19.50496 4.64336887e-01
19.57248 4.93545187e-01
19.64023 5.28350287e-01
19.70822 5.70399427e-01
19.77644 6.21931680e-01
19.84490 6.86300887e-01
19.91359 7.68802100e-01
19.98252 8.76541913e-01
20.05169 1.01969809e+00
20.12110 1.21214710e+00
20.19076 1.46730641e+00
20.26065 1.78431955e+00
20.33078 2.11476077e+00
20.40116 2.32550503e+00
20.47178 2.28135143e+00
20.54264 2.00945048e+00
20.61375 1.66083521e+00
20.68511 1.35011564e+00
20.75671 1.10937021e+00
20.82856 9.31340027e-01
20.90066 8.01090407e-01
20.97301 7.03446740e-01
21.04561 6.29220593e-01
21.11846 5.71560833e-01
21.19157 5.24982667e-01
21.26492 4.87199673e-01
21.33853 4.55426173e-01
21.41240 4.27907867e-01
21.48652 4.04382227e-01
21.56090 3.83209787e-01
21.63553 3.64336487e-01
21.71043 3.47405319e-01
21.78558 3.31997300e-01
21.86099 3.18501521e-01
21.93666 3.06347809e-01
22.01260 2.95792541e-01
22.08880 2.86556195e-01
22.16526 2.78489313e-01
22.24199 2.71372720e-01
22.31898 2.64831107e-01
22.39624 2.58601522e-01
22.47377 2.52373315e-01
22.55156 2.45922685e-01
22.62962 2.39148473e-01
22.70796 2.31920262e-01
22.78656 2.24313702e-01
22.86544 2.16353667e-01
22.94459 2.08143155e-01
23.02402 1.99730677e-01
23.10372 1.91232515e-01
23.18369 1.82708843e-01
23.26394 1.74238313e-01
23.34447 1.65872722e-01
23.42528 1.57672173e-01
23.50637 1.49666735e-01
23.58774 1.41898843e-01
23.66939 1.34386906e-01
23.75133 1.27166009e-01
23.83354 1.20246471e-01
23.91604 1.13651080e-01
23.99883 1.07391533e-01
24.08191 1.01470196e-01
24.16527 9.59021927e-02
24.24892 9.06898900e-02
24.33286 8.58300020e-02
24.41709 8.13431633e-02
24.50161 7.71936520e-02
24.58642 7.34017847e-02
24.67153 6.99472447e-02
24.75693 6.68134607e-02
24.84263 6.40090540e-02
24.92863 6.14913067e-02
25.01492 5.92652713e-02
25.10151 5.73017627e-02
25.18840 5.55703940e-02
25.27559 5.40849807e-02
25.36309 5.27908267e-02
25.45088 5.16756713e-02
25.53898 5.07321653e-02
25.62739 4.99208060e-02
25.71610 4.92341733e-02
25.80512 4.86550953e-02
25.89444 4.81591920e-02
25.98408 4.77372413e-02
26.07403 4.73785020e-02
26.16428 4.70638940e-02
26.25485 4.67835593e-02
26.34574 4.65350953e-02
26.43694 4.63051460e-02
26.52845 4.60879167e-02
26.62028 4.58794853e-02
26.71243 4.56742693e-02
26.80489 4.54708907e-02
26.89768 4.52619647e-02
26.99079 4.50504240e-02
27.08422 4.48304033e-02
27.17798 4.46044467e-02
27.27205 4.43689853e-02
27.36646 4.41239487e-02
27.46119 4.38705380e-02
27.55625 4.36100960e-02
27.65164 4.33365807e-02
27.74736 4.30569880e-02
27.84341 4.27688800e-02
27.93979 4.24733167e-02
28.03650 4.21702980e-02
28.13355 4.18570327e-02
28.23094 4.15399513e-02
28.32867 4.12168987e-02
28.42673 4.08857900e-02
28.52513 4.05492753e-02
28.62387 4.02074253e-02
28.72295 3.98650453e-02
28.82238 3.95162700e-02
28.92215 3.91622300e-02
29.02227 3.88063880e-02
29.12273 3.84465180e-02
29.22354 3.80866127e-02
29.32470 3.77227500e-02
29.42621 3.73565200e-02
29.52807 3.69897953e-02
29.63029 3.66188307e-02
29.73286 3.62501273e-02
29.83578 3.58793040e-02
29.93906 3.55090813e-02
30.04269 3.51379259e-02
30.14669 3.47658235e-02
30.25104 3.43937635e-02
30.35576 3.40225656e-02
30.46084 3.36524560e-02
30.56628 3.32806257e-02
30.67209 3.29121202e-02
30.77826 3.25411131e-02
30.88481 3.21744662e-02
30.99172 3.18072045e-02
31.09900 3.14416387e-02
31.20665 3.10774369e-02
31.31467 3.07146907e-02
31.42307 3.03554567e-02
31.53184 2.99966609e-02
31.64099 2.96397977e-02
31.75052 2.92829982e-02
31.86043 2.89306330e-02
31.97072 2.85790522e-02
32.08139 2.82312344e-02
32.19244 2.78849748e-02
32.30388 2.75417786e-02
32.41570 2.71995717e-02
32.52791 2.68611137e-02
32.64051 2.65234048e-02
32.75349 2.61892751e-02
32.86687 2.58576047e-02
32.98064 2.55293015e-02
33.09481 2.52021925e-02
33.20937 2.48790339e-02
33.32433 2.45585923e-02
33.43968 2.42404757e-02
33.55544 2.39246805e-02
33.67159 2.36134045e-02
33.78815 2.33026125e-02
33.90511 2.29959509e-02
34.02247 2.26920737e-02
34.14024 2.23920301e-02
34.25842 2.20934457e-02
34.37701 2.17993699e-02
34.49601 2.15068311e-02
34.61542 2.12175253e-02
34.73525 2.09310851e-02
34.85549 2.06478460e-02
34.97614 2.03675997e-02
35.09721 2.00904945e-02
35.21871 1.98163325e-02
35.34062 1.95454495e-02
35.46295 1.92772236e-02
35.58571 1.90122342e-02
35.70889 1.87487924e-02
35.83250 1.84897143e-02
35.95654 1.82323427e-02
36.08101 1.79792077e-02
36.20590 1.77279983e-02
36.33123 1.74806755e-02
36.45700 1.72355152e-02
36.58320 1.69938635e-02
36.70983 1.67546427e-02
36.83691 1.65178281e-02
36.96442 1.62846422e-02
37.09238 1.60544208e-02
37.22077 1.58262558e-02
37.34962 1.56009669e-02
37.47890 1.53785789e-02
37.60864 1.51588197e-02
37.73883 1.49419685e-02
37.86946 1.47277849e-02
38.00055 1.45164385e-02
38.13209 1.43077457e-02
38.26409 1.41016676e-02
38.39654 1.38982889e-02
38.52946 1.36970303e-02
38.66283 1.34983651e-02
38.79667 1.33029611e-02
38.93096 1.31099563e-02
39.06573 1.29196687e-02
39.20096 1.27308650e-02
39.33665 1.25454180e-02
39.47282 1.23619179e-02
39.60946 1.21812303e-02
39.74657 1.20032527e-02
39.88416 1.18274023e-02
40.02222 1.16534845e-02
40.16076 1.14818175e-02
40.29978 1.13134365e-02
40.43928 1.11465784e-02
40.57926 1.09823844e-02
40.71973 1.08204199e-02
40.86069 1.06603564e-02
41.00213 1.05024341e-02
41.14406 1.03468473e-02
41.28648 1.01940589e-02
41.42940 1.00428145e-02
41.57281 9.89357007e-03
41.71672 9.74649507e-03
41.86113 9.60149413e-03
42.00603 9.45853193e-03
42.15144 9.31771447e-03
42.29735 9.17880147e-03
42.44377 9.04189540e-03
42.59069 8.90697860e-03
42.73812 8.77388147e-03
42.88606 8.64280893e-03
43.03451 8.51318153e-03
43.18348 8.38560347e-03
43.33297 8.26011360e-03
43.48297 8.13644340e-03
43.63349 8.01468473e-03
43.78453 7.89419100e-03
43.93609 7.77563000e-03
44.08818 7.65897347e-03
44.24079 7.54353947e-03
44.39394 7.43037740e-03
44.54761 7.31859333e-03
44.70182 7.20848407e-03
44.85655 7.10022980e-03
45.01183 6.99304260e-03
45.16764 6.88789060e-03
45.32399 6.78422260e-03
45.48089 6.68188667e-03
45.63832 6.58108067e-03
45.79630 6.48212613e-03
45.95483 6.38451073e-03
46.11391 6.28815673e-03
46.27353 6.19315600e-03
46.43371 6.09970993e-03
46.59445 6.00763480e-03
46.75574 5.91690233e-03
46.91759 5.82755493e-03
47.08000 5.73958200e-03
47.24297 5.65295880e-03
47.40650 5.56766413e-03
47.57060 5.48369447e-03
47.73527 5.40094027e-03
47.90051 5.31942980e-03
48.06633 5.23918780e-03
48.23271 5.16009767e-03
48.39967 5.08207107e-03
48.56721 5.00517160e-03
48.73533 4.92974200e-03
48.90403 4.85541833e-03
49.07332 4.78214760e-03
49.24319 4.70985207e-03
49.41365 4.63886033e-03
49.58470 4.56888973e-03
49.75634 4.49989433e-03
49.92858 4.43217093e-03
50.10141 4.39155527e-03
50.27484 4.36964153e-03
50.44887 4.34784087e-03
50.62350 4.32615327e-03
50.79874 4.30457873e-03
50.97458 4.28311373e-03
51.15104 4.26176180e-03
51.32810 4.24051587e-03
51.50578 4.21938300e-03
51.68407 4.19835613e-03
51.86298 4.17743880e-03
52.04250 4.15663100e-03
52.22265 4.13592567e-03
52.40343 4.11532987e-03
52.58482 4.09484007e-03
52.76685 4.07445273e-03
52.94951 4.05417493e-03
53.13280 4.03399607e-03
53.31672 4.01392320e-03
53.50128 3.99395280e-03
53.68648 3.97408487e-03
53.87232 3.95431940e-03
54.05880 3.93465287e-03
54.24593 3.91508880e-03
54.43371 3.89562367e-03
54.62214 3.87626100e-03
54.81122 3.85699373e-03
55.00095 3.83782893e-03
55.19134 3.81875953e-03
55.38239 3.79978553e-03
55.57410 3.78091400e-03
55.76647 3.76213433e-03
55.95951 3.74345007e-03
56.15322 3.72486473e-03
56.34760 3.70637127e-03
56.54265 3.68797320e-03
56.73838 3.66967053e-03
56.93479 3.65145973e-03
57.13187 3.63334080e-03
57.32964 3.61531727e-03
57.52809 3.59738207e-03
57.72723 3.57953873e-03
57.92705 3.56178727e-03
58.12757 3.54412413e-03
58.32879 3.52655428e-03
58.53070 3.50907170e-03
58.73331 3.49167816e-03
58.93662 3.47437331e-03
59.14063 3.45715608e-03
59.34535 3.44002648e-03
59.55078 3.42298380e-03
59.75692 3.40602733e-03
59.96377 3.38915743e-03
60.17134 3.37237269e-03
60.37963 3.35567309e-03
60.58864 3.33905830e-03
60.79837 3.32252795e-03
61.00883 3.30608099e-03
61.22002 3.28971777e-03
61.43194 3.27343688e-03
61.64459 3.25723902e-03
61.85797 3.24112278e-03
62.07210 3.22508816e-03
62.28697 3.20913481e-03
62.50258 3.19326201e-03
62.71894 3.17746943e-03
62.93605 3.16175669e-03
63.15390 3.14612346e-03
63.37252 3.13056902e-03
63.59189 3.11509337e-03
63.81201 3.09969581e-03
64.03290 3.08437599e-03
64.25456 3.06913354e-03
64.47698 3.05396812e-03
64.70017 3.03887902e-03
64.92414 3.02386624e-03
65.14888 3.00892907e-03
65.37440 2.99406717e-03
65.60070 2.97928017e-03
65.82778 2.96456772e-03
66.05565 2.94992947e-03
66.28430 2.93536472e-03
66.51375 2.92087346e-03
66.74400 2.90645534e-03
66.97504 2.89210965e-03
67.20688 2.87783605e-03
67.43952 2.86363417e-03
67.67297 2.84950401e-03
67.90722 2.83544488e-03
68.14229 2.82145606e-03
68.37817 2.80753791e-03
68.61486 2.79368971e-03
68.85238 2.77991113e-03
69.09072 2.76620144e-03
69.32988 2.75256101e-03
69.56987 2.73898877e-03
69.81069 2.72548472e-03
70.05235 2.71204851e-03
70.29484 2.69867979e-03
70.53817 2.68537821e-03
70.78235 2.67214305e-03
71.02737 2.65897431e-03
71.27323 2.64587165e-03
71.51995 2.63283507e-03
71.76752 2.61986349e-03
72.01595 2.60695658e-03
72.26524 2.59411468e-03
72.51539 2.58133709e-03
72.76641 2.56862380e-03
73.01830 2.55597376e-03
73.27106 2.54338697e-03
73.52469 2.53086342e-03
73.77920 2.51840241e-03
74.03460 2.50600395e-03
74.29087 2.49366731e-03
74.54804 2.48139251e-03
74.80609 2.46917884e-03
75.06504 2.45702629e-03
75.32488 2.44493487e-03
75.58563 2.43290352e-03
75.84727 2.42093223e-03
76.10982 2.40902101e-03
76.37328 2.39716915e-03
76.63766 2.38537630e-03
76.90295 2.37364245e-03
77.16915 2.36196726e-03
77.43628 2.35035037e-03
77.70433 2.33879142e-03
77.97331 2.32729007e-03
78.24322 2.31584631e-03
78.51407 2.30445943e-03
78.78585 2.29312945e-03
79.05857 2.28185599e-03
79.33224 2.27063872e-03
79.60686 2.25947727e-03
79.88242 2.24837130e-03
80.15894 2.23732080e-03
80.43642 2.22632542e-03
80.71486 2.21538481e-03
80.99426 2.20449861e-03
81.27463 2.19366682e-03
81.55596 2.18288874e-03
81.83828 2.17216437e-03
82.12157 2.16149335e-03
82.40584 2.15087568e-03
82.69109 2.14031066e-03
82.97733 2.12979829e-03
83.26457 2.11933821e-03
83.55279 2.10893007e-03
83.84202 2.09857351e-03
84.13225 2.08826855e-03
84.42348 2.07801517e-03
84.71572 2.06781231e-03
85.00897 2.05766034e-03
85.30323 2.04755889e-03
85.59852 2.03750762e-03
85.89482 2.02750617e-03
86.19215 2.01755453e-03
86.49052 2.00765201e-03
86.78991 1.99779896e-03
87.09034 1.98799467e-03
87.39181 1.97823913e-03
87.69432 1.96853201e-03
87.99789 1.95887329e-03
88.30250 1.94926227e-03
88.60816 1.93969895e-03
88.91489 1.93018297e-03
89.22267 1.92071435e-03
89.53153 1.91129271e-03
89.84145 1.90191772e-03
90.15244 1.89258937e-03
90.46451 1.88330695e-03
90.77766 1.87407081e-03
91.09190 1.86488026e-03
91.40722 1.85573564e-03
91.72363 1.84663589e-03
92.04114 1.83758137e-03
92.35975 1.82857173e-03
92.67946 1.81960695e-03
93.00028 1.81068635e-03
93.32221 1.80180991e-03
93.64525 1.79297728e-03
93.96941 1.78418847e-03
94.29469 1.77544347e-03
94.62110 1.76674157e-03
94.94864 1.75808279e-03
95.27731 1.74946675e-03
95.60712 1.74089312e-03
95.93807 1.73236224e-03
96.27017 1.72387341e-03
96.60342 1.71542662e-03
96.93782 1.70702188e-03
97.27338 1.69865848e-03
97.61010 1.69033642e-03
97.94798 1.68205535e-03
98.28704 1.67381526e-03
98.62727 1.66561616e-03
98.96867 1.65745734e-03
99.31126 1.64933915e-03
99.65504 1.64126089e-03
100.00000 1.63322256e-03
