        2000  0.100000 3.710000
0.10000 2.06312358e+00
0.10035 2.06104054e+00
0.10069 2.05903516e+00
0.10104 2.05714158e+00
0.10139 2.05539145e+00
0.10174 2.05381346e+00
0.10210 2.05242790e+00
0.10245 2.05124317e+00
0.10280 2.05025631e+00
0.10316 2.04928726e+00
0.10352 2.04774291e+00
0.10387 2.04629502e+00
0.10423 2.04489957e+00
0.10459 2.04350955e+00
0.10496 2.04207947e+00
0.10532 2.04056975e+00
0.10568 2.03894526e+00
0.10605 2.03718079e+00
0.10642 2.03525851e+00
0.10679 2.03316756e+00
0.10716 2.03090446e+00
0.10753 2.02847070e+00
0.10790 2.02587221e+00
0.10827 2.02311741e+00
0.10865 2.02021619e+00
0.10902 2.01718141e+00
0.10940 2.01402495e+00
0.10978 2.01076015e+00
0.11016 2.00740136e+00
0.11054 2.00396145e+00
0.11092 2.00045525e+00
0.11131 1.99689662e+00
0.11169 1.99330039e+00
0.11208 1.98968091e+00
0.11247 1.98605303e+00
0.11286 1.98153474e+00
0.11325 1.97698035e+00
0.11364 1.97244871e+00
0.11403 1.96795219e+00
0.11443 1.96350167e+00
0.11482 1.95910804e+00
0.11522 1.95477872e+00
0.11562 1.95051964e+00
0.11602 1.94633476e+00
0.11642 1.94222507e+00
0.11682 1.93818958e+00
0.11723 1.93422433e+00
0.11763 1.93032190e+00
0.11804 1.92647439e+00
0.11845 1.92267089e+00
0.11886 1.91889758e+00
0.11927 1.91514207e+00
0.11968 1.91138854e+00
0.12010 1.90762215e+00
0.12051 1.90382855e+00
0.12093 1.89999340e+00
0.12135 1.89610433e+00
0.12177 1.89214996e+00
0.12219 1.88812090e+00
0.12262 1.88400874e+00
0.12304 1.87980902e+00
0.12347 1.87551679e+00
0.12389 1.87918227e+00
0.12432 1.90082839e+00
0.12475 1.92196154e+00
0.12518 1.93645528e+00
0.12562 1.94245806e+00
0.12605 1.94833717e+00
0.12649 1.95023521e+00
0.12693 1.94845539e+00
0.12737 1.94662760e+00
0.12781 1.94556456e+00
0.12825 1.94505703e+00
0.12869 1.94453269e+00
0.12914 1.94372688e+00
0.12959 1.94275238e+00
0.13003 1.94179669e+00
0.13048 1.94032209e+00
0.13094 1.93853832e+00
0.13139 1.93680204e+00
0.13184 1.93538680e+00
0.13230 1.93422235e+00
0.13276 1.93312221e+00
0.13322 1.93193501e+00
0.13368 1.93067163e+00
0.13414 1.92946860e+00
0.13461 1.92830020e+00
0.13507 1.92661388e+00
0.13554 1.92496813e+00
0.13601 1.92335502e+00
0.13648 1.92096281e+00
0.13695 1.91849690e+00
0.13743 1.91603593e+00
0.13790 1.91324304e+00
0.13838 1.91032105e+00
0.13886 1.90738174e+00
0.13934 1.90344320e+00
0.13982 1.89861624e+00
0.14031 1.89374922e+00
0.14079 1.88841572e+00
0.14128 1.88202315e+00
0.14177 1.87557615e+00
0.14226 1.86907376e+00
0.14275 1.86244869e+00
0.14324 1.85577069e+00
0.14374 1.84904075e+00
0.14424 1.84046175e+00
0.14474 1.83108485e+00
0.14524 1.82165007e+00
0.14574 1.80968705e+00
0.14625 1.79321712e+00
0.14675 1.77665420e+00
0.14726 1.76001262e+00
0.14777 1.74897117e+00
0.14828 1.73808207e+00
0.14879 1.72717170e+00
0.14931 1.71119595e+00
0.14983 1.69087207e+00
0.15034 1.67051901e+00
0.15087 1.65023817e+00
0.15139 1.63112425e+00
0.15191 1.61202814e+00
0.15244 1.59296171e+00
0.15297 1.57330712e+00
0.15349 1.55320288e+00
0.15403 1.53316393e+00
0.15456 1.51320215e+00
0.15509 1.49108066e+00
0.15563 1.46724960e+00
0.15617 1.44355407e+00
0.15671 1.42000596e+00
0.15725 1.39556349e+00
0.15780 1.37124222e+00
0.15834 1.34711436e+00
0.15889 1.32328132e+00
0.15944 1.29987567e+00
0.15999 1.27668421e+00
0.16055 1.25371288e+00
0.16110 1.23321191e+00
0.16166 1.21441656e+00
0.16222 1.19579384e+00
0.16278 1.17734476e+00
0.16335 1.14624853e+00
0.16391 1.11336952e+00
0.16448 1.08101733e+00
0.16505 1.05040290e+00
0.16562 1.04097851e+00
0.16619 1.03161942e+00
0.16677 1.02232463e+00
0.16734 1.00413920e+00
0.16792 9.52938233e-01
0.16851 9.03333060e-01
0.16909 8.55377600e-01
0.16967 8.18125243e-01
0.17026 8.01563308e-01
0.17085 7.85217543e-01
0.17144 7.69090420e-01
0.17204 7.54540295e-01
0.17263 7.42565404e-01
0.17323 7.30748312e-01
0.17383 7.19107321e-01
0.17443 6.95245096e-01
0.17503 6.50351128e-01
0.17564 6.07629736e-01
0.17625 5.67100707e-01
0.17686 5.36415544e-01
0.17747 5.25188589e-01
0.17808 5.14477572e-01
0.17870 5.04247865e-01
0.17932 4.89261840e-01
0.17994 4.51523027e-01
0.18056 4.16366671e-01
0.18119 3.83388877e-01
0.18182 3.52231209e-01
0.18244 3.32933075e-01
0.18308 3.25597168e-01
0.18371 3.18167770e-01
0.18435 3.10678467e-01
0.18498 2.99503551e-01
0.18562 2.76193275e-01
0.18627 2.54229778e-01
0.18691 2.33616919e-01
0.18756 2.14301324e-01
0.18821 1.97562199e-01
0.18886 1.81898975e-01
0.18951 1.67338759e-01
0.19017 1.54102666e-01
0.19083 1.47797199e-01
0.19149 1.46636662e-01
0.19215 1.45146429e-01
0.19282 1.43340450e-01
0.19348 1.41297477e-01
0.19415 1.40089006e-01
0.19483 1.38448148e-01
0.19550 1.37218555e-01
0.19618 1.37483795e-01
0.19686 1.37084846e-01
0.19754 1.35334864e-01
0.19822 1.33113365e-01
0.19891 1.30472637e-01
0.19960 1.27403478e-01
0.20029 1.12066437e-01
0.20098 9.85181596e-02
0.20168 8.70871549e-02
0.20237 7.64341125e-02
0.20307 7.02798161e-02
0.20378 7.19966557e-02
0.20448 7.36118908e-02
0.20519 7.46940731e-02
0.20590 7.52223276e-02
0.20661 6.15640863e-02
0.20733 4.28354473e-02
0.20805 2.90726730e-02
0.20877 1.93835232e-02
0.20949 1.27305088e-02
0.21021 1.23450596e-02
0.21094 1.32617957e-02
0.21167 1.40562650e-02
0.21240 1.47233032e-02
0.21314 1.58010038e-02
0.21388 1.01408546e-03
0.21462 3.58742902e-04
0.21536 3.58512981e-04
0.21611 3.58281427e-04
0.21685 3.58048439e-04
0.21760 3.57813918e-04
0.21836 3.57577913e-04
0.21911 3.57340423e-04
0.21987 3.57101252e-04
0.22063 4.84355291e-04
0.22140 1.38139871e-03
0.22216 4.91703267e-03
0.22293 1.71760287e-02
0.22370 3.42996920e-02
0.22448 2.30024897e-02
0.22526 5.20811779e-02
0.22604 1.00161145e-02
0.22682 1.89781340e-03
0.22760 4.52124344e-04
0.22839 4.43541383e-04
0.22918 4.40295924e-04
0.22998 4.36922644e-04
0.23077 4.33423025e-04
0.23157 4.29804687e-04
0.23237 4.26080540e-04
0.23318 4.22265077e-04
0.23398 4.18381795e-04
0.23479 4.14450531e-04
0.23561 4.10477319e-04
0.23642 4.06479274e-04
0.23724 4.02473661e-04
0.23806 3.98477200e-04
0.23889 3.94524368e-04
0.23971 3.90612544e-04
0.24054 3.86755084e-04
0.24137 3.82964849e-04
0.24221 3.79253513e-04
0.24305 3.76147402e-04
0.24389 3.73905375e-04
0.24473 3.71723005e-04
0.24558 3.69604150e-04
0.24643 3.67552322e-04
0.24728 3.65570687e-04
0.24814 3.62836763e-04
0.24900 3.59895673e-04
0.24986 3.57077903e-04
0.25073 3.54383355e-04
0.25159 3.51810643e-04
0.25246 3.49357245e-04
0.25334 3.47033054e-04
0.25422 3.44820212e-04
0.25510 3.42711794e-04
0.25598 3.40700925e-04
0.25687 3.38779590e-04
0.25775 3.36939183e-04
0.25865 3.35182374e-04
0.25954 3.33484975e-04
0.26044 3.31835261e-04
0.26134 3.30220719e-04
0.26225 3.28628139e-04
0.26315 3.27043969e-04
0.26406 3.25467813e-04
0.26498 3.23872315e-04
0.26590 3.22243774e-04
0.26682 3.20568585e-04
0.26774 3.19694410e-04
0.26867 1.25821633e-03
0.26960 2.00745033e-03
0.27053 2.24200247e-03
0.27147 2.50369795e-03
0.27241 2.79554881e-03
0.27335 3.12087921e-03
0.27430 3.48335561e-03
0.27525 3.80505267e-03
0.27620 4.08209321e-03
0.27715 4.37714110e-03
0.27811 4.69109367e-03
0.27908 5.02490315e-03
0.28004 5.37959399e-03
0.28101 5.57028799e-03
0.28198 5.75115791e-03
0.28296 5.93600000e-03
0.28394 6.12484395e-03
0.28492 6.31771943e-03
0.28591 6.51468580e-03
0.28690 6.71579748e-03
0.28789 6.92113856e-03
0.28889 7.11150608e-03
0.28989 7.29641248e-03
0.29089 7.48373285e-03
0.29190 7.67367001e-03
0.29291 7.86643172e-03
0.29392 8.06226531e-03
0.29494 8.26143295e-03
0.29596 8.42727489e-03
0.29699 8.59370055e-03
0.29801 8.76250555e-03
0.29905 8.93383335e-03
0.30008 9.10785213e-03
0.30112 9.28473009e-03
0.30216 9.46165752e-03
0.30321 9.57811195e-03
0.30426 9.69631255e-03
0.30531 9.81651160e-03
0.30637 9.93895149e-03
0.30743 1.00638697e-02
0.30849 1.01915036e-02
0.30956 1.03220857e-02
0.31063 1.04055656e-02
0.31171 1.04889169e-02
0.31279 1.05740491e-02
0.31387 1.06610857e-02
0.31496 1.07501554e-02
0.31605 1.08413669e-02
0.31714 1.09348392e-02
0.31824 1.10306907e-02
0.31934 1.11290206e-02
0.32044 1.12299425e-02
0.32155 1.13335504e-02
0.32267 1.14399482e-02
0.32378 1.15492300e-02
0.32490 1.16614847e-02
0.32603 1.17767965e-02
0.32716 1.18952493e-02
0.32829 1.20169274e-02
0.32943 1.21419000e-02
0.33057 1.22702363e-02
0.33171 1.24020007e-02
0.33286 1.25372574e-02
0.33401 1.26760609e-02
0.33517 1.28184556e-02
0.33633 1.29644911e-02
0.33749 1.31142069e-02
0.33866 1.32676278e-02
0.33983 1.34247834e-02
0.34101 1.35856935e-02
0.34219 1.37503681e-02
0.34337 1.39188070e-02
0.34456 1.40262981e-02
0.34576 1.41173118e-02
0.34695 1.42104921e-02
0.34815 1.43057600e-02
0.34936 1.44030016e-02
0.35057 1.45021179e-02
0.35178 1.46029953e-02
0.35300 1.47055100e-02
0.35422 1.48095335e-02
0.35545 1.49149420e-02
0.35668 1.50215921e-02
0.35791 1.51293355e-02
0.35915 1.52380385e-02
0.36039 1.53475379e-02
0.36164 1.54576903e-02
0.36289 1.55683373e-02
0.36415 1.56793158e-02
0.36541 1.57904773e-02
0.36668 1.59016635e-02
0.36795 1.60127162e-02
0.36922 1.61234819e-02
0.37050 1.62338124e-02
0.37178 1.63435542e-02
0.37307 1.64525738e-02
0.37436 1.65607277e-02
0.37565 1.66678824e-02
0.37695 1.67739191e-02
0.37826 1.68787143e-02
0.37957 1.69821589e-02
0.38088 1.70841543e-02
0.38220 1.71846013e-02
0.38352 1.72834208e-02
0.38485 1.73805338e-02
0.38618 1.74726259e-02
0.38752 1.75136931e-02
0.38886 1.75527273e-02
0.39021 1.75896937e-02
0.39156 1.76245825e-02
0.39291 1.76573691e-02
0.39427 1.76880582e-02
0.39564 1.77166499e-02
0.39701 1.77431541e-02
0.39838 1.77675808e-02
0.39976 1.77899546e-02
0.40115 1.78103051e-02
0.40253 1.78286573e-02
0.40393 1.78450555e-02
0.40533 1.78595344e-02
0.40673 1.78721434e-02
0.40814 1.78829272e-02
0.40955 1.78919400e-02
0.41097 1.78992363e-02
0.41239 1.79048755e-02
0.41382 1.79089071e-02
0.41525 1.79114002e-02
0.41669 1.79124142e-02
0.41813 1.79120086e-02
0.41958 1.79102525e-02
0.42103 1.79072054e-02
0.42249 1.79029315e-02
0.42395 1.78975000e-02
0.42542 1.78909655e-02
0.42689 1.78833971e-02
0.42837 1.78748591e-02
0.42985 1.78654061e-02
0.43134 1.78551022e-02
0.43283 1.78440068e-02
0.43433 1.78321744e-02
0.43583 1.78196692e-02
0.43734 1.78065407e-02
0.43886 1.77928434e-02
0.44037 1.77786316e-02
0.44190 1.77639549e-02
0.44343 1.77318461e-02
0.44496 1.76890426e-02
0.44650 1.76460066e-02
0.44805 1.76027677e-02
0.44960 1.75593805e-02
0.45116 1.75158795e-02
0.45272 1.74723044e-02
0.45429 1.74286945e-02
0.45586 1.73850847e-02
0.45744 1.73415095e-02
0.45902 1.72979937e-02
0.46061 1.72545768e-02
0.46220 1.72112787e-02
0.46380 1.71681338e-02
0.46541 1.71251671e-02
0.46702 1.70823933e-02
0.46864 1.70398470e-02
0.47026 1.69975381e-02
0.47189 1.69554964e-02
0.47352 1.69137317e-02
0.47516 1.68722638e-02
0.47680 1.68311125e-02
0.47845 1.67902926e-02
0.48011 1.67498091e-02
0.48177 1.67096817e-02
0.48344 1.66699253e-02
0.48511 1.66305400e-02
0.48679 1.65915454e-02
0.48848 1.65529466e-02
0.49017 1.65147484e-02
0.49186 1.64769608e-02
0.49357 1.64395937e-02
0.49528 1.64026471e-02
0.49699 1.63661308e-02
0.49871 1.63300448e-02
0.50044 1.62943942e-02
0.50217 1.62591838e-02
0.50391 1.62244137e-02
0.50565 1.61900937e-02
0.50740 1.61562140e-02
0.50916 1.61227844e-02
0.51092 1.60898001e-02
0.51269 1.60572609e-02
0.51446 1.60251768e-02
0.51625 1.59856777e-02
0.51803 1.59365820e-02
0.51983 1.58879563e-02
0.52163 1.58398054e-02
0.52343 1.57921196e-02
0.52524 1.57448987e-02
0.52706 1.56981378e-02
0.52889 1.56518420e-02
0.53072 1.56060012e-02
0.53255 1.55606156e-02
0.53440 1.55156800e-02
0.53625 1.54711897e-02
0.53810 1.54271446e-02
0.53997 1.53835397e-02
0.54183 1.53403702e-02
0.54371 1.52976359e-02
0.54559 1.52553271e-02
0.54748 1.52134387e-02
0.54938 1.51719757e-02
0.55128 1.51309234e-02
0.55319 1.50902865e-02
0.55510 1.50500503e-02
0.55702 1.50102197e-02
0.55895 1.49707899e-02
0.56089 1.49317458e-02
0.56283 1.48930926e-02
0.56478 1.48548252e-02
0.56673 1.48169337e-02
0.56869 1.47794182e-02
0.57066 1.47422687e-02
0.57264 1.47054902e-02
0.57462 1.46690679e-02
0.57661 1.46329968e-02
0.57860 1.45972819e-02
0.58061 1.45619132e-02
0.58262 1.45268809e-02
0.58463 1.44921900e-02
0.58666 1.44578304e-02
0.58869 1.44237974e-02
0.59073 1.43900858e-02
0.59277 1.43566958e-02
0.59482 1.43236175e-02
0.59688 1.42908507e-02
0.59895 1.42583858e-02
0.60102 1.42262275e-02
0.60310 1.41943611e-02
0.60519 1.41627865e-02
0.60728 1.41314988e-02
0.60939 1.41004931e-02
0.61150 1.40697694e-02
0.61361 1.40393226e-02
0.61574 1.40091430e-02
0.61787 1.39754018e-02
0.62001 1.39318019e-02
0.62215 1.38885581e-02
0.62431 1.38456606e-02
0.62647 1.38031094e-02
0.62864 1.37608896e-02
0.63081 1.37190062e-02
0.63300 1.36774443e-02
0.63519 1.36362089e-02
0.63739 1.35952851e-02
0.63959 1.35546779e-02
0.64181 1.35143774e-02
0.64403 1.34743836e-02
0.64626 1.34346817e-02
0.64849 1.33952765e-02
0.65074 1.33561632e-02
0.65299 1.33173319e-02
0.65525 1.32787875e-02
0.65752 1.32405151e-02
0.65980 1.32025148e-02
0.66208 1.31647866e-02
0.66437 1.31273205e-02
0.66667 1.30901216e-02
0.66898 1.30531750e-02
0.67130 1.30164806e-02
0.67362 1.29800385e-02
0.67595 1.29438437e-02
0.67829 1.29078914e-02
0.68064 1.28721814e-02
0.68299 1.28367039e-02
0.68536 1.28014589e-02
0.68773 1.27664464e-02
0.69011 1.27316565e-02
0.69250 1.26970941e-02
0.69490 1.26627494e-02
0.69730 1.26286223e-02
0.69972 1.25947080e-02
0.70214 1.25610113e-02
0.70457 1.25275174e-02
0.70701 1.24942264e-02
0.70946 1.24611431e-02
0.71191 1.24282626e-02
0.71438 1.23955750e-02
0.71685 1.23630853e-02
0.71933 1.23307835e-02
0.72182 1.22986747e-02
0.72432 1.22667539e-02
0.72683 1.22350161e-02
0.72934 1.22034662e-02
0.73187 1.21720945e-02
0.73440 1.21409008e-02
0.73694 1.21098803e-02
0.73949 1.20790378e-02
0.74205 1.20483635e-02
0.74462 1.20178624e-02
0.74720 1.19875294e-02
0.74979 1.19573597e-02
0.75238 1.19273532e-02
0.75499 1.18975100e-02
0.75760 1.18678250e-02
0.76022 1.18382984e-02
0.76285 1.18089300e-02
0.76549 1.17797150e-02
0.76814 1.17506533e-02
0.77080 1.17217401e-02
0.77347 1.16929801e-02
0.77615 1.16617766e-02
0.77884 1.16260666e-02
0.78153 1.15905446e-02
0.78424 1.15551957e-02
0.78695 1.15200298e-02
0.78968 1.14850421e-02
0.79241 1.14502274e-02
0.79515 1.14155859e-02
0.79790 1.13811175e-02
0.80067 1.13468223e-02
0.80344 1.13126903e-02
0.80622 1.12787265e-02
0.80901 1.12449309e-02
0.81181 1.12112985e-02
0.81462 1.11778293e-02
0.81744 1.11445185e-02
0.82027 1.11113709e-02
0.82311 1.10783766e-02
0.82596 1.10455406e-02
0.82882 1.10128629e-02
0.83169 1.09803386e-02
0.83457 1.09479627e-02
0.83745 1.09157401e-02
0.84035 1.08836708e-02
0.84326 1.08517451e-02
0.84618 1.08199726e-02
0.84911 1.07883436e-02
0.85205 1.07568581e-02
0.85500 1.07255210e-02
0.85796 1.06943223e-02
0.86093 1.06632672e-02
0.86391 1.06323505e-02
0.86690 1.06015723e-02
0.86990 1.05709376e-02
0.87291 1.05404365e-02
0.87593 1.05100738e-02
0.87897 1.04798398e-02
0.88201 1.04497443e-02
0.88506 1.04197823e-02
0.88813 1.03899539e-02
0.89120 1.03602541e-02
0.89428 1.03306830e-02
0.89738 1.03012404e-02
0.90049 1.02719265e-02
0.90360 1.02427411e-02
0.90673 1.02136844e-02
0.90987 1.01847464e-02
0.91302 1.01559370e-02
0.91618 1.01272513e-02
0.91935 1.00986843e-02
0.92253 1.00702459e-02
0.92573 1.00419213e-02
0.92893 1.00137204e-02
0.93215 9.98563813e-03
0.93537 9.95767463e-03
0.93861 9.92982984e-03
0.94186 9.90209883e-03
0.94512 9.87448653e-03
0.94839 9.84698307e-03
0.95168 9.81960327e-03
0.95497 9.79233229e-03
0.95828 9.76517509e-03
0.96159 9.73812672e-03
0.96492 9.71119212e-03
0.96826 9.68437129e-03
0.97161 9.65765929e-03
0.97498 9.63105612e-03
0.97835 9.60455683e-03
0.98174 9.57817131e-03
0.98514 9.55188967e-03
0.98855 9.52571685e-03
0.99197 9.49965287e-03
0.99540 9.47368781e-03
0.99885 9.44783159e-03
1.00231 9.42207924e-03
1.00578 9.39642583e-03
1.00926 9.37088124e-03
1.01275 9.34543559e-03
1.01626 9.32008887e-03
1.01978 9.29484603e-03
1.02330 9.26970212e-03
1.02685 9.24465715e-03
1.03040 9.21971605e-03
1.03397 9.19053072e-03
1.03755 9.16071716e-03
1.04114 9.13102232e-03
1.04474 9.10145115e-03
1.04836 9.07200364e-03
1.05199 9.04267485e-03
1.05563 9.01346479e-03
1.05928 8.98437344e-03
1.06295 8.95540576e-03
1.06663 8.92655185e-03
1.07032 8.89781667e-03
1.07403 8.86920020e-03
1.07775 8.84069751e-03
1.08148 8.81230859e-03
1.08522 8.78403839e-03
1.08898 8.75588196e-03
1.09275 8.72783931e-03
1.09653 8.69991043e-03
1.10032 8.67209037e-03
1.10413 8.64438904e-03
1.10796 8.61679159e-03
1.11179 8.58931285e-03
1.11564 8.56193800e-03
1.11950 8.53467692e-03
1.12338 8.50752467e-03
1.12726 8.48048124e-03
1.13117 8.45354169e-03
1.13508 8.42671592e-03
1.13901 8.39999403e-03
1.14295 8.37337601e-03
1.14691 8.34686683e-03
1.15088 8.32046647e-03
1.15487 8.29416504e-03
1.15886 8.26797244e-03
1.16287 8.24187877e-03
1.16690 8.21589393e-03
1.17094 8.19000803e-03
1.17499 8.16422600e-03
1.17906 8.13854785e-03
1.18314 8.11296864e-03
1.18724 8.08748836e-03
1.19135 8.06211196e-03
1.19547 8.03683449e-03
1.19961 8.01165596e-03
1.20376 7.98657636e-03
1.20793 7.96159075e-03
1.21211 7.93670901e-03
1.21630 7.91192127e-03
1.22052 7.88723245e-03
1.22474 7.86263763e-03
1.22898 7.83814173e-03
1.23323 7.81373983e-03
1.23750 7.78943191e-03
1.24179 7.76521797e-03
1.24609 7.74110297e-03
1.25040 7.71707701e-03
1.25473 7.69314504e-03
1.25907 7.66930705e-03
1.26343 7.64555811e-03
1.26780 7.62190315e-03
1.27219 7.59834217e-03
1.27659 7.57486529e-03
1.28101 7.55148735e-03
1.28545 7.52819349e-03
1.28990 7.50498868e-03
1.29436 7.48187785e-03
1.29884 7.45885112e-03
1.30334 7.43591837e-03
1.30785 7.41306972e-03
1.31238 7.39030516e-03
1.31692 7.36763459e-03
1.32148 7.34504316e-03
1.32605 7.32254572e-03
1.33064 7.30012743e-03
1.33525 7.27779817e-03
1.33987 7.25555301e-03
1.34451 7.23339195e-03
1.34916 7.21131497e-03
1.35383 7.18932209e-03
1.35852 7.16741331e-03
1.36322 7.14558861e-03
1.36794 7.12384307e-03
1.37268 7.10218161e-03
1.37743 7.08059931e-03
1.38220 7.05910109e-03
1.38698 7.03768697e-03
1.39178 7.01634705e-03
1.39660 6.99509123e-03
1.40144 6.97391455e-03
1.40629 6.95281701e-03
1.41115 6.93179863e-03
1.41604 6.91085939e-03
1.42094 6.88999929e-03
1.42586 6.86921340e-03
1.43080 6.84850665e-03
1.43575 6.82787905e-03
1.44072 6.80732565e-03
1.44571 6.78685140e-03
1.45071 6.76645135e-03
1.45573 6.74613044e-03
1.46077 6.72588373e-03
1.46583 6.70571123e-03
1.47090 6.68561292e-03
1.47599 6.66558881e-03
1.48110 6.64563891e-03
1.48623 6.62576320e-03
1.49137 6.60595675e-03
1.49654 6.58622944e-03
1.50172 6.56657139e-03
1.50692 6.54698753e-03
1.51213 6.52747293e-03
1.51737 6.50803253e-03
1.52262 6.48866139e-03
1.52789 6.46935949e-03
1.53318 6.45013180e-03
1.53849 6.43097336e-03
1.54381 6.41188417e-03
1.54916 6.38427683e-03
1.55452 6.32625737e-03
1.55990 6.26878205e-03
1.56530 6.21183603e-03
1.57072 6.15542424e-03
1.57615 6.09954175e-03
1.58161 6.04417371e-03
1.58709 5.98932012e-03
1.59258 5.93498099e-03
1.59809 5.88114641e-03
1.60362 5.82781145e-03
1.60918 5.77497116e-03
1.61475 5.72262059e-03
1.62034 5.67075973e-03
1.62594 5.61937871e-03
1.63157 5.56847751e-03
1.63722 5.51804624e-03
1.64289 5.46808491e-03
1.64857 5.41858361e-03
1.65428 5.36954236e-03
1.66001 5.32095620e-03
1.66575 5.27282019e-03
1.67152 5.22512937e-03
1.67731 5.17788376e-03
1.68311 5.13107345e-03
1.68894 5.08469351e-03
1.69478 5.03874392e-03
1.70065 4.99321975e-03
1.70654 4.94812099e-03
1.71245 4.90343379e-03
1.71837 4.85916162e-03
1.72432 4.81529804e-03
1.73029 4.77184009e-03
1.73628 4.72878282e-03
1.74229 4.68612375e-03
1.74832 4.64385795e-03
1.75437 4.60198194e-03
1.76045 4.56049227e-03
1.76654 4.51938547e-03
1.77266 4.47865759e-03
1.77879 4.43830466e-03
1.78495 4.39832372e-03
1.79113 4.35871131e-03
1.79733 4.31946347e-03
1.80355 4.28057673e-03
1.80979 4.24204764e-03
1.81606 4.20387372e-03
1.82234 4.16605051e-03
1.82865 4.12857506e-03
1.83498 4.09144390e-03
1.84133 4.05465405e-03
1.84771 4.01820256e-03
1.85410 3.98208546e-03
1.86052 3.94630029e-03
1.86696 3.91084357e-03
1.87342 3.87571185e-03
1.87991 3.84090315e-03
1.88642 3.80641301e-03
1.89295 3.77223945e-03
1.89950 3.73837903e-03
1.90607 3.70482925e-03
1.91267 3.67158666e-03
1.91929 3.63864879e-03
1.92594 3.60601216e-03
1.93260 3.57367432e-03
1.93929 3.54163278e-03
1.94601 3.50988408e-03
1.95274 3.47842625e-03
1.95950 3.44725582e-03
1.96629 3.41637032e-03
1.97309 3.38576727e-03
1.97992 3.35544371e-03
1.98678 3.32539716e-03
1.99365 3.29562515e-03
2.00055 3.26612472e-03
2.00748 3.23689387e-03
2.01443 3.20792966e-03
2.02140 3.17923009e-03
2.02840 3.15079170e-03
2.03542 3.12261301e-03
2.04247 3.09469106e-03
2.04954 3.06702386e-03
2.05663 3.03960844e-03
2.06375 3.01244283e-03
2.07090 2.98552505e-03
2.07806 2.95885163e-03
2.08526 2.93242159e-03
2.09247 2.90623196e-03
2.09972 2.88028076e-03
2.10699 2.85456502e-03
2.11428 2.82908375e-03
2.12160 2.80383398e-03
2.12894 2.77881374e-03
2.13631 2.75402056e-03
2.14371 2.72945294e-03
2.15113 2.70510841e-03
2.15857 2.68098500e-03
2.16605 2.65708023e-03
2.17354 2.63339312e-03
2.18107 2.60992020e-03
2.18862 2.58666048e-03
2.19619 2.56361198e-03
2.20380 2.54077223e-03
2.21143 2.51813975e-03
2.21908 2.49571205e-03
2.22676 2.47348816e-03
2.23447 2.45146511e-03
2.24220 2.42964141e-03
2.24997 2.40801557e-03
2.25775 2.38658562e-03
2.26557 2.36534958e-03
2.27341 2.34430547e-03
2.28128 2.32345230e-03
2.28918 2.30278711e-03
2.29710 2.28230890e-03
2.30505 2.26201619e-03
2.31303 2.24190650e-03
2.32104 2.22197885e-03
2.32908 2.20223077e-03
2.33714 2.18266176e-03
2.34523 2.16326885e-03
2.35335 2.14405105e-03
2.36149 2.12500737e-03
2.36967 2.10613485e-03
2.37787 2.08743298e-03
2.38610 2.06889980e-03
2.39436 2.05053332e-03
2.40265 2.03233305e-03
2.41097 2.01429652e-03
2.41931 1.99642273e-03
2.42769 1.97870970e-03
2.43609 1.96115646e-03
2.44452 1.94376150e-03
2.45298 1.92652286e-03
2.46148 1.90943955e-03
2.47000 1.89251008e-03
2.47855 1.87573296e-03
2.48713 1.85910672e-03
2.49574 1.84262987e-03
2.50438 1.82630142e-03
2.51304 1.81011988e-03
2.52174 1.79408378e-03
2.53047 1.77819162e-03
2.53923 1.76244292e-03
2.54802 1.74683520e-03
2.55684 1.73136747e-03
2.56569 1.71603923e-03
2.57457 1.70084802e-03
2.58349 1.68579383e-03
2.59243 1.67087418e-03
2.60140 1.65608860e-03
2.61041 1.64143608e-03
2.61944 1.62691464e-03
2.62851 1.61252330e-03
2.63761 1.59826157e-03
2.64674 1.58412696e-03
2.65590 1.57011949e-03
2.66510 1.55623766e-03
2.67432 1.54247999e-03
2.68358 1.52884599e-03
2.69287 1.51533367e-03
2.70219 1.50194255e-03
2.71154 1.48867114e-03
2.72093 1.47551845e-03
2.73035 1.46248398e-03
2.73980 1.44956576e-03
2.74928 1.43676329e-03
2.75880 1.42407509e-03
2.76835 1.41150066e-03
2.77793 1.39903853e-03
2.78755 1.38668818e-03
2.79720 1.37444766e-03
2.80688 1.36231695e-03
2.81660 1.35029457e-03
2.82635 1.33837953e-03
2.83613 1.32657085e-03
2.84595 1.31486803e-03
2.85580 1.30326908e-03
2.86569 1.29177402e-03
2.87561 1.28038184e-03
2.88556 1.26909108e-03
2.89555 1.25790073e-03
2.90557 1.24681080e-03
2.91563 1.23581980e-03
2.92572 1.22492625e-03
2.93585 1.21413015e-03
2.94601 1.20343051e-03
2.95621 1.19282634e-03
2.96644 1.18231616e-03
2.97671 1.17189996e-03
2.98702 1.16157676e-03
2.99736 1.15134508e-03
3.00773 1.14120490e-03
3.01814 1.13115476e-03
3.02859 1.12119465e-03
3.03907 1.11132259e-03
3.04960 1.10153857e-03
3.06015 1.09184162e-03
3.07074 1.08223124e-03
3.08137 1.07270643e-03
3.09204 1.06326572e-03
3.10274 1.03727544e-03
3.11348 1.00258842e-03
3.12426 9.69062388e-04
3.13508 9.36658259e-04
3.14593 9.05338933e-04
3.15682 8.75067807e-04
3.16775 8.45809757e-04
3.17871 8.15098872e-04
3.18972 7.81601529e-04
3.20076 7.49481339e-04
3.21184 7.18681908e-04
3.22295 6.89148329e-04
3.23411 6.60829157e-04
3.24531 6.33673936e-04
3.25654 6.07635177e-04
3.26781 5.74551871e-04
3.27912 5.42696327e-04
3.29047 5.12607237e-04
3.30187 4.84186560e-04
3.31330 4.57342039e-04
3.32476 4.31986217e-04
3.33627 4.08036386e-04
3.34782 3.81553565e-04
3.35941 3.48056321e-04
3.37104 3.17500069e-04
3.38271 2.89626591e-04
3.39442 2.64200279e-04
3.40617 2.41006349e-04
3.41796 2.19848713e-04
3.42979 2.00548601e-04
3.44166 8.25520015e-05
3.45358 1.23775295e-05
3.46553 1.85583994e-06
3.47753 2.78257766e-07
3.48957 4.51259865e-08
3.50164 4.39167936e-08
3.51377 4.33245193e-08
3.52593 4.27405999e-08
3.53814 4.21645507e-08
3.55038 4.15962084e-08
3.56267 4.10354641e-08
3.57500 4.04822141e-08
3.58738 3.99363593e-08
3.59980 3.93978009e-08
3.61226 3.88664497e-08
3.62476 3.83422069e-08
3.63731 3.78151198e-08
3.64990 3.71760896e-08
3.66254 3.65476601e-08
3.67521 3.59296533e-08
3.68794 3.53219108e-08
3.70070 3.47242545e-08
3.71351 3.41365262e-08
3.72637 3.35585626e-08
3.73927 3.29902055e-08
3.75221 3.24916161e-08
3.76520 3.20528369e-08
3.77823 3.16199442e-08
3.79131 3.11928490e-08
3.80443 3.07714771e-08
3.81760 3.03557592e-08
3.83082 2.99456113e-08
3.84408 2.95409640e-08
3.85739 2.91417483e-08
3.87074 2.87478848e-08
3.88414 2.83593093e-08
3.89758 2.79759426e-08
3.91107 2.75977254e-08
3.92461 2.72245835e-08
3.93820 2.68564476e-08
3.95183 2.64932584e-08
3.96551 2.61349417e-08
3.97924 2.57814430e-08
3.99301 2.54326881e-08
4.00683 2.50886227e-08
4.02070 2.47491775e-08
4.03462 2.44142931e-08
4.04859 2.40839102e-08
4.06260 2.37579644e-08
4.07667 2.34364014e-08
4.09078 2.31191667e-08
4.10494 2.28061961e-08
4.11915 2.24974301e-08
4.13341 2.21871851e-08
4.14771 2.18192965e-08
4.16207 2.14574132e-08
4.17648 2.11014412e-08
4.19094 2.07512865e-08
4.20545 2.04068501e-08
4.22000 2.00680430e-08
4.23461 1.97347761e-08
4.24927 1.94069556e-08
4.26398 1.90845022e-08
4.27874 1.87880435e-08
4.29355 1.85334188e-08
4.30841 1.82822221e-08
4.32332 1.80344139e-08
4.33829 1.77899397e-08
4.35331 1.75487600e-08
4.36838 1.73108353e-08
4.38350 1.70761110e-08
4.39867 1.68445526e-08
4.41390 1.66161205e-08
4.42918 1.63907652e-08
4.44451 1.61684471e-08
4.45990 1.59491268e-08
4.47533 1.57327695e-08
4.49083 1.55193257e-08
4.50637 1.53087659e-08
4.52197 1.51010405e-08
4.53762 1.48961249e-08
4.55333 1.46939695e-08
4.56909 1.44945446e-08
4.58491 1.42978157e-08
4.60078 1.40696507e-08
4.61670 1.38395416e-08
4.63269 1.36131475e-08
4.64872 1.33904090e-08
4.66481 1.31712667e-08
4.68096 1.29556663e-08
4.69717 1.27435433e-08
4.71343 1.25348484e-08
4.72974 1.23295271e-08
4.74611 1.21275250e-08
4.76254 1.19301085e-08
4.77903 1.17680458e-08
4.79557 1.16081695e-08
4.81217 1.14504599e-08
4.82883 1.12948773e-08
4.84555 1.11414021e-08
4.86232 1.09899994e-08
4.87915 1.08406447e-08
4.89604 1.06933132e-08
4.91299 1.05479703e-08
4.92999 1.04045961e-08
4.94706 1.02631610e-08
4.96418 1.00806784e-08
4.98137 9.89079075e-09
4.99861 9.70444981e-09
5.01591 9.52179415e-09
5.03328 1.91429718e-08
5.05070 7.32871916e-08
5.06818 2.80573845e-07
5.08573 1.07415333e-06
5.10333 4.11230696e-06
5.12100 1.57436274e-05
5.13873 6.02732041e-05
5.15651 2.01492277e-04
5.17436 2.12636968e-04
5.19228 2.24398113e-04
5.21025 2.36809844e-04
5.22828 2.49908123e-04
5.24638 2.63730989e-04
5.26454 2.78318412e-04
5.28277 2.93712785e-04
5.30105 3.09958727e-04
5.31940 3.27103379e-04
5.33782 3.45196356e-04
5.35629 3.64290193e-04
5.37484 3.84440242e-04
5.39344 3.96329802e-04
5.41211 4.07743692e-04
5.43084 4.19486386e-04
5.44965 4.31567333e-04
5.46851 4.43996278e-04
5.48744 4.56783263e-04
5.50643 4.69938626e-04
5.52550 4.83472954e-04
5.54462 4.97397227e-04
5.56381 5.11722279e-04
5.58308 5.26460377e-04
5.60240 5.41622900e-04
5.62179 5.56111192e-04
5.64125 5.66344856e-04
5.66078 5.76766988e-04
5.68038 5.87381545e-04
5.70004 5.98191001e-04
5.71977 6.09199808e-04
5.73957 6.20411428e-04
5.75944 6.31829324e-04
5.77938 6.43456959e-04
5.79938 6.55299279e-04
5.81946 6.67359747e-04
5.83960 6.79641825e-04
5.85982 6.92150461e-04
5.88010 7.04889612e-04
5.90045 7.14499501e-04
5.92088 7.23816548e-04
5.94137 7.33255283e-04
5.96194 7.42817189e-04
5.98258 7.52503752e-04
6.00329 7.62316455e-04
6.02407 7.72257276e-04
6.04492 7.82327205e-04
6.06585 7.92529211e-04
6.08684 8.02863787e-04
6.10791 8.13332912e-04
6.12906 8.23939060e-04
6.15027 8.34683220e-04
6.17156 8.45567371e-04
6.19293 8.53473628e-04
6.21436 8.61253745e-04
6.23588 8.69104600e-04
6.25746 8.77027181e-04
6.27912 8.85022479e-04
6.30086 8.93090492e-04
6.32267 9.01232211e-04
6.34455 9.09448624e-04
6.36652 9.17739732e-04
6.38856 9.26106524e-04
6.41067 9.34549989e-04
6.43286 9.43070623e-04
6.45513 9.51668919e-04
6.47747 9.60345867e-04
6.49990 9.68110649e-04
6.52240 9.73431779e-04
6.54497 9.78782588e-04
6.56763 9.84162583e-04
6.59037 9.89572752e-04
6.61318 9.95012601e-04
6.63607 1.00048213e-03
6.65904 1.00598233e-03
6.68209 1.01151270e-03
6.70522 1.01707375e-03
6.72843 1.02266546e-03
6.75172 1.02828833e-03
6.77510 1.03394188e-03
6.79855 1.03962708e-03
6.82208 1.04534345e-03
6.84570 1.05109148e-03
6.86939 1.05687116e-03
6.89317 1.06268251e-03
6.91704 1.06799127e-03
6.94098 1.07323721e-03
6.96500 1.07850937e-03
6.98911 1.08380725e-03
7.01331 1.08913134e-03
7.03759 1.09448215e-03
7.06195 1.09985918e-03
7.08639 1.10526242e-03
7.11092 1.11069287e-03
7.13554 1.11615004e-03
7.16024 1.12163391e-03
7.18502 1.12714499e-03
7.20990 1.13268328e-03
7.23485 1.13824878e-03
7.25990 1.14384197e-03
7.28503 1.14946287e-03
7.31025 1.15436403e-03
7.33555 1.15831196e-03
7.36094 1.16227375e-03
7.38642 1.16624938e-03
7.41199 1.17023837e-03
7.43765 1.17424171e-03
7.46340 1.17825841e-03
7.48923 1.18228895e-03
7.51516 1.18633334e-03
7.54117 1.19039208e-03
7.56727 1.19446467e-03
7.59347 1.19855161e-03
7.61975 1.20265240e-03
7.64613 1.20676703e-03
7.67260 1.21089651e-03
7.69916 1.21503984e-03
7.72581 1.21919751e-03
7.75255 1.22333936e-03
7.77939 1.22620546e-03
7.80632 1.22907799e-03
7.83334 1.23195744e-03
7.86046 1.23484431e-03
7.88767 1.23773762e-03
7.91497 1.24063785e-03
7.94237 1.24354501e-03
7.96986 1.24645909e-03
7.99745 1.24938059e-03
8.02513 1.25230852e-03
8.05291 1.25524387e-03
8.08079 1.25818566e-03
8.10876 1.26113535e-03
8.13683 1.26409148e-03
8.16500 1.26705453e-03
8.19326 1.27002501e-03
8.22162 1.27300241e-03
8.25008 1.27598723e-03
8.27864 1.36317371e-03
8.30730 1.55378757e-03
8.33605 1.77105309e-03
8.36491 2.01869658e-03
8.39386 2.30096525e-03
8.42292 2.62270239e-03
8.45208 2.98942500e-03
8.48133 3.40742526e-03
8.51069 3.88387286e-03
8.54016 4.42693969e-03
8.56972 5.04594132e-03
8.59938 5.75149428e-03
8.62915 6.55569367e-03
8.65902 7.47233079e-03
8.68899 8.51711131e-03
8.71907 9.70793227e-03
8.74925 1.10651739e-02
8.77954 1.26120411e-02
8.80993 1.43749490e-02
8.84043 1.63839338e-02
8.87103 1.77745111e-02
8.90174 1.88819807e-02
8.93255 2.00582634e-02
8.96347 2.13075935e-02
8.99450 2.26344478e-02
9.02563 2.40435800e-02
9.05688 2.55400110e-02
9.08823 2.71290436e-02
9.11969 2.88162972e-02
9.15126 3.06077028e-02
9.18294 3.25095280e-02
9.21472 3.45283863e-02
9.24662 3.66712576e-02
9.27863 3.89454975e-02
9.31075 4.13588623e-02
9.34298 4.39195340e-02
9.37532 4.66361345e-02
9.40777 4.95177657e-02
9.44034 5.25740637e-02
9.47302 5.58152187e-02
9.50581 5.92520637e-02
9.53871 6.20279847e-02
9.57173 6.38513755e-02
9.60487 6.57307131e-02
9.63811 6.76679267e-02
9.67148 6.96649949e-02
9.70495 7.17238965e-02
9.73855 7.38467585e-02
9.77226 7.60359059e-02
9.80609 7.82935645e-02
9.84003 8.06221584e-02
9.87409 8.30242103e-02
9.90827 8.51524147e-02
9.94257 8.60219397e-02
9.97699 8.68995773e-02
10.01153 8.77850801e-02
10.04618 8.86780029e-02
10.08096 8.95781479e-02
10.11585 9.04851687e-02
10.15087 9.13987685e-02
10.18601 9.23185517e-02
10.22127 9.32442215e-02
10.25665 9.41754315e-02
10.29215 9.51118849e-02
10.32778 9.54345560e-02
10.36353 9.51815835e-02
10.39941 9.49243568e-02
10.43540 9.46627771e-02
10.47153 9.43968443e-02
10.50777 9.41265089e-02
10.54415 9.38517711e-02
10.58065 9.35726307e-02
10.61727 9.21531847e-02
10.65403 9.07095000e-02
10.69091 8.92857009e-02
10.72791 8.78816885e-02
10.76505 8.64970671e-02
10.80231 8.51316387e-02
10.83971 8.37852055e-02
10.87723 8.24575201e-02
10.91488 8.11482859e-02
10.95266 7.98573543e-02
10.99058 7.85844285e-02
11.02862 7.73293108e-02
11.06680 7.60918032e-02
11.10511 7.48716584e-02
11.14355 7.36686291e-02
11.18212 7.24825668e-02
11.22083 7.13132243e-02
11.25967 6.94621816e-02
11.29865 6.59818059e-02
11.33776 6.26771852e-02
11.37701 5.95391683e-02
11.41639 5.65592468e-02
11.45591 5.37293083e-02
11.49556 5.10415864e-02
11.53536 4.84889234e-02
11.57529 4.60643889e-02
11.61536 4.37614880e-02
11.65556 4.15740572e-02
11.69591 3.94962445e-02
11.73640 3.75225195e-02
11.77702 3.56476240e-02
11.81779 3.38665767e-02
11.85870 3.21746535e-02
11.89975 3.05673776e-02
11.94094 2.90404850e-02
11.98227 2.75899443e-02
12.02375 2.62119266e-02
12.06537 2.49027913e-02
12.10714 2.36590806e-02
12.14905 2.24775247e-02
12.19110 2.13550073e-02
12.23330 2.02885753e-02
12.27565 1.92754138e-02
12.31814 1.83128667e-02
12.36078 1.73983962e-02
12.40357 1.69361648e-02
12.44651 1.67144404e-02
12.48959 1.64953773e-02
12.53283 1.62789458e-02
12.57621 1.60651162e-02
12.61974 1.58538737e-02
12.66343 1.56451788e-02
12.70726 1.54390166e-02
12.75125 1.52353623e-02
12.79539 1.50341814e-02
12.83968 1.48354590e-02
12.88413 1.46391604e-02
12.92873 1.44452708e-02
12.97348 1.42537557e-02
13.01839 1.40646001e-02
13.06345 1.38777793e-02
13.10867 1.36932637e-02
13.15405 1.35110335e-02
13.19959 1.33310639e-02
13.24528 1.31533351e-02
13.29113 1.29778174e-02
13.33713 1.28044912e-02
13.38330 1.26333415e-02
13.42963 1.24643337e-02
13.47612 1.22974480e-02
13.52277 1.21326695e-02
13.56958 1.19699687e-02
13.61655 1.18093257e-02
13.66368 1.16507208e-02
13.71098 1.14941340e-02
13.75844 1.13673905e-02
13.80607 1.16197151e-02
13.85386 1.18775551e-02
13.90182 1.21410294e-02
13.94994 1.24102567e-02
13.99823 1.26853656e-02
14.04668 1.29664846e-02
14.09531 1.32537376e-02
14.14410 1.35472678e-02
14.19306 1.38472040e-02
14.24219 1.41536846e-02
14.29149 1.44668581e-02
14.34096 1.47868629e-02
14.39060 1.51138475e-02
14.44042 1.54479651e-02
14.49041 1.57893742e-02
14.54057 1.61382230e-02
14.59090 1.64946748e-02
14.64141 1.68588979e-02
14.69209 1.72310554e-02
14.74295 1.76113205e-02
14.79398 1.79998664e-02
14.84519 1.83968611e-02
14.89658 1.88024977e-02
14.94814 1.92169541e-02
14.99989 1.96404185e-02
15.05181 2.00730787e-02
15.10392 2.05151326e-02
15.15620 2.09667781e-02
15.20866 2.14282081e-02
15.26131 2.18996403e-02
15.31414 2.23812675e-02
15.36715 2.28733125e-02
15.42034 2.33759828e-02
15.47372 2.38894963e-02
15.52729 2.43333112e-02
15.58103 2.47747023e-02
15.63497 2.52241218e-02
15.68909 2.56817231e-02
15.74340 2.61476546e-02
15.79790 2.66220696e-02
15.85258 2.71051264e-02
15.90746 2.75969883e-02
15.96252 2.80978136e-02
16.01778 2.86077803e-02
16.07323 2.91270517e-02
16.12886 2.96558009e-02
16.18470 3.01942159e-02
16.24072 3.07424698e-02
16.29694 3.13007506e-02
16.35335 3.18692562e-02
16.40996 3.24481695e-02
16.46677 3.30377033e-02
16.52377 3.36380457e-02
16.58097 3.42494190e-02
16.63836 3.48720263e-02
16.69596 3.55060950e-02
16.75375 3.61518378e-02
16.81175 3.68094872e-02
16.86994 3.74792807e-02
16.92834 3.81614557e-02
16.98694 3.88562546e-02
17.04574 3.95639297e-02
17.10474 4.02847431e-02
17.16395 4.10189521e-02
17.22337 4.17668337e-02
17.28299 4.25286649e-02
17.34281 4.33047277e-02
17.40285 4.40953138e-02
17.46309 4.49007251e-02
17.52354 4.57212683e-02
17.58420 4.65572599e-02
17.64507 4.74090215e-02
17.70615 4.77883814e-02
17.76744 4.78798551e-02
17.82894 4.79714377e-02
17.89066 4.80631341e-02
17.95259 4.81549343e-02
18.01473 4.82468385e-02
18.07709 4.83388415e-02
18.13967 4.84309534e-02
18.20246 4.85231593e-02
18.26547 4.86154591e-02
18.32870 4.87078579e-02
18.39214 4.88003507e-02
18.45581 4.88929275e-02
18.51969 4.89855984e-02
18.58380 4.90783533e-02
18.64813 4.91711924e-02
18.71268 4.92641106e-02
18.77746 4.93571128e-02
18.84246 4.94501893e-02
18.90768 4.95433400e-02
18.97313 4.96365847e-02
19.03881 4.97298788e-02
19.10472 4.98232224e-02
19.17085 4.99166649e-02
19.23721 5.00101569e-02
19.30380 5.01036984e-02
19.37062 5.01973388e-02
19.43768 5.02909792e-02
19.50496 5.03847185e-02
19.57248 5.04785073e-02
19.64023 5.05723456e-02
19.70822 5.06661839e-02
19.77644 5.07601211e-02
19.84490 5.08541077e-02
19.91359 5.09480944e-02
19.98252 5.10421305e-02
20.05169 5.11362161e-02
20.12110 5.12303017e-02
20.19076 5.13244368e-02
20.26065 5.14186213e-02
20.33078 5.15128059e-02
20.40116 5.16070399e-02
20.47178 5.17012244e-02
20.54264 5.17955079e-02
20.61375 5.18897419e-02
20.68511 5.17418365e-02
20.75671 5.15767663e-02
20.82856 5.14120423e-02
20.90066 5.12476645e-02
20.97301 5.10836825e-02
21.04561 5.09200468e-02
21.11846 5.07567573e-02
21.19157 5.05938636e-02
21.26492 5.04313161e-02
21.33853 5.02691149e-02
21.41240 5.01073095e-02
21.48652 4.99458503e-02
21.56090 4.97847373e-02
21.63553 4.96240201e-02
21.71043 4.94636344e-02
21.78558 4.93036146e-02
21.86099 4.91439511e-02
21.93666 4.89846486e-02
22.01260 4.88257073e-02
22.08880 4.86671221e-02
22.16526 4.85088931e-02
22.24199 4.83510202e-02
22.31898 4.81935084e-02
22.39624 4.80363528e-02
22.47377 4.78795534e-02
22.55156 4.77231101e-02
22.62962 4.75670230e-02
22.70796 4.74112871e-02
22.78656 4.72559123e-02
22.86544 4.71008887e-02
22.94459 4.69462213e-02
23.02402 4.67919100e-02
23.10372 4.66379500e-02
23.18369 4.64843461e-02
23.26394 4.63310934e-02
23.34447 4.61781919e-02
23.42528 4.60256466e-02
23.50637 4.58734525e-02
23.58774 4.57216096e-02
23.66939 4.55701229e-02
23.75133 4.54189825e-02
23.83354 4.52681932e-02
23.91604 4.51177601e-02
23.99883 4.49676733e-02
24.08191 4.48179377e-02
24.16527 4.46685533e-02
24.24892 4.45195202e-02
24.33286 4.43708333e-02
24.41709 4.42224976e-02
24.50161 4.40745081e-02
24.58642 4.39268699e-02
24.67153 4.37795780e-02
24.75693 4.36308218e-02
24.84263 4.34495957e-02
24.92863 4.32690622e-02
25.01492 4.30892063e-02
25.10151 4.29100381e-02
25.18840 4.27315525e-02
25.27559 4.25537445e-02
25.36309 4.23766093e-02
25.45088 4.22001518e-02
25.53898 4.20243621e-02
25.62739 4.18492452e-02
25.71610 4.16747961e-02
25.80512 4.15010098e-02
25.89444 4.13278863e-02
25.98408 4.11554208e-02
26.07403 4.09836181e-02
26.16428 4.08124684e-02
26.25485 4.06419716e-02
26.34574 4.04721278e-02
26.43694 4.03029320e-02
26.52845 4.01343793e-02
26.62028 3.99664746e-02
26.71243 3.97992130e-02
26.80489 3.96325944e-02
26.89768 3.94666090e-02
26.99079 3.93012617e-02
27.08422 3.91365476e-02
27.17798 3.89724617e-02
27.27205 3.88090090e-02
27.36646 3.86461845e-02
27.46119 3.84839833e-02
27.55625 3.83224005e-02
27.65164 3.81614458e-02
27.74736 3.80011046e-02
27.84341 3.78413817e-02
27.93979 3.76822721e-02
28.03650 3.75237710e-02
28.13355 3.73658883e-02
28.23094 3.72086090e-02
28.32867 3.70519332e-02
28.42673 3.68958610e-02
28.52513 3.67403971e-02
28.62387 3.65855269e-02
28.72295 3.64312552e-02
28.82238 3.62775771e-02
28.92215 3.61244975e-02
29.02227 3.59720067e-02
29.12273 3.58201044e-02
29.22354 3.56687908e-02
29.32470 3.55180609e-02
29.42621 3.53679148e-02
29.52807 3.52183474e-02
29.63029 3.50693587e-02
29.73286 3.49209538e-02
29.83578 3.47731177e-02
29.93906 3.46258554e-02
30.04269 3.44791670e-02
30.14669 3.43330424e-02
30.25104 3.41874917e-02
30.35576 3.40425000e-02
30.46084 3.38980771e-02
30.56628 3.37542132e-02
30.67209 3.36109082e-02
30.77826 3.34681573e-02
30.88481 3.33259654e-02
30.99172 3.31782480e-02
31.09900 3.30169471e-02
31.20665 3.28564080e-02
31.31467 3.26966208e-02
31.42307 3.25375904e-02
31.53184 3.23793119e-02
31.64099 3.22217754e-02
31.75052 3.20649809e-02
31.86043 3.19089284e-02
31.97072 3.17536130e-02
32.08139 3.15990297e-02
32.19244 3.14451784e-02
32.30388 3.12920494e-02
32.41570 3.11396426e-02
32.52791 3.09879580e-02
32.64051 3.08369907e-02
32.75349 3.06867308e-02
32.86687 3.05371831e-02
32.98064 3.03883429e-02
33.09481 3.02402051e-02
33.20937 3.00927697e-02
33.32433 2.99460268e-02
33.43968 2.97999814e-02
33.55544 2.96546236e-02
33.67159 2.95099534e-02
33.78815 2.93659658e-02
33.90511 2.92226609e-02
34.02247 2.90800336e-02
34.14024 2.89380791e-02
34.25842 2.87967974e-02
34.37701 2.86561835e-02
34.49601 2.85162373e-02
34.61542 2.83769491e-02
34.73525 2.82383237e-02
34.85549 2.81003513e-02
34.97614 2.79630367e-02
35.09721 2.78263702e-02
35.21871 2.76903468e-02
35.34062 2.75549714e-02
35.46295 2.74202390e-02
35.58571 2.72861398e-02
35.70889 2.71526787e-02
35.83250 2.70198509e-02
35.95654 2.68876512e-02
36.08101 2.67560797e-02
36.20590 2.66251316e-02
36.33123 2.64948018e-02
36.45700 2.63650952e-02
36.58320 2.62359971e-02
36.70983 2.61075173e-02
36.83691 2.59796460e-02
36.96442 2.58523782e-02
37.09238 2.57257138e-02
37.22077 2.55996530e-02
37.34962 2.54741907e-02
37.47890 2.53493269e-02
37.60864 2.52250518e-02
37.73883 2.51013653e-02
37.86946 2.49782725e-02
38.00055 2.48557584e-02
38.13209 2.47338280e-02
38.26409 2.46124764e-02
38.39654 2.44917035e-02
38.52946 2.43715045e-02
38.66283 2.42518743e-02
38.79667 2.41328179e-02
38.93096 2.40143205e-02
39.06573 2.38963920e-02
39.20096 2.37790224e-02
39.33665 2.36622118e-02
39.47282 2.35459553e-02
39.60946 2.34302527e-02
39.74657 2.33151042e-02
39.88416 2.32004998e-02
40.02222 2.30864396e-02
40.16076 2.29729235e-02
40.29978 2.28599515e-02
40.43928 2.27475138e-02
40.57926 2.26356152e-02
40.71973 2.25242460e-02
40.86069 2.24134110e-02
41.00213 2.23031003e-02
41.14406 2.21933189e-02
41.28648 2.20840570e-02
41.42940 2.19580753e-02
41.57281 2.18270628e-02
41.71672 2.16968220e-02
41.86113 2.15673529e-02
42.00603 2.14386505e-02
42.15144 2.13107149e-02
42.29735 2.11835311e-02
42.44377 2.10570993e-02
42.59069 2.09314193e-02
42.73812 2.08064814e-02
42.88606 2.06822805e-02
43.03451 2.05588215e-02
43.18348 2.04360898e-02
43.33297 2.03140803e-02
43.48297 2.01927979e-02
43.63349 2.00722328e-02
43.78453 1.99523849e-02
43.93609 1.98332395e-02
44.08818 1.97148064e-02
44.24079 1.95970708e-02
44.39394 1.94800327e-02
44.54761 1.93636871e-02
44.70182 1.92480291e-02
44.85655 1.91330587e-02
45.01183 1.90187709e-02
45.16764 1.89051558e-02
45.32399 1.87922135e-02
45.48089 1.86799440e-02
45.63832 1.85683373e-02
45.79630 1.84573885e-02
45.95483 1.83471026e-02
46.11391 1.82374647e-02
46.27353 1.81284797e-02
46.43371 1.80201378e-02
46.59445 1.79124390e-02
46.75574 1.78053783e-02
46.91759 1.76989557e-02
47.08000 1.75931564e-02
47.24297 1.74879902e-02
47.40650 1.73834424e-02
47.57060 1.72795179e-02
47.73527 1.71762068e-02
47.90051 1.70735041e-02
48.06633 1.69714148e-02
48.23271 1.68699290e-02
48.39967 1.67690467e-02
48.56721 1.66687629e-02
48.73533 1.65690727e-02
48.90403 1.64699712e-02
49.07332 1.63714583e-02
49.24319 1.62735292e-02
49.41365 1.61761788e-02
49.58470 1.60794071e-02
49.75634 1.59832093e-02
49.92858 1.58875803e-02
50.10141 1.57925202e-02
50.27484 1.56980241e-02
50.44887 1.56040869e-02
50.62350 1.55107037e-02
50.79874 1.54178795e-02
50.97458 1.53255994e-02
51.15104 1.52338734e-02
51.32810 1.51426865e-02
51.50578 1.50520438e-02
51.68407 1.49619353e-02
51.86298 1.48723660e-02
52.04250 1.47833211e-02
52.22265 1.46948104e-02
52.40343 1.46068240e-02
52.58482 1.45193571e-02
52.76685 1.44324095e-02
52.94951 1.43459764e-02
53.13280 1.42600577e-02
53.31672 1.41746486e-02
53.50128 1.40897490e-02
53.68648 1.40053489e-02
53.87232 1.39214535e-02
54.05880 1.38380527e-02
54.24593 1.37551465e-02
54.43371 1.36727351e-02
54.62214 1.35908084e-02
54.81122 1.35093714e-02
55.00095 1.34284192e-02
55.19134 1.33479419e-02
55.38239 1.32679493e-02
55.57410 1.31884267e-02
55.76647 1.31093790e-02
55.95951 1.30307962e-02
56.15322 1.29526834e-02
56.34760 1.28750356e-02
56.54265 1.27978429e-02
56.73838 1.27211151e-02
56.93479 1.26448375e-02
57.13187 1.25690150e-02
57.32964 1.24936427e-02
57.52809 1.24187204e-02
57.72723 1.23442434e-02
57.92705 1.22702067e-02
58.12757 1.21966052e-02
58.32879 1.21234490e-02
58.53070 1.20507231e-02
58.73331 1.19784275e-02
58.93662 1.19065624e-02
59.14063 1.18351275e-02
59.34535 1.17641132e-02
59.55078 1.16935243e-02
59.75692 1.16233509e-02
59.96377 1.15535979e-02
60.17134 1.14842605e-02
60.37963 1.14153287e-02
60.58864 1.13468124e-02
60.79837 1.12787017e-02
61.00883 1.12109967e-02
61.22002 1.11436924e-02
61.43194 1.10767887e-02
61.64459 1.10102808e-02
61.85797 1.09441686e-02
62.07210 1.08784521e-02
62.28697 1.08131264e-02
62.50258 1.07481866e-02
62.71894 1.06836375e-02
62.93605 1.06194644e-02
63.15390 1.05556772e-02
63.37252 1.04922708e-02
63.59189 1.04292404e-02
63.81201 1.03665859e-02
64.03290 1.03043024e-02
64.25456 1.02423899e-02
64.47698 1.01808435e-02
64.70017 1.01196681e-02
64.92414 1.00588537e-02
65.14888 9.99840053e-03
65.37440 9.93830843e-03
65.60070 9.87857248e-03
65.82778 9.81919269e-03
66.05565 9.76016412e-03
66.28430 9.70148676e-03
66.51375 9.64316061e-03
66.74400 9.58518568e-03
66.97504 9.52754712e-03
67.20688 9.47025977e-03
67.43952 9.41330880e-03
67.67297 9.35669915e-03
67.90722 9.30042092e-03
68.14229 9.24448401e-03
68.37817 9.18887853e-03
68.61486 9.13360448e-03
68.85238 9.07865691e-03
69.09072 9.02404076e-03
69.32988 8.96974615e-03
69.56987 8.91577307e-03
69.81069 8.86212647e-03
70.05235 8.80879645e-03
70.29484 8.75578797e-03
70.53817 8.70309113e-03
70.78235 8.65071088e-03
71.02737 8.59863732e-03
71.27323 8.54688035e-03
71.51995 8.49543007e-03
71.76752 8.44428153e-03
72.01595 8.39344464e-03
72.26524 8.34290455e-03
72.51539 8.29267115e-03
72.76641 8.24273455e-03
73.01830 8.19309475e-03
73.27106 8.14375175e-03
73.52469 8.09470555e-03
73.77920 8.04594625e-03
74.03460 7.99747881e-03
74.29087 7.94930323e-03
74.54804 7.90141455e-03
74.80609 7.85380783e-03
75.06504 7.80648801e-03
75.32488 7.75945016e-03
75.58563 7.71269427e-03
75.84727 7.66621539e-03
76.10982 7.62001352e-03
76.37328 7.57408867e-03
76.63766 7.52843588e-03
76.90295 7.48305516e-03
77.16915 7.43794651e-03
77.43628 7.39310497e-03
77.70433 7.34853551e-03
77.97331 7.30422821e-03
78.24322 7.26018309e-03
78.51407 7.21640509e-03
78.78585 7.17288432e-03
79.05857 7.12962572e-03
79.33224 7.08662929e-03
79.60686 7.04388515e-03
79.88242 7.00139328e-03
80.15894 6.95915864e-03
80.43642 6.91717628e-03
80.71486 6.87544620e-03
80.99426 6.83396345e-03
81.27463 6.79272804e-03
81.55596 6.75173501e-03
81.83828 6.71099427e-03
82.12157 6.67049096e-03
82.40584 6.63023004e-03
82.69109 6.59021151e-03
82.97733 6.55043536e-03
83.26457 6.51089171e-03
83.55279 6.47158549e-03
83.84202 6.43251177e-03
84.13225 6.39367549e-03
84.42348 6.35507171e-03
84.71572 6.31669547e-03
85.00897 6.27855172e-03
85.30323 6.24063057e-03
85.59852 6.20294192e-03
85.89482 6.16547587e-03
86.19215 6.12823241e-03
86.49052 6.09121156e-03
86.78991 6.05441331e-03
87.09034 6.01783765e-03
87.39181 5.98147471e-03
87.69432 5.94533436e-03
87.99789 5.90940672e-03
88.30250 5.87369673e-03
88.60816 5.83819945e-03
88.91489 5.80291488e-03
89.22267 5.76783807e-03
89.53153 5.73297396e-03
89.84145 5.69831761e-03
90.15244 5.66386903e-03
90.46451 5.62962325e-03
90.77766 5.59558524e-03
91.09190 5.56175004e-03
91.40722 5.52812260e-03
91.72363 5.49468808e-03
92.04114 5.46145637e-03
92.35975 5.42842748e-03
92.67946 5.39559151e-03
93.00028 5.36295340e-03
93.32221 5.33051316e-03
93.64525 5.29826584e-03
93.96941 5.26620649e-03
94.29469 5.23434501e-03
94.62110 5.20267151e-03
94.94864 5.17119092e-03
95.27731 5.13989336e-03
95.60712 5.10878872e-03
95.93807 5.07786711e-03
96.27017 5.04713347e-03
96.60342 5.01657791e-03
96.93782 4.98621032e-03
97.27338 4.95602576e-03
97.61010 4.92601879e-03
97.94798 4.89619286e-03
98.28704 4.86654551e-03
98.62727 4.83707574e-03
98.96867 4.80778207e-03
99.31126 4.77866451e-03
99.65504 4.74972107e-03
100.00000 4.72095126e-03
