        2000  1.000000 3.200000
0.10000 1.33925717e+00
0.10035 1.33950933e+00
0.10069 1.33974869e+00
0.10104 1.33999445e+00
0.10139 1.34024619e+00
0.10174 1.34049365e+00
0.10210 1.34074496e+00
0.10245 1.34100224e+00
0.10280 1.34126080e+00
0.10316 1.34151595e+00
0.10352 1.34177835e+00
0.10387 1.34204288e+00
0.10423 1.34230699e+00
0.10459 1.34257536e+00
0.10496 1.34285269e+00
0.10532 1.34312405e+00
0.10568 1.34338816e+00
0.10605 1.34366123e+00
0.10642 1.34394453e+00
0.10679 1.34422912e+00
0.10716 1.34449877e+00
0.10753 1.34476288e+00
0.10790 1.34503680e+00
0.10827 1.34532907e+00
0.10865 1.34561067e+00
0.10902 1.34586795e+00
0.10940 1.34612565e+00
0.10978 1.34641067e+00
0.11016 1.34670592e+00
0.11054 1.34696704e+00
0.11092 1.34721109e+00
0.11131 1.34748160e+00
0.11169 1.34777685e+00
0.11208 1.34805376e+00
0.11247 1.34829781e+00
0.11286 1.34855467e+00
0.11325 1.34883968e+00
0.11364 1.34912768e+00
0.11403 1.34938667e+00
0.11443 1.34963200e+00
0.11482 1.34990293e+00
0.11522 1.35019349e+00
0.11562 1.35046869e+00
0.11602 1.35071189e+00
0.11642 1.35096149e+00
0.11682 1.35124267e+00
0.11723 1.35153408e+00
0.11763 1.35179947e+00
0.11804 1.35202517e+00
0.11845 1.35226411e+00
0.11886 1.35255168e+00
0.11927 1.35284779e+00
0.11968 1.35311019e+00
0.12010 1.35332736e+00
0.12051 1.35355989e+00
0.12093 1.35383808e+00
0.12135 1.35413589e+00
0.12177 1.35440427e+00
0.12219 1.35463552e+00
0.12262 1.35487403e+00
0.12304 1.35514539e+00
0.12347 1.35543979e+00
0.12389 1.35571797e+00
0.12432 1.35597781e+00
0.12475 1.35624107e+00
0.12518 1.35651584e+00
0.12562 1.35679616e+00
0.12605 1.35708032e+00
0.12649 1.35737173e+00
0.12693 1.35766741e+00
0.12737 1.35795968e+00
0.12781 1.35823701e+00
0.12825 1.35851221e+00
0.12869 1.35881643e+00
0.12914 1.35914283e+00
0.12959 1.35944832e+00
0.13003 1.35972139e+00
0.13048 1.35999659e+00
0.13094 1.36030976e+00
0.13139 1.36065664e+00
0.13184 1.36098645e+00
0.13230 1.36125611e+00
0.13276 1.36150613e+00
0.13322 1.36180949e+00
0.13368 1.36217515e+00
0.13414 1.36254037e+00
0.13461 1.36283861e+00
0.13507 1.36307627e+00
0.13554 1.36334720e+00
0.13601 1.36370475e+00
0.13648 1.36409216e+00
0.13695 1.36442539e+00
0.13743 1.36468096e+00
0.13790 1.36492501e+00
0.13838 1.36524928e+00
0.13886 1.36563755e+00
0.13934 1.36599040e+00
0.13982 1.36626944e+00
0.14031 1.36652501e+00
0.14079 1.36682283e+00
0.14128 1.36717653e+00
0.14177 1.36752512e+00
0.14226 1.36780245e+00
0.14275 1.36803883e+00
0.14324 1.36832128e+00
0.14374 1.36867157e+00
0.14424 1.36902869e+00
0.14474 1.36932651e+00
0.14524 1.36956075e+00
0.14574 1.36979029e+00
0.14625 1.37006763e+00
0.14675 1.37038464e+00
0.14726 1.37070251e+00
0.14777 1.37099563e+00
0.14828 1.37126656e+00
0.14879 1.37153024e+00
0.14931 1.37178624e+00
0.14983 1.37203499e+00
0.15034 1.37230165e+00
0.15087 1.37260117e+00
0.15139 1.37290880e+00
0.15191 1.37318315e+00
0.15244 1.37341355e+00
0.15297 1.37363627e+00
0.15349 1.37389739e+00
0.15403 1.37420843e+00
0.15456 1.37452501e+00
0.15509 1.37478613e+00
0.15563 1.37499733e+00
0.15617 1.37522389e+00
0.15671 1.37549867e+00
0.15725 1.37580245e+00
0.15780 1.37608917e+00
0.15834 1.37632469e+00
0.15889 1.37653717e+00
0.15944 1.37679445e+00
0.15999 1.37711531e+00
0.16055 1.37745280e+00
0.16110 1.37774251e+00
0.16166 1.37795755e+00
0.16222 1.37814144e+00
0.16278 1.37836501e+00
0.16335 1.37865856e+00
0.16391 1.37900544e+00
0.16448 1.37935701e+00
0.16505 1.37966805e+00
0.16562 1.37993984e+00
0.16619 1.38019584e+00
0.16677 1.38044971e+00
0.16734 1.38070827e+00
0.16792 1.38098048e+00
0.16851 1.38127104e+00
0.16909 1.38159104e+00
0.16967 1.38194560e+00
0.17026 1.38230528e+00
0.17085 1.38263296e+00
0.17144 1.38292011e+00
0.17204 1.38318763e+00
0.17263 1.38345813e+00
0.17323 1.38374613e+00
0.17383 1.38405717e+00
0.17443 1.38438528e+00
0.17503 1.38471936e+00
0.17564 1.38505344e+00
0.17625 1.38539776e+00
0.17686 1.38575531e+00
0.17747 1.38610944e+00
0.17808 1.38643157e+00
0.17870 1.38670763e+00
0.17932 1.38695680e+00
0.17994 1.38722261e+00
0.18056 1.38754432e+00
0.18119 1.38792917e+00
0.18182 1.38834731e+00
0.18244 1.38874496e+00
0.18308 1.38907776e+00
0.18371 1.38934784e+00
0.18435 1.38959829e+00
0.18498 1.38987605e+00
0.18562 1.39019605e+00
0.18627 1.39054891e+00
0.18691 1.39091627e+00
0.18756 1.39126400e+00
0.18821 1.39156779e+00
0.18886 1.39184427e+00
0.18951 1.39213568e+00
0.19017 1.39246720e+00
0.19083 1.39281963e+00
0.19149 1.39315456e+00
0.19215 1.39345280e+00
0.19282 1.39371861e+00
0.19348 1.39396864e+00
0.19415 1.39423019e+00
0.19483 1.39452885e+00
0.19550 1.39486379e+00
0.19618 1.39520768e+00
0.19686 1.39553365e+00
0.19754 1.39582891e+00
0.19822 1.39608960e+00
0.19891 1.39632341e+00
0.19960 1.39655680e+00
0.20029 1.39699541e+00
0.20098 1.39771392e+00
0.20168 1.39844181e+00
0.20237 1.39917312e+00
0.20307 1.39989888e+00
0.20378 1.40060373e+00
0.20448 1.40127744e+00
0.20519 1.40191915e+00
0.20590 1.40253952e+00
0.20661 1.40316629e+00
0.20733 1.40382507e+00
0.20805 1.40451541e+00
0.20877 1.40521429e+00
0.20949 1.40589995e+00
0.21021 1.40655403e+00
0.21094 1.40716075e+00
0.21167 1.40772608e+00
0.21240 1.40828928e+00
0.21314 1.40889515e+00
0.21388 1.40955477e+00
0.21462 1.41024256e+00
0.21536 1.41091840e+00
0.21611 1.41154688e+00
0.21685 1.41211008e+00
0.21760 1.41262677e+00
0.21836 1.41314901e+00
0.21911 1.41372288e+00
0.21987 1.41435861e+00
0.22063 1.41486805e+00
0.22140 1.41534421e+00
0.22216 1.41577984e+00
0.22293 1.41614976e+00
0.22370 1.41646037e+00
0.22448 1.41675861e+00
0.22526 1.41710464e+00
0.22604 1.41752875e+00
0.22682 1.41801643e+00
0.22760 1.41852587e+00
0.22839 1.41900971e+00
0.22918 1.41943808e+00
0.22998 1.41980245e+00
0.23077 1.42012288e+00
0.23157 1.42044416e+00
0.23237 1.42081579e+00
0.23318 1.42125909e+00
0.23398 1.42175616e+00
0.23479 1.42226688e+00
0.23561 1.42275456e+00
0.23642 1.42320427e+00
0.23724 1.42361472e+00
0.23806 1.42399701e+00
0.23889 1.42437248e+00
0.23971 1.42476843e+00
0.24054 1.42512085e+00
0.24137 1.42546219e+00
0.24221 1.42581205e+00
0.24305 1.42614485e+00
0.24389 1.42645717e+00
0.24473 1.42676565e+00
0.24558 1.42708907e+00
0.24643 1.42743253e+00
0.24728 1.42778581e+00
0.24814 1.42813611e+00
0.24900 1.42847360e+00
0.24986 1.42878677e+00
0.25073 1.42906453e+00
0.25159 1.42931029e+00
0.25246 1.42955221e+00
0.25334 1.42983168e+00
0.25422 1.43017856e+00
0.25510 1.43059456e+00
0.25598 1.43105280e+00
0.25687 1.43151232e+00
0.25775 1.43193259e+00
0.25865 1.43228416e+00
0.25954 1.43255339e+00
0.26044 1.43270699e+00
0.26134 1.43277909e+00
0.26225 1.43287467e+00
0.26315 1.43304917e+00
0.26406 1.43333035e+00
0.26498 1.43370709e+00
0.26590 1.43413632e+00
0.26682 1.43455829e+00
0.26774 1.43491499e+00
0.26867 1.43516672e+00
0.26960 1.43530283e+00
0.27053 1.43534720e+00
0.27147 1.43535403e+00
0.27241 1.43539029e+00
0.27335 1.43550976e+00
0.27430 1.43573888e+00
0.27525 1.43607083e+00
0.27620 1.43647019e+00
0.27715 1.43688363e+00
0.27811 1.43725099e+00
0.27908 1.43752277e+00
0.28004 1.43767339e+00
0.28101 1.43765931e+00
0.28198 1.43758080e+00
0.28296 1.43749931e+00
0.28394 1.43746944e+00
0.28492 1.43752107e+00
0.28591 1.43765717e+00
0.28690 1.43785941e+00
0.28789 1.43809835e+00
0.28889 1.43833557e+00
0.28989 1.43853099e+00
0.29089 1.43864917e+00
0.29190 1.43867093e+00
0.29291 1.43860224e+00
0.29392 1.43847339e+00
0.29494 1.43833173e+00
0.29596 1.43822208e+00
0.29699 1.43817173e+00
0.29801 1.43818624e+00
0.29905 1.43825109e+00
0.30008 1.43832747e+00
0.30112 1.43822848e+00
0.30216 1.43809408e+00
0.30321 1.43790421e+00
0.30426 1.43764437e+00
0.30531 1.43731115e+00
0.30637 1.43691477e+00
0.30743 1.43647403e+00
0.30849 1.43601323e+00
0.30956 1.43555456e+00
0.31063 1.43511253e+00
0.31171 1.43469355e+00
0.31279 1.43429888e+00
0.31387 1.43392341e+00
0.31496 1.43355520e+00
0.31605 1.43317163e+00
0.31714 1.43274624e+00
0.31824 1.43225429e+00
0.31934 1.43168469e+00
0.32044 1.43094656e+00
0.32155 1.43000149e+00
0.32267 1.42901120e+00
0.32378 1.42799275e+00
0.32490 1.42696064e+00
0.32603 1.42592597e+00
0.32716 1.42489643e+00
0.32829 1.42387328e+00
0.32943 1.42284587e+00
0.33057 1.42179371e+00
0.33171 1.42069077e+00
0.33286 1.41951701e+00
0.33401 1.41826560e+00
0.33517 1.41693824e+00
0.33633 1.41554261e+00
0.33749 1.41408683e+00
0.33866 1.41258283e+00
0.33983 1.41104725e+00
0.34101 1.40944896e+00
0.34219 1.40784000e+00
0.34337 1.40622891e+00
0.34456 1.40459904e+00
0.34576 1.40292480e+00
0.34695 1.40118741e+00
0.34815 1.39938091e+00
0.34936 1.39750955e+00
0.35057 1.39558059e+00
0.35178 1.39360085e+00
0.35300 1.39157589e+00
0.35422 1.38951253e+00
0.35545 1.38741973e+00
0.35668 1.38530219e+00
0.35791 1.38315648e+00
0.35915 1.38096853e+00
0.36039 1.37875541e+00
0.36164 1.37654869e+00
0.36289 1.37427627e+00
0.36415 1.37194709e+00
0.36541 1.36957099e+00
0.36668 1.36716117e+00
0.36795 1.36472661e+00
0.36922 1.36227243e+00
0.37050 1.35981099e+00
0.37178 1.35735808e+00
0.37307 1.35490987e+00
0.37436 1.35243008e+00
0.37565 1.34987179e+00
0.37695 1.34721365e+00
0.37826 1.34447531e+00
0.37957 1.34169472e+00
0.38088 1.33898795e+00
0.38220 1.33629269e+00
0.38352 1.33353515e+00
0.38485 1.33070805e+00
0.38618 1.32782507e+00
0.38752 1.32491477e+00
0.38886 1.32201429e+00
0.39021 1.31914923e+00
0.39156 1.31631189e+00
0.39291 1.31345280e+00
0.39427 1.31050965e+00
0.39564 1.30745131e+00
0.39701 1.30430976e+00
0.39838 1.30115456e+00
0.39976 1.29803819e+00
0.40115 1.29491840e+00
0.40253 1.29176917e+00
0.40393 1.28853120e+00
0.40533 1.28516821e+00
0.40673 1.28169429e+00
0.40814 1.27816491e+00
0.40955 1.27464320e+00
0.41097 1.27115904e+00
0.41239 1.26769451e+00
0.41382 1.26419243e+00
0.41525 1.26059221e+00
0.41669 1.25686571e+00
0.41813 1.25303893e+00
0.41958 1.24917461e+00
0.42103 1.24528469e+00
0.42249 1.24142549e+00
0.42395 1.23759616e+00
0.42542 1.23374037e+00
0.42689 1.22980309e+00
0.42837 1.22576555e+00
0.42985 1.22165163e+00
0.43134 1.21750699e+00
0.43283 1.21336235e+00
0.43433 1.20921643e+00
0.43583 1.20504021e+00
0.43734 1.20079488e+00
0.43886 1.19645184e+00
0.44037 1.19200725e+00
0.44190 1.18748331e+00
0.44343 1.18292224e+00
0.44496 1.17836075e+00
0.44650 1.17381291e+00
0.44805 1.16926208e+00
0.44960 1.16467072e+00
0.45116 1.15980715e+00
0.45272 1.15478443e+00
0.45429 1.14968661e+00
0.45586 1.14454997e+00
0.45744 1.13940949e+00
0.45902 1.13428779e+00
0.46061 1.12917888e+00
0.46220 1.12405163e+00
0.46380 1.11886251e+00
0.46541 1.11358037e+00
0.46702 1.10820267e+00
0.46864 1.10275584e+00
0.47026 1.09727701e+00
0.47189 1.09179691e+00
0.47352 1.08632533e+00
0.47516 1.08084864e+00
0.47680 1.07533611e+00
0.47845 1.06975445e+00
0.48011 1.06408576e+00
0.48177 1.05834027e+00
0.48344 1.05255211e+00
0.48511 1.04676309e+00
0.48679 1.04100651e+00
0.48848 1.03528917e+00
0.49017 1.02958592e+00
0.49186 1.02384555e+00
0.49357 1.01801173e+00
0.49528 1.01204523e+00
0.49699 1.00594176e+00
0.49871 9.99736320e-01
0.50044 9.93413547e-01
0.50217 9.86890667e-01
0.50391 9.80486400e-01
0.50565 9.74242560e-01
0.50740 9.68157440e-01
0.50916 9.62186667e-01
0.51092 9.56264960e-01
0.51269 9.50327467e-01
0.51446 9.44321280e-01
0.51625 9.38204587e-01
0.51803 9.31946240e-01
0.51983 9.25531307e-01
0.52163 9.18966613e-01
0.52343 9.12283307e-01
0.52524 9.05533440e-01
0.52706 8.98777173e-01
0.52889 8.92085760e-01
0.53072 8.85538133e-01
0.53255 8.79200427e-01
0.53440 8.73089280e-01
0.53625 8.67163307e-01
0.53810 8.61341867e-01
0.53997 8.55507627e-01
0.54183 8.49539413e-01
0.54371 8.43360000e-01
0.54559 8.36954453e-01
0.54748 8.30372693e-01
0.54938 8.23739733e-01
0.55128 8.17567573e-01
0.55319 8.11854933e-01
0.55510 8.06480213e-01
0.55702 8.01373867e-01
0.55895 7.96430507e-01
0.56089 7.91494400e-01
0.56283 7.86402133e-01
0.56478 7.81067947e-01
0.56673 7.75482027e-01
0.56869 7.69685333e-01
0.57066 7.63749973e-01
0.57264 7.57838933e-01
0.57462 7.52248320e-01
0.57661 7.47204267e-01
0.57860 7.42639360e-01
0.58061 7.38300587e-01
0.58262 7.33970773e-01
0.58463 7.29474987e-01
0.58666 7.24680960e-01
0.58869 7.19505493e-01
0.59073 7.13917867e-01
0.59277 7.08038400e-01
0.59482 7.02052267e-01
0.59688 6.96101120e-01
0.59895 6.90405120e-01
0.60102 6.84958720e-01
0.60310 6.79830613e-01
0.60519 6.75091200e-01
0.60728 6.70544213e-01
0.60939 6.66149547e-01
0.61150 6.61919147e-01
0.61361 6.57759573e-01
0.61574 6.53163093e-01
0.61787 6.47689387e-01
0.62001 6.41801813e-01
0.62215 6.36387840e-01
0.62431 6.31604053e-01
0.62647 6.26843733e-01
0.62864 6.21458773e-01
0.63081 6.15330133e-01
0.63300 6.09177173e-01
0.63519 6.04055040e-01
0.63739 6.00066133e-01
0.63959 5.96078507e-01
0.64181 5.91479040e-01
0.64403 5.87027200e-01
0.64626 5.83261013e-01
0.64849 5.79770453e-01
0.65074 5.76291413e-01
0.65299 5.72639573e-01
0.65525 5.68200960e-01
0.65752 5.63400107e-01
0.65980 5.59205973e-01
0.66208 5.55682133e-01
0.66437 5.51656533e-01
0.66667 5.46656853e-01
0.66898 5.41591467e-01
0.67130 5.37451947e-01
0.67362 5.34212267e-01
0.67595 5.31357440e-01
0.67829 5.28549120e-01
0.68064 5.25148160e-01
0.68299 5.21135360e-01
0.68536 5.17127680e-01
0.68773 5.13836800e-01
0.69011 5.11355733e-01
0.69250 5.08789760e-01
0.69490 5.05888000e-01
0.69730 5.02670080e-01
0.69972 4.99178240e-01
0.70214 4.95611307e-01
0.70457 4.91495680e-01
0.70701 4.88954880e-01
0.70946 4.88396800e-01
0.71191 4.86794667e-01
0.71438 4.82372693e-01
0.71685 4.77965653e-01
0.71933 4.76050347e-01
0.72182 4.75321173e-01
0.72432 4.73920853e-01
0.72683 4.71241813e-01
0.72934 4.67378347e-01
0.73187 4.63794347e-01
0.73440 4.61613653e-01
0.73694 4.59537067e-01
0.73949 4.56990720e-01
0.74205 4.55545173e-01
0.74462 4.55277227e-01
0.74720 4.54018560e-01
0.74979 4.50957227e-01
0.75238 4.47394560e-01
0.75499 4.44344320e-01
0.75760 4.41852587e-01
0.76022 4.39588267e-01
0.76285 4.36535467e-01
0.76549 4.32550400e-01
0.76814 4.27702187e-01
0.77080 4.22076245e-01
0.77347 4.17645184e-01
0.77615 4.16680832e-01
0.77884 4.19105024e-01
0.78153 4.21780864e-01
0.78424 4.20333184e-01
0.78695 4.14660011e-01
0.78968 4.09804203e-01
0.79241 4.08689536e-01
0.79515 4.10484309e-01
0.79790 4.12718891e-01
0.80067 4.11292800e-01
0.80344 4.04596736e-01
0.80622 3.96570752e-01
0.80901 3.91082496e-01
0.81181 3.89341952e-01
0.81462 3.91945344e-01
0.81744 3.95625771e-01
0.82027 3.93693952e-01
0.82311 3.86068011e-01
0.82596 3.79540651e-01
0.82882 3.78010709e-01
0.83169 3.80406528e-01
0.83457 3.83318528e-01
0.83745 3.83964629e-01
0.84035 3.80728064e-01
0.84326 3.75485824e-01
0.84618 3.72108715e-01
0.84911 3.71861845e-01
0.85205 3.73157291e-01
0.85500 3.74040064e-01
0.85796 3.73147819e-01
0.86093 3.69984597e-01
0.86391 3.66256555e-01
0.86690 3.64110635e-01
0.86990 3.62678187e-01
0.87291 3.60407424e-01
0.87593 3.57900715e-01
0.87897 3.56456917e-01
0.88201 3.55444011e-01
0.88506 3.54161323e-01
0.88813 3.52359296e-01
0.89120 3.49487573e-01
0.89428 3.47186005e-01
0.89738 3.46513877e-01
0.90049 3.45825920e-01
0.90360 3.44952875e-01
0.90673 3.44735445e-01
0.90987 3.44234965e-01
0.91302 3.41278976e-01
0.91618 3.37216640e-01
0.91935 3.34007552e-01
0.92253 3.32779861e-01
0.92573 3.33987371e-01
0.92893 3.35248640e-01
0.93215 3.33811456e-01
0.93537 3.31005355e-01
0.93861 3.29842560e-01
0.94186 3.31952896e-01
0.94512 3.36389333e-01
0.94839 3.39543467e-01
0.95168 3.38648960e-01
0.95497 3.35357952e-01
0.95828 3.33241387e-01
0.96159 3.33672491e-01
0.96492 3.35203712e-01
0.96826 3.34986069e-01
0.97161 3.31509589e-01
0.97498 3.26481835e-01
0.97835 3.22813867e-01
0.98174 3.21737557e-01
0.98514 3.21977259e-01
0.98855 3.21013760e-01
0.99197 3.17963008e-01
0.99540 3.14636928e-01
0.99885 3.12888235e-01
1.00231 3.12085376e-01
1.00578 3.11417216e-01
1.00926 3.10156203e-01
1.01275 3.07983445e-01
1.01626 3.05494912e-01
1.01978 3.03332992e-01
1.02330 3.01602261e-01
1.02685 3.00268843e-01
1.03040 2.99241429e-01
1.03397 2.98217728e-01
1.03755 2.96967851e-01
1.04114 2.95476693e-01
1.04474 2.93897557e-01
1.04836 2.92551723e-01
1.05199 2.91586347e-01
1.05563 2.90748160e-01
1.05928 2.89641387e-01
1.06295 2.87964629e-01
1.06663 2.85665152e-01
1.07032 2.83070037e-01
1.07403 2.80633728e-01
1.07775 2.78566571e-01
1.08148 2.76736000e-01
1.08522 2.74770347e-01
1.08898 2.72375467e-01
1.09275 2.69656875e-01
1.09653 2.67001173e-01
1.10032 2.64643328e-01
1.10413 2.62041045e-01
1.10796 2.59592405e-01
1.11179 2.56958251e-01
1.11564 2.53987499e-01
1.11950 2.50866133e-01
1.12338 2.47939584e-01
1.12726 2.45390848e-01
1.13117 2.43064619e-01
1.13508 2.40609621e-01
1.13901 2.37829205e-01
1.14295 2.34885931e-01
1.14691 2.32136320e-01
1.15088 2.29789056e-01
1.15487 2.27744469e-01
1.15886 2.25739520e-01
1.16287 2.23635072e-01
1.16690 2.21556267e-01
1.17094 2.19749035e-01
1.17499 2.18327253e-01
1.17906 2.17171371e-01
1.18314 2.16040661e-01
1.18724 2.14770261e-01
1.19135 2.13366443e-01
1.19547 2.11922176e-01
1.19961 2.10468309e-01
1.20376 2.07994112e-01
1.20793 2.05195947e-01
1.21211 2.02110976e-01
1.21630 1.98813909e-01
1.22052 1.95438293e-01
1.22474 1.92064896e-01
1.22898 1.88685909e-01
1.23323 1.85257131e-01
1.23750 1.81767936e-01
1.24179 1.78263851e-01
1.24609 1.74814379e-01
1.25040 1.71465557e-01
1.25473 1.68218240e-01
1.25907 1.65047381e-01
1.26343 1.61942059e-01
1.26780 1.58924416e-01
1.27219 1.56028288e-01
1.27659 1.53263317e-01
1.28101 1.50606507e-01
1.28545 1.48028501e-01
1.28990 1.45522005e-01
1.29436 1.43099947e-01
1.29884 1.40770731e-01
1.30334 1.38887040e-01
1.30785 1.37176661e-01
1.31238 1.35500629e-01
1.31692 1.33866112e-01
1.32148 1.32286720e-01
1.32605 1.30767445e-01
1.33064 1.29301163e-01
1.33525 1.27878272e-01
1.33987 1.26497237e-01
1.34451 1.25164416e-01
1.34916 1.23884715e-01
1.35383 1.22652928e-01
1.35852 1.21453739e-01
1.36322 1.20268245e-01
1.36794 1.19080405e-01
1.37268 1.17878144e-01
1.37743 1.16651136e-01
1.38220 1.15389525e-01
1.38698 1.14085547e-01
1.39178 1.12736213e-01
1.39660 1.11344640e-01
1.40144 1.10068992e-01
1.40629 1.09116245e-01
1.41115 1.08132608e-01
1.41604 1.07125675e-01
1.42094 1.06102059e-01
1.42586 1.05068032e-01
1.43080 1.04029056e-01
1.43575 1.02989568e-01
1.44072 1.01952725e-01
1.44571 1.00920619e-01
1.45071 9.98945707e-02
1.45573 9.88757760e-02
1.46077 9.78652587e-02
1.46583 9.68638720e-02
1.47090 9.58717867e-02
1.47599 9.48891733e-02
1.48110 9.39163307e-02
1.48623 9.29539413e-02
1.49137 9.20026880e-02
1.49654 9.10633387e-02
1.50172 9.01971200e-02
1.50692 8.94645333e-02
1.51213 8.87434667e-02
1.51737 8.80356693e-02
1.52262 8.73430187e-02
1.52789 8.66675627e-02
1.53318 8.60113920e-02
1.53849 8.53770240e-02
1.54381 8.47668907e-02
1.54916 8.41834667e-02
1.55452 8.36290987e-02
1.55990 8.31054933e-02
1.56530 8.26141440e-02
1.57072 8.21557760e-02
1.57615 8.17303040e-02
1.58161 8.13367893e-02
1.58709 8.09730133e-02
1.59258 8.06358613e-02
1.59809 8.03210240e-02
1.60362 8.01056853e-02
1.60918 7.99444907e-02
1.61475 7.97875200e-02
1.62034 7.96284587e-02
1.62594 7.94612480e-02
1.63157 7.92806400e-02
1.63722 7.90821120e-02
1.64289 7.88622933e-02
1.64857 7.86187520e-02
1.65428 7.83500800e-02
1.66001 7.80556373e-02
1.66575 7.77355520e-02
1.67152 7.73904213e-02
1.67731 7.70211840e-02
1.68311 7.66292053e-02
1.68894 7.62158933e-02
1.69478 7.57827840e-02
1.70065 7.53339307e-02
1.70654 7.48875520e-02
1.71245 7.44250453e-02
1.71837 7.39482453e-02
1.72432 7.34589013e-02
1.73029 7.29588053e-02
1.73628 7.24497493e-02
1.74229 7.19334827e-02
1.74832 7.14117973e-02
1.75437 7.08865707e-02
1.76045 7.03595947e-02
1.76654 6.98326613e-02
1.77266 6.93076480e-02
1.77879 6.87864320e-02
1.78495 6.82707627e-02
1.79113 6.77625173e-02
1.79733 6.72634027e-02
1.80355 6.67392000e-02
1.80979 6.62004053e-02
1.81606 6.56756907e-02
1.82234 6.51664213e-02
1.82865 6.46738347e-02
1.83498 6.41991253e-02
1.84133 6.37434027e-02
1.84771 6.33076053e-02
1.85410 6.28925440e-02
1.86052 6.24989013e-02
1.86696 6.21271467e-02
1.87342 6.17776213e-02
1.87991 6.14503680e-02
1.88642 6.11453440e-02
1.89295 6.08621653e-02
1.89950 6.06001493e-02
1.90607 6.03349760e-02
1.91267 6.00869547e-02
1.91929 5.98566400e-02
1.92594 5.96424107e-02
1.93260 5.94422613e-02
1.93929 5.92541440e-02
1.94601 5.90756693e-02
1.95274 5.89044907e-02
1.95950 5.87379627e-02
1.96629 5.85736107e-02
1.97309 5.84088320e-02
1.97992 5.82411520e-02
1.98678 5.80682240e-02
1.99365 5.78878720e-02
2.00055 5.76827733e-02
2.00748 5.72917333e-02
2.01443 5.68894720e-02
2.02140 5.64747947e-02
2.02840 5.60469760e-02
2.03542 5.56053760e-02
2.04247 5.51497387e-02
2.04954 5.46800640e-02
2.05663 5.41965653e-02
2.06375 5.36995840e-02
2.07090 5.31897600e-02
2.07806 5.26678187e-02
2.08526 5.21346133e-02
2.09247 5.15911253e-02
2.09972 5.10383787e-02
2.10699 5.04775253e-02
2.11428 4.99097173e-02
2.12160 4.93362347e-02
2.12894 4.87582293e-02
2.13631 4.81769387e-02
2.14371 4.75936853e-02
2.15113 4.70095787e-02
2.15857 4.64258987e-02
2.16605 4.58437547e-02
2.17354 4.52643413e-02
2.18107 4.46886827e-02
2.18862 4.41178453e-02
2.19619 4.35528107e-02
2.20380 4.29963947e-02
2.21143 4.24493781e-02
2.21908 4.19104939e-02
2.22676 4.13804843e-02
2.23447 4.08600192e-02
2.24220 4.03497003e-02
2.24997 3.98500736e-02
2.25775 3.93616256e-02
2.26557 3.88847787e-02
2.27341 3.84198997e-02
2.28128 3.79672960e-02
2.28918 3.75272192e-02
2.29710 3.70998528e-02
2.30505 3.66853333e-02
2.31303 3.62837376e-02
2.32104 3.58950912e-02
2.32908 3.55193557e-02
2.33714 3.51564501e-02
2.34523 3.48062251e-02
2.35335 3.44684928e-02
2.36149 3.41430059e-02
2.36967 3.38294656e-02
2.37787 3.35275264e-02
2.38610 3.32367957e-02
2.39436 3.29568299e-02
2.40265 3.27063808e-02
2.41097 3.25060693e-02
2.41931 3.23140224e-02
2.42769 3.21296981e-02
2.43609 3.19525163e-02
2.44452 3.17818624e-02
2.45298 3.16171008e-02
2.46148 3.14575616e-02
2.47000 3.13025536e-02
2.47855 3.11513813e-02
2.48713 3.10033323e-02
2.49574 3.08576896e-02
2.50438 3.07137493e-02
2.51304 3.05708117e-02
2.52174 3.04281899e-02
2.53047 3.02852352e-02
2.53923 3.01413205e-02
2.54802 2.99958485e-02
2.55684 2.98482731e-02
2.56569 2.96980864e-02
2.57457 2.95448405e-02
2.58349 2.93881301e-02
2.59243 2.92276096e-02
2.60140 2.90741248e-02
2.61041 2.89758635e-02
2.61944 2.88720256e-02
2.62851 2.87624747e-02
2.63761 2.86471211e-02
2.64674 2.85259477e-02
2.65590 2.83989845e-02
2.66510 2.82663211e-02
2.67432 2.81280853e-02
2.68358 2.79844608e-02
2.69287 2.78356565e-02
2.70219 2.76819285e-02
2.71154 2.75235584e-02
2.72093 2.73608533e-02
2.73035 2.71941419e-02
2.73980 2.70237696e-02
2.74928 2.68500907e-02
2.75880 2.66734805e-02
2.76835 2.64943061e-02
2.77793 2.63129429e-02
2.78755 2.61297664e-02
2.79720 2.59451435e-02
2.80688 2.57539115e-02
2.81660 2.55597952e-02
2.82635 2.53654187e-02
2.83613 2.51711275e-02
2.84595 2.49772416e-02
2.85580 2.47840725e-02
2.86569 2.45919232e-02
2.87561 2.44010667e-02
2.88556 2.42117717e-02
2.89555 2.40242859e-02
2.90557 2.38388352e-02
2.91563 2.36556373e-02
2.92572 2.34748885e-02
2.93585 2.32967723e-02
2.94601 2.31214507e-02
2.95621 2.29490731e-02
2.96644 2.27797675e-02
2.97671 2.26136619e-02
2.98702 2.24508459e-02
2.99736 2.22914219e-02
3.00773 2.21436672e-02
3.01814 2.20021077e-02
3.02859 2.18639659e-02
3.03907 2.17292843e-02
3.04960 2.15980928e-02
3.06015 2.14704043e-02
3.07074 2.13462315e-02
3.08137 2.12255659e-02
3.09204 2.11083947e-02
3.10274 2.09946923e-02
3.11348 2.08844288e-02
3.12426 2.07775531e-02
3.13508 2.06740139e-02
3.14593 2.05737557e-02
3.15682 2.04767061e-02
3.16775 2.03827925e-02
3.17871 2.02919211e-02
3.18972 2.02040064e-02
3.20076 2.01189504e-02
3.21184 2.00366464e-02
3.22295 1.99569835e-02
3.23411 1.98798421e-02
3.24531 1.98051072e-02
3.25654 1.97326507e-02
3.26781 1.96623360e-02
3.27912 1.95940267e-02
3.29047 1.95275947e-02
3.30187 1.94628864e-02
3.31330 1.93997653e-02
3.32476 1.93380779e-02
3.33627 1.92776832e-02
3.34782 1.92184277e-02
3.35941 1.91601621e-02
3.37104 1.91027371e-02
3.38271 1.90459989e-02
3.39442 1.89898069e-02
3.40617 1.89340075e-02
3.41796 1.88784597e-02
3.42979 1.88230229e-02
3.44166 1.87675520e-02
3.45358 1.87119232e-02
3.46553 1.86559957e-02
3.47753 1.85996501e-02
3.48957 1.85427627e-02
3.50164 1.84863317e-02
3.51377 1.84361813e-02
3.52593 1.83851435e-02
3.53814 1.83331157e-02
3.55038 1.82800085e-02
3.56267 1.82257451e-02
3.57500 1.81702443e-02
3.58738 1.81134336e-02
3.59980 1.80552619e-02
3.61226 1.79956651e-02
3.62476 1.79346005e-02
3.63731 1.78720299e-02
3.64990 1.78079147e-02
3.66254 1.77422336e-02
3.67521 1.76749696e-02
3.68794 1.76061099e-02
3.70070 1.75356501e-02
3.71351 1.74635904e-02
3.72637 1.73899392e-02
3.73927 1.73147051e-02
3.75221 1.72379179e-02
3.76520 1.71595947e-02
3.77823 1.70797653e-02
3.79131 1.69984683e-02
3.80443 1.69157333e-02
3.81760 1.68316117e-02
3.83082 1.67461419e-02
3.84408 1.66593749e-02
3.85739 1.65713664e-02
3.87074 1.64821632e-02
3.88414 1.63918251e-02
3.89758 1.63004117e-02
3.91107 1.62079787e-02
3.92461 1.61145899e-02
3.93820 1.60203051e-02
3.95183 1.59251883e-02
3.96551 1.58292992e-02
3.97924 1.57327019e-02
3.99301 1.56354603e-02
4.00683 1.55470763e-02
4.02070 1.54676693e-02
4.03462 1.53875712e-02
4.04859 1.53068416e-02
4.06260 1.52255488e-02
4.07667 1.51437525e-02
4.09078 1.50615125e-02
4.10494 1.49788885e-02
4.11915 1.48959360e-02
4.13341 1.48127104e-02
4.14771 1.47292672e-02
4.16207 1.46456619e-02
4.17648 1.45619413e-02
4.19094 1.44781568e-02
4.20545 1.43943552e-02
4.22000 1.43105792e-02
4.23461 1.42268757e-02
4.24927 1.41432875e-02
4.26398 1.40598528e-02
4.27874 1.39766059e-02
4.29355 1.38935893e-02
4.30841 1.38108373e-02
4.32332 1.37283797e-02
4.33829 1.36462507e-02
4.35331 1.35644757e-02
4.36838 1.34830848e-02
4.38350 1.34021077e-02
4.39867 1.33215616e-02
4.41390 1.32414763e-02
4.42918 1.31618688e-02
4.44451 1.30827605e-02
4.45990 1.30041728e-02
4.47533 1.29261227e-02
4.49083 1.28486187e-02
4.50637 1.28485675e-02
4.52197 1.29604224e-02
4.53762 1.30734635e-02
4.55333 1.31877291e-02
4.56909 1.33032491e-02
4.58491 1.34200533e-02
4.60078 1.35381803e-02
4.61670 1.36576512e-02
4.63269 1.37785088e-02
4.64872 1.39007744e-02
4.66481 1.40244864e-02
4.68096 1.41496747e-02
4.69717 1.42763648e-02
4.71343 1.44045952e-02
4.72974 1.45343915e-02
4.74611 1.46657877e-02
4.76254 1.47988139e-02
4.77903 1.49334955e-02
4.79557 1.50698709e-02
4.81217 1.52079659e-02
4.82883 1.53478144e-02
4.84555 1.54894421e-02
4.86232 1.56328832e-02
4.87915 1.57781675e-02
4.89604 1.59253248e-02
4.91299 1.60743851e-02
4.92999 1.62253781e-02
4.94706 1.63783381e-02
4.96418 1.65332907e-02
4.98137 1.66902656e-02
4.99861 1.68493013e-02
5.01591 1.69549440e-02
5.03328 1.70570368e-02
5.05070 1.71604011e-02
5.06818 1.72650581e-02
5.08573 1.73710165e-02
5.10333 1.74782891e-02
5.12100 1.75868885e-02
5.13873 1.76968277e-02
5.15651 1.78081237e-02
5.17436 1.79207808e-02
5.19228 1.80348117e-02
5.21025 1.81502336e-02
5.22828 1.82670592e-02
5.24638 1.83852928e-02
5.26454 1.85049472e-02
5.28277 1.86260395e-02
5.30105 1.87485781e-02
5.31940 1.88725717e-02
5.33782 1.89980331e-02
5.35629 1.91249707e-02
5.37484 1.92534016e-02
5.39344 1.93833301e-02
5.41211 1.95147733e-02
5.43084 1.96477355e-02
5.44965 1.97822293e-02
5.46851 1.99182720e-02
5.48744 2.00558635e-02
5.50643 2.00917675e-02
5.52550 1.99277056e-02
5.54462 1.97657557e-02
5.56381 1.96058752e-02
5.58308 1.94480299e-02
5.60240 1.92921728e-02
5.62179 1.91382656e-02
5.64125 1.89862656e-02
5.66078 1.88361429e-02
5.68038 1.86878507e-02
5.70004 1.85413589e-02
5.71977 1.83966336e-02
5.73957 1.82536320e-02
5.75944 1.81123285e-02
5.77938 1.79726848e-02
5.79938 1.78346667e-02
5.81946 1.76982528e-02
5.83960 1.75634005e-02
5.85982 1.74300843e-02
5.88010 1.72982784e-02
5.90045 1.71679531e-02
5.92088 1.70390741e-02
5.94137 1.69116245e-02
5.96194 1.67855659e-02
5.98258 1.66608811e-02
6.00329 1.65479979e-02
6.02407 1.64915328e-02
6.04492 1.64357291e-02
6.06585 1.63805739e-02
6.08684 1.63260501e-02
6.10791 1.62721451e-02
6.12906 1.62188459e-02
6.15027 1.61661312e-02
6.17156 1.61139968e-02
6.19293 1.60624299e-02
6.21436 1.60114091e-02
6.23588 1.59609259e-02
6.25746 1.59109675e-02
6.27912 1.58615296e-02
6.30086 1.58125909e-02
6.32267 1.57641429e-02
6.34455 1.57161771e-02
6.36652 1.56686848e-02
6.38856 1.56216491e-02
6.41067 1.55750656e-02
6.43286 1.55289216e-02
6.45513 1.54832128e-02
6.47747 1.54379221e-02
6.49990 1.53930496e-02
6.52240 1.54726741e-02
6.54497 1.55536384e-02
6.56763 1.56353707e-02
6.59037 1.57178709e-02
6.61318 1.58011349e-02
6.63607 1.58851712e-02
6.65904 1.59699712e-02
6.68209 1.60555435e-02
6.70522 1.61418837e-02
6.72843 1.62289963e-02
6.75172 1.63168811e-02
6.77510 1.64055381e-02
6.79855 1.64949675e-02
6.82208 1.65851733e-02
6.84570 1.66761600e-02
6.86939 1.67679232e-02
6.89317 1.68604672e-02
6.91704 1.69537920e-02
6.94098 1.70479061e-02
6.96500 1.71428053e-02
6.98911 1.72384939e-02
7.01331 1.74215339e-02
7.03759 1.76789461e-02
7.06195 1.79406421e-02
7.08639 1.82066944e-02
7.11092 1.84771669e-02
7.13554 1.87521237e-02
7.16024 1.90316416e-02
7.18502 1.93157888e-02
7.20990 1.96046336e-02
7.23485 1.98982528e-02
7.25990 2.01967189e-02
7.28503 2.05001088e-02
7.31025 2.08085035e-02
7.33555 2.11219797e-02
7.36094 2.14406187e-02
7.38642 2.17645013e-02
7.41199 2.20937088e-02
7.43765 2.24283307e-02
7.46340 2.27684565e-02
7.48923 2.31141675e-02
7.51516 2.47350357e-02
7.54117 2.74813824e-02
7.56727 3.05327531e-02
7.59347 3.39228501e-02
7.61975 3.76890496e-02
7.64613 4.18727723e-02
7.67260 4.65199360e-02
7.69916 5.16813653e-02
7.72581 5.74133333e-02
7.75255 6.37781760e-02
7.77939 7.08447147e-02
7.80632 7.86890240e-02
7.83334 8.73951573e-02
7.86046 9.70557867e-02
7.88767 1.07773013e-01
7.91497 1.19659392e-01
7.94237 1.32838400e-01
7.96986 1.47445803e-01
7.99745 1.63630251e-01
8.02513 1.81271125e-01
8.05291 2.00740224e-01
8.08079 2.22247808e-01
8.10876 2.45993045e-01
8.13683 2.72191019e-01
8.16500 3.01072469e-01
8.19326 3.32883968e-01
8.22162 3.57639637e-01
8.25008 3.80777941e-01
8.27864 4.05332352e-01
8.30730 4.31375787e-01
8.33605 4.58983680e-01
8.36491 4.88231253e-01
8.39386 5.19195733e-01
8.42292 5.44669013e-01
8.45208 5.69261227e-01
8.48133 5.94865920e-01
8.51069 6.21514667e-01
8.54016 6.49240320e-01
8.56972 6.78076160e-01
8.59938 7.08057173e-01
8.62915 7.36641707e-01
8.65902 7.66224213e-01
8.68899 7.96896853e-01
8.71907 8.28702293e-01
8.74925 8.61685760e-01
8.77954 8.95899733e-01
8.80993 9.28571307e-01
8.84043 9.56428800e-01
8.87103 9.85182720e-01
8.90174 1.01485995e+00
8.93255 1.04548480e+00
8.96347 1.07708203e+00
8.99450 1.10967595e+00
9.02563 1.12748373e+00
9.05688 1.14213163e+00
9.08823 1.15693483e+00
9.11969 1.17188608e+00
9.15126 1.18697941e+00
9.18294 1.20220757e+00
9.21472 1.21684480e+00
9.24662 1.23073792e+00
9.27863 1.24470059e+00
9.31075 1.25872427e+00
9.34298 1.27280000e+00
9.37532 1.28691883e+00
9.40777 1.29987200e+00
9.44034 1.30894933e+00
9.47302 1.31790208e+00
9.50581 1.32672128e+00
9.53871 1.33539669e+00
9.57173 1.34391851e+00
9.60487 1.35096277e+00
9.63811 1.35016448e+00
9.67148 1.34916565e+00
9.70495 1.34796459e+00
9.73855 1.34656085e+00
9.77226 1.34495317e+00
9.80609 1.34233301e+00
9.84003 1.33587584e+00
9.87409 1.32931243e+00
9.90827 1.32264491e+00
9.94257 1.31587456e+00
9.97699 1.30900267e+00
10.01153 1.30219947e+00
10.04618 1.29564715e+00
10.08096 1.28901675e+00
10.11585 1.28230997e+00
10.15087 1.27552811e+00
10.18601 1.26867243e+00
10.22127 1.26096171e+00
10.25665 1.25267797e+00
10.29215 1.24434261e+00
10.32778 1.23595776e+00
10.36353 1.22752512e+00
10.39941 1.21904597e+00
10.43540 1.20877824e+00
10.47153 1.19846315e+00
10.50777 1.18813227e+00
10.54415 1.17778773e+00
10.58065 1.16743125e+00
10.61727 1.15524864e+00
10.65403 1.14107563e+00
10.69091 1.12697344e+00
10.72791 1.11294379e+00
10.76505 1.09898795e+00
10.80231 1.08477781e+00
10.83971 1.06571904e+00
10.87723 1.04689408e+00
10.91488 1.02830251e+00
10.95266 1.00994389e+00
10.99058 9.91818240e-01
11.02862 9.70351787e-01
11.06680 9.48101973e-01
11.10511 9.26266880e-01
11.14355 9.04842667e-01
11.18212 8.83824640e-01
11.22083 8.60901120e-01
11.25967 8.36552960e-01
11.29865 8.12805547e-01
11.33776 7.89647787e-01
11.37701 7.67070720e-01
11.41639 7.43309227e-01
11.45591 7.17818880e-01
11.49556 6.93122987e-01
11.53536 6.69202773e-01
11.57529 6.46039467e-01
11.61536 6.21787307e-01
11.65556 5.95553707e-01
11.69591 5.70359893e-01
11.73640 5.46173013e-01
11.77702 5.22958507e-01
11.81779 4.99683413e-01
11.85870 4.76166400e-01
11.89975 4.53713493e-01
11.94094 4.32282453e-01
11.98227 4.11831424e-01
12.02375 3.94624128e-01
12.06537 3.79781077e-01
12.10714 3.65486549e-01
12.14905 3.51721216e-01
12.19110 3.38466347e-01
12.23330 3.25703723e-01
12.27565 3.13415765e-01
12.31814 3.01585323e-01
12.36078 2.90195883e-01
12.40357 2.79231531e-01
12.44651 2.68676736e-01
12.48959 2.58516565e-01
12.53283 2.53258155e-01
12.57621 2.49531904e-01
12.61974 2.45862656e-01
12.66343 2.42249216e-01
12.70726 2.38690603e-01
12.75125 2.35185664e-01
12.79539 2.31733419e-01
12.83968 2.28332885e-01
12.88413 2.24983125e-01
12.92873 2.21683157e-01
12.97348 2.18432171e-01
13.01839 2.16984661e-01
13.06345 2.18092587e-01
13.10867 2.19208277e-01
13.15405 2.20331733e-01
13.19959 2.21462869e-01
13.24528 2.22601685e-01
13.29113 2.23748139e-01
13.33713 2.24902144e-01
13.38330 2.26063744e-01
13.42963 2.27232811e-01
13.47612 2.28409387e-01
13.52277 2.30006613e-01
13.56958 2.32054955e-01
13.61655 2.34123563e-01
13.66368 2.36212608e-01
13.71098 2.38322347e-01
13.75844 2.40452864e-01
13.80607 2.42604416e-01
13.85386 2.44777131e-01
13.90182 2.46971221e-01
13.94994 2.49186859e-01
13.99823 2.51424256e-01
14.04668 2.52830720e-01
14.09531 2.54214229e-01
14.14410 2.55607040e-01
14.19306 2.57009195e-01
14.24219 2.58420693e-01
14.29149 2.59841621e-01
14.34096 2.61271936e-01
14.39060 2.62711723e-01
14.44042 2.64161024e-01
14.49041 2.65619840e-01
14.54057 2.67578667e-01
14.59090 2.69670059e-01
14.64141 2.71778645e-01
14.69209 2.73904469e-01
14.74295 2.76047744e-01
14.79398 2.78208469e-01
14.84519 2.80386816e-01
14.89658 2.82582869e-01
14.94814 2.84796715e-01
14.99989 2.87028565e-01
15.05181 2.90960427e-01
15.10392 2.94948224e-01
15.15620 2.98989056e-01
15.20866 3.03083563e-01
15.26131 3.07232427e-01
15.31414 3.11436288e-01
15.36715 3.15695872e-01
15.42034 3.20011819e-01
15.47372 3.24384853e-01
15.52729 3.30849536e-01
15.58103 3.39456256e-01
15.63497 3.48287445e-01
15.68909 3.57349205e-01
15.74340 3.66647808e-01
15.79790 3.76189739e-01
15.85258 3.85981611e-01
15.90746 3.96030421e-01
15.96252 4.06343339e-01
16.01778 4.16674389e-01
16.07323 4.26725120e-01
16.12886 4.37025707e-01
16.18470 4.47582293e-01
16.24072 4.58403413e-01
16.29694 4.69495893e-01
16.35335 4.80867413e-01
16.40996 4.92526933e-01
16.46677 5.04482987e-01
16.52377 5.15411627e-01
16.58097 5.24686507e-01
16.63836 5.34138453e-01
16.69596 5.43771733e-01
16.75375 5.53590187e-01
16.81175 5.63598507e-01
16.86994 5.73800960e-01
16.92834 5.84203093e-01
16.98694 5.94808747e-01
17.04574 6.03460267e-01
17.10474 6.11613440e-01
17.16395 6.19876267e-01
17.22337 6.28251307e-01
17.28299 6.36738987e-01
17.34281 6.45340587e-01
17.40285 6.54057813e-01
17.46309 6.62891520e-01
17.52354 6.70618880e-01
17.58420 6.76480853e-01
17.64507 6.82371413e-01
17.70615 6.88290987e-01
17.76744 6.94237440e-01
17.82894 7.00209920e-01
17.89066 7.06208000e-01
17.95259 7.12229973e-01
18.01473 7.17413547e-01
18.07709 7.19809280e-01
18.13967 7.22172160e-01
18.20246 7.24501333e-01
18.26547 7.26795093e-01
18.32870 7.29053013e-01
18.39214 7.31273813e-01
18.45581 7.33456640e-01
18.51969 7.34965760e-01
18.58380 7.35010987e-01
18.64813 7.35019947e-01
18.71268 7.34992213e-01
18.77746 7.34928213e-01
18.84246 7.34826667e-01
18.90768 7.34688427e-01
18.97313 7.34512640e-01
19.03881 7.34073173e-01
19.10472 7.33447253e-01
19.17085 7.32793600e-01
19.23721 7.32113067e-01
19.30380 7.31405227e-01
19.37062 7.30669653e-01
19.43768 7.29907200e-01
19.50496 7.29175467e-01
19.57248 7.29155413e-01
19.64023 7.29108053e-01
19.70822 7.29034240e-01
19.77644 7.28933547e-01
19.84490 7.28805547e-01
19.91359 7.28650240e-01
19.98252 7.28467627e-01
20.05169 7.28336213e-01
20.12110 7.28171093e-01
20.19076 7.27941547e-01
20.26065 7.27646720e-01
20.33078 7.27286613e-01
20.40116 7.26860800e-01
20.47178 7.26368853e-01
20.54264 7.25811200e-01
20.61375 7.25187413e-01
20.68511 7.24497493e-01
20.75671 7.23741013e-01
20.82856 7.22918400e-01
20.90066 7.22029227e-01
20.97301 7.21073493e-01
21.04561 7.13803520e-01
21.11846 7.02906880e-01
21.19157 6.92118187e-01
21.26492 6.81436587e-01
21.33853 6.70862080e-01
21.41240 6.60394667e-01
21.48652 6.50033067e-01
21.56090 6.39778133e-01
21.63553 6.29628587e-01
21.71043 6.19584427e-01
21.78558 6.09645653e-01
21.86099 5.99811840e-01
21.93666 5.90082133e-01
22.01260 5.80464213e-01
22.08880 5.71009280e-01
22.16526 5.61696427e-01
22.24199 5.52523947e-01
22.31898 5.43489707e-01
22.39624 5.34592427e-01
22.47377 5.25829973e-01
22.55156 5.17201067e-01
22.62962 5.08703147e-01
22.70796 5.00335360e-01
22.78656 4.92095573e-01
22.86544 4.83981653e-01
22.94459 4.75992320e-01
23.02402 4.68876373e-01
23.10372 4.63574187e-01
23.18369 4.58330027e-01
23.26394 4.53143040e-01
23.34447 4.48012800e-01
23.42528 4.42939307e-01
23.50637 4.37921280e-01
23.58774 4.32958293e-01
23.66939 4.28049920e-01
23.75133 4.23195776e-01
23.83354 4.18395136e-01
23.91604 4.13647488e-01
23.99883 4.08952320e-01
24.08191 4.05619243e-01
24.16527 4.02332032e-01
24.24892 3.99071531e-01
24.33286 3.95837568e-01
24.41709 3.92629931e-01
24.50161 3.89448363e-01
24.58642 3.86292736e-01
24.67153 3.83162752e-01
24.75693 3.80058283e-01
24.84263 3.76979072e-01
24.92863 3.73924949e-01
25.01492 3.71014784e-01
25.10151 3.68694187e-01
25.18840 3.66388608e-01
25.27559 3.64097963e-01
25.36309 3.61822080e-01
25.45088 3.59560917e-01
25.53898 3.57314347e-01
25.62739 3.55082325e-01
25.71610 3.52864725e-01
25.80512 3.50661419e-01
25.89444 3.48472320e-01
25.98408 3.46297387e-01
26.07403 3.44369835e-01
26.16428 3.42502997e-01
26.25485 3.40646229e-01
26.34574 3.38799488e-01
26.43694 3.36962688e-01
26.52845 3.35135787e-01
26.62028 3.33318741e-01
26.71243 3.31511509e-01
26.80489 3.29714048e-01
26.89768 3.27926229e-01
26.99079 3.26148096e-01
27.08422 3.24372779e-01
27.17798 3.22606165e-01
27.27205 3.20848896e-01
27.36646 3.19100885e-01
27.46119 3.17362133e-01
27.55625 3.15632597e-01
27.65164 3.13912192e-01
27.74736 3.12200917e-01
27.84341 3.10498688e-01
27.93979 3.08805504e-01
28.03650 3.07084800e-01
28.13355 3.05313195e-01
28.23094 3.03551189e-01
28.32867 3.01798784e-01
28.42673 3.00055936e-01
28.52513 2.98322517e-01
28.62387 2.96598528e-01
28.72295 2.94883925e-01
28.82238 2.93178709e-01
28.92215 2.91482752e-01
29.02227 2.89743360e-01
29.12273 2.87830443e-01
29.22354 2.85929387e-01
29.32470 2.84040064e-01
29.42621 2.82162432e-01
29.52807 2.80296448e-01
29.63029 2.78442027e-01
29.73286 2.76599083e-01
29.83578 2.74767616e-01
29.93906 2.72947499e-01
30.04269 2.71035477e-01
30.14669 2.68989696e-01
30.25104 2.66958592e-01
30.35576 2.64942080e-01
30.46084 2.62940032e-01
30.56628 2.60952320e-01
30.67209 2.58978944e-01
30.77826 2.57019733e-01
30.88481 2.55074603e-01
30.99172 2.53143467e-01
31.09900 2.51226240e-01
31.20665 2.49322795e-01
31.31467 2.47433088e-01
31.42307 2.45556992e-01
31.53184 2.43694421e-01
31.64099 2.41845291e-01
31.75052 2.40009515e-01
31.86043 2.38187008e-01
31.97072 2.36377643e-01
32.08139 2.34388352e-01
32.19244 2.32346325e-01
32.30388 2.30321536e-01
32.41570 2.28313856e-01
32.52791 2.26323157e-01
32.64051 2.24349269e-01
32.75349 2.22392064e-01
32.86687 2.20451456e-01
32.98064 2.18527232e-01
33.09481 2.16619307e-01
33.20937 2.14727509e-01
33.32433 2.12851755e-01
33.43968 2.10991915e-01
33.55544 2.09147776e-01
33.67159 2.07319339e-01
33.78815 2.05506347e-01
33.90511 2.03708757e-01
34.02247 2.01897813e-01
34.14024 1.99982805e-01
34.25842 1.98085717e-01
34.37701 1.96206293e-01
34.49601 1.94344448e-01
34.61542 1.92500011e-01
34.73525 1.90672853e-01
34.85549 1.88862720e-01
34.97614 1.87069568e-01
35.09721 1.85293141e-01
35.21871 1.83533355e-01
35.34062 1.81790037e-01
35.46295 1.80063019e-01
35.58571 1.78352213e-01
35.70889 1.76657365e-01
35.83250 1.74978432e-01
35.95654 1.73315243e-01
36.08101 1.71628331e-01
36.20590 1.69936853e-01
36.33123 1.68261888e-01
36.45700 1.66603349e-01
36.58320 1.64960981e-01
36.70983 1.63334699e-01
36.83691 1.61724373e-01
36.96442 1.60129749e-01
37.09238 1.58550784e-01
37.22077 1.56987221e-01
37.34962 1.55439019e-01
37.47890 1.53905963e-01
37.60864 1.52387925e-01
37.73883 1.50884736e-01
37.86946 1.49396309e-01
38.00055 1.47922773e-01
38.13209 1.46541312e-01
38.26409 1.45172779e-01
38.39654 1.43817045e-01
38.52946 1.42473984e-01
38.66283 1.41143467e-01
38.79667 1.39825408e-01
38.93096 1.38519680e-01
39.06573 1.37226155e-01
39.20096 1.35944747e-01
39.33665 1.34675328e-01
39.47282 1.33417771e-01
39.60946 1.32171989e-01
39.74657 1.30937899e-01
39.88416 1.29715285e-01
40.02222 1.28531285e-01
40.16076 1.27498667e-01
40.29978 1.26474453e-01
40.43928 1.25458603e-01
40.57926 1.24450987e-01
40.71973 1.23451563e-01
40.86069 1.22460245e-01
41.00213 1.21477035e-01
41.14406 1.20501803e-01
41.28648 1.19534507e-01
41.42940 1.18575061e-01
41.57281 1.17623424e-01
41.71672 1.16679509e-01
41.86113 1.15743232e-01
42.00603 1.14814635e-01
42.15144 1.13893504e-01
42.29735 1.12979925e-01
42.44377 1.12073728e-01
42.59069 1.11174869e-01
42.73812 1.10283349e-01
42.88606 1.09399040e-01
43.03451 1.08521941e-01
43.18348 1.07651925e-01
43.33297 1.06788949e-01
43.48297 1.05933013e-01
43.63349 1.05084032e-01
43.78453 1.04241920e-01
43.93609 1.03406592e-01
44.08818 1.02578091e-01
44.24079 1.01756288e-01
44.39394 1.00941141e-01
44.54761 1.00132608e-01
44.70182 9.93306453e-02
44.85655 9.85351680e-02
45.01183 9.77486507e-02
45.16764 9.69987840e-02
45.32399 9.62548053e-02
45.48089 9.55165440e-02
45.63832 9.47840853e-02
45.79630 9.40572587e-02
45.95483 9.33361067e-02
46.11391 9.26205440e-02
46.27353 9.19105707e-02
46.43371 9.12060587e-02
46.59445 9.05070507e-02
46.75574 8.98134613e-02
46.91759 8.91252480e-02
47.08000 8.84423680e-02
47.24297 8.77647787e-02
47.40650 8.70924800e-02
47.57060 8.64253440e-02
47.73527 8.57634133e-02
47.90051 8.51066453e-02
48.06633 8.44549120e-02
48.23271 8.38082560e-02
48.39967 8.31665920e-02
48.56721 8.25299200e-02
48.73533 8.18981973e-02
48.90403 8.12713387e-02
49.07332 8.06493440e-02
49.24319 8.00321280e-02
49.41365 7.94197333e-02
49.58470 7.88120747e-02
49.75634 7.82091093e-02
49.92858 7.76108373e-02
50.10141 7.70207147e-02
50.27484 7.64376320e-02
50.44887 7.58589867e-02
50.62350 7.52848213e-02
50.79874 7.47150080e-02
50.97458 7.41495893e-02
51.15104 7.35884800e-02
51.32810 7.30316800e-02
51.50578 7.24791040e-02
51.68407 7.19307947e-02
51.86298 7.13866667e-02
52.04250 7.08467200e-02
52.22265 7.03108693e-02
52.40343 6.97791573e-02
52.58482 6.92514987e-02
52.76685 6.87278507e-02
52.94951 6.82082133e-02
53.13280 6.76925867e-02
53.31672 6.71808427e-02
53.50128 6.66730240e-02
53.68648 6.61691307e-02
53.87232 6.56690347e-02
54.05880 6.51727787e-02
54.24593 6.46803200e-02
54.43371 6.41915733e-02
54.62214 6.37066240e-02
54.81122 6.32253440e-02
55.00095 6.27483733e-02
55.19134 6.24047360e-02
55.38239 6.20629760e-02
55.57410 6.17231787e-02
55.76647 6.13852587e-02
55.95951 6.10493013e-02
56.15322 6.07151787e-02
56.34760 6.03829333e-02
56.54265 6.00526080e-02
56.73838 5.97240747e-02
56.93479 5.93974187e-02
57.13187 5.90725973e-02
57.32964 5.87496107e-02
57.52809 5.84284160e-02
57.72723 5.81090133e-02
57.92705 5.77914027e-02
58.12757 5.74755840e-02
58.32879 5.71615573e-02
58.53070 5.68492800e-02
58.73331 5.65387520e-02
58.93662 5.62299307e-02
59.14063 5.59228587e-02
59.34535 5.56174933e-02
59.55078 5.53138773e-02
59.75692 5.50119253e-02
59.96377 5.47116800e-02
60.17134 5.42855253e-02
60.37963 5.38359893e-02
60.58864 5.33902080e-02
60.79837 5.29480960e-02
61.00883 5.25096960e-02
61.22002 5.20749227e-02
61.43194 5.16437760e-02
61.64459 5.12162560e-02
61.85797 5.07922347e-02
62.07210 5.03717973e-02
62.28697 4.99548160e-02
62.50258 4.95413333e-02
62.71894 4.91312640e-02
62.93605 4.87246507e-02
63.15390 4.83213653e-02
63.37252 4.79214933e-02
63.59189 4.75249067e-02
63.81201 4.71316480e-02
64.03290 4.67416320e-02
64.25456 4.63548587e-02
64.47698 4.59713280e-02
64.70017 4.55909547e-02
64.92414 4.52137813e-02
65.14888 4.48785067e-02
65.37440 4.45654187e-02
65.60070 4.42545067e-02
65.82778 4.39458133e-02
66.05565 4.36392960e-02
66.28430 4.33349120e-02
66.51375 4.30326613e-02
66.74400 4.27325440e-02
66.97504 4.24345643e-02
67.20688 4.21386667e-02
67.43952 4.18448469e-02
67.67297 4.15530965e-02
67.90722 4.12633941e-02
68.14229 4.09757312e-02
68.37817 4.06900907e-02
68.61486 4.04064555e-02
68.85238 4.01248171e-02
69.09072 3.98451584e-02
69.32988 3.95674624e-02
69.56987 3.92917163e-02
69.81069 3.90179115e-02
70.05235 3.87538261e-02
70.29484 3.85196203e-02
70.53817 3.82868480e-02
70.78235 3.80555008e-02
71.02737 3.78255701e-02
71.27323 3.75970517e-02
71.51995 3.73699328e-02
71.76752 3.71442048e-02
72.01595 3.69198592e-02
72.26524 3.66968875e-02
72.51539 3.64752811e-02
72.76641 3.62550315e-02
73.01830 3.60361259e-02
73.27106 3.58185643e-02
73.52469 3.56023296e-02
73.77920 3.53874219e-02
74.03460 3.51738240e-02
74.29087 3.49615360e-02
74.54804 3.47505451e-02
74.80609 3.45408427e-02
75.06504 3.43187371e-02
75.32488 3.40574976e-02
75.58563 3.37982507e-02
75.84727 3.35409835e-02
76.10982 3.32856832e-02
76.37328 3.30323285e-02
76.63766 3.27809109e-02
76.90295 3.25314133e-02
77.16915 3.22838187e-02
77.43628 3.20381099e-02
77.70433 3.17942827e-02
77.97331 3.15523157e-02
78.24322 3.13121920e-02
78.51407 3.10739029e-02
78.78585 3.08374315e-02
79.05857 3.06027691e-02
79.33224 3.03698901e-02
79.60686 3.01387947e-02
79.88242 2.99094571e-02
80.15894 2.96977408e-02
80.43642 2.94992085e-02
80.71486 2.93020203e-02
80.99426 2.91061547e-02
81.27463 2.89116160e-02
81.55596 2.87183829e-02
81.83828 2.85264555e-02
82.12157 2.83358165e-02
82.40584 2.81464661e-02
82.69109 2.79583872e-02
82.97733 2.77715755e-02
83.26457 2.75860224e-02
83.55279 2.74017195e-02
83.84202 2.72186581e-02
84.13225 2.70368299e-02
84.42348 2.68562219e-02
84.71572 2.66768299e-02
85.00897 2.64986453e-02
85.30323 2.63216640e-02
85.59852 2.61458688e-02
85.89482 2.59712597e-02
86.19215 2.57978197e-02
86.49052 2.56255531e-02
86.78991 2.54544384e-02
87.09034 2.52844800e-02
87.39181 2.51156608e-02
87.69432 2.49479808e-02
87.99789 2.47814229e-02
88.30250 2.46159872e-02
88.60816 2.44516651e-02
88.91489 2.42884480e-02
89.22267 2.41263232e-02
89.53153 2.39652907e-02
89.84145 2.38053419e-02
90.15244 2.36464640e-02
90.46451 2.34886571e-02
90.77766 2.33319083e-02
91.09190 2.31762133e-02
91.40722 2.30215595e-02
91.72363 2.28679509e-02
92.04114 2.27153707e-02
92.35975 2.25638144e-02
92.67946 2.24132779e-02
93.00028 2.22637483e-02
93.32221 2.21152256e-02
93.64525 2.19677013e-02
93.96941 2.18211627e-02
94.29469 2.16756096e-02
94.62110 2.15310336e-02
94.94864 2.13874304e-02
95.27731 2.12447872e-02
95.60712 2.11030997e-02
95.93807 2.09623680e-02
96.27017 2.08225749e-02
96.60342 2.06837248e-02
96.93782 2.05458005e-02
97.27338 2.04088021e-02
97.61010 2.02727253e-02
97.94798 2.01375616e-02
98.28704 2.00033024e-02
98.62727 1.98699435e-02
98.96867 1.97374763e-02
99.31126 1.96059008e-02
99.65504 1.94752043e-02
100.00000 1.93453824e-02
