        2000  2.000000 3.700000
0.10000 3.09841059e-03
0.10035 4.65579485e-03
0.10069 4.62611987e-03
0.10104 7.02943563e-03
0.10139 5.65906416e-03
0.10174 5.91645293e-03
0.10210 1.45731160e-03
0.10245 1.42813389e-03
0.10280 5.90964099e-03
0.10316 7.60148325e-03
0.10352 3.44356336e-03
0.10387 1.28940560e-02
0.10423 1.77561323e-02
0.10459 2.60223269e-03
0.10496 9.60750683e-03
0.10532 1.00718045e-02
0.10568 4.98238744e-03
0.10605 1.35072299e-03
0.10642 4.37088696e-03
0.10679 1.28421475e-02
0.10716 1.89534720e-02
0.10753 1.06859651e-02
0.10790 1.49697165e-02
0.10827 9.01036235e-03
0.10865 1.28692512e-02
0.10902 1.29068925e-02
0.10940 2.22353128e-03
0.10978 8.99157819e-03
0.11016 2.23426523e-02
0.11054 2.38996024e-02
0.11092 2.19958192e-02
0.11131 1.59962741e-02
0.11169 4.03243760e-03
0.11208 1.08071475e-02
0.11247 1.28543229e-02
0.11286 1.48526288e-02
0.11325 2.13183147e-02
0.11364 2.06803853e-04
0.11403 2.07375627e-04
0.11443 2.08473293e-04
0.11482 8.75329720e-03
0.11522 2.86665739e-03
0.11562 2.15898059e-04
0.11602 7.50092021e-03
0.11642 3.72893499e-03
0.11682 5.31834053e-03
0.11723 2.40704832e-03
0.11763 7.39099272e-04
0.11804 9.61185013e-04
0.11845 4.87525024e-03
0.11886 3.78973832e-04
0.11927 8.00436787e-03
0.11968 1.87498832e-03
0.12010 2.99356837e-03
0.12051 4.48960269e-03
0.12093 3.61223995e-03
0.12135 8.61613277e-03
0.12177 2.05408115e-03
0.12219 5.92369013e-03
0.12262 1.83072941e-03
0.12304 4.01936032e-04
0.12347 2.33922288e-04
0.12389 3.29894664e-03
0.12432 2.13701837e-03
0.12475 7.13647120e-03
0.12518 7.50942429e-03
0.12562 8.21398915e-03
0.12605 6.75300221e-03
0.12649 7.07989475e-04
0.12693 8.98924669e-04
0.12737 8.03470589e-04
0.12781 1.03450421e-03
0.12825 9.78469637e-04
0.12869 7.12009352e-04
0.12914 1.66667043e-03
0.12959 1.29620373e-03
0.13003 8.15093424e-04
0.13048 8.69899896e-04
0.13094 1.11464325e-03
0.13139 4.22273995e-03
0.13184 2.26165608e-03
0.13230 3.73038539e-03
0.13276 2.93936683e-03
0.13322 9.79422757e-03
0.13368 3.22642664e-04
0.13414 3.04071525e-04
0.13461 3.97388584e-03
0.13507 3.02363507e-04
0.13554 2.97400277e-04
0.13601 3.12364853e-04
0.13648 3.01217296e-04
0.13695 3.18805715e-04
0.13743 3.19104083e-04
0.13790 2.73828120e-04
0.13838 2.77762749e-04
0.13886 2.97539496e-04
0.13934 3.37962736e-04
0.13982 2.74844288e-04
0.14031 2.85366003e-04
0.14079 2.75286117e-04
0.14128 3.16049659e-04
0.14177 3.34118485e-04
0.14226 3.38447189e-04
0.14275 3.32926592e-04
0.14324 3.41467968e-04
0.14374 3.35781709e-04
0.14424 3.37328013e-04
0.14474 2.89130629e-04
0.14524 2.96639557e-04
0.14574 2.95882389e-04
0.14625 2.95288021e-04
0.14675 2.90156467e-04
0.14726 2.91982787e-04
0.14777 2.91732173e-04
0.14828 2.91765128e-04
0.14879 3.16847083e-04
0.14931 3.09367064e-04
0.14983 3.12056125e-04
0.15034 3.69210371e-04
0.15087 7.45825675e-04
0.15139 3.14178939e-04
0.15191 3.13493600e-04
0.15244 3.09153845e-04
0.15297 3.09002589e-04
0.15349 3.08973285e-04
0.15403 3.09027749e-04
0.15456 3.08121792e-04
0.15509 3.07842171e-04
0.15563 3.27931000e-04
0.15617 3.45978811e-04
0.15671 3.45138171e-04
0.15725 3.27353603e-04
0.15780 3.29736797e-04
0.15834 3.53245019e-04
0.15889 3.66508779e-04
0.15944 3.72755859e-04
0.15999 3.72656008e-04
0.16055 3.77616968e-04
0.16110 3.26685629e-04
0.16166 3.26708816e-04
0.16222 3.26207984e-04
0.16278 3.48846656e-04
0.16335 3.48839947e-04
0.16391 5.25765856e-04
0.16448 4.85149328e-04
0.16505 4.77806061e-04
0.16562 4.75861341e-04
0.16619 4.70619576e-04
0.16677 4.73985491e-04
0.16734 4.86876981e-04
0.16792 3.52563923e-04
0.16851 3.49281776e-04
0.16909 3.59016328e-04
0.16967 3.69970597e-04
0.17026 3.68998139e-04
0.17085 3.68201208e-04
0.17144 3.91764387e-04
0.17204 3.81618099e-04
0.17263 3.70466989e-04
0.17323 4.15611923e-04
0.17383 3.71416459e-04
0.17443 3.78776400e-04
0.17503 3.70757365e-04
0.17564 3.93268165e-04
0.17625 3.69081413e-04
0.17686 3.86499533e-04
0.17747 3.99939117e-04
0.17808 3.89351592e-04
0.17870 3.88026104e-04
0.17932 3.94990491e-04
0.17994 5.05627496e-04
0.18056 3.89165901e-04
0.18119 4.04882613e-04
0.18182 3.99481403e-04
0.18244 4.01476640e-04
0.18308 4.06371987e-04
0.18371 4.08580541e-04
0.18435 4.09596315e-04
0.18498 4.14883960e-04
0.18562 4.08008571e-04
0.18627 4.01965040e-04
0.18691 4.29155995e-04
0.18756 4.31762275e-04
0.18821 4.05468101e-04
0.18886 4.63514589e-04
0.18951 4.92930379e-04
0.19017 4.03909563e-04
0.19083 4.13874699e-04
0.19149 4.05339045e-04
0.19215 4.35556205e-04
0.19282 4.05940221e-04
0.19348 4.15645864e-04
0.19415 5.07275525e-04
0.19483 4.03229848e-04
0.19550 4.06252501e-04
0.19618 3.95410416e-04
0.19686 3.33830773e-04
0.19754 3.26681288e-04
0.19822 3.25149389e-04
0.19891 3.25214411e-04
0.19960 3.40659099e-04
0.20029 3.25256443e-04
0.20098 3.35635584e-04
0.20168 3.25281603e-04
0.20237 3.25264139e-04
0.20307 3.34131016e-04
0.20378 3.41312075e-04
0.20448 3.25338435e-04
0.20519 3.93464611e-04
0.20590 3.25449040e-04
0.20661 3.25391320e-04
0.20733 3.25422795e-04
0.20805 3.25466603e-04
0.20877 3.25492749e-04
0.20949 3.25519685e-04
0.21021 3.25569512e-04
0.21094 3.25664429e-04
0.21167 3.25657128e-04
0.21240 3.25618253e-04
0.21314 3.25643117e-04
0.21388 3.25701331e-04
0.21462 3.25694917e-04
0.21536 3.25685939e-04
0.21611 3.25749677e-04
0.21685 3.25766747e-04
0.21760 3.25773259e-04
0.21836 3.25797333e-04
0.21911 3.25789736e-04
0.21987 3.25963093e-04
0.22063 3.25848344e-04
0.22140 3.25911096e-04
0.22216 3.25976117e-04
0.22293 3.25874885e-04
0.22370 3.25930040e-04
0.22448 3.26021307e-04
0.22526 3.26051400e-04
0.22604 3.26053275e-04
0.22682 3.26030581e-04
0.22760 3.26086920e-04
0.22839 3.26111291e-04
0.22918 3.26174437e-04
0.22998 3.26116125e-04
0.23077 3.26108232e-04
0.23157 3.26143752e-04
0.23237 3.26244096e-04
0.23318 3.26222587e-04
0.23398 3.26282773e-04
0.23479 3.26251792e-04
0.23561 3.26346315e-04
0.23642 3.26365061e-04
0.23724 3.26283069e-04
0.23806 3.26467379e-04
0.23889 3.26548088e-04
0.23971 3.26372461e-04
0.24054 3.26458005e-04
0.24137 3.26568808e-04
0.24221 3.26548779e-04
0.24305 3.26507635e-04
0.24389 3.26579760e-04
0.24473 3.26562493e-04
0.24558 3.26696483e-04
0.24643 3.26716808e-04
0.24728 3.26645077e-04
0.24814 3.26775515e-04
0.24900 3.26807384e-04
0.24986 3.26704771e-04
0.25073 3.26783211e-04
0.25159 3.26720163e-04
0.25246 3.26767325e-04
0.25334 3.26912267e-04
0.25422 3.26886909e-04
0.25510 3.26884837e-04
0.25598 3.26945616e-04
0.25687 3.27033331e-04
0.25775 3.27074080e-04
0.25865 3.26997613e-04
0.25954 3.27026128e-04
0.26044 3.27108515e-04
0.26134 3.27109107e-04
0.26225 3.27120059e-04
0.26315 3.27268453e-04
0.26406 3.27214285e-04
0.26498 3.27143048e-04
0.26590 3.27183403e-04
0.26682 3.27385077e-04
0.26774 3.27295291e-04
0.26867 3.27299237e-04
0.26960 3.27372941e-04
0.27053 3.27396720e-04
0.27147 3.27523901e-04
0.27241 3.27610728e-04
0.27335 3.27344427e-04
0.27430 3.27482757e-04
0.27525 3.27496077e-04
0.27620 3.27577576e-04
0.27715 3.27652168e-04
0.27811 3.27529032e-04
0.27908 3.27657200e-04
0.28004 3.27801845e-04
0.28101 3.27817632e-04
0.28198 3.27771555e-04
0.28296 3.27829275e-04
0.28394 3.27725675e-04
0.28492 3.27890251e-04
0.28591 3.27895776e-04
0.28690 3.27862525e-04
0.28789 3.27737811e-04
0.28889 3.28031739e-04
0.28989 3.27978557e-04
0.29089 3.27846344e-04
0.29190 3.28083637e-04
0.29291 3.28037856e-04
0.29392 3.28182699e-04
0.29494 3.27962869e-04
0.29596 3.28218712e-04
0.29699 3.28176779e-04
0.29801 3.28156651e-04
0.29905 3.28259659e-04
0.30008 3.28186744e-04
0.30112 3.28204701e-04
0.30216 3.28137509e-04
0.30321 3.28280675e-04
0.30426 3.28421867e-04
0.30531 3.28379144e-04
0.30637 3.28457485e-04
0.30743 3.28185067e-04
0.30849 3.28277813e-04
0.30956 3.28666363e-04
0.31063 3.28441797e-04
0.31171 3.28422360e-04
0.31279 3.28366120e-04
0.31387 3.28594731e-04
0.31496 3.28499616e-04
0.31605 3.28442093e-04
0.31714 3.28571939e-04
0.31824 3.28580029e-04
0.31934 3.28657680e-04
0.32044 3.28666067e-04
0.32155 3.28872181e-04
0.32267 3.28700205e-04
0.32378 3.28693891e-04
0.32490 3.28780323e-04
0.32603 3.28798576e-04
0.32716 3.28954371e-04
0.32829 3.28828472e-04
0.32943 3.28800549e-04
0.33057 3.29025213e-04
0.33171 3.28896157e-04
0.33286 3.29111645e-04
0.33401 3.28847811e-04
0.33517 3.29059451e-04
0.33633 3.28824131e-04
0.33749 3.28949832e-04
0.33866 3.29158315e-04
0.33983 3.28930789e-04
0.34101 3.29146277e-04
0.34219 3.29167688e-04
0.34337 3.29056885e-04
0.34456 3.29157525e-04
0.34576 3.29214160e-04
0.34695 3.29248891e-04
0.34815 3.29299211e-04
0.34936 3.29148645e-04
0.35057 3.28751709e-04
0.35178 3.29608531e-04
0.35300 3.29230440e-04
0.35422 3.29301184e-04
0.35545 3.29249384e-04
0.35668 3.29359397e-04
0.35791 3.29359397e-04
0.35915 3.29307597e-04
0.36039 3.29123189e-04
0.36164 3.29891605e-04
0.36289 3.29282043e-04
0.36415 3.29722885e-04
0.36541 3.29533445e-04
0.36668 3.29797675e-04
0.36795 3.29801819e-04
0.36922 3.29624219e-04
0.37050 3.29551403e-04
0.37178 3.29509075e-04
0.37307 3.29488355e-04
0.37436 3.29674539e-04
0.37565 3.29427181e-04
0.37695 3.29492893e-04
0.37826 3.29318155e-04
0.37957 3.29547851e-04
0.38088 3.29802312e-04
0.38220 3.29660824e-04
0.38352 3.29918541e-04
0.38485 3.29701475e-04
0.38618 3.29845232e-04
0.38752 3.29397187e-04
0.38886 3.29695160e-04
0.39021 3.30237235e-04
0.39156 3.29970835e-04
0.39291 2.08162987e-02
0.39427 2.19241675e-02
0.39564 2.13661976e-02
0.39701 2.13051229e-02
0.39838 2.08210445e-02
0.39976 1.89877389e-02
0.40115 1.93812808e-02
0.40253 1.97437328e-02
0.40393 1.96494272e-02
0.40533 2.21194387e-02
0.40673 2.03029557e-02
0.40814 1.82175469e-02
0.40955 1.74905512e-02
0.41097 2.12523659e-02
0.41239 1.98065539e-02
0.41382 2.40708581e-02
0.41525 1.73490829e-02
0.41669 1.81504733e-02
0.41813 1.76128387e-02
0.41958 1.72606776e-02
0.42103 1.65260747e-02
0.42249 1.88933051e-02
0.42395 1.68231600e-02
0.42542 1.76632771e-02
0.42689 1.60288045e-02
0.42837 1.72505643e-02
0.42985 1.85392200e-02
0.43134 1.99401189e-02
0.43283 2.45601856e-02
0.43433 1.50599176e-02
0.43583 1.66797677e-02
0.43734 1.64374128e-02
0.43886 1.51033704e-02
0.44037 1.57514229e-02
0.44190 1.71108917e-02
0.44343 1.43999165e-02
0.44496 1.52953461e-02
0.44650 1.59286283e-02
0.44805 1.75950787e-02
0.44960 1.61685659e-02
0.45116 1.80340072e-02
0.45272 1.52753859e-02
0.45429 1.49003933e-02
0.45586 1.37469109e-02
0.45744 1.69104997e-02
0.45902 1.80933947e-02
0.46061 1.50182605e-02
0.46220 1.69150187e-02
0.46380 1.40272427e-02
0.46541 1.40636704e-02
0.46702 1.41967224e-02
0.46864 1.79074376e-02
0.47026 1.54915152e-02
0.47189 1.32798525e-02
0.47352 1.62601976e-02
0.47516 1.29874144e-02
0.47680 1.29845037e-02
0.47845 1.72488179e-02
0.48011 1.27524792e-02
0.48177 1.39742093e-02
0.48344 1.28291037e-02
0.48511 1.43763056e-02
0.48679 1.34391893e-02
0.48848 1.45046413e-02
0.49017 1.67581781e-02
0.49186 1.33867283e-02
0.49357 1.35970165e-02
0.49528 1.27158837e-02
0.49699 1.33155304e-02
0.49871 1.28083541e-02
0.50044 1.36792848e-02
0.50217 1.18721160e-02
0.50391 1.28816240e-02
0.50565 1.26110603e-02
0.50740 1.18971379e-02
0.50916 1.09062187e-02
0.51092 1.14333355e-02
0.51269 1.14919731e-02
0.51446 1.32009488e-02
0.51625 1.13512941e-02
0.51803 1.36283827e-02
0.51983 1.10286245e-02
0.52163 1.65639824e-02
0.52343 1.10429016e-02
0.52524 1.14510461e-02
0.52706 1.04988141e-02
0.52889 1.21432224e-02
0.53072 1.10699856e-02
0.53255 1.04719077e-02
0.53440 1.12472600e-02
0.53625 1.03751651e-02
0.53810 1.55427232e-02
0.53997 1.05504464e-02
0.54183 1.17317627e-02
0.54371 1.04662739e-02
0.54559 1.54983627e-02
0.54748 1.18609864e-02
0.54938 1.01587792e-02
0.55128 1.08062693e-02
0.55319 9.78458291e-03
0.55510 9.70326875e-03
0.55702 1.00577051e-02
0.55895 1.27150845e-02
0.56089 1.02030904e-02
0.56283 9.59673933e-03
0.56478 8.95502909e-03
0.56673 1.27273192e-02
0.56869 8.82087104e-03
0.57066 1.28992853e-02
0.57264 1.14891709e-02
0.57462 1.07514008e-02
0.57661 8.67712061e-03
0.57860 9.98215600e-03
0.58061 8.27430507e-03
0.58262 8.36513957e-03
0.58463 1.34071720e-02
0.58666 1.26014896e-02
0.58869 8.94546435e-03
0.59073 8.52660856e-03
0.59277 1.13934741e-02
0.59482 9.71198101e-03
0.59688 9.02688704e-03
0.59895 1.00226883e-02
0.60102 1.41033640e-02
0.60310 1.31453699e-02
0.60519 8.10437640e-03
0.60728 9.85502400e-03
0.60939 8.37798696e-03
0.61150 9.74213947e-03
0.61361 1.11761411e-02
0.61574 1.06482645e-02
0.61787 8.39272973e-03
0.62001 9.83107365e-03
0.62215 9.17113672e-03
0.62431 9.80503059e-03
0.62647 9.30590651e-03
0.62864 9.14348835e-03
0.63081 8.60954283e-03
0.63300 8.29381837e-03
0.63519 8.99951789e-03
0.63739 1.14847013e-02
0.63959 7.30823704e-03
0.64181 9.56253851e-03
0.64403 8.78968645e-03
0.64626 9.96459333e-03
0.64849 9.48453757e-03
0.65074 7.70289384e-03
0.65299 7.50919933e-03
0.65525 9.00562141e-03
0.65752 1.08864557e-02
0.65980 6.74823661e-03
0.66208 7.57171848e-03
0.66437 8.71136781e-03
0.66667 8.42488027e-03
0.66898 8.27080931e-03
0.67130 7.27224936e-03
0.67362 7.71416157e-03
0.67595 7.87104355e-03
0.67829 1.13770757e-02
0.68064 7.43772224e-03
0.68299 8.69336608e-03
0.68536 7.11580744e-03
0.68773 6.29389931e-03
0.69011 8.96445275e-03
0.69250 7.59253912e-03
0.69490 8.20836317e-03
0.69730 6.57279840e-03
0.69972 6.56551088e-03
0.70214 8.48240589e-03
0.70457 6.43341496e-03
0.70701 7.99182832e-03
0.70946 6.54482443e-03
0.71191 6.43387573e-03
0.71438 6.42029920e-03
0.71685 7.85285237e-03
0.71933 7.61872525e-03
0.72182 6.41857056e-03
0.72432 6.82456909e-03
0.72683 6.33894656e-03
0.72934 7.04201168e-03
0.73187 7.71580832e-03
0.73440 6.52104576e-03
0.73694 8.07004829e-03
0.73949 6.60353307e-03
0.74205 7.69570597e-03
0.74462 7.81117360e-03
0.74720 5.90963605e-03
0.74979 6.44001971e-03
0.75238 6.13279045e-03
0.75499 6.56589963e-03
0.75760 8.38768688e-03
0.76022 6.92700581e-03
0.76285 5.64629867e-03
0.76549 6.19628344e-03
0.76814 7.81228360e-03
0.77080 6.03186037e-03
0.77347 6.68458379e-03
0.77615 6.24569965e-03
0.77884 7.92606304e-03
0.78153 6.16997496e-03
0.78424 9.14941624e-03
0.78695 6.17279387e-03
0.78968 6.69577259e-03
0.79241 6.32756141e-03
0.79515 6.76124581e-03
0.79790 7.02019549e-03
0.80067 5.50681952e-03
0.80344 5.85622384e-03
0.80622 6.59769003e-03
0.80901 6.40111939e-03
0.81181 5.54315944e-03
0.81462 7.11357856e-03
0.81744 6.55149331e-03
0.82027 7.08352075e-03
0.82311 6.70661211e-03
0.82596 6.56472845e-03
0.82882 1.07045736e-02
0.83169 6.61355464e-03
0.83457 5.36266357e-03
0.83745 6.08266187e-03
0.84035 6.87728768e-03
0.84326 5.42821376e-03
0.84618 6.27035645e-03
0.84911 5.31621624e-03
0.85205 5.54774547e-03
0.85500 7.78299341e-03
0.85796 5.65050680e-03
0.86093 6.07746115e-03
0.86391 5.27781912e-03
0.86690 9.56501504e-03
0.86990 5.46369627e-03
0.87291 5.82909445e-03
0.87593 5.70652875e-03
0.87897 6.22955581e-03
0.88201 5.16581371e-03
0.88506 5.29481741e-03
0.88813 5.40598909e-03
0.89120 5.47400496e-03
0.89428 5.20934347e-03
0.89738 6.57062971e-03
0.90049 7.68670165e-03
0.90360 6.50470755e-03
0.90673 5.02194093e-03
0.90987 1.12803824e-02
0.91302 5.51619976e-03
0.91618 1.12858189e-02
0.91935 6.43525509e-03
0.92253 5.50853928e-03
0.92573 5.18701323e-03
0.92893 8.07347597e-03
0.93215 7.64101701e-03
0.93537 5.10450323e-03
0.93861 5.02730840e-03
0.94186 5.85693227e-03
0.94512 5.94136528e-03
0.94839 6.03383469e-03
0.95168 8.26437723e-03
0.95497 6.17656195e-03
0.95828 7.89559576e-03
0.96159 5.29323776e-03
0.96492 6.29847843e-03
0.96826 1.08204083e-02
0.97161 4.93955821e-03
0.97498 8.48183165e-03
0.97835 1.15096344e-02
0.98174 4.80959941e-03
0.98514 1.46337368e-02
0.98855 6.49798341e-03
0.99197 5.55199405e-03
0.99540 9.99253573e-03
0.99885 5.91175344e-03
1.00231 5.94230853e-03
1.00578 6.63008131e-03
1.00926 7.06594525e-03
1.01275 4.97786456e-03
1.01626 6.06701235e-03
1.01978 4.62947749e-03
1.02330 5.11080211e-03
1.02685 6.41584637e-03
1.03040 1.31752067e-02
1.03397 5.32862555e-03
1.03755 5.52773488e-03
1.04114 8.65450720e-03
1.04474 5.37433387e-03
1.04836 9.37807723e-03
1.05199 9.79052067e-03
1.05563 5.15415920e-03
1.05928 5.03094525e-03
1.06295 6.44076957e-03
1.06663 9.05581315e-03
1.07032 8.45833517e-03
1.07403 1.08703533e-02
1.07775 9.07955235e-03
1.08148 5.15710736e-03
1.08522 6.02768973e-03
1.08898 6.94007717e-03
1.09275 1.04319675e-02
1.09653 4.97720843e-03
1.10032 5.49689168e-03
1.10413 5.68599621e-03
1.10796 5.74980987e-03
1.11179 7.63810339e-03
1.11564 7.64796611e-03
1.11950 9.66334032e-03
1.12338 1.20464699e-02
1.12726 7.03530531e-03
1.13117 7.34613491e-03
1.13508 9.12436379e-03
1.13901 5.90624587e-03
1.14295 6.45082173e-03
1.14691 9.00225195e-03
1.15088 7.48593965e-03
1.15487 8.36167637e-03
1.15886 7.09065632e-03
1.16287 1.01290312e-02
1.16690 6.05794488e-03
1.17094 1.22358605e-02
1.17499 9.99461760e-03
1.17906 5.49425728e-03
1.18314 6.47107800e-03
1.18724 5.81003699e-03
1.19135 8.98675536e-03
1.19547 7.72054728e-03
1.19961 8.68518760e-03
1.20376 5.40819923e-03
1.20793 9.26328941e-03
1.21211 6.63311728e-03
1.21630 6.32349043e-03
1.22052 7.76182843e-03
1.22474 7.21158613e-03
1.22898 8.95674195e-03
1.23323 8.77886568e-03
1.23750 7.02099864e-03
1.24179 8.93153261e-03
1.24609 7.61295917e-03
1.25040 7.67226179e-03
1.25473 5.56384885e-03
1.25907 6.57559856e-03
1.26343 1.05139496e-02
1.26780 7.28505235e-03
1.27219 1.23475907e-02
1.27659 8.67674272e-03
1.28101 7.22426677e-03
1.28545 7.57997885e-03
1.28990 6.00519768e-03
1.29436 6.38509000e-03
1.29884 1.05672493e-02
1.30334 1.21649488e-02
1.30785 7.75305104e-03
1.31238 9.79680080e-03
1.31692 6.37271621e-03
1.32148 7.42708499e-03
1.32605 9.86696267e-03
1.33064 8.60385765e-03
1.33525 7.82169344e-03
1.33987 7.41113552e-03
1.34451 1.08392240e-02
1.34916 7.50032821e-03
1.35383 1.13298835e-02
1.35852 9.41252275e-03
1.36322 8.66571672e-03
1.36794 7.52502152e-03
1.37268 6.51093045e-03
1.37743 6.93900960e-03
1.38220 1.12207384e-02
1.38698 1.12133779e-02
1.39178 1.25095125e-02
1.39660 8.02969955e-03
1.40144 6.42199528e-03
1.40629 6.68067067e-03
1.41115 7.12235891e-03
1.41604 8.36939309e-03
1.42094 9.54805424e-03
1.42586 1.28494192e-02
1.43080 1.15178533e-02
1.43575 7.89152477e-03
1.44072 7.54090981e-03
1.44571 7.92256037e-03
1.45071 9.54629600e-03
1.45573 8.42389261e-03
1.46077 8.51865997e-03
1.46583 1.16908456e-02
1.47090 1.21162371e-02
1.47599 8.89684043e-03
1.48110 7.97490205e-03
1.48623 8.95277456e-03
1.49137 9.25410059e-03
1.49654 9.06893680e-03
1.50172 8.77933731e-03
1.50692 9.82497013e-03
1.51213 1.09998928e-02
1.51737 1.02339040e-02
1.52262 9.31998920e-03
1.52789 1.07393240e-02
1.53318 9.31250731e-03
1.53849 8.34557101e-03
1.54381 8.73792099e-03
1.54916 9.55120269e-03
1.55452 1.07431720e-02
1.55990 1.18321264e-02
1.56530 1.04128656e-02
1.57072 1.02591627e-02
1.57615 1.02166867e-02
1.58161 9.32504488e-03
1.58709 9.12356360e-03
1.59258 9.82560357e-03
1.59809 1.08981773e-02
1.60362 1.15991941e-02
1.60918 1.05793459e-02
1.61475 1.04241629e-02
1.62034 1.10254573e-02
1.62594 9.96244240e-03
1.63157 9.39887517e-03
1.63722 9.58695851e-03
1.64289 1.10591717e-02
1.64857 1.15396981e-02
1.65428 1.09733712e-02
1.66001 1.06514317e-02
1.66575 1.06398877e-02
1.67152 1.01779107e-02
1.67731 9.96459333e-03
1.68311 1.06364048e-02
1.68894 1.22018501e-02
1.69478 1.27549360e-02
1.70065 1.14604293e-02
1.70654 1.09691088e-02
1.71245 1.09052517e-02
1.71837 1.10579187e-02
1.72432 1.10651904e-02
1.73029 1.17292467e-02
1.73628 1.25738531e-02
1.74229 1.20860352e-02
1.74832 1.13948949e-02
1.75437 1.09708651e-02
1.76045 1.09033376e-02
1.76654 1.11789136e-02
1.77266 1.19513256e-02
1.77879 1.25364781e-02
1.78495 1.25175243e-02
1.79113 1.22267437e-02
1.79733 1.17373275e-02
1.80355 1.16360757e-02
1.80979 1.17866312e-02
1.81606 1.18519880e-02
1.82234 1.20954184e-02
1.82865 1.25410661e-02
1.83498 1.25783917e-02
1.84133 1.27277829e-02
1.84771 1.25112096e-02
1.85410 1.22226984e-02
1.86052 1.22707787e-02
1.86696 1.24836323e-02
1.87342 1.29477208e-02
1.87991 1.36922693e-02
1.88642 1.38247589e-02
1.89295 1.36401832e-02
1.89950 1.34298259e-02
1.90607 1.29226595e-02
1.91267 1.27678021e-02
1.91929 1.29927621e-02
1.92594 1.35799176e-02
1.93260 1.38106101e-02
1.93929 1.38909741e-02
1.94601 1.38260317e-02
1.95274 1.33721256e-02
1.95950 1.32393992e-02
1.96629 1.32290392e-02
1.97309 1.33463933e-02
1.97992 1.37203104e-02
1.98678 1.42505549e-02
1.99365 1.42493019e-02
2.00055 1.41266789e-02
2.00748 1.36861915e-02
2.01443 1.36433405e-02
2.02140 1.39023997e-02
2.02840 1.42778165e-02
2.03542 1.47248653e-02
2.04247 1.47304301e-02
2.04954 1.46717728e-02
2.05663 1.46150691e-02
2.06375 1.46645109e-02
2.07090 1.49432443e-02
2.07806 1.52191557e-02
2.08526 1.55938227e-02
2.09247 1.56033933e-02
2.09972 1.57576981e-02
2.10699 1.55665611e-02
2.11428 1.55133107e-02
2.12160 1.56723515e-02
2.12894 1.59473749e-02
2.13631 1.60204080e-02
2.14371 1.60177736e-02
2.15113 1.60112123e-02
2.15857 1.58837053e-02
2.16605 1.60371616e-02
2.17354 1.60306397e-02
2.18107 1.61888024e-02
2.18862 1.63429395e-02
2.19619 1.63699347e-02
2.20380 1.62495219e-02
2.21143 1.64383995e-02
2.21908 1.64799381e-02
2.22676 1.65745792e-02
2.23447 1.65992952e-02
2.24220 1.67383165e-02
2.24997 1.68870368e-02
2.25775 1.69846083e-02
2.26557 1.71073891e-02
2.27341 1.72039443e-02
2.28128 1.72570072e-02
2.28918 1.72559613e-02
2.29710 1.74852824e-02
2.30505 1.76446685e-02
2.31303 1.78521349e-02
2.32104 1.80828472e-02
2.32908 1.82923560e-02
2.33714 1.83007920e-02
2.34523 1.84968427e-02
2.35335 1.86399192e-02
2.36149 1.89612667e-02
2.36967 1.91731435e-02
2.37787 1.92671629e-02
2.38610 1.93329144e-02
2.39436 1.93921144e-02
2.40265 1.94387147e-02
2.41097 1.96385245e-02
2.41931 1.97064467e-02
2.42769 1.97717344e-02
2.43609 1.97858437e-02
2.44452 1.99065920e-02
2.45298 1.99571192e-02
2.46148 1.99854365e-02
2.47000 2.01577776e-02
2.47855 2.01251189e-02
2.48713 2.02338200e-02
2.49574 2.01794448e-02
2.50438 2.03562949e-02
2.51304 2.05080147e-02
2.52174 2.05677277e-02
2.53047 2.06128579e-02
2.53923 2.07442523e-02
2.54802 2.07933389e-02
2.55684 2.09153403e-02
2.56569 2.10970349e-02
2.57457 2.11670784e-02
2.58349 2.12055979e-02
2.59243 2.13950576e-02
2.60140 2.15572656e-02
2.61041 2.16372152e-02
2.61944 2.17461333e-02
2.62851 2.19507976e-02
2.63761 2.21603261e-02
2.64674 2.23779453e-02
2.65590 2.26044939e-02
2.66510 2.28377221e-02
2.67432 2.30739301e-02
2.68358 2.32922893e-02
2.69287 2.34297024e-02
2.70219 2.35285072e-02
2.71154 2.37518491e-02
2.72093 2.39664096e-02
2.73035 2.41691893e-02
2.73980 2.43649637e-02
2.74928 2.45781232e-02
2.75880 2.47149147e-02
2.76835 2.48385933e-02
2.77793 2.49509056e-02
2.78755 2.52579464e-02
2.79720 2.53802437e-02
2.80688 2.54619989e-02
2.81660 2.56896229e-02
2.82635 2.58332619e-02
2.83613 2.58923928e-02
2.84595 2.59465312e-02
2.85580 2.60751629e-02
2.86569 2.62678787e-02
2.87561 2.63093976e-02
2.88556 2.63661309e-02
2.89555 2.66021712e-02
2.90557 2.66385891e-02
2.91563 2.66702019e-02
2.92572 2.68477624e-02
2.93585 2.70697229e-02
2.94601 2.71912704e-02
2.95621 2.72920288e-02
2.96644 2.74607587e-02
2.97671 2.75118877e-02
2.98702 2.77272179e-02
2.99736 2.77639515e-02
3.00773 2.79490403e-02
3.01814 2.81662451e-02
3.02859 2.83853443e-02
3.03907 2.85431715e-02
3.04960 2.86293075e-02
3.06015 2.88598915e-02
3.07074 2.90938104e-02
3.08137 2.93328107e-02
3.09204 2.94622416e-02
3.10274 2.96274885e-02
3.11348 2.98831043e-02
3.12426 3.01437323e-02
3.13508 3.04080208e-02
3.14593 3.06744800e-02
3.15682 3.09425672e-02
3.16775 3.12107037e-02
3.17871 3.14770741e-02
3.18972 3.17523443e-02
3.20076 3.21687373e-02
3.21184 3.24406824e-02
3.22295 3.26810048e-02
3.23411 3.29117072e-02
3.24531 3.31317832e-02
3.25654 3.33404731e-02
3.26781 3.36758411e-02
3.27912 3.40121267e-02
3.29047 3.42743333e-02
3.30187 3.44338181e-02
3.31330 3.45815123e-02
3.32476 3.48468960e-02
3.33627 3.51181504e-02
3.34782 3.53300667e-02
3.35941 3.54410568e-02
3.37104 3.56774325e-02
3.38271 3.57959707e-02
3.39442 3.60008619e-02
3.40617 3.63012131e-02
3.41796 3.63600776e-02
3.42979 3.65280773e-02
3.44166 3.67077493e-02
3.45358 3.68802285e-02
3.46553 3.70451992e-02
3.47753 3.72022272e-02
3.48957 3.74279568e-02
3.50164 3.76731237e-02
3.51377 3.78152629e-02
3.52593 3.79520840e-02
3.53814 3.81543803e-02
3.55038 3.83871941e-02
3.56267 3.85178288e-02
3.57500 3.86472893e-02
3.58738 3.88331280e-02
3.59980 3.90846984e-02
3.61226 3.93346803e-02
3.62476 3.95042093e-02
3.63731 3.96809608e-02
3.64990 3.99403259e-02
3.66254 4.03062509e-02
3.67521 4.05677077e-02
3.68794 4.07422688e-02
3.70070 4.10201240e-02
3.71351 4.13041952e-02
3.72637 4.16266379e-02
3.73927 4.20334997e-02
3.75221 4.23520155e-02
3.76520 4.26624899e-02
3.77823 4.29800683e-02
3.79131 4.34033483e-02
3.80443 4.38341861e-02
3.81760 4.42619653e-02
3.83082 4.45925677e-02
3.84408 4.50486445e-02
3.85739 4.55601917e-02
3.87074 4.58894424e-02
3.88414 4.63470683e-02
3.89758 4.68547872e-02
3.91107 4.72682400e-02
3.92461 4.76727832e-02
3.93820 4.80687029e-02
3.95183 4.84511448e-02
3.96551 4.89483261e-02
3.97924 4.94731045e-02
3.99301 4.98116299e-02
4.00683 5.01928285e-02
4.02070 5.05961285e-02
4.03462 5.09773667e-02
4.04859 5.13912832e-02
4.06260 5.18322640e-02
4.07667 5.20658573e-02
4.09078 5.23586211e-02
4.10494 5.27386061e-02
4.11915 5.30186517e-02
4.13341 5.32950171e-02
4.14771 5.36151904e-02
4.16207 5.39766557e-02
4.17648 5.43411205e-02
4.19094 5.46063760e-02
4.20545 5.48570584e-02
4.22000 5.50940163e-02
4.23461 5.53865827e-02
4.24927 5.56779651e-02
4.26398 5.59542021e-02
4.27874 5.62173067e-02
4.29355 5.64729915e-02
4.30841 5.67128600e-02
4.32332 5.69475091e-02
4.33829 5.71731597e-02
4.35331 5.74443253e-02
4.36838 5.77375232e-02
4.38350 5.80181509e-02
4.39867 5.83242741e-02
4.41390 5.86731397e-02
4.42918 5.89219672e-02
4.44451 5.91252995e-02
4.45990 5.94615653e-02
4.47533 5.98257539e-02
4.49083 6.02390192e-02
4.50637 6.06161331e-02
4.52197 6.09659261e-02
4.53762 6.13147029e-02
4.55333 6.16785560e-02
4.56909 6.21016091e-02
4.58491 6.25553869e-02
4.60078 6.30551533e-02
4.61670 6.35216395e-02
4.63269 6.39679285e-02
4.64872 6.44662840e-02
4.66481 6.49889904e-02
4.68096 6.55074443e-02
4.69717 6.60517389e-02
4.71343 6.66430779e-02
4.72974 6.72402776e-02
4.74611 6.78396973e-02
4.76254 6.84395117e-02
4.77903 6.90443779e-02
4.79557 6.96915917e-02
4.81217 7.03585685e-02
4.82883 7.10700144e-02
4.84555 7.17839763e-02
4.86232 7.24325912e-02
4.87915 7.31116941e-02
4.89604 7.38653891e-02
4.91299 7.45930853e-02
4.92999 7.52728296e-02
4.94706 7.59982072e-02
4.96418 7.67691589e-02
4.98137 7.75235643e-02
4.99861 7.82660211e-02
5.01591 7.90249256e-02
5.03328 7.97897403e-02
5.05070 8.04861395e-02
5.06818 8.11582963e-02
5.08573 8.18900083e-02
5.10333 8.26289131e-02
5.12100 8.33328011e-02
5.13873 8.40261909e-02
5.15651 8.47303453e-02
5.17436 8.54285205e-02
5.19228 8.61356547e-02
5.21025 8.68362275e-02
5.22828 8.74948275e-02
5.24638 8.81445771e-02
5.26454 8.88488203e-02
5.28277 8.95489491e-02
5.30105 9.02054672e-02
5.31940 9.08541019e-02
5.33782 9.15066043e-02
5.35629 9.21551600e-02
5.37484 9.28055707e-02
5.39344 9.34535048e-02
5.41211 9.41030275e-02
5.43084 9.47517411e-02
5.44965 9.54342875e-02
5.46851 9.61290883e-02
5.48744 9.67668301e-02
5.50643 9.73756232e-02
5.52550 9.80343219e-02
5.54462 9.87350427e-02
5.56381 9.94197893e-02
5.58308 1.00082829e-01
5.60240 1.00762544e-01
5.62179 1.01473733e-01
5.64125 1.02191731e-01
5.66078 1.02911504e-01
5.68038 1.03640848e-01
5.70004 1.04369896e-01
5.71977 1.05109797e-01
5.73957 1.05912845e-01
5.75944 1.06741744e-01
5.77938 1.07551107e-01
5.79938 1.08352576e-01
5.81946 1.09190453e-01
5.83960 1.10078059e-01
5.85982 1.10978688e-01
5.88010 1.11877147e-01
5.90045 1.12792773e-01
5.92088 1.13735139e-01
5.94137 1.14696843e-01
5.96194 1.15682523e-01
5.98258 1.16690304e-01
6.00329 1.17729955e-01
6.02407 1.18812723e-01
6.04492 1.19915816e-01
6.06585 1.21037360e-01
6.08684 1.22179525e-01
6.10791 1.23314981e-01
6.12906 1.24460205e-01
6.15027 1.25646968e-01
6.17156 1.26889083e-01
6.19293 1.28152312e-01
6.21436 1.29452344e-01
6.23588 1.30773096e-01
6.25746 1.32121376e-01
6.27912 1.33493829e-01
6.30086 1.34887693e-01
6.32267 1.36305237e-01
6.34455 1.37742219e-01
6.36652 1.39198637e-01
6.38856 1.40673605e-01
6.41067 1.42196920e-01
6.43286 1.43787624e-01
6.45513 1.45396877e-01
6.47747 1.46983536e-01
6.49990 1.48583317e-01
6.52240 1.50226117e-01
6.54497 1.51919829e-01
6.56763 1.53629525e-01
6.59037 1.55351555e-01
6.61318 1.57087989e-01
6.63607 1.58855405e-01
6.65904 1.60661203e-01
6.68209 1.62480616e-01
6.70522 1.64339299e-01
6.72843 1.66215248e-01
6.75172 1.68102051e-01
6.77510 1.69996549e-01
6.79855 1.71902592e-01
6.82208 1.73859941e-01
6.84570 1.75846299e-01
6.86939 1.77845483e-01
6.89317 1.79871603e-01
6.91704 1.81908872e-01
6.94098 1.83980379e-01
6.96500 1.86092635e-01
6.98911 1.88216632e-01
7.01331 1.90377531e-01
7.03759 1.92557867e-01
7.06195 1.94755469e-01
7.08639 1.97019179e-01
7.11092 1.99296405e-01
7.13554 2.01601653e-01
7.16024 2.03945381e-01
7.18502 2.06304205e-01
7.20990 2.08715323e-01
7.23485 2.11164723e-01
7.25990 2.13631488e-01
7.28503 2.16179949e-01
7.31025 2.18758307e-01
7.33555 2.21360344e-01
7.36094 2.24024147e-01
7.38642 2.26710741e-01
7.41199 2.29439269e-01
7.43765 2.32247224e-01
7.46340 2.35081917e-01
7.48923 2.37981336e-01
7.51516 2.40965509e-01
7.54117 2.43981453e-01
7.56727 2.47066563e-01
7.59347 2.50219555e-01
7.61975 2.53408955e-01
7.64613 2.56706197e-01
7.67260 2.60087405e-01
7.69916 2.63511237e-01
7.72581 2.67043899e-01
7.75255 2.70653717e-01
7.77939 2.74312672e-01
7.80632 2.78162941e-01
7.83334 2.82124408e-01
7.86046 2.86144779e-01
7.88767 2.90344920e-01
7.91497 2.94656949e-01
7.94237 2.99037355e-01
7.96986 3.03599109e-01
7.99745 3.08285480e-01
8.02513 3.13050488e-01
8.05291 3.18030688e-01
8.08079 3.23175464e-01
8.10876 3.28411605e-01
8.13683 3.33870339e-01
8.16500 3.39538541e-01
8.19326 3.45312811e-01
8.22162 3.51301285e-01
8.25008 3.57553299e-01
8.27864 3.63927856e-01
8.30730 3.70512968e-01
8.33605 3.77476368e-01
8.36491 3.84582736e-01
8.39386 3.91858712e-01
8.42292 3.99624963e-01
8.45208 4.07557467e-01
8.48133 4.15659677e-01
8.51069 4.24280875e-01
8.54016 4.33161960e-01
8.56972 4.42239984e-01
8.59938 4.51838672e-01
8.62915 4.61902179e-01
8.65902 4.72198440e-01
8.68899 4.82925184e-01
8.71907 4.94447379e-01
8.74925 5.06247715e-01
8.77954 5.18331027e-01
8.80993 5.31346344e-01
8.84043 5.44737680e-01
8.87103 5.58458859e-01
8.90174 5.72935725e-01
8.93255 5.88133845e-01
8.96347 6.03713509e-01
8.99450 6.19783941e-01
9.02563 6.37011437e-01
9.05688 6.54675336e-01
9.08823 6.72781656e-01
9.11969 6.91887173e-01
9.15126 7.11757949e-01
9.18294 7.32121368e-01
9.21472 7.53090008e-01
9.24662 7.75155920e-01
9.27863 7.97751277e-01
9.31075 8.20879139e-01
9.34298 8.44779757e-01
9.37532 8.69374496e-01
9.40777 8.94512987e-01
9.44034 9.20313136e-01
9.47302 9.52940525e-01
9.50581 9.86367707e-01
9.53871 1.02058531e+00
9.57173 1.05151928e+00
9.60487 1.07641485e+00
9.63811 1.10169720e+00
9.67148 1.12736139e+00
9.70495 1.14936800e+00
9.73855 1.16991237e+00
9.77226 1.19069453e+00
9.80609 1.21170955e+00
9.84003 1.22819477e+00
9.87409 1.24469381e+00
9.90827 1.26134381e+00
9.94257 1.27711963e+00
9.97699 1.28872381e+00
10.01153 1.30041976e+00
10.04618 1.31220648e+00
10.08096 1.32259707e+00
10.11585 1.33046080e+00
10.15087 1.33837189e+00
10.18601 1.34633232e+00
10.22127 1.35321235e+00
10.25665 1.35893501e+00
10.29215 1.36469419e+00
10.32778 1.37048987e+00
10.36353 1.37513707e+00
10.39941 1.37885581e+00
10.43540 1.38260416e+00
10.47153 1.38638112e+00
10.50777 1.38760261e+00
10.54415 1.38686064e+00
10.58065 1.38613051e+00
10.61727 1.38541419e+00
10.65403 1.38331555e+00
10.69091 1.37995891e+00
10.72791 1.37661115e+00
10.76505 1.37327227e+00
10.80231 1.36835176e+00
10.83971 1.36127933e+00
10.87723 1.35421184e+00
10.91488 1.34714928e+00
10.95266 1.33900139e+00
10.99058 1.32784909e+00
11.02862 1.31669877e+00
11.06680 1.30555141e+00
11.10511 1.29438037e+00
11.14355 1.28266568e+00
11.18212 1.27095691e+00
11.22083 1.25925603e+00
11.25967 1.24756403e+00
11.29865 1.23493864e+00
11.33776 1.22204389e+00
11.37701 1.20917184e+00
11.41639 1.19632445e+00
11.45591 1.18219045e+00
11.49556 1.16629525e+00
11.53536 1.15046912e+00
11.57529 1.13471501e+00
11.61536 1.11902109e+00
11.65556 1.10117920e+00
11.69591 1.08346163e+00
11.73640 1.06587331e+00
11.77702 1.04841819e+00
11.81779 1.02780376e+00
11.85870 1.00450067e+00
11.89975 9.81504328e-01
11.94094 9.58824413e-01
11.98227 9.36468520e-01
12.02375 9.05493008e-01
12.06537 8.75029477e-01
12.10714 8.45302987e-01
12.14905 8.16321627e-01
12.19110 7.86598392e-01
12.23330 7.55114845e-01
12.27565 7.24695221e-01
12.31814 6.95328864e-01
12.36078 6.67001664e-01
12.40357 6.43922643e-01
12.44651 6.23757544e-01
12.48959 6.04202600e-01
12.53283 5.85243997e-01
12.57621 5.66867429e-01
12.61974 5.52407435e-01
12.66343 5.38791435e-01
12.70726 5.25537443e-01
12.75125 5.12635296e-01
12.79539 5.00193429e-01
12.83968 4.93035459e-01
12.88413 4.86033875e-01
12.92873 4.79183053e-01
12.97348 4.72477667e-01
13.01839 4.66644000e-01
13.06345 4.68894291e-01
13.10867 4.71201019e-01
13.15405 4.73563197e-01
13.19959 4.75979741e-01
13.24528 4.78433187e-01
13.29113 4.80666901e-01
13.33713 4.82944917e-01
13.38330 4.85266445e-01
13.42963 4.87631091e-01
13.47612 4.90038163e-01
13.52277 4.95231877e-01
13.56958 5.00664267e-01
13.61655 5.06178549e-01
13.66368 5.11775317e-01
13.71098 5.17455064e-01
13.75844 5.22530971e-01
13.80607 5.27434013e-01
13.85386 5.32404051e-01
13.90182 5.37441379e-01
13.94994 5.42546392e-01
13.99823 5.49047736e-01
14.04668 5.57365829e-01
14.09531 5.65822747e-01
14.14410 5.74420067e-01
14.19306 5.83159664e-01
14.24219 5.92050616e-01
14.29149 6.01269339e-01
14.34096 6.10639515e-01
14.39060 6.20163019e-01
14.44042 6.29842120e-01
14.49041 6.39678693e-01
14.54057 6.49435544e-01
14.59090 6.59135267e-01
14.64141 6.68983088e-01
14.69209 6.78980981e-01
14.74295 6.89130821e-01
14.79398 6.99434483e-01
14.84519 7.10844691e-01
14.89658 7.22513701e-01
14.94814 7.34370475e-01
14.99989 7.46417379e-01
15.05181 7.58657373e-01
15.10392 7.71112363e-01
15.15620 7.83840165e-01
15.20866 7.96770827e-01
15.26131 8.09907208e-01
15.31414 8.23252368e-01
15.36715 8.36809464e-01
15.42034 8.50362021e-01
15.47372 8.63747141e-01
15.52729 8.77333048e-01
15.58103 8.91122701e-01
15.63497 9.05119259e-01
15.68909 9.19326173e-01
15.74340 9.33722232e-01
15.79790 9.48298653e-01
15.85258 9.63092536e-01
15.90746 9.78107531e-01
15.96252 9.93347387e-01
16.01778 1.00881536e+00
16.07323 1.02302632e+00
16.12886 1.03443613e+00
16.18470 1.04596435e+00
16.24072 1.05761293e+00
16.29694 1.06938189e+00
16.35335 1.08127221e+00
16.40996 1.09308952e+00
16.46677 1.10362416e+00
16.52377 1.11424957e+00
16.58097 1.12496675e+00
16.63836 1.13577765e+00
16.69596 1.14668032e+00
16.75375 1.15767672e+00
16.81175 1.16466429e+00
16.86994 1.17049549e+00
16.92834 1.17634149e+00
16.98694 1.18220131e+00
17.04574 1.18807691e+00
17.10474 1.19396533e+00
17.16395 1.19993763e+00
17.22337 1.20609837e+00
17.28299 1.21227392e+00
17.34281 1.21846624e+00
17.40285 1.22467237e+00
17.46309 1.23089331e+00
17.52354 1.23712805e+00
17.58420 1.24118325e+00
17.64507 1.24402979e+00
17.70615 1.24685363e+00
17.76744 1.24965379e+00
17.82894 1.25242928e+00
17.89066 1.25518011e+00
17.95259 1.25790528e+00
18.01473 1.25960235e+00
18.07709 1.26110208e+00
18.13967 1.26257419e+00
18.20246 1.26402064e+00
18.26547 1.26544045e+00
18.32870 1.26683264e+00
18.39214 1.26819720e+00
18.45581 1.26780056e+00
18.51969 1.26717107e+00
18.58380 1.26651197e+00
18.64813 1.26582328e+00
18.71268 1.26510499e+00
18.77746 1.26435611e+00
18.84246 1.26357763e+00
18.90768 1.26275672e+00
18.97313 1.26190917e+00
19.03881 1.26103795e+00
19.10472 1.26014304e+00
19.17085 1.25922445e+00
19.23721 1.25828219e+00
19.30380 1.25731624e+00
19.37062 1.25676469e+00
19.43768 1.25671141e+00
19.50496 1.25663643e+00
19.57248 1.25653973e+00
19.64023 1.25642133e+00
19.70822 1.25628024e+00
19.77644 1.25611744e+00
19.84490 1.25593195e+00
19.91359 1.25584709e+00
19.98252 1.25574349e+00
20.05169 1.25561621e+00
20.12110 1.25546427e+00
20.19076 1.25528864e+00
20.26065 1.25508835e+00
20.33078 1.25486339e+00
20.40116 1.25454469e+00
20.47178 1.25400104e+00
20.54264 1.25343075e+00
20.61375 1.25283283e+00
20.68511 1.25220827e+00
20.75671 1.25155608e+00
20.82856 1.25087725e+00
20.90066 1.25017080e+00
20.97301 1.24972285e+00
21.04561 1.24977613e+00
21.11846 1.24979784e+00
21.19157 1.24978797e+00
21.26492 1.24974653e+00
21.33853 1.24967451e+00
21.41240 1.24957091e+00
21.48652 1.24943475e+00
21.56090 1.24898483e+00
21.63553 1.24748509e+00
21.71043 1.24594195e+00
21.78558 1.24435637e+00
21.86099 1.24272837e+00
21.93666 1.24105795e+00
22.01260 1.23934608e+00
22.08880 1.23759080e+00
22.16526 1.23579408e+00
22.24199 1.23096139e+00
22.31898 1.22558405e+00
22.39624 1.22018107e+00
22.47377 1.21475243e+00
22.55156 1.20930011e+00
22.62962 1.20382213e+00
22.70796 1.19832147e+00
22.78656 1.19279811e+00
22.86544 1.18681595e+00
22.94459 1.17942779e+00
23.02402 1.17204160e+00
23.10372 1.16465541e+00
23.18369 1.15727120e+00
23.26394 1.14988995e+00
23.34447 1.14251165e+00
23.42528 1.13513829e+00
23.50637 1.12776888e+00
23.58774 1.11950949e+00
23.66939 1.10967835e+00
23.75133 1.09989259e+00
23.83354 1.09015320e+00
23.91604 1.08046019e+00
23.99883 1.07081453e+00
24.08191 1.06121525e+00
24.16527 1.05166531e+00
24.24892 1.04216272e+00
24.33286 1.03257824e+00
24.41709 1.02252115e+00
24.50161 1.01253213e+00
24.58642 1.00261219e+00
24.67153 9.92760320e-01
24.75693 9.82976928e-01
24.84263 9.73262504e-01
24.92863 9.63616752e-01
25.01492 9.54039869e-01
25.10151 9.44531955e-01
25.18840 9.34606285e-01
25.27559 9.24590139e-01
25.36309 9.14659141e-01
25.45088 9.04813195e-01
25.53898 8.95052003e-01
25.62739 8.85375467e-01
25.71610 8.75783192e-01
25.80512 8.66275080e-01
25.89444 8.56850736e-01
25.98408 8.47509963e-01
26.07403 8.38258680e-01
26.16428 8.29093237e-01
26.25485 8.20013043e-01
26.34574 8.11017603e-01
26.43694 8.02106621e-01
26.52845 7.93279704e-01
26.62028 7.84536357e-01
26.71243 7.75876088e-01
26.80489 7.67298600e-01
26.89768 7.58803400e-01
26.99079 7.50441893e-01
27.08422 7.42173133e-01
27.17798 7.33986365e-01
27.27205 7.25881195e-01
27.36646 7.17856832e-01
27.46119 7.09912981e-01
27.55625 7.02048853e-01
27.65164 6.94264152e-01
27.74736 6.86558088e-01
27.84341 6.78930168e-01
27.93979 6.71488728e-01
28.03650 6.64326613e-01
28.13355 6.57235835e-01
28.23094 6.50215899e-01
28.32867 6.43266115e-01
28.42673 6.36386088e-01
28.52513 6.29575227e-01
28.62387 6.22832939e-01
28.72295 6.16158731e-01
28.82238 6.09552011e-01
28.92215 6.03012285e-01
29.02227 5.96655784e-01
29.12273 5.90497997e-01
29.22354 5.84401285e-01
29.32470 5.78365056e-01
29.42621 5.72388816e-01
29.52807 5.66472171e-01
29.63029 5.60614528e-01
29.73286 5.54815395e-01
29.83578 5.49074277e-01
29.93906 5.43390683e-01
30.04269 5.37764117e-01
30.14669 5.32225760e-01
30.25104 5.26916408e-01
30.35576 5.21659053e-01
30.46084 5.16453301e-01
30.56628 5.11298757e-01
30.67209 5.06194829e-01
30.77826 5.01141123e-01
30.88481 4.96137243e-01
30.99172 4.91182597e-01
31.09900 4.86276989e-01
31.20665 4.81419827e-01
31.31467 4.76610616e-01
31.42307 4.71952859e-01
31.53184 4.67505064e-01
31.64099 4.63099499e-01
31.75052 4.58735571e-01
31.86043 4.54412984e-01
31.97072 4.50131344e-01
32.08139 4.45890256e-01
32.19244 4.41689523e-01
32.30388 4.37528552e-01
32.41570 4.33407147e-01
32.52791 4.29324813e-01
32.64051 4.25281355e-01
32.75349 4.21328472e-01
32.86687 4.17804000e-01
32.98064 4.14309819e-01
33.09481 4.10845435e-01
33.20937 4.07410749e-01
33.32433 4.04005368e-01
33.43968 4.00629192e-01
33.55544 3.97281925e-01
33.67159 3.93963371e-01
33.78815 3.90673133e-01
33.90511 3.87411115e-01
34.02247 3.84177019e-01
34.14024 3.80970648e-01
34.25842 3.77779965e-01
34.37701 3.74589973e-01
34.49601 3.71427411e-01
34.61542 3.68292277e-01
34.73525 3.65184179e-01
34.85549 3.62102917e-01
34.97614 3.59048197e-01
35.09721 3.56019920e-01
35.21871 3.53017789e-01
35.34062 3.50041509e-01
35.46295 3.47090981e-01
35.58571 3.44165909e-01
35.70889 3.41266195e-01
35.83250 3.38391443e-01
35.95654 3.35583784e-01
36.08101 3.32804739e-01
36.20590 3.30049373e-01
36.33123 3.27317589e-01
36.45700 3.24609091e-01
36.58320 3.21923680e-01
36.70983 3.19261160e-01
36.83691 3.16621333e-01
36.96442 3.14004003e-01
37.09238 3.11409069e-01
37.22077 3.08836237e-01
37.34962 3.06285309e-01
37.47890 3.03756187e-01
37.60864 3.01248573e-01
37.73883 2.98872187e-01
37.86946 2.96535267e-01
38.00055 2.94217389e-01
38.13209 2.91918456e-01
38.26409 2.89638171e-01
38.39654 2.87376533e-01
38.52946 2.85133248e-01
38.66283 2.82908216e-01
38.79667 2.80701240e-01
38.93096 2.78512320e-01
39.06573 2.76341061e-01
39.20096 2.74187563e-01
39.33665 2.72051528e-01
39.47282 2.69932859e-01
39.60946 2.67837869e-01
39.74657 2.65843421e-01
39.88416 2.63864563e-01
40.02222 2.61900997e-01
40.16076 2.59952627e-01
40.29978 2.58019451e-01
40.43928 2.56101173e-01
40.57926 2.54197795e-01
40.71973 2.52309216e-01
40.86069 2.50435240e-01
41.00213 2.48575768e-01
41.14406 2.46730701e-01
41.28648 2.44899941e-01
41.42940 2.43083291e-01
41.57281 2.41280749e-01
41.71672 2.39492120e-01
41.86113 2.37692440e-01
42.00603 2.35882597e-01
42.15144 2.34087061e-01
42.29735 2.32305832e-01
42.44377 2.30538613e-01
42.59069 2.28785405e-01
42.73812 2.27046011e-01
42.88606 2.25320429e-01
43.03451 2.23608464e-01
43.18348 2.21910016e-01
43.33297 2.20224987e-01
43.48297 2.18553277e-01
43.63349 2.16894789e-01
43.78453 2.15249424e-01
43.93609 2.13616984e-01
44.08818 2.11997371e-01
44.24079 2.10390387e-01
44.39394 2.08791395e-01
44.54761 2.07205032e-01
44.70182 2.05631299e-01
44.85655 2.04069899e-01
45.01183 2.02520931e-01
45.16764 2.00984099e-01
45.32399 1.99459501e-01
45.48089 1.97946843e-01
45.63832 1.96446221e-01
45.79630 1.94957341e-01
45.95483 1.93480301e-01
46.11391 1.92014805e-01
46.27353 1.90560853e-01
46.43371 1.89118445e-01
46.59445 1.87687285e-01
46.75574 1.86267472e-01
46.91759 1.84858808e-01
47.08000 1.83440376e-01
47.24297 1.82019675e-01
47.40650 1.80610419e-01
47.57060 1.79212411e-01
47.73527 1.77825749e-01
47.90051 1.76450139e-01
48.06633 1.75085579e-01
48.23271 1.73731971e-01
48.39967 1.72389216e-01
48.56721 1.71057216e-01
48.73533 1.69735872e-01
48.90403 1.68425085e-01
49.07332 1.67124856e-01
49.24319 1.65834987e-01
49.41365 1.64555477e-01
49.58470 1.63286229e-01
49.75634 1.62027045e-01
49.92858 1.60778024e-01
50.10141 1.59540744e-01
50.27484 1.58360789e-01
50.44887 1.57189912e-01
50.62350 1.56028013e-01
50.79874 1.54875192e-01
50.97458 1.53731152e-01
51.15104 1.52595893e-01
51.32810 1.51469416e-01
51.50578 1.50351523e-01
51.68407 1.49242312e-01
51.86298 1.48141587e-01
52.04250 1.47049248e-01
52.22265 1.45965395e-01
52.40343 1.44889829e-01
52.58482 1.43822453e-01
52.76685 1.42763267e-01
52.94951 1.41712269e-01
53.13280 1.40669264e-01
53.31672 1.39634152e-01
53.50128 1.38607131e-01
53.68648 1.37585437e-01
53.87232 1.36561672e-01
54.05880 1.35545899e-01
54.24593 1.34537920e-01
54.43371 1.33537835e-01
54.62214 1.32545347e-01
54.81122 1.31560555e-01
55.00095 1.30583360e-01
55.19134 1.29613664e-01
55.38239 1.28651467e-01
55.57410 1.27696669e-01
55.76647 1.26749272e-01
55.95951 1.25809077e-01
56.15322 1.24876184e-01
56.34760 1.23950493e-01
56.54265 1.23031808e-01
56.73838 1.22120227e-01
56.93479 1.21215651e-01
57.13187 1.20318080e-01
57.32964 1.19427317e-01
57.52809 1.18543363e-01
57.72723 1.17666216e-01
57.92705 1.16795779e-01
58.12757 1.15932051e-01
58.32879 1.15074933e-01
58.53070 1.14224328e-01
58.73331 1.13380235e-01
58.93662 1.12542653e-01
59.14063 1.11711485e-01
59.34535 1.10886632e-01
59.55078 1.10068093e-01
59.75692 1.09255771e-01
59.96377 1.08449763e-01
60.17134 1.07649773e-01
60.37963 1.06856000e-01
60.58864 1.06068245e-01
60.79837 1.05286411e-01
61.00883 1.04510595e-01
61.22002 1.03740797e-01
61.43194 1.02976723e-01
61.64459 1.02218469e-01
61.85797 1.01466037e-01
62.07210 1.00719328e-01
62.28697 9.99783413e-02
62.50258 9.92428800e-02
62.71894 9.85182128e-02
62.93605 9.77995445e-02
63.15390 9.70862832e-02
63.37252 9.63784091e-02
63.59189 9.56758629e-02
63.81201 9.49786053e-02
64.03290 9.42866067e-02
64.25456 9.35998077e-02
64.47698 9.29181789e-02
64.70017 9.22416709e-02
64.92414 9.15702541e-02
65.14888 9.09038792e-02
65.37440 9.02425067e-02
65.60070 8.95861069e-02
65.82778 8.89346307e-02
66.05565 8.82880384e-02
66.28430 8.76463005e-02
66.51375 8.70093677e-02
66.74400 8.63772203e-02
66.97504 8.57497989e-02
67.20688 8.51270741e-02
67.43952 8.45090163e-02
67.67297 8.38955859e-02
67.90722 8.32867336e-02
68.14229 8.26824397e-02
68.37817 8.20832371e-02
68.61486 8.14885533e-02
68.85238 8.08982997e-02
69.09072 8.03124664e-02
69.32988 7.97309843e-02
69.56987 7.91538533e-02
69.81069 7.85810144e-02
70.05235 7.80124477e-02
70.29484 7.74481237e-02
70.53817 7.68879931e-02
70.78235 7.63320360e-02
71.02737 7.57802131e-02
71.27323 7.52324947e-02
71.51995 7.46888413e-02
71.76752 7.41492432e-02
72.01595 7.36136411e-02
72.26524 7.30820251e-02
72.51539 7.25543557e-02
72.76641 7.20306035e-02
73.01830 7.15107387e-02
73.27106 7.09947219e-02
73.52469 7.04825432e-02
73.77920 6.99741533e-02
74.03460 6.94695325e-02
74.29087 6.89686512e-02
74.54804 6.84714797e-02
74.80609 6.79779787e-02
75.06504 6.74886808e-02
75.32488 6.70033888e-02
75.58563 6.65216685e-02
75.84727 6.60435101e-02
76.10982 6.55688840e-02
76.37328 6.50977507e-02
76.63766 6.46300904e-02
76.90295 6.41658835e-02
77.16915 6.37051003e-02
77.43628 6.32477112e-02
77.70433 6.27936867e-02
77.97331 6.23429971e-02
78.24322 6.18956424e-02
78.51407 6.14515635e-02
78.78585 6.10107603e-02
79.05857 6.05731933e-02
79.33224 6.01388429e-02
79.60686 5.97076893e-02
79.88242 5.92797029e-02
80.15894 5.88548541e-02
80.43642 5.84331232e-02
80.71486 5.80144904e-02
80.99426 5.75989360e-02
81.27463 5.71864205e-02
81.55596 5.67769341e-02
81.83828 5.63704472e-02
82.12157 5.59669400e-02
82.40584 5.55663928e-02
82.69109 5.51687760e-02
82.97733 5.47740699e-02
83.26457 5.43831920e-02
83.55279 5.39966259e-02
83.84202 5.36128816e-02
84.13225 5.32319197e-02
84.42348 5.28537403e-02
84.71572 5.24782939e-02
85.00897 5.21055805e-02
85.30323 5.17355805e-02
85.59852 5.13682643e-02
85.89482 5.10036120e-02
86.19215 5.06416040e-02
86.49052 5.02822304e-02
86.78991 4.99254517e-02
87.09034 4.95712680e-02
87.39181 4.92196496e-02
87.69432 4.88705867e-02
87.99789 4.85240397e-02
88.30250 4.81800088e-02
88.60816 4.78384741e-02
88.91489 4.74994061e-02
89.22267 4.71627949e-02
89.53153 4.68286109e-02
89.84145 4.64968541e-02
90.15244 4.61674949e-02
90.46451 4.58405136e-02
90.77766 4.55158904e-02
91.09190 4.51936253e-02
91.40722 4.48736789e-02
91.72363 4.45560512e-02
92.04114 4.42407027e-02
92.35975 4.39276432e-02
92.67946 4.36168432e-02
93.00028 4.33082731e-02
93.32221 4.30019427e-02
93.64525 4.26980099e-02
93.96941 4.23963661e-02
94.29469 4.20968931e-02
94.62110 4.17995709e-02
94.94864 4.15043997e-02
95.27731 4.12113499e-02
95.60712 4.09204016e-02
95.93807 4.06315549e-02
96.27017 4.03447803e-02
96.60342 4.00600677e-02
96.93782 3.97773976e-02
97.27338 3.94967600e-02
97.61010 3.92181451e-02
97.94798 3.89415232e-02
98.28704 3.86668944e-02
98.62727 3.83942389e-02
98.96867 3.81235272e-02
99.31126 3.78547691e-02
99.65504 3.75879349e-02
100.00000 3.73230248e-02
