        2000  1.000000 3.710000
0.10000 1.18215588e+00
0.10035 1.18196544e+00
0.10069 1.18176856e+00
0.10104 1.18156624e+00
0.10139 1.18135749e+00
0.10174 1.18114281e+00
0.10210 1.18092169e+00
0.10245 1.18069464e+00
0.10280 1.18046165e+00
0.10316 1.18018414e+00
0.10352 1.17972806e+00
0.10387 1.17925862e+00
0.10423 1.17877533e+00
0.10459 1.17827869e+00
0.10496 1.17776819e+00
0.10532 1.17724384e+00
0.10568 1.17670614e+00
0.10605 1.17615459e+00
0.10642 1.17558918e+00
0.10679 1.17500993e+00
0.10716 1.17441682e+00
0.10753 1.17380937e+00
0.10790 1.17318857e+00
0.10827 1.17255391e+00
0.10865 1.17190491e+00
0.10902 1.17124255e+00
0.10940 1.17056535e+00
0.10978 1.16987479e+00
0.11016 1.16916989e+00
0.11054 1.16845114e+00
0.11092 1.16771805e+00
0.11131 1.16697061e+00
0.11169 1.16620931e+00
0.11208 1.16543417e+00
0.11247 1.16464468e+00
0.11286 1.16355394e+00
0.11325 1.16242561e+00
0.11364 1.16127304e+00
0.11403 1.16009672e+00
0.11443 1.15889616e+00
0.11482 1.15767186e+00
0.11522 1.15642382e+00
0.11562 1.15515154e+00
0.11602 1.15385501e+00
0.11642 1.15253475e+00
0.11682 1.15119025e+00
0.11723 1.14982200e+00
0.11763 1.14842951e+00
0.11804 1.14701328e+00
0.11845 1.14557281e+00
0.11886 1.14410860e+00
0.11927 1.14262015e+00
0.11968 1.14110795e+00
0.12010 1.13957201e+00
0.12051 1.13801183e+00
0.12093 1.13642840e+00
0.12135 1.13482074e+00
0.12177 1.13318933e+00
0.12219 1.13153417e+00
0.12262 1.12985527e+00
0.12304 1.12815263e+00
0.12347 1.12642674e+00
0.12389 1.12799928e+00
0.12432 1.13681968e+00
0.12475 1.14516026e+00
0.12518 1.15078313e+00
0.12562 1.15322481e+00
0.12605 1.15562493e+00
0.12649 1.15660734e+00
0.12693 1.15629323e+00
0.12737 1.15597615e+00
0.12781 1.15594795e+00
0.12825 1.15613098e+00
0.12869 1.15631499e+00
0.12914 1.15639859e+00
0.12959 1.15641788e+00
0.13003 1.15643767e+00
0.13048 1.15625613e+00
0.13094 1.15594498e+00
0.13139 1.15563186e+00
0.13184 1.15541470e+00
0.13230 1.15526778e+00
0.13276 1.15511938e+00
0.13322 1.15491360e+00
0.13368 1.15465440e+00
0.13414 1.15439321e+00
0.13461 1.15412263e+00
0.13507 1.15363439e+00
0.13554 1.15314269e+00
0.13601 1.15264654e+00
0.13648 1.15183727e+00
0.13695 1.15098545e+00
0.13743 1.15012424e+00
0.13790 1.14912452e+00
0.13838 1.14806643e+00
0.13886 1.14699547e+00
0.13934 1.14551939e+00
0.13982 1.14367379e+00
0.14031 1.14179900e+00
0.14079 1.13971744e+00
0.14128 1.13717288e+00
0.14177 1.13457934e+00
0.14226 1.13193633e+00
0.14275 1.12921517e+00
0.14324 1.12644455e+00
0.14374 1.12362445e+00
0.14424 1.11993077e+00
0.14474 1.11581465e+00
0.14524 1.11160949e+00
0.14574 1.10611968e+00
0.14625 1.09828663e+00
0.14675 1.09019686e+00
0.14726 1.08185628e+00
0.14777 1.07629326e+00
0.14828 1.07072084e+00
0.14879 1.06504454e+00
0.14931 1.05644773e+00
0.14983 1.04516685e+00
0.15034 1.03356791e+00
0.15087 1.02171421e+00
0.15139 1.01027851e+00
0.15191 9.98592999e-01
0.15244 9.86675489e-01
0.15297 9.74128269e-01
0.15349 9.61021087e-01
0.15403 9.47686852e-01
0.15456 9.34141395e-01
0.15509 9.18849764e-01
0.15563 9.02061272e-01
0.15617 8.85048696e-01
0.15671 8.67832812e-01
0.15725 8.49661232e-01
0.15780 8.31296237e-01
0.15834 8.12870399e-01
0.15889 7.94432193e-01
0.15944 7.76044444e-01
0.15999 7.57609701e-01
0.16055 7.39190788e-01
0.16110 7.22589775e-01
0.16166 7.07296165e-01
0.16222 6.92094069e-01
0.16278 6.76848937e-01
0.16335 6.51388939e-01
0.16391 6.24419712e-01
0.16448 5.97851165e-01
0.16505 5.72835377e-01
0.16562 5.64702068e-01
0.16619 5.56600417e-01
0.16677 5.48569504e-01
0.16734 5.33523228e-01
0.16792 4.92557853e-01
0.16851 4.53552743e-01
0.16909 4.16439437e-01
0.16967 3.87689658e-01
0.17026 3.74901436e-01
0.17085 3.62512806e-01
0.17144 3.50861675e-01
0.17204 3.39957193e-01
0.17263 3.31144410e-01
0.17323 3.22284979e-01
0.17383 3.13162831e-01
0.17443 2.96336299e-01
0.17503 2.66150008e-01
0.17564 2.38733553e-01
0.17625 2.13598105e-01
0.17686 1.95174493e-01
0.17747 1.87974323e-01
0.17808 1.80429617e-01
0.17870 1.73071352e-01
0.17932 1.65117112e-01
0.17994 1.43655157e-01
0.18056 1.25288827e-01
0.18119 1.08567808e-01
0.18182 9.59157183e-02
0.18244 8.62286115e-02
0.18308 8.19543452e-02
0.18371 8.01705772e-02
0.18435 7.64587964e-02
0.18498 7.27851544e-02
0.18562 6.30062869e-02
0.18627 5.66931531e-02
0.18691 4.97471921e-02
0.18756 4.34111305e-02
0.18821 3.94087281e-02
0.18886 3.46801599e-02
0.18951 3.04990839e-02
0.19017 2.73671019e-02
0.19083 2.65725188e-02
0.19149 2.52041769e-02
0.19215 2.53996889e-02
0.19282 2.46549781e-02
0.19348 2.51171551e-02
0.19415 2.52650110e-02
0.19483 2.49220882e-02
0.19550 2.54898617e-02
0.19618 2.44787828e-02
0.19686 2.49020889e-02
0.19754 2.47375776e-02
0.19822 2.42607436e-02
0.19891 2.35465340e-02
0.19960 2.16477560e-02
0.20029 1.81309728e-02
0.20098 1.62843673e-02
0.20168 1.33181926e-02
0.20237 1.14450680e-02
0.20307 1.03408137e-02
0.20378 9.95999461e-03
0.20448 1.11555100e-02
0.20519 1.07787768e-02
0.20590 1.04553884e-02
0.20661 8.10117084e-03
0.20733 5.21984633e-03
0.20805 3.45149660e-03
0.20877 2.13965841e-03
0.20949 1.32065612e-03
0.21021 1.60904629e-03
0.21094 1.43797275e-03
0.21167 1.92847779e-03
0.21240 1.75708073e-03
0.21314 1.86502195e-03
0.21388 3.29926590e-04
0.21462 3.30624367e-04
0.21536 3.30556251e-04
0.21611 3.29910266e-04
0.21685 3.30029629e-04
0.21760 3.31028064e-04
0.21836 3.30339043e-04
0.21911 3.30574455e-04
0.21987 3.30632479e-04
0.22063 3.30896730e-04
0.22140 3.30548584e-04
0.22216 5.00089203e-04
0.22293 3.00029530e-03
0.22370 1.19928520e-02
0.22448 8.00194565e-02
0.22526 2.23421790e-01
0.22604 5.11418553e-02
0.22682 1.25047825e-02
0.22760 2.78368671e-03
0.22839 4.35238502e-04
0.22918 3.36173636e-04
0.22998 3.35154128e-04
0.23077 3.34653724e-04
0.23157 3.38142509e-04
0.23237 3.35679118e-04
0.23318 3.36580203e-04
0.23398 3.40029068e-04
0.23479 3.37600651e-04
0.23561 3.35706671e-04
0.23642 3.37929901e-04
0.23724 3.35831772e-04
0.23806 3.35544470e-04
0.23889 3.33236207e-04
0.23971 3.32898152e-04
0.24054 3.33246100e-04
0.24137 3.31386401e-04
0.24221 3.29732582e-04
0.24305 3.29572161e-04
0.24389 3.30359225e-04
0.24473 3.31681420e-04
0.24558 3.33445352e-04
0.24643 3.32721951e-04
0.24728 3.31419989e-04
0.24814 3.29295346e-04
0.24900 3.32277098e-04
0.24986 3.32266660e-04
0.25073 3.32289712e-04
0.25159 3.29363857e-04
0.25246 3.31160388e-04
0.25334 3.32425052e-04
0.25422 3.31490479e-04
0.25510 3.30153691e-04
0.25598 3.31063334e-04
0.25687 3.29314143e-04
0.25775 3.29676338e-04
0.25865 3.30563078e-04
0.25954 3.28662766e-04
0.26044 3.29100101e-04
0.26134 3.28457826e-04
0.26225 3.31007733e-04
0.26315 3.31232065e-04
0.26406 3.31943395e-04
0.26498 3.28575111e-04
0.26590 3.28185907e-04
0.26682 3.31298845e-04
0.26774 1.75997800e-03
0.26867 9.05854871e-03
0.26960 1.62220690e-02
0.27053 1.38255623e-02
0.27147 1.84587785e-02
0.27241 1.82253354e-02
0.27335 2.54971828e-02
0.27430 2.55640963e-02
0.27525 2.54832282e-02
0.27620 2.51962770e-02
0.27715 2.77321313e-02
0.27811 3.35341706e-02
0.27908 3.88764222e-02
0.28004 3.40971804e-02
0.28101 3.39426564e-02
0.28198 3.86776453e-02
0.28296 4.13583429e-02
0.28394 4.01246888e-02
0.28492 4.01208057e-02
0.28591 3.98979880e-02
0.28690 4.57033861e-02
0.28789 4.72552940e-02
0.28889 5.22277476e-02
0.28989 4.50260391e-02
0.29089 5.01372368e-02
0.29190 5.63662279e-02
0.29291 5.08056304e-02
0.29392 5.68068275e-02
0.29494 5.46195599e-02
0.29596 5.82105431e-02
0.29699 5.78905432e-02
0.29801 5.79458469e-02
0.29905 6.66566796e-02
0.30008 5.87998395e-02
0.30112 6.20676569e-02
0.30216 6.97340999e-02
0.30321 6.36690413e-02
0.30426 7.00725508e-02
0.30531 6.46258751e-02
0.30637 7.13202980e-02
0.30743 7.18898077e-02
0.30849 6.82422347e-02
0.30956 7.09075976e-02
0.31063 7.29644711e-02
0.31171 7.86037700e-02
0.31279 7.73205057e-02
0.31387 7.28696929e-02
0.31496 7.77054553e-02
0.31605 8.10959996e-02
0.31714 8.07423129e-02
0.31824 8.12799167e-02
0.31934 7.65690576e-02
0.32044 7.99899744e-02
0.32155 8.51254553e-02
0.32267 8.74240724e-02
0.32378 8.90666625e-02
0.32490 8.53012599e-02
0.32603 8.29691539e-02
0.32716 8.44555777e-02
0.32829 8.48136175e-02
0.32943 9.12624384e-02
0.33057 1.05037569e-01
0.33171 9.71889408e-02
0.33286 8.83149671e-02
0.33401 8.72749304e-02
0.33517 9.15085845e-02
0.33633 1.00527100e-01
0.33749 1.04942346e-01
0.33866 1.01159729e-01
0.33983 9.80804785e-02
0.34101 1.03458742e-01
0.34219 1.00193991e-01
0.34337 9.76500691e-02
0.34456 1.12595730e-01
0.34576 1.08195225e-01
0.34695 1.09783748e-01
0.34815 1.06595324e-01
0.34936 1.01226509e-01
0.35057 1.07394310e-01
0.35178 1.12672354e-01
0.35300 1.09207956e-01
0.35422 1.13655405e-01
0.35545 1.09340032e-01
0.35668 1.07644760e-01
0.35791 1.14139782e-01
0.35915 1.18318034e-01
0.36039 1.16556674e-01
0.36164 1.06391818e-01
0.36289 1.17269687e-01
0.36415 1.18342322e-01
0.36541 1.16467239e-01
0.36668 1.18830459e-01
0.36795 1.18850444e-01
0.36922 1.19533430e-01
0.37050 1.27377310e-01
0.37178 1.17402356e-01
0.37307 1.20435108e-01
0.37436 1.19124242e-01
0.37565 1.27113455e-01
0.37695 1.32046765e-01
0.37826 1.27231284e-01
0.37957 1.18823929e-01
0.38088 1.19346396e-01
0.38220 1.31887730e-01
0.38352 1.36173472e-01
0.38485 1.26056550e-01
0.38618 1.29994838e-01
0.38752 1.27106084e-01
0.38886 1.31874967e-01
0.39021 1.33673130e-01
0.39156 1.28436688e-01
0.39291 1.25691783e-01
0.39427 1.36108918e-01
0.39564 1.34265098e-01
0.39701 1.36900979e-01
0.39838 1.33291792e-01
0.39976 1.29176017e-01
0.40115 1.31458755e-01
0.40253 1.32416133e-01
0.40393 1.32122993e-01
0.40533 1.39045903e-01
0.40673 1.44394338e-01
0.40814 1.38431972e-01
0.40955 1.33366734e-01
0.41097 1.30411595e-01
0.41239 1.32111715e-01
0.41382 1.37082620e-01
0.41525 1.42150035e-01
0.41669 1.36674273e-01
0.41813 1.35972539e-01
0.41958 1.40881759e-01
0.42103 1.42839254e-01
0.42249 1.48953532e-01
0.42395 1.38285749e-01
0.42542 1.31102348e-01
0.42689 1.34259459e-01
0.42837 1.39005934e-01
0.42985 1.45566351e-01
0.43134 1.47462260e-01
0.43283 1.43574972e-01
0.43433 1.40912973e-01
0.43583 1.36349920e-01
0.43734 1.40388230e-01
0.43886 1.46944740e-01
0.44037 1.46361182e-01
0.44190 1.42266974e-01
0.44343 1.42137520e-01
0.44496 1.45900400e-01
0.44650 1.43946516e-01
0.44805 1.47407847e-01
0.44960 1.49051575e-01
0.45116 1.40932463e-01
0.45272 1.41035403e-01
0.45429 1.41968839e-01
0.45586 1.44175745e-01
0.45744 1.48145593e-01
0.45902 1.47111987e-01
0.46061 1.46562462e-01
0.46220 1.48976979e-01
0.46380 1.44968052e-01
0.46541 1.47451526e-01
0.46702 1.44871097e-01
0.46864 1.44707017e-01
0.47026 1.49085014e-01
0.47189 1.45246698e-01
0.47352 1.43926284e-01
0.47516 1.47483036e-01
0.47680 1.48521243e-01
0.47845 1.49479907e-01
0.48011 1.48371507e-01
0.48177 1.43953243e-01
0.48344 1.45984394e-01
0.48511 1.49783236e-01
0.48679 1.49650319e-01
0.48848 1.47108079e-01
0.49017 1.46540894e-01
0.49186 1.50099774e-01
0.49357 1.55813866e-01
0.49528 1.51943644e-01
0.49699 1.45923550e-01
0.49871 1.47740609e-01
0.50044 1.50333701e-01
0.50217 1.46438597e-01
0.50391 1.51626958e-01
0.50565 1.45671715e-01
0.50740 1.50078206e-01
0.50916 1.52875843e-01
0.51092 1.55467105e-01
0.51269 1.55095956e-01
0.51446 1.51000314e-01
0.51625 1.54046867e-01
0.51803 1.56046162e-01
0.51983 1.51617312e-01
0.52163 1.54971053e-01
0.52343 1.50118818e-01
0.52524 1.50091809e-01
0.52706 1.48931816e-01
0.52889 1.52904979e-01
0.53072 1.52457503e-01
0.53255 1.57218571e-01
0.53440 1.54792924e-01
0.53625 1.53748781e-01
0.53810 1.50705740e-01
0.53997 1.53143903e-01
0.54183 1.56959217e-01
0.54371 1.61779892e-01
0.54559 1.56059320e-01
0.54748 1.53415969e-01
0.54938 1.49623410e-01
0.55128 1.48635066e-01
0.55319 1.57145014e-01
0.55510 1.60786701e-01
0.55702 1.63253900e-01
0.55895 1.51176168e-01
0.56089 1.54091931e-01
0.56283 1.58482840e-01
0.56478 1.54980798e-01
0.56673 1.57819047e-01
0.56869 1.60624945e-01
0.57066 1.59622602e-01
0.57264 1.52316573e-01
0.57462 1.57870987e-01
0.57661 1.63480210e-01
0.57860 1.58265830e-01
0.58061 1.57494793e-01
0.58262 1.60717596e-01
0.58463 1.63612187e-01
0.58666 1.63040402e-01
0.58869 1.63041540e-01
0.59073 1.56421317e-01
0.59277 1.61274491e-01
0.59482 1.56877202e-01
0.59688 1.67920981e-01
0.59895 1.67963819e-01
0.60102 1.58614125e-01
0.60310 1.61414828e-01
0.60519 1.54078526e-01
0.60728 1.60054149e-01
0.60939 1.71857489e-01
0.61150 1.77403395e-01
0.61361 1.59149206e-01
0.61574 1.64936905e-01
0.61787 1.65066903e-01
0.62001 1.66622827e-01
0.62215 1.73697847e-01
0.62431 1.66049261e-01
0.62647 1.66341065e-01
0.62864 1.69218591e-01
0.63081 1.66778351e-01
0.63300 1.67767486e-01
0.63519 1.73295337e-01
0.63739 1.68100100e-01
0.63959 1.59680082e-01
0.64181 1.64335983e-01
0.64403 1.68380527e-01
0.64626 1.72884565e-01
0.64849 1.86598506e-01
0.65074 1.82614016e-01
0.65299 1.68438600e-01
0.65525 1.62099645e-01
0.65752 1.60946775e-01
0.65980 1.74709242e-01
0.66208 1.88565697e-01
0.66437 1.83189313e-01
0.66667 1.68741732e-01
0.66898 1.65043011e-01
0.67130 1.64659495e-01
0.67362 1.80955448e-01
0.67595 1.87577303e-01
0.67829 1.75658112e-01
0.68064 1.65801087e-01
0.68299 1.69707272e-01
0.68536 1.75108884e-01
0.68773 1.84589319e-01
0.69011 1.94422698e-01
0.69250 1.82691481e-01
0.69490 1.68335314e-01
0.69730 1.65210356e-01
0.69972 1.68633054e-01
0.70214 1.83252284e-01
0.70457 1.98882019e-01
0.70701 2.04030906e-01
0.70946 1.85114407e-01
0.71191 1.65351287e-01
0.71438 1.62654018e-01
0.71685 1.66670365e-01
0.71933 1.75736170e-01
0.72182 1.89139065e-01
0.72432 2.02959557e-01
0.72683 1.99476312e-01
0.72934 1.80609775e-01
0.73187 1.73807861e-01
0.73440 1.74154919e-01
0.73694 1.79001811e-01
0.73949 1.82631576e-01
0.74205 1.87815683e-01
0.74462 2.00527973e-01
0.74720 1.98005470e-01
0.74979 1.83262821e-01
0.75238 1.74494656e-01
0.75499 1.80378122e-01
0.75760 1.86378429e-01
0.76022 1.84914562e-01
0.76285 1.85699400e-01
0.76549 1.90214421e-01
0.76814 1.91271227e-01
0.77080 1.87559099e-01
0.77347 1.84046570e-01
0.77615 1.88243471e-01
0.77884 1.83118180e-01
0.78153 1.80298976e-01
0.78424 1.84496123e-01
0.78695 1.90403185e-01
0.78968 1.93963648e-01
0.79241 1.96830686e-01
0.79515 1.92125615e-01
0.79790 1.92549396e-01
0.80067 1.88318809e-01
0.80344 1.80765298e-01
0.80622 1.81889181e-01
0.80901 1.88786912e-01
0.81181 1.97246256e-01
0.81462 1.96240697e-01
0.81744 1.87490044e-01
0.82027 1.87946176e-01
0.82311 1.87671587e-01
0.82596 1.82569149e-01
0.82882 1.80207413e-01
0.83169 1.84317697e-01
0.83457 1.92226576e-01
0.83745 1.92024010e-01
0.84035 1.89678004e-01
0.84326 1.88333005e-01
0.84618 1.83388021e-01
0.84911 1.79007747e-01
0.85205 1.82425548e-01
0.85500 1.92936423e-01
0.85796 2.01114005e-01
0.86093 1.95914415e-01
0.86391 1.88877386e-01
0.86690 1.86108737e-01
0.86990 1.83565754e-01
0.87291 1.82915119e-01
0.87593 1.86665583e-01
0.87897 1.93471257e-01
0.88201 1.94519900e-01
0.88506 1.87939795e-01
0.88813 1.82465814e-01
0.89120 1.80093689e-01
0.89428 1.80346315e-01
0.89738 1.84123837e-01
0.90049 1.89805678e-01
0.90360 1.92379972e-01
0.90673 1.88565301e-01
0.90987 1.83209495e-01
0.91302 1.80676159e-01
0.91618 1.79829537e-01
0.91935 1.79319585e-01
0.92253 1.81081044e-01
0.92573 1.84985398e-01
0.92893 1.86448919e-01
0.93215 1.84743556e-01
0.93537 1.82660663e-01
0.93861 1.80499266e-01
0.94186 1.79248056e-01
0.94512 1.80963461e-01
0.94839 1.85375047e-01
0.95168 1.89392532e-01
0.95497 1.90183356e-01
0.95828 1.88140729e-01
0.96159 1.84094207e-01
0.96492 1.80168532e-01
0.96826 1.78913365e-01
0.97161 1.80544973e-01
0.97498 1.83142715e-01
0.97835 1.84455412e-01
0.98174 1.83692933e-01
0.98514 1.81034050e-01
0.98855 1.77621296e-01
0.99197 1.75083656e-01
0.99540 1.74338094e-01
0.99885 1.75536473e-01
1.00231 1.77839196e-01
1.00578 1.79562516e-01
1.00926 1.78916086e-01
1.01275 1.75867059e-01
1.01626 1.72702973e-01
1.01978 1.71440089e-01
1.02330 1.72417551e-01
1.02685 1.74680255e-01
1.03040 1.76538025e-01
1.03397 1.76553508e-01
1.03755 1.74976758e-01
1.04114 1.73235433e-01
1.04474 1.72679576e-01
1.04836 1.73652140e-01
1.05199 1.75464994e-01
1.05563 1.76882412e-01
1.05928 1.77010432e-01
1.06295 1.75932652e-01
1.06663 1.74410266e-01
1.07032 1.73244584e-01
1.07403 1.72823919e-01
1.07775 1.72940314e-01
1.08148 1.72928146e-01
1.08522 1.72202371e-01
1.08898 1.70799348e-01
1.09275 1.69265980e-01
1.09653 1.68154118e-01
1.10032 1.67654702e-01
1.10413 1.67505214e-01
1.10796 1.67213014e-01
1.11179 1.66485508e-01
1.11564 1.65471441e-01
1.11950 1.64530833e-01
1.12338 1.63856008e-01
1.12726 1.63396414e-01
1.13117 1.63035604e-01
1.13508 1.62704672e-01
1.13901 1.62363302e-01
1.14295 1.61986267e-01
1.14691 1.61560458e-01
1.15088 1.61077812e-01
1.15487 1.60588290e-01
1.15886 1.60227480e-01
1.16287 1.60115487e-01
1.16690 1.60242765e-01
1.17094 1.60471845e-01
1.17499 1.60630238e-01
1.17906 1.60628308e-01
1.18314 1.60528831e-01
1.18724 1.60490000e-01
1.19135 1.60618366e-01
1.19547 1.60873317e-01
1.19961 1.61086765e-01
1.20376 1.61065594e-01
1.20793 1.60712303e-01
1.21211 1.60084917e-01
1.21630 1.59344846e-01
1.22052 1.58639204e-01
1.22474 1.58015331e-01
1.22898 1.57416190e-01
1.23323 1.56743592e-01
1.23750 1.55942974e-01
1.24179 1.55044659e-01
1.24609 1.54132544e-01
1.25040 1.53280134e-01
1.25473 1.52513450e-01
1.25907 1.51817108e-01
1.26343 1.51157420e-01
1.26780 1.50501740e-01
1.27219 1.49831170e-01
1.27659 1.49149568e-01
1.28101 1.48483994e-01
1.28545 1.47869915e-01
1.28990 1.47326623e-01
1.29436 1.46840811e-01
1.29884 1.46374785e-01
1.30334 1.45894959e-01
1.30785 1.45397967e-01
1.31238 1.44911759e-01
1.31692 1.44472396e-01
1.32148 1.44096252e-01
1.32605 1.43771701e-01
1.33064 1.43474010e-01
1.33525 1.43189231e-01
1.33987 1.42926612e-01
1.34451 1.42711185e-01
1.34916 1.42563923e-01
1.35383 1.42487299e-01
1.35852 1.42464890e-01
1.36322 1.42472855e-01
1.36794 1.42491751e-01
1.37268 1.42510746e-01
1.37743 1.42522420e-01
1.38220 1.42515693e-01
1.38698 1.42473349e-01
1.39178 1.42376147e-01
1.39660 1.42209741e-01
1.40144 1.41969432e-01
1.40629 1.41659474e-01
1.41115 1.41288870e-01
1.41604 1.40866672e-01
1.42094 1.40399311e-01
1.42586 1.39891288e-01
1.43080 1.39346907e-01
1.43575 1.38771610e-01
1.44072 1.38171678e-01
1.44571 1.37553741e-01
1.45071 1.36923437e-01
1.45573 1.36285317e-01
1.46077 1.35642646e-01
1.46583 1.34997402e-01
1.47090 1.34351219e-01
1.47599 1.33705927e-01
1.48110 1.33064146e-01
1.48623 1.32428747e-01
1.49137 1.31802004e-01
1.49654 1.31185155e-01
1.50172 1.30578644e-01
1.50692 1.29983263e-01
1.51213 1.29400447e-01
1.51737 1.28832223e-01
1.52262 1.28280522e-01
1.52789 1.27746776e-01
1.53318 1.27231977e-01
1.53849 1.26737359e-01
1.54381 1.26264557e-01
1.54916 1.25651418e-01
1.55452 1.24481581e-01
1.55990 1.23349882e-01
1.56530 1.22257708e-01
1.57072 1.21206145e-01
1.57615 1.20196036e-01
1.58161 1.19228122e-01
1.58709 1.18302452e-01
1.59258 1.17418186e-01
1.59809 1.16573246e-01
1.60362 1.15764218e-01
1.60918 1.14986602e-01
1.61475 1.14234610e-01
1.62034 1.13501662e-01
1.62594 1.12780636e-01
1.63157 1.12063914e-01
1.63722 1.11344322e-01
1.64289 1.10615085e-01
1.64857 1.09870710e-01
1.65428 1.09106846e-01
1.66001 1.08320524e-01
1.66575 1.07510012e-01
1.67152 1.06674916e-01
1.67731 1.05815532e-01
1.68311 1.04933096e-01
1.68894 1.04029191e-01
1.69478 1.03105847e-01
1.70065 1.02165139e-01
1.70654 1.01209146e-01
1.71245 1.00240094e-01
1.71837 9.92599617e-02
1.72432 9.82705789e-02
1.73029 9.72737761e-02
1.73628 9.62710868e-02
1.74229 9.52640444e-02
1.74832 9.42540835e-02
1.75437 9.32424901e-02
1.76045 9.22306495e-02
1.76654 9.12197487e-02
1.77266 9.02110244e-02
1.77879 8.92057133e-02
1.78495 8.82051511e-02
1.79113 8.72105743e-02
1.79733 8.62233185e-02
1.80355 8.52447195e-02
1.80979 8.42762116e-02
1.81606 8.33192789e-02
1.82234 8.23752571e-02
1.82865 8.14456795e-02
1.83498 8.05320796e-02
1.84133 7.96358920e-02
1.84771 7.87586007e-02
1.85410 7.79015907e-02
1.86052 7.70662965e-02
1.86696 7.62539549e-02
1.87342 7.54658025e-02
1.87991 7.47028781e-02
1.88642 7.39661216e-02
1.89295 7.32563244e-02
1.89950 7.25739812e-02
1.90607 7.19194877e-02
1.91267 7.12928935e-02
1.91929 7.06940005e-02
1.92594 7.01223637e-02
1.93260 6.95771916e-02
1.93929 6.90572969e-02
1.94601 6.85612452e-02
1.95274 6.80872556e-02
1.95950 6.76332505e-02
1.96629 6.71968556e-02
1.97309 6.67754985e-02
1.97992 6.63663597e-02
1.98678 6.59665207e-02
1.99365 6.55730133e-02
2.00055 6.51829687e-02
2.00748 6.47933692e-02
2.01443 6.44015437e-02
2.02140 6.40049695e-02
2.02840 6.36013215e-02
2.03542 6.31886211e-02
2.04247 6.27650875e-02
2.04954 6.23294345e-02
2.05663 6.18804256e-02
2.06375 6.14173681e-02
2.07090 6.09396685e-02
2.07806 6.04471784e-02
2.08526 5.99398483e-02
2.09247 5.94179255e-02
2.09972 5.88818552e-02
2.10699 5.83321816e-02
2.11428 5.77696961e-02
2.12160 5.71952892e-02
2.12894 5.66099501e-02
2.13631 5.60147177e-02
2.14371 5.54107792e-02
2.15113 5.47993712e-02
2.15857 5.41816809e-02
2.16605 5.35590440e-02
2.17354 5.29327960e-02
2.18107 5.23041736e-02
2.18862 5.16744629e-02
2.19619 5.10450491e-02
2.20380 5.04170697e-02
2.21143 4.97918111e-02
2.21908 4.91704454e-02
2.22676 4.85541056e-02
2.23447 4.79438700e-02
2.24220 4.73407724e-02
2.24997 4.67457774e-02
2.25775 4.61597903e-02
2.26557 4.55836422e-02
2.27341 4.50181095e-02
2.28128 4.44638900e-02
2.28918 4.39216166e-02
2.29710 4.33918533e-02
2.30505 4.28750998e-02
2.31303 4.23717715e-02
2.32104 4.18822296e-02
2.32908 4.14067659e-02
2.33714 4.09455980e-02
2.34523 4.04988893e-02
2.35335 4.00667287e-02
2.36149 3.96491410e-02
2.36967 3.92461014e-02
2.37787 3.88575012e-02
2.38610 3.84831968e-02
2.39436 3.81229558e-02
2.40265 3.77765160e-02
2.41097 3.74435312e-02
2.41931 3.71236154e-02
2.42769 3.68163186e-02
2.43609 3.65211411e-02
2.44452 3.62375239e-02
2.45298 3.59648686e-02
2.46148 3.57025123e-02
2.47000 3.54497623e-02
2.47855 3.52058768e-02
2.48713 3.49700841e-02
2.49574 3.47415678e-02
2.50438 3.45195021e-02
2.51304 3.43030310e-02
2.52174 3.40912790e-02
2.53047 3.38833756e-02
2.53923 3.36784550e-02
2.54802 3.34756466e-02
2.55684 3.32741095e-02
2.56569 3.30730275e-02
2.57457 3.28716141e-02
2.58349 3.26691272e-02
2.59243 3.24648793e-02
2.60140 3.22582274e-02
2.61041 3.20486025e-02
2.61944 3.18354902e-02
2.62851 3.16184552e-02
2.63761 3.13971216e-02
2.64674 3.11711974e-02
2.65590 3.09404601e-02
2.66510 3.07047614e-02
2.67432 3.04640120e-02
2.68358 3.02182122e-02
2.69287 2.99674013e-02
2.70219 2.97116933e-02
2.71154 2.94512562e-02
2.72093 2.91863078e-02
2.73035 2.89171003e-02
2.73980 2.86439306e-02
2.74928 2.83671398e-02
2.75880 2.80870744e-02
2.76835 2.78041201e-02
2.77793 2.75186727e-02
2.78755 2.72311378e-02
2.79720 2.69419310e-02
2.80688 2.66514676e-02
2.81660 2.63601733e-02
2.82635 2.60684486e-02
2.83613 2.57766991e-02
2.84595 2.54853256e-02
2.85580 2.51947040e-02
2.86569 2.49052053e-02
2.87561 2.46171708e-02
2.88556 2.43309418e-02
2.89555 2.40468300e-02
2.90557 2.37651272e-02
2.91563 2.34861105e-02
2.92572 2.32100370e-02
2.93585 2.29371393e-02
2.94601 2.26676400e-02
2.95621 2.24017269e-02
2.96644 2.21395783e-02
2.97671 2.18813525e-02
2.98702 2.16271927e-02
2.99736 2.13772179e-02
3.00773 2.11315367e-02
3.01814 2.08902334e-02
3.02859 2.06533771e-02
3.03907 2.04210371e-02
3.04960 2.01932480e-02
3.06015 1.99700495e-02
3.07074 1.97514464e-02
3.08137 1.95374585e-02
3.09204 1.93280711e-02
3.10274 1.88057674e-02
3.11348 1.81233451e-02
3.12426 1.74691484e-02
3.13508 1.68419308e-02
3.14593 1.62404854e-02
3.15682 1.56636546e-02
3.16775 1.51103057e-02
3.17871 1.45428290e-02
3.18972 1.39401321e-02
3.20076 1.33640878e-02
3.21184 1.28134447e-02
3.22295 1.22870105e-02
3.23411 1.17836476e-02
3.24531 1.13022627e-02
3.25654 1.08418220e-02
3.26781 1.02569183e-02
3.27912 9.69439324e-03
3.29047 9.16368021e-03
3.30187 8.66289452e-03
3.31330 8.19027020e-03
3.32476 7.74415012e-03
3.33627 7.32297608e-03
3.34782 6.85604537e-03
3.35941 6.26253936e-03
3.37104 5.72077053e-03
3.38271 5.22617312e-03
3.39442 4.77458549e-03
3.40617 4.36222295e-03
3.41796 3.98563717e-03
3.42979 3.64168703e-03
3.44166 1.50239863e-03
3.45358 2.25715609e-04
3.46553 1.69469931e-04
3.47753 1.68459772e-04
3.48957 1.67437494e-04
3.50164 1.66401662e-04
3.51377 1.65351584e-04
3.52593 1.64286665e-04
3.53814 1.63206462e-04
3.55038 1.62110528e-04
3.56267 1.60998566e-04
3.57500 1.59870380e-04
3.58738 1.58725771e-04
3.59980 1.57564640e-04
3.61226 1.56386987e-04
3.62476 1.55192961e-04
3.63731 1.53934726e-04
3.64990 1.52072653e-04
3.66254 1.50195788e-04
3.67521 1.48305370e-04
3.68794 1.46402783e-04
3.70070 1.44489462e-04
3.71351 1.42566891e-04
3.72637 1.40636652e-04
3.73927 1.38700329e-04
3.75221 1.37087864e-04
3.76520 1.35756518e-04
3.77823 1.34417109e-04
3.79131 1.33070478e-04
3.80443 1.31717367e-04
3.81760 1.30358715e-04
3.83082 1.28995414e-04
3.84408 1.27628304e-04
3.85739 1.26258275e-04
3.87074 1.24886168e-04
3.88414 1.23512924e-04
3.89758 1.22139433e-04
3.91107 1.20766436e-04
3.92461 1.19394923e-04
3.93820 1.18025587e-04
3.95183 1.16659318e-04
3.96551 1.15296857e-04
3.97924 1.13938948e-04
3.99301 1.12586381e-04
4.00683 1.11239849e-04
4.02070 1.09900044e-04
4.03462 1.08567560e-04
4.04859 1.07243090e-04
4.06260 1.05927129e-04
4.07667 1.04620318e-04
4.09078 1.03323154e-04
4.10494 1.02036179e-04
4.11915 1.00759742e-04
4.13341 9.94593124e-05
4.14771 9.77863497e-05
4.16207 9.61380215e-05
4.17648 9.45146739e-05
4.19094 9.29165543e-05
4.20545 9.13438111e-05
4.22000 8.97965927e-05
4.23461 8.82749980e-05
4.24927 8.67790271e-05
4.26398 8.53086799e-05
4.27874 8.39898491e-05
4.29355 8.29180548e-05
4.30841 8.18598144e-05
4.32332 8.08152268e-05
4.33829 7.97842425e-05
4.35331 7.87669605e-05
4.36838 7.77633313e-05
4.38350 7.67733055e-05
4.39867 7.57969324e-05
4.41390 7.48341132e-05
4.42918 7.38847984e-05
4.44451 7.29488891e-05
4.45990 7.20263852e-05
4.47533 7.11171384e-05
4.49083 7.02210992e-05
4.50637 6.93380697e-05
4.52197 6.84680500e-05
4.53762 6.76108421e-05
4.55333 6.67662977e-05
4.56909 6.59343673e-05
4.58491 6.51148036e-05
4.60078 6.41080085e-05
4.61670 6.30877585e-05
4.63269 6.20872457e-05
4.64872 6.11060744e-05
4.66481 6.01438488e-05
4.68096 5.92001732e-05
4.69717 5.82747013e-05
4.71343 5.73669880e-05
4.72974 5.64766869e-05
4.74611 5.56034519e-05
4.76254 5.47543565e-05
4.77903 5.41033257e-05
4.79557 5.34620399e-05
4.81217 5.28303011e-05
4.82883 5.22079609e-05
4.84555 5.15948216e-05
4.86232 5.09907841e-05
4.87915 5.03956507e-05
4.89604 4.98093223e-05
4.91299 4.92315269e-05
4.92999 4.86621952e-05
4.94706 4.81011492e-05
4.96418 4.73078523e-05
4.98137 4.64712968e-05
4.99861 4.56524552e-05
5.01591 4.48508479e-05
5.03328 4.40660098e-05
5.05070 4.32975253e-05
5.06818 4.25451027e-05
5.08573 4.18088705e-05
5.10333 5.91089567e-05
5.12100 2.24934480e-04
5.13873 8.57608547e-04
5.15651 2.85470402e-03
5.17436 3.00094975e-03
5.19228 3.15485242e-03
5.21025 3.31681915e-03
5.22828 3.48727831e-03
5.24638 3.66668303e-03
5.26454 3.85550917e-03
5.28277 4.05425832e-03
5.30105 4.26345928e-03
5.31940 4.48366905e-03
5.33782 4.71547431e-03
5.35629 4.95949337e-03
5.37484 5.21637872e-03
5.39344 5.36031188e-03
5.41211 5.49711195e-03
5.43084 5.63765169e-03
5.44965 5.78203995e-03
5.46851 5.93038059e-03
5.48744 6.08277749e-03
5.50643 6.23935433e-03
5.52550 6.40021993e-03
5.54462 6.56550291e-03
5.56381 6.73531703e-03
5.58308 6.90979091e-03
5.60240 7.08905811e-03
5.62179 7.25879803e-03
5.64125 7.37270987e-03
5.66078 7.48867457e-03
5.68038 7.60673172e-03
5.70004 7.72692088e-03
5.71977 7.84927668e-03
5.73957 7.97383869e-03
5.75944 8.10064649e-03
5.77938 8.22973965e-03
5.79938 8.36115280e-03
5.81946 8.49493540e-03
5.83960 8.63112208e-03
5.85982 8.76975736e-03
5.88010 8.91088576e-03
5.90045 9.00931948e-03
5.92088 9.10349412e-03
5.94137 9.19899447e-03
5.96194 9.29583536e-03
5.98258 9.39403164e-03
6.00329 9.49359320e-03
6.02407 9.59454477e-03
6.04492 9.69689131e-03
6.06585 9.80064764e-03
6.08684 9.90583851e-03
6.10791 1.00124689e-02
6.12906 1.01205585e-02
6.15027 1.02301271e-02
6.17156 1.03411897e-02
6.19293 1.04190453e-02
6.21436 1.04954861e-02
6.23588 1.05727036e-02
6.25746 1.06507026e-02
6.27912 1.07294882e-02
6.30086 1.08090603e-02
6.32267 1.08894288e-02
6.34455 1.09705986e-02
6.36652 1.10525748e-02
6.38856 1.11353572e-02
6.41067 1.12189609e-02
6.43286 1.13033856e-02
6.45513 1.13886414e-02
6.47747 1.14747283e-02
6.49990 1.15501006e-02
6.52240 1.15969851e-02
6.54497 1.16442208e-02
6.56763 1.16918127e-02
6.59037 1.17397608e-02
6.61318 1.17880650e-02
6.63607 1.18367253e-02
6.65904 1.18857418e-02
6.68209 1.19351145e-02
6.70522 1.19848434e-02
6.72843 1.20349284e-02
6.75172 1.20853695e-02
6.77510 1.21361668e-02
6.79855 1.21873253e-02
6.82208 1.22388349e-02
6.84570 1.22907057e-02
6.86939 1.23429375e-02
6.89317 1.23955255e-02
6.91704 1.24419401e-02
6.94098 1.24875830e-02
6.96500 1.25335326e-02
6.98911 1.25797889e-02
7.01331 1.26263518e-02
7.03759 1.26732165e-02
7.06195 1.27203929e-02
7.08639 1.27678710e-02
7.11092 1.28156509e-02
7.13554 1.28637424e-02
7.16024 1.29121405e-02
7.18502 1.29608405e-02
7.20990 1.30098521e-02
7.23485 1.30591654e-02
7.25990 1.31087903e-02
7.28503 1.31587170e-02
7.31025 1.32005164e-02
7.33555 1.32315666e-02
7.36094 1.32627999e-02
7.38642 1.32942161e-02
7.41199 1.33258154e-02
7.43765 1.33575978e-02
7.46340 1.33895582e-02
7.48923 1.34217066e-02
7.51516 1.34540330e-02
7.54117 1.34865425e-02
7.56727 1.35192301e-02
7.59347 1.35520958e-02
7.61975 1.35851444e-02
7.64613 1.36183761e-02
7.67260 1.36517810e-02
7.69916 1.36853689e-02
7.72581 1.37191348e-02
7.75255 1.37527425e-02
7.77939 1.37722422e-02
7.80632 1.37918607e-02
7.83334 1.38115979e-02
7.86046 1.38314489e-02
7.88767 1.38514186e-02
7.91497 1.38715020e-02
7.94237 1.38917042e-02
7.96986 1.39120152e-02
7.99745 1.39324450e-02
8.02513 1.39529885e-02
8.05291 1.39736457e-02
8.08079 1.39944119e-02
8.10876 1.40152917e-02
8.13683 1.40362854e-02
8.16500 1.40573928e-02
8.19326 1.40786091e-02
8.22162 1.40999391e-02
8.25008 1.41213779e-02
8.27864 1.50618481e-02
8.30730 1.71262751e-02
8.33605 1.94736614e-02
8.36491 2.21426849e-02
8.39386 2.51772620e-02
8.42292 2.86272603e-02
8.45208 3.25492695e-02
8.48133 3.70074874e-02
8.51069 4.20747192e-02
8.54016 4.78334950e-02
8.56972 5.43772721e-02
8.59938 6.18119637e-02
8.62915 7.02572593e-02
8.65902 7.98484503e-02
8.68899 9.07384875e-02
8.71907 1.03099663e-01
8.74925 1.17126233e-01
8.77954 1.33036643e-01
8.80993 1.51076147e-01
8.84043 1.71519483e-01
8.87103 1.85577069e-01
8.90174 1.96717061e-01
8.93255 2.08513674e-01
8.96347 2.21003909e-01
8.99450 2.34226596e-01
9.02563 2.48222546e-01
9.05688 2.63034548e-01
9.08823 2.78707369e-01
9.11969 2.95288002e-01
9.15126 3.12825370e-01
9.18294 3.31370819e-01
9.21472 3.50977773e-01
9.24662 3.71702031e-01
9.27863 3.93601716e-01
9.31075 4.16737276e-01
9.34298 4.41171583e-01
9.37532 4.66970082e-01
9.40777 4.94200740e-01
9.44034 5.22934393e-01
9.47302 5.53244599e-01
9.50581 5.85208475e-01
9.53871 6.11343199e-01
9.57173 6.29170985e-01
9.60487 6.47504321e-01
9.63811 6.66357552e-01
9.67148 6.85745517e-01
9.70495 7.05683057e-01
9.73855 7.26185507e-01
9.77226 7.47269189e-01
9.80609 7.68950924e-01
9.84003 7.91247529e-01
9.87409 8.14176319e-01
9.90827 8.34724277e-01
9.94257 8.44363847e-01
9.97699 8.54076132e-01
10.01153 8.63857671e-01
10.04618 8.73704505e-01
10.08096 8.83613173e-01
10.11585 8.93579223e-01
10.15087 9.03598696e-01
10.18601 9.13668131e-01
10.22127 9.23782085e-01
10.25665 9.33936603e-01
10.29215 9.44127231e-01
10.32778 9.48632655e-01
10.36353 9.47784796e-01
10.39941 9.46857296e-01
10.43540 9.45849660e-01
10.47153 9.44761888e-01
10.50777 9.43592496e-01
10.54415 9.42340989e-01
10.58065 9.41006873e-01
10.61727 9.28738151e-01
10.65403 9.16140969e-01
10.69091 9.03639753e-01
10.72791 8.91235492e-01
10.76505 8.78928680e-01
10.80231 8.66720307e-01
10.83971 8.54610867e-01
10.87723 8.42601349e-01
10.91488 8.30691755e-01
10.95266 8.18883567e-01
10.99058 8.07177280e-01
11.02862 7.95572895e-01
11.06680 7.84071400e-01
11.10511 7.72672796e-01
11.14355 7.61377577e-01
11.18212 7.50186733e-01
11.22083 7.39100264e-01
11.25967 7.21077579e-01
11.29865 6.86451901e-01
11.33776 6.53389371e-01
11.37701 6.21830132e-01
11.41639 5.91713836e-01
11.45591 5.62983596e-01
11.49556 5.35582525e-01
11.53536 5.09456211e-01
11.57529 4.84550684e-01
11.61536 4.60814599e-01
11.65556 4.38197845e-01
11.69591 4.16651946e-01
11.73640 3.96130204e-01
11.77702 3.76587359e-01
11.81779 3.57980027e-01
11.85870 3.40266212e-01
11.89975 3.23405647e-01
11.94094 3.07359550e-01
11.98227 2.92090674e-01
12.02375 2.77563304e-01
12.06537 2.63743059e-01
12.10714 2.50597144e-01
12.14905 2.38093999e-01
12.19110 2.26203449e-01
12.23330 2.14896605e-01
12.27565 2.04145817e-01
12.31814 1.93924668e-01
12.36078 1.84207881e-01
12.40357 1.79170146e-01
12.44651 1.76627213e-01
12.48959 1.74122617e-01
12.53283 1.71655665e-01
12.57621 1.69225665e-01
12.61974 1.66831874e-01
12.66343 1.64473699e-01
12.70726 1.62150398e-01
12.75125 1.59861476e-01
12.79539 1.57606192e-01
12.83968 1.55384050e-01
12.88413 1.53194408e-01
12.92873 1.51036771e-01
12.97348 1.48910545e-01
13.01839 1.46815187e-01
13.06345 1.44750250e-01
13.10867 1.42715142e-01
13.15405 1.40709417e-01
13.19959 1.38732630e-01
13.24528 1.36784237e-01
13.29113 1.34863793e-01
13.33713 1.32970901e-01
13.38330 1.31105068e-01
13.42963 1.29265947e-01
13.47612 1.27452994e-01
13.52277 1.25665961e-01
13.56958 1.23904305e-01
13.61655 1.22167728e-01
13.66368 1.20455785e-01
13.71098 1.18768181e-01
13.75844 1.17390435e-01
13.80607 1.19905419e-01
13.85386 1.22474817e-01
13.90182 1.25099765e-01
13.94994 1.27781551e-01
13.99823 1.30521312e-01
14.04668 1.33320285e-01
14.09531 1.36179804e-01
14.14410 1.39101157e-01
14.19306 1.42085629e-01
14.24219 1.45134606e-01
14.29149 1.48249473e-01
14.34096 1.51431614e-01
14.39060 1.54682514e-01
14.44042 1.58003607e-01
14.49041 1.61396427e-01
14.54057 1.64862507e-01
14.59090 1.68403430e-01
14.64141 1.72020779e-01
14.69209 1.75716136e-01
14.74295 1.79491284e-01
14.79398 1.83347854e-01
14.84519 1.87287626e-01
14.89658 1.91312333e-01
14.94814 1.95423805e-01
14.99989 1.99623871e-01
15.05181 2.03914461e-01
15.10392 2.08297455e-01
15.15620 2.12774832e-01
15.20866 2.17348619e-01
15.26131 2.22020795e-01
15.31414 2.26793487e-01
15.36715 2.31668773e-01
15.42034 2.36648781e-01
15.47372 2.41735834e-01
15.52729 2.46145837e-01
15.58103 2.50531502e-01
15.63497 2.54994483e-01
15.68909 2.59536117e-01
15.74340 2.64157788e-01
15.79790 2.68860930e-01
15.85258 2.73647028e-01
15.90746 2.78517516e-01
15.96252 2.83473977e-01
16.01778 2.88517895e-01
16.07323 2.93650952e-01
16.12886 2.98874632e-01
16.18470 3.04190666e-01
16.24072 3.09600737e-01
16.29694 3.15106525e-01
16.35335 3.20709812e-01
16.40996 3.26412379e-01
16.46677 3.32216006e-01
16.52377 3.38122673e-01
16.58097 3.44134208e-01
16.63836 3.50252641e-01
16.69596 3.56479901e-01
16.75375 3.62818015e-01
16.81175 3.69269161e-01
16.86994 3.75835466e-01
16.92834 3.82519055e-01
16.98694 3.89322206e-01
17.04574 3.96247243e-01
17.10474 4.03296490e-01
17.16395 4.10472322e-01
17.22337 4.17777312e-01
17.28299 4.25213834e-01
17.34281 4.32784559e-01
17.40285 4.40492158e-01
17.46309 4.48339303e-01
17.52354 4.56328763e-01
17.58420 4.64463408e-01
17.64507 4.72746107e-01
17.70615 4.76353266e-01
17.76744 4.77111985e-01
17.82894 4.77868825e-01
17.89066 4.78623687e-01
17.95259 4.79376569e-01
18.01473 4.80127375e-01
18.07709 4.80876201e-01
18.13967 4.81622851e-01
18.20246 4.82367423e-01
18.26547 4.83109868e-01
18.32870 4.83850087e-01
18.39214 4.84588081e-01
18.45581 4.85323848e-01
18.51969 4.86057340e-01
18.58380 4.86788457e-01
18.64813 4.87517249e-01
18.71268 4.88243667e-01
18.77746 4.88967661e-01
18.84246 4.89689182e-01
18.90768 4.90408180e-01
18.97313 4.91124705e-01
19.03881 4.91838657e-01
19.10472 4.92549988e-01
19.17085 4.93258697e-01
19.23721 4.93964735e-01
19.30380 4.94668151e-01
19.37062 4.95368599e-01
19.43768 4.96066573e-01
19.50496 4.96761580e-01
19.57248 4.97453619e-01
19.64023 4.98142689e-01
19.70822 4.98829287e-01
19.77644 4.99512421e-01
19.84490 5.00193083e-01
19.91359 5.00870281e-01
19.98252 5.01544512e-01
20.05169 5.02215280e-01
20.12110 5.02883575e-01
20.19076 5.03547912e-01
20.26065 5.04209776e-01
20.33078 5.04867683e-01
20.40116 5.05522621e-01
20.47178 5.06174097e-01
20.54264 5.06822111e-01
20.61375 5.07466661e-01
20.68511 5.05764513e-01
20.75671 5.03895663e-01
20.82856 5.02029285e-01
20.90066 5.00165876e-01
20.97301 4.98304940e-01
21.04561 4.96446972e-01
21.11846 4.94592021e-01
21.19157 4.92739792e-01
21.26492 4.90890431e-01
21.33853 4.89043989e-01
21.41240 4.87200564e-01
21.48652 4.85360057e-01
21.56090 4.83522519e-01
21.63553 4.81688048e-01
21.71043 4.79856594e-01
21.78558 4.78028207e-01
21.86099 4.76202937e-01
21.93666 4.74380782e-01
22.01260 4.72561745e-01
22.08880 4.70745873e-01
22.16526 4.68933216e-01
22.24199 4.67123726e-01
22.31898 4.65317450e-01
22.39624 4.63514440e-01
22.47377 4.61714694e-01
22.55156 4.59918263e-01
22.62962 4.58125145e-01
22.70796 4.56335342e-01
22.78656 4.54548854e-01
22.86544 4.52765778e-01
22.94459 4.50986116e-01
23.02402 4.49209817e-01
23.10372 4.47436982e-01
23.18369 4.45667608e-01
23.26394 4.43901698e-01
23.34447 4.42139250e-01
23.42528 4.40380314e-01
23.50637 4.38624891e-01
23.58774 4.36873029e-01
23.66939 4.35124728e-01
23.75133 4.33379989e-01
23.83354 4.31638862e-01
23.91604 4.29901345e-01
23.99883 4.28167439e-01
24.08191 4.26437194e-01
24.16527 4.24710610e-01
24.24892 4.22987686e-01
24.33286 4.21268422e-01
24.41709 4.19552918e-01
24.50161 4.17841075e-01
24.58642 4.16132991e-01
24.67153 4.14428666e-01
24.75693 4.12714547e-01
24.84263 4.10758982e-01
24.92863 4.08811133e-01
25.01492 4.06871001e-01
25.10151 4.04938536e-01
25.18840 4.03013788e-01
25.27559 4.01096658e-01
25.36309 3.99187145e-01
25.45088 3.97285301e-01
25.53898 3.95391024e-01
25.62739 3.93504316e-01
25.71610 3.91625226e-01
25.80512 3.89753654e-01
25.89444 3.87889602e-01
25.98408 3.86033068e-01
26.07403 3.84184004e-01
26.16428 3.82342410e-01
26.25485 3.80508285e-01
26.34574 3.78681580e-01
26.43694 3.76862295e-01
26.52845 3.75050430e-01
26.62028 3.73245935e-01
26.71243 3.71448762e-01
26.80489 3.69658959e-01
26.89768 3.67876477e-01
26.99079 3.66101267e-01
27.08422 3.64333377e-01
27.17798 3.62572710e-01
27.27205 3.60819315e-01
27.36646 3.59073092e-01
27.46119 3.57334091e-01
27.55625 3.55602313e-01
27.65164 3.53877657e-01
27.74736 3.52160125e-01
27.84341 3.50449716e-01
27.93979 3.48746431e-01
28.03650 3.47050219e-01
28.13355 3.45361080e-01
28.23094 3.43678966e-01
28.32867 3.42003877e-01
28.42673 3.40335762e-01
28.52513 3.38674671e-01
28.62387 3.37020506e-01
28.72295 3.35373266e-01
28.82238 3.33733001e-01
28.92215 3.32099562e-01
29.02227 3.30473048e-01
29.12273 3.28853361e-01
29.22354 3.27240501e-01
29.32470 3.25634466e-01
29.42621 3.24035258e-01
29.52807 3.22442778e-01
29.63029 3.20857075e-01
29.73286 3.19278049e-01
29.83578 3.17705801e-01
29.93906 3.16140230e-01
30.04269 3.14581288e-01
30.14669 3.13029024e-01
30.25104 3.11483339e-01
30.35576 3.09944332e-01
30.46084 3.08411855e-01
30.56628 3.06885957e-01
30.67209 3.05366588e-01
30.77826 3.03853749e-01
30.88481 3.02347439e-01
30.99172 3.00805069e-01
31.09900 2.99170591e-01
31.20665 2.97544622e-01
31.31467 2.95927062e-01
31.42307 2.94317862e-01
31.53184 2.92717021e-01
31.64099 2.91124442e-01
31.75052 2.89540173e-01
31.86043 2.87964066e-01
31.97072 2.86396171e-01
32.08139 2.84836388e-01
32.19244 2.83284668e-01
32.30388 2.81741061e-01
32.41570 2.80205467e-01
32.52791 2.78677837e-01
32.64051 2.77158172e-01
32.75349 2.75646421e-01
32.86687 2.74142486e-01
32.98064 2.72646416e-01
33.09481 2.71158112e-01
33.20937 2.69677575e-01
33.32433 2.68204755e-01
33.43968 2.66739651e-01
33.55544 2.65282115e-01
33.67159 2.63832247e-01
33.78815 2.62389898e-01
33.90511 2.60955068e-01
34.02247 2.59527757e-01
34.14024 2.58107915e-01
34.25842 2.56695444e-01
34.37701 2.55290393e-01
34.49601 2.53892663e-01
34.61542 2.52502254e-01
34.73525 2.51119116e-01
34.85549 2.49743250e-01
34.97614 2.48374557e-01
35.09721 2.47013037e-01
35.21871 2.45658639e-01
35.34062 2.44311316e-01
35.46295 2.42971115e-01
35.58571 2.41637890e-01
35.70889 2.40311688e-01
35.83250 2.38992412e-01
35.95654 2.37680062e-01
36.08101 2.36374636e-01
36.20590 2.35076037e-01
36.33123 2.33784265e-01
36.45700 2.32499269e-01
36.58320 2.31221051e-01
36.70983 2.29949510e-01
36.83691 2.28684697e-01
36.96442 2.27426512e-01
37.09238 2.26174956e-01
37.22077 2.24929979e-01
37.34962 2.23691581e-01
37.47890 2.22459663e-01
37.60864 2.21234275e-01
37.73883 2.20015317e-01
37.86946 2.18802790e-01
38.00055 2.17596645e-01
38.13209 2.16396880e-01
38.26409 2.15203398e-01
38.39654 2.14016247e-01
38.52946 2.12835379e-01
38.66283 2.11660694e-01
38.79667 2.10492242e-01
38.93096 2.09329973e-01
39.06573 2.08173789e-01
39.20096 2.07023738e-01
39.33665 2.05879772e-01
39.47282 2.04741890e-01
39.60946 2.03609994e-01
39.74657 2.02484083e-01
39.88416 2.01364108e-01
40.02222 2.00250070e-01
40.16076 1.99141917e-01
40.29978 1.98039652e-01
40.43928 1.96943223e-01
40.57926 1.95852631e-01
40.71973 1.94767778e-01
40.86069 1.93688663e-01
41.00213 1.92615285e-01
41.14406 1.91547597e-01
41.28648 1.90485597e-01
41.42940 1.89303294e-01
41.57281 1.88086365e-01
41.71672 1.86877201e-01
41.86113 1.85675805e-01
42.00603 1.84482075e-01
42.15144 1.83295963e-01
42.29735 1.82117469e-01
42.44377 1.80946494e-01
42.59069 1.79782989e-01
42.73812 1.78626903e-01
42.88606 1.77478238e-01
43.03451 1.76336943e-01
43.18348 1.75202920e-01
43.33297 1.74076119e-01
43.48297 1.72956539e-01
43.63349 1.71844133e-01
43.78453 1.70738850e-01
43.93609 1.69640591e-01
44.08818 1.68549406e-01
44.24079 1.67465146e-01
44.39394 1.66387861e-01
44.54761 1.65317402e-01
44.70182 1.64253819e-01
44.85655 1.63197063e-01
45.01183 1.62147034e-01
45.16764 1.61103733e-01
45.32399 1.60067060e-01
45.48089 1.59037065e-01
45.63832 1.58013599e-01
45.79630 1.56996713e-01
45.95483 1.55986356e-01
46.11391 1.54982381e-01
46.27353 1.53984886e-01
46.43371 1.52993722e-01
46.59445 1.52008940e-01
46.75574 1.51030439e-01
46.91759 1.50058172e-01
47.08000 1.49092138e-01
47.24297 1.48132286e-01
47.40650 1.47178520e-01
47.57060 1.46230887e-01
47.73527 1.45289338e-01
47.90051 1.44353775e-01
48.06633 1.43424197e-01
48.23271 1.42500556e-01
48.39967 1.41582801e-01
48.56721 1.40670932e-01
48.73533 1.39764901e-01
48.90403 1.38864607e-01
49.07332 1.37970151e-01
49.24319 1.37081334e-01
49.41365 1.36198255e-01
49.58470 1.35320766e-01
49.75634 1.34448916e-01
49.92858 1.33582656e-01
50.10141 1.32721936e-01
50.27484 1.31866657e-01
50.44887 1.31016919e-01
50.62350 1.30172572e-01
50.79874 1.29333617e-01
50.97458 1.28500005e-01
51.15104 1.27671785e-01
51.32810 1.26848808e-01
51.50578 1.26031074e-01
51.68407 1.25218634e-01
51.86298 1.24411338e-01
52.04250 1.23609186e-01
52.22265 1.22812179e-01
52.40343 1.22020268e-01
52.58482 1.21233451e-01
52.76685 1.20451630e-01
52.94951 1.19674806e-01
53.13280 1.18902928e-01
53.31672 1.18136046e-01
53.50128 1.17374012e-01
53.68648 1.16616826e-01
53.87232 1.15864537e-01
54.05880 1.15117046e-01
54.24593 1.14374304e-01
54.43371 1.13636311e-01
54.62214 1.12903066e-01
54.81122 1.12174472e-01
55.00095 1.11450577e-01
55.19134 1.10731282e-01
55.38239 1.10016587e-01
55.57410 1.09306444e-01
55.76647 1.08600851e-01
55.95951 1.07899760e-01
56.15322 1.07203171e-01
56.34760 1.06511033e-01
56.54265 1.05823298e-01
56.73838 1.05139965e-01
56.93479 1.04460986e-01
57.13187 1.03786409e-01
57.32964 1.03116086e-01
57.52809 1.02450067e-01
57.72723 1.01788302e-01
57.92705 1.01130742e-01
58.12757 1.00477435e-01
58.32879 9.98282843e-02
58.53070 9.91832389e-02
58.73331 9.85423983e-02
58.93662 9.79056139e-02
59.14063 9.72728857e-02
59.34535 9.66442139e-02
59.55078 9.60195488e-02
59.75692 9.53988905e-02
59.96377 9.47821896e-02
60.17134 9.41694460e-02
60.37963 9.35606103e-02
60.58864 9.29556824e-02
60.79837 9.23546129e-02
61.00883 9.17574019e-02
61.22002 9.11639997e-02
61.43194 9.05743571e-02
61.64459 8.99885233e-02
61.85797 8.94064491e-02
62.07210 8.88280848e-02
62.28697 8.82533811e-02
62.50258 8.76823873e-02
62.71894 8.71150541e-02
62.93605 8.65513320e-02
63.15390 8.59912209e-02
63.37252 8.54346715e-02
63.59189 8.48816836e-02
63.81201 8.43322573e-02
64.03290 8.37863432e-02
64.25456 8.32438917e-02
64.47698 8.27049524e-02
64.70017 8.21694263e-02
64.92414 8.16373133e-02
65.14888 8.11086631e-02
65.37440 8.05833271e-02
65.60070 8.00614043e-02
65.82778 7.95427957e-02
66.05565 7.90275015e-02
66.28430 7.85155215e-02
66.51375 7.80068063e-02
66.74400 7.75013559e-02
66.97504 7.69991208e-02
67.20688 7.65001011e-02
67.43952 7.60042967e-02
67.67297 7.55116581e-02
67.90722 7.50221360e-02
68.14229 7.45357797e-02
68.37817 7.40525399e-02
68.61486 7.35724164e-02
68.85238 7.30953104e-02
69.09072 7.26212713e-02
69.32988 7.21502992e-02
69.56987 7.16822951e-02
69.81069 7.12173084e-02
70.05235 7.07553392e-02
70.29484 7.02962885e-02
70.53817 6.98401564e-02
70.78235 6.93869923e-02
71.02737 6.89366972e-02
71.27323 6.84892712e-02
71.51995 6.80447637e-02
71.76752 6.76030264e-02
72.01595 6.71641581e-02
72.26524 6.67281095e-02
72.51539 6.62948804e-02
72.76641 6.58643720e-02
73.01830 6.54366337e-02
73.27106 6.50116656e-02
73.52469 6.45893687e-02
73.77920 6.41698419e-02
74.03460 6.37529368e-02
74.29087 6.33387524e-02
74.54804 6.29271897e-02
74.80609 6.25182488e-02
75.06504 6.21119791e-02
75.32488 6.17082816e-02
75.58563 6.13071564e-02
75.84727 6.09086529e-02
76.10982 6.05126723e-02
76.37328 6.01192144e-02
76.63766 5.97282793e-02
76.90295 5.93398671e-02
77.16915 5.89539776e-02
77.43628 5.85705120e-02
77.70433 5.81895197e-02
77.97331 5.78109513e-02
78.24322 5.74348563e-02
78.51407 5.70611356e-02
78.78585 5.66897893e-02
79.05857 5.63208669e-02
79.33224 5.59543189e-02
79.60686 5.55900959e-02
79.88242 5.52281977e-02
80.15894 5.48686245e-02
80.43642 5.45113763e-02
80.71486 5.41564035e-02
80.99426 5.38037061e-02
81.27463 5.34532843e-02
81.55596 5.31051379e-02
81.83828 5.27591680e-02
82.12157 5.24154736e-02
82.40584 5.20739557e-02
82.69109 5.17346144e-02
82.97733 5.13974496e-02
83.26457 5.10624613e-02
83.55279 5.07296496e-02
83.84202 5.03989649e-02
84.13225 5.00703579e-02
84.42348 4.97439273e-02
84.71572 4.94195348e-02
85.00897 4.90972447e-02
85.30323 4.87770271e-02
85.59852 4.84588674e-02
85.89482 4.81427457e-02
86.19215 4.78286571e-02
86.49052 4.75165868e-02
86.78991 4.72065198e-02
87.09034 4.68984464e-02
87.39181 4.65923466e-02
87.69432 4.62882206e-02
87.99789 4.59860436e-02
88.30250 4.56858106e-02
88.60816 4.53875019e-02
88.91489 4.50911125e-02
89.22267 4.47966324e-02
89.53153 4.45040421e-02
89.84145 4.42133314e-02
90.15244 4.39244906e-02
90.46451 4.36375048e-02
90.77766 4.33523641e-02
91.09190 4.30690586e-02
91.40722 4.27875735e-02
91.72363 4.25078988e-02
92.04114 4.22300198e-02
92.35975 4.19539315e-02
92.67946 4.16796191e-02
93.00028 4.14070726e-02
93.32221 4.11362722e-02
93.64525 4.08672230e-02
93.96941 4.05999002e-02
94.29469 4.03342939e-02
94.62110 4.00704041e-02
94.94864 3.98082060e-02
95.27731 3.95476997e-02
95.60712 3.92888654e-02
95.93807 3.90317030e-02
96.27017 3.87761928e-02
96.60342 3.85223299e-02
96.93782 3.82700994e-02
97.27338 3.80194913e-02
97.61010 3.77704959e-02
97.94798 3.75231082e-02
98.28704 3.72773133e-02
98.62727 3.70331013e-02
98.96867 3.67904623e-02
99.31126 3.65493816e-02
99.65504 3.63098590e-02
100.00000 3.60718799e-02
