        2000  4.000000 2.700000
0.10000 1.03891306e+00
0.10035 1.03917888e+00
0.10069 1.03944067e+00
0.10104 1.03969843e+00
0.10139 1.03995216e+00
0.10174 1.04020171e+00
0.10210 1.04044709e+00
0.10245 1.04068843e+00
0.10280 1.04092560e+00
0.10316 1.04117242e+00
0.10352 1.04147237e+00
0.10387 1.04176354e+00
0.10423 1.04204606e+00
0.10459 1.04231966e+00
0.10496 1.04258434e+00
0.10532 1.04284008e+00
0.10568 1.04308690e+00
0.10605 1.04332478e+00
0.10642 1.04355360e+00
0.10679 1.04377320e+00
0.10716 1.04398373e+00
0.10753 1.04418504e+00
0.10790 1.04437699e+00
0.10827 1.04455973e+00
0.10865 1.04473325e+00
0.10902 1.04489726e+00
0.10940 1.04505192e+00
0.10978 1.04519707e+00
0.11016 1.04533272e+00
0.11054 1.04545872e+00
0.11092 1.04557522e+00
0.11131 1.04568206e+00
0.11169 1.04577912e+00
0.11208 1.04586653e+00
0.11247 1.04594400e+00
0.11286 1.04601110e+00
0.11325 1.04605920e+00
0.11364 1.04608786e+00
0.11403 1.04609707e+00
0.11443 1.04608670e+00
0.11482 1.04605646e+00
0.11522 1.04600650e+00
0.11562 1.04593666e+00
0.11602 1.04584666e+00
0.11642 1.04573635e+00
0.11682 1.04560589e+00
0.11723 1.04545498e+00
0.11763 1.04528362e+00
0.11804 1.04509152e+00
0.11845 1.04487883e+00
0.11886 1.04464512e+00
0.11927 1.04439053e+00
0.11968 1.04411491e+00
0.12010 1.04381813e+00
0.12051 1.04350018e+00
0.12093 1.04316077e+00
0.12135 1.04279990e+00
0.12177 1.04241744e+00
0.12219 1.04201338e+00
0.12262 1.04158757e+00
0.12304 1.04114002e+00
0.12347 1.04067043e+00
0.12389 1.04101027e+00
0.12432 1.04301490e+00
0.12475 1.04468486e+00
0.12518 1.04581987e+00
0.12562 1.04650733e+00
0.12605 1.04708923e+00
0.12649 1.04729069e+00
0.12693 1.04719925e+00
0.12737 1.04709442e+00
0.12781 1.04700931e+00
0.12825 1.04694019e+00
0.12869 1.04686445e+00
0.12914 1.04672866e+00
0.12959 1.04654419e+00
0.13003 1.04634331e+00
0.13048 1.04620651e+00
0.13094 1.04611349e+00
0.13139 1.04601557e+00
0.13184 1.04567342e+00
0.13230 1.04511442e+00
0.13276 1.04449954e+00
0.13322 1.04364734e+00
0.13368 1.04252342e+00
0.13414 1.02525653e+00
0.13461 8.78688288e-01
0.13507 7.32662064e-01
0.13554 7.31776464e-01
0.13601 7.30836000e-01
0.13648 7.29685296e-01
0.13695 7.28444160e-01
0.13743 7.27128000e-01
0.13790 7.25936400e-01
0.13838 7.24762656e-01
0.13886 7.23538224e-01
0.13934 7.21683648e-01
0.13982 7.19185392e-01
0.14031 7.16523264e-01
0.14079 7.13553840e-01
0.14128 7.10042112e-01
0.14177 7.06308768e-01
0.14226 7.02347904e-01
0.14275 6.97833648e-01
0.14324 6.93066384e-01
0.14374 6.88049136e-01
0.14424 6.82881984e-01
0.14474 6.77521872e-01
0.14524 6.71935248e-01
0.14574 6.65881776e-01
0.14625 6.59139120e-01
0.14675 6.52136112e-01
0.14726 6.44881536e-01
0.14777 6.36694560e-01
0.14828 6.28210512e-01
0.14879 6.19464240e-01
0.14931 6.10796016e-01
0.14983 6.02195472e-01
0.15034 5.93404560e-01
0.15087 5.84394048e-01
0.15139 5.74633008e-01
0.15191 5.64702048e-01
0.15244 5.54618016e-01
0.15297 5.42496384e-01
0.15349 5.28669072e-01
0.15403 5.14679472e-01
0.15456 5.00549904e-01
0.15509 4.86622800e-01
0.15563 4.72827888e-01
0.15617 4.58321472e-01
0.15671 4.44094704e-01
0.15725 4.29561360e-01
0.15780 4.17005568e-01
0.15834 4.08396096e-01
0.15889 3.96602496e-01
0.15944 3.86611200e-01
0.15999 3.88001376e-01
0.16055 3.84834384e-01
0.16110 3.73440816e-01
0.16166 3.61827792e-01
0.16222 3.89224224e-01
0.16278 3.76499808e-01
0.16335 3.49578000e-01
0.16391 3.42564336e-01
0.16448 7.14313296e-02
0.16505 1.98026496e-04
0.16562 2.01645648e-04
0.16619 1.95338160e-04
0.16677 3.18994704e-01
0.16734 3.38085216e-01
0.16792 3.22598448e-01
0.16851 3.07743408e-01
0.16909 2.93510736e-01
0.16967 2.78812800e-01
0.17026 2.62569024e-01
0.17085 2.47241376e-01
0.17144 4.69787472e-02
0.17204 1.99027008e-04
0.17263 2.42746416e-02
0.17323 3.61962576e-02
0.17383 3.79283328e-02
0.17443 4.06449504e-02
0.17503 2.81877264e-02
0.17564 1.42584739e-02
0.17625 2.96024976e-02
0.17686 2.30273280e-02
0.17747 1.99718352e-02
0.17808 3.02506992e-02
0.17870 5.00550336e-02
0.17932 1.20444826e-01
0.17994 1.15423546e-01
0.18056 1.09850112e-01
0.18119 9.96618384e-02
0.18182 7.80384384e-02
0.18244 7.33407840e-02
0.18308 6.79001328e-02
0.18371 6.34380624e-02
0.18435 7.47825552e-02
0.18498 7.01761248e-02
0.18562 6.94299744e-02
0.18627 6.87862656e-02
0.18691 5.67700128e-02
0.18756 5.63261904e-02
0.18821 5.35087584e-02
0.18886 5.05677888e-02
0.18951 2.81214288e-02
0.19017 1.44715824e-02
0.19083 1.68796944e-02
0.19149 1.40227790e-02
0.19215 1.84030704e-02
0.19282 4.13889840e-02
0.19348 3.91307616e-02
0.19415 3.74107536e-02
0.19483 3.56527008e-02
0.19550 3.59191584e-02
0.19618 3.52627632e-02
0.19686 3.42219744e-02
0.19754 3.29428224e-02
0.19822 3.16550592e-02
0.19891 3.04687872e-02
0.19960 2.93246496e-02
0.20029 2.81414160e-02
0.20098 2.59211088e-02
0.20168 8.72155008e-03
0.20237 8.34171840e-03
0.20307 8.02841904e-03
0.20378 7.78838832e-03
0.20448 3.30420528e-03
0.20519 2.84532768e-03
0.20590 2.75627520e-03
0.20661 2.67590016e-03
0.20733 1.79397936e-02
0.20805 2.25707472e-02
0.20877 2.21111712e-02
0.20949 2.16679104e-02
0.21021 2.13067008e-02
0.21094 2.09712096e-02
0.21167 2.06402976e-02
0.21240 7.39714464e-03
0.21314 2.09233008e-03
0.21388 1.46051856e-02
0.21462 1.72887984e-02
0.21536 1.60278480e-02
0.21611 1.48570704e-02
0.21685 1.18903104e-02
0.21760 3.96080928e-03
0.21836 3.81537792e-03
0.21911 3.64308336e-03
0.21987 3.53185056e-03
0.22063 3.34142640e-03
0.22140 9.58278960e-02
0.22216 1.51596288e-01
0.22293 9.13419504e-02
0.22370 9.89752896e-02
0.22448 6.17302224e-01
0.22526 9.47719008e-01
0.22604 9.20404224e-01
0.22682 8.89642224e-01
0.22760 8.60897376e-01
0.22839 8.30456496e-01
0.22918 8.00732736e-01
0.22998 7.85709936e-01
0.23077 7.75572480e-01
0.23157 7.63789104e-01
0.23237 7.52732352e-01
0.23318 7.41142224e-01
0.23398 7.24469760e-01
0.23479 7.01511840e-01
0.23561 6.78469104e-01
0.23642 6.54928128e-01
0.23724 6.32361600e-01
0.23806 6.10280352e-01
0.23889 5.86749168e-01
0.23971 5.63030640e-01
0.24054 5.38887888e-01
0.24137 5.15439504e-01
0.24221 4.93035984e-01
0.24305 4.66869600e-01
0.24389 4.37823936e-01
0.24473 4.08876192e-01
0.24558 3.84167664e-01
0.24643 3.59072064e-01
0.24728 3.34633680e-01
0.24814 3.92768640e-01
0.24900 4.99144320e-01
0.24986 6.18951888e-01
0.25073 7.49089440e-01
0.25159 8.79992064e-01
0.25246 1.00071086e+00
0.25334 1.01484000e+00
0.25422 1.02138178e+00
0.25510 1.02779654e+00
0.25598 1.03521384e+00
0.25687 1.04126515e+00
0.25775 1.04814072e+00
0.25865 1.01529605e+00
0.25954 9.80266896e-01
0.26044 9.44069472e-01
0.26134 9.05441760e-01
0.26225 8.66408256e-01
0.26315 8.24989968e-01
0.26406 8.23885056e-01
0.26498 8.19281952e-01
0.26590 8.17661664e-01
0.26682 8.15479344e-01
0.26774 8.11504800e-01
0.26867 8.10350064e-01
0.26960 8.06722416e-01
0.27053 8.04430800e-01
0.27147 8.01254016e-01
0.27241 7.97410368e-01
0.27335 7.95074976e-01
0.27430 7.91451072e-01
0.27525 7.87898016e-01
0.27620 7.85418768e-01
0.27715 7.83557280e-01
0.27811 7.80597792e-01
0.27908 7.79169744e-01
0.28004 7.77529008e-01
0.28101 7.75652544e-01
0.28198 7.73428752e-01
0.28296 7.70568480e-01
0.28394 7.68344256e-01
0.28492 7.64916912e-01
0.28591 7.62297120e-01
0.28690 7.59397968e-01
0.28789 7.56792144e-01
0.28889 7.53182784e-01
0.28989 7.50702240e-01
0.29089 7.47200016e-01
0.29190 7.44410592e-01
0.29291 7.41852144e-01
0.29392 7.37726256e-01
0.29494 7.36318512e-01
0.29596 7.33216176e-01
0.29699 7.30260144e-01
0.29801 7.29422352e-01
0.29905 7.26093792e-01
0.30008 7.24002768e-01
0.30112 7.22043504e-01
0.30216 7.19938944e-01
0.30321 7.17841728e-01
0.30426 7.13833200e-01
0.30531 7.11569232e-01
0.30637 7.09192368e-01
0.30743 7.05136032e-01
0.30849 7.02667296e-01
0.30956 6.98626224e-01
0.31063 6.95976048e-01
0.31171 6.93623376e-01
0.31279 6.89344416e-01
0.31387 6.86976624e-01
0.31496 6.84576144e-01
0.31605 6.81402816e-01
0.31714 6.78404016e-01
0.31824 6.76066176e-01
0.31934 6.73385760e-01
0.32044 6.70088016e-01
0.32155 6.67099152e-01
0.32267 6.65549856e-01
0.32378 6.62146560e-01
0.32490 6.59648448e-01
0.32603 6.57261936e-01
0.32716 6.55825104e-01
0.32829 6.52996512e-01
0.32943 6.51080880e-01
0.33057 6.46960896e-01
0.33171 6.45952896e-01
0.33286 6.43260240e-01
0.33401 6.38990784e-01
0.33517 6.35779872e-01
0.33633 6.33365424e-01
0.33749 6.29854704e-01
0.33866 6.26547744e-01
0.33983 6.24392352e-01
0.34101 6.20070768e-01
0.34219 6.18881040e-01
0.34337 6.14993328e-01
0.34456 6.13734912e-01
0.34576 6.10579008e-01
0.34695 6.06636720e-01
0.34815 6.06851424e-01
0.34936 6.02279568e-01
0.35057 6.00255072e-01
0.35178 5.99062896e-01
0.35300 5.95463904e-01
0.35422 5.93113968e-01
0.35545 5.89857984e-01
0.35668 5.90356512e-01
0.35791 5.84478288e-01
0.35915 5.82397056e-01
0.36039 5.81157504e-01
0.36164 5.76524448e-01
0.36289 5.73943536e-01
0.36415 5.71334832e-01
0.36541 5.67638064e-01
0.36668 5.65564032e-01
0.36795 5.60250576e-01
0.36922 5.60551248e-01
0.37050 5.56951824e-01
0.37178 5.52979296e-01
0.37307 5.51577888e-01
0.37436 5.49011376e-01
0.37565 5.46404688e-01
0.37695 5.43886560e-01
0.37826 5.40630288e-01
0.37957 5.39484480e-01
0.38088 5.35599936e-01
0.38220 5.32430496e-01
0.38352 5.32502352e-01
0.38485 5.28601824e-01
0.38618 5.25363408e-01
0.38752 5.24914992e-01
0.38886 5.20903008e-01
0.39021 5.20439904e-01
0.39156 5.17603968e-01
0.39291 5.13336960e-01
0.39427 5.14946160e-01
0.39564 5.08370400e-01
0.39701 5.07497472e-01
0.39838 5.05196928e-01
0.39976 5.02616160e-01
0.40115 4.98434688e-01
0.40253 4.98137040e-01
0.40393 4.93069248e-01
0.40533 4.92142896e-01
0.40673 4.89431952e-01
0.40814 4.85985024e-01
0.40955 4.84213680e-01
0.41097 4.82167008e-01
0.41239 4.77374112e-01
0.41382 4.77634032e-01
0.41525 4.75258608e-01
0.41669 4.70424096e-01
0.41813 4.69787760e-01
0.41958 4.68713520e-01
0.42103 4.64340528e-01
0.42249 4.64568336e-01
0.42395 4.61289456e-01
0.42542 4.58697888e-01
0.42689 4.58115696e-01
0.42837 4.54840128e-01
0.42985 4.51814832e-01
0.43134 4.51110816e-01
0.43283 4.49032608e-01
0.43433 4.43726064e-01
0.43583 4.42525824e-01
0.43734 4.41283392e-01
0.43886 4.36749120e-01
0.44037 4.35330864e-01
0.44190 4.33166976e-01
0.44343 4.27757040e-01
0.44496 4.28970528e-01
0.44650 4.26454416e-01
0.44805 4.20374736e-01
0.44960 4.20807168e-01
0.45116 4.19699808e-01
0.45272 4.15525536e-01
0.45429 4.12566768e-01
0.45586 4.15103616e-01
0.45744 4.08635424e-01
0.45902 4.08146688e-01
0.46061 4.07186352e-01
0.46220 4.04291664e-01
0.46380 4.01366448e-01
0.46541 4.01002272e-01
0.46702 3.99649104e-01
0.46864 3.94252272e-01
0.47026 3.93786864e-01
0.47189 3.93102144e-01
0.47352 3.88282896e-01
0.47516 3.85175520e-01
0.47680 3.87533664e-01
0.47845 3.82207248e-01
0.48011 3.76461360e-01
0.48177 3.80814624e-01
0.48344 3.76472592e-01
0.48511 3.72309552e-01
0.48679 3.70722816e-01
0.48848 3.71793456e-01
0.49017 3.66187536e-01
0.49186 3.63871584e-01
0.49357 3.66418080e-01
0.49528 3.61949616e-01
0.49699 3.57922224e-01
0.49871 3.57448032e-01
0.50044 3.58610112e-01
0.50217 3.53124288e-01
0.50391 3.50150256e-01
0.50565 3.52269216e-01
0.50740 3.49085088e-01
0.50916 3.44914704e-01
0.51092 3.44515104e-01
0.51269 3.44215152e-01
0.51446 3.41418816e-01
0.51625 3.34290816e-01
0.51803 3.38829552e-01
0.51983 3.37402512e-01
0.52163 3.30510816e-01
0.52343 3.28945248e-01
0.52524 3.31367616e-01
0.52706 3.26236320e-01
0.52889 3.21943392e-01
0.53072 3.22221744e-01
0.53255 3.23042976e-01
0.53440 3.16696752e-01
0.53625 3.14132976e-01
0.53810 3.16000800e-01
0.53997 3.13823376e-01
0.54183 3.10626288e-01
0.54371 3.07300176e-01
0.54559 3.06570384e-01
0.54748 3.08501568e-01
0.54938 3.02518944e-01
0.55128 3.00249936e-01
0.55319 3.03379344e-01
0.55510 3.01067424e-01
0.55702 2.95525008e-01
0.55895 2.94558624e-01
0.56089 2.95096032e-01
0.56283 2.95293312e-01
0.56478 2.89086048e-01
0.56673 2.86995024e-01
0.56869 2.87345520e-01
0.57066 2.87505216e-01
0.57264 2.82309840e-01
0.57462 2.78632368e-01
0.57661 2.82444192e-01
0.57860 2.79696960e-01
0.58061 2.73306816e-01
0.58262 2.73653280e-01
0.58463 2.74839120e-01
0.58666 2.72388096e-01
0.58869 2.68601184e-01
0.59073 2.63990448e-01
0.59277 2.71370448e-01
0.59482 2.65415328e-01
0.59688 2.61979488e-01
0.59895 2.63375712e-01
0.60102 2.61170208e-01
0.60310 2.57326704e-01
0.60519 2.60347824e-01
0.60728 2.56964976e-01
0.60939 2.53190736e-01
0.61150 2.54059344e-01
0.61361 2.55916800e-01
0.61574 2.48489424e-01
0.61787 2.45694240e-01
0.62001 2.50929504e-01
0.62215 2.47009968e-01
0.62431 2.41239024e-01
0.62647 2.44017936e-01
0.62864 2.40590016e-01
0.63081 2.40090048e-01
0.63300 2.38822704e-01
0.63519 2.35621728e-01
0.63739 2.35042128e-01
0.63959 2.34345600e-01
0.64181 2.33745552e-01
0.64403 2.29041936e-01
0.64626 2.28378672e-01
0.64849 2.28943296e-01
0.65074 2.26432224e-01
0.65299 2.25529200e-01
0.65525 2.22866352e-01
0.65752 2.20333968e-01
0.65980 2.21101344e-01
0.66208 2.21816016e-01
0.66437 2.18705760e-01
0.66667 2.13657840e-01
0.66898 2.16824976e-01
0.67130 2.17286784e-01
0.67362 2.11512240e-01
0.67595 2.09189088e-01
0.67829 2.11611456e-01
0.68064 2.11732272e-01
0.68299 2.04249456e-01
0.68536 2.06686800e-01
0.68773 2.05798032e-01
0.69011 2.02965408e-01
0.69250 2.00625120e-01
0.69490 2.00897136e-01
0.69730 2.00738448e-01
0.69972 1.97511984e-01
0.70214 1.95296544e-01
0.70457 1.95577920e-01
0.70701 1.94795136e-01
0.70946 1.95499728e-01
0.71191 1.89317376e-01
0.71438 1.88437968e-01
0.71685 1.91702304e-01
0.71933 1.88044416e-01
0.72182 1.86393744e-01
0.72432 1.85401440e-01
0.72683 1.82653488e-01
0.72934 1.84895568e-01
0.73187 1.85187600e-01
0.73440 1.78832304e-01
0.73694 1.79697600e-01
0.73949 1.78144704e-01
0.74205 1.79716896e-01
0.74462 1.75254048e-01
0.74720 1.73445552e-01
0.74979 1.75871088e-01
0.75238 1.74817872e-01
0.75499 1.67725152e-01
0.75760 1.69154208e-01
0.76022 1.77412752e-01
0.76285 1.66860576e-01
0.76549 1.63650528e-01
0.76814 1.65130128e-01
0.77080 1.70365680e-01
0.77347 1.63892016e-01
0.77615 1.63499472e-01
0.77884 1.61095392e-01
0.78153 1.62496512e-01
0.78424 1.59631056e-01
0.78695 1.58421744e-01
0.78968 1.59886224e-01
0.79241 1.57219200e-01
0.79515 1.51775568e-01
0.79790 1.54912896e-01
0.80067 1.57411872e-01
0.80344 1.51124832e-01
0.80622 1.48430160e-01
0.80901 1.50332400e-01
0.81181 1.52260848e-01
0.81462 1.48636224e-01
0.81744 1.41732907e-01
0.82027 1.47504816e-01
0.82311 1.47647232e-01
0.82596 1.45176624e-01
0.82882 1.40236675e-01
0.83169 1.41588648e-01
0.83457 1.40314234e-01
0.83745 1.39335091e-01
0.84035 1.44031248e-01
0.84326 1.38545222e-01
0.84618 1.33290562e-01
0.84911 1.34838518e-01
0.85205 1.37093054e-01
0.85500 1.38284338e-01
0.85796 1.30454669e-01
0.86093 1.30933872e-01
0.86391 1.32620098e-01
0.86690 1.33538098e-01
0.86990 1.30241045e-01
0.87291 1.27232093e-01
0.87593 1.25570621e-01
0.87897 1.27404749e-01
0.88201 1.27032192e-01
0.88506 1.28446589e-01
0.88813 1.21680792e-01
0.89120 1.23380078e-01
0.89428 1.22153299e-01
0.89738 1.20751546e-01
0.90049 1.22845594e-01
0.90360 1.23263035e-01
0.90673 1.18310472e-01
0.90987 1.17438566e-01
0.91302 1.16965786e-01
0.91618 1.18676966e-01
0.91935 1.18818058e-01
0.92253 1.15230125e-01
0.92573 1.11341966e-01
0.92893 1.11217694e-01
0.93215 1.19461565e-01
0.93537 1.09892434e-01
0.93861 1.09080475e-01
0.94186 1.13908723e-01
0.94512 1.09067558e-01
0.94839 1.07881819e-01
0.95168 1.12430232e-01
0.95497 1.05614582e-01
0.95828 1.07576050e-01
0.96159 1.04875416e-01
0.96492 1.05399446e-01
0.96826 1.02736915e-01
0.97161 1.03916016e-01
0.97498 1.04353661e-01
0.97835 1.06775582e-01
0.98174 9.59723280e-02
0.98514 9.71389152e-02
0.98855 1.00161806e-01
0.99197 1.03953125e-01
0.99540 9.76535856e-02
0.99885 9.55284192e-02
1.00231 9.57288384e-02
1.00578 9.51008832e-02
1.00926 9.51391728e-02
1.01275 9.54620496e-02
1.01626 9.61277904e-02
1.01978 9.19310544e-02
1.02330 9.29063808e-02
1.02685 9.19715472e-02
1.03040 8.93411280e-02
1.03397 9.40914432e-02
1.03755 8.81851536e-02
1.04114 9.21340656e-02
1.04474 8.51780448e-02
1.04836 8.52208272e-02
1.05199 8.82541152e-02
1.05563 8.63434224e-02
1.05928 8.58467232e-02
1.06295 8.29133712e-02
1.06663 8.17941456e-02
1.07032 8.11571616e-02
1.07403 7.96164192e-02
1.07775 8.16504048e-02
1.08148 8.62207920e-02
1.08522 8.26422624e-02
1.08898 7.65423360e-02
1.09275 7.19572896e-02
1.09653 7.84991520e-02
1.10032 7.94730384e-02
1.10413 7.79776992e-02
1.10796 7.41078864e-02
1.11179 7.12981872e-02
1.11564 7.31838384e-02
1.11950 7.39811088e-02
1.12338 7.16836608e-02
1.12726 8.33542560e-02
1.13117 7.14786768e-02
1.13508 6.94248480e-02
1.13901 6.96542256e-02
1.14295 7.10517312e-02
1.14691 7.11100800e-02
1.15088 7.48163808e-02
1.15487 7.33003344e-02
1.15886 6.93525168e-02
1.16287 6.51990384e-02
1.16690 6.76794384e-02
1.17094 7.15754448e-02
1.17499 6.90567696e-02
1.17906 6.89865552e-02
1.18314 6.76766160e-02
1.18724 6.67498608e-02
1.19135 5.87219904e-02
1.19547 6.00806160e-02
1.19961 7.21993392e-02
1.20376 6.21111168e-02
1.20793 6.20774928e-02
1.21211 5.74895808e-02
1.21630 6.31034496e-02
1.22052 6.26851296e-02
1.22474 5.92318512e-02
1.22898 5.70504384e-02
1.23323 6.39821664e-02
1.23750 5.92706736e-02
1.24179 5.63765904e-02
1.24609 5.54242176e-02
1.25040 5.55161184e-02
1.25473 6.52358016e-02
1.25907 5.24187936e-02
1.26343 5.52105072e-02
1.26780 5.26765824e-02
1.27219 5.55065136e-02
1.27659 5.36984352e-02
1.28101 5.63305248e-02
1.28545 5.23518624e-02
1.28990 5.35789296e-02
1.29436 5.29614720e-02
1.29884 5.19575616e-02
1.30334 4.96039392e-02
1.30785 4.89198240e-02
1.31238 5.57180064e-02
1.31692 5.63799600e-02
1.32148 4.59193392e-02
1.32605 4.62859920e-02
1.33064 4.65802128e-02
1.33525 5.16959136e-02
1.33987 4.66062480e-02
1.34451 4.76755344e-02
1.34916 4.85150976e-02
1.35383 4.97332944e-02
1.35852 4.65119424e-02
1.36322 4.09600512e-02
1.36794 4.23447984e-02
1.37268 4.57945776e-02
1.37743 5.60361744e-02
1.38220 4.82516496e-02
1.38698 4.17716352e-02
1.39178 4.10070384e-02
1.39660 3.90306672e-02
1.40144 4.40207712e-02
1.40629 4.59157248e-02
1.41115 5.08363776e-02
1.41604 4.03081344e-02
1.42094 3.92047920e-02
1.42586 4.08677472e-02
1.43080 4.12728336e-02
1.43575 3.73894128e-02
1.44072 4.50944640e-02
1.44571 4.45789008e-02
1.45071 3.71401056e-02
1.45573 3.49914528e-02
1.46077 3.63890304e-02
1.46583 3.94857216e-02
1.47090 4.38496272e-02
1.47599 4.24450800e-02
1.48110 4.27721904e-02
1.48623 3.31708320e-02
1.49137 3.61895040e-02
1.49654 3.78841680e-02
1.50172 3.56171472e-02
1.50692 3.83509296e-02
1.51213 3.86056512e-02
1.51737 3.32791632e-02
1.52262 3.94340112e-02
1.52789 3.57248592e-02
1.53318 2.90630304e-02
1.53849 3.02792688e-02
1.54381 4.48938144e-02
1.54916 3.62953440e-02
1.55452 2.80147824e-02
1.55990 3.22426512e-02
1.56530 2.87030880e-02
1.57072 3.29118336e-02
1.57615 1.92857904e-02
1.58161 2.68043472e-02
1.58709 2.16314064e-02
1.59258 2.03453280e-02
1.59809 1.92829392e-02
1.60362 1.78688448e-02
1.60918 1.96761168e-02
1.61475 1.73321568e-02
1.62034 1.41240326e-02
1.62594 1.65513600e-02
1.63157 1.04113814e-02
1.63722 8.15515920e-03
1.64289 1.14651115e-02
1.64857 1.06209734e-02
1.65428 7.21648080e-03
1.66001 7.56464688e-03
1.66575 8.12082528e-03
1.67152 7.34061312e-03
1.67731 8.94082176e-03
1.68311 5.09995440e-03
1.68894 3.90904272e-03
1.69478 4.58754912e-03
1.70065 6.14241504e-03
1.70654 6.75319680e-03
1.71245 4.06481760e-03
1.71837 3.32591760e-03
1.72432 3.16270800e-03
1.73029 2.29499424e-03
1.73628 4.94722080e-03
1.74229 2.19722400e-03
1.74832 1.98313920e-03
1.75437 1.96865856e-03
1.76045 1.76253552e-03
1.76654 2.00958336e-03
1.77266 1.79125056e-03
1.77879 1.77055344e-03
1.78495 1.22932224e-03
1.79113 1.22658422e-03
1.79733 1.65892752e-03
1.80355 1.06059326e-03
1.80979 1.12232203e-03
1.81606 1.14515467e-03
1.82234 7.88872320e-04
1.82865 8.55579888e-04
1.83498 2.68817184e-03
1.84133 6.56436816e-04
1.84771 6.39136224e-04
1.85410 4.68002016e-04
1.86052 5.57193600e-04
1.86696 1.33911317e-03
1.87342 4.67983296e-04
1.87991 5.37487056e-04
1.88642 4.25231568e-04
1.89295 4.32285552e-04
1.89950 3.64936752e-04
1.90607 3.41519760e-04
1.91267 3.40678080e-04
1.91929 4.10083920e-04
1.92594 3.62664000e-04
1.93260 3.30152544e-04
1.93929 1.36144627e-03
1.94601 3.98543472e-04
1.95274 3.30531408e-04
1.95950 3.40033680e-04
1.96629 4.83116112e-04
1.97309 3.17280960e-04
1.97992 3.12204528e-04
1.98678 3.08837952e-04
1.99365 3.06470016e-04
2.00055 3.05028144e-04
2.00748 3.08597184e-04
2.01443 3.13184448e-04
2.02140 3.10325328e-04
2.02840 4.81848912e-04
2.03542 3.07077264e-04
2.04247 3.10631472e-04
2.04954 3.15780048e-04
2.05663 3.80985120e-04
2.06375 3.68218512e-04
2.07090 3.10842864e-04
2.07806 3.10653936e-04
2.08526 3.08551392e-04
2.09247 3.11547456e-04
2.09972 3.10728096e-04
2.10699 3.10161168e-04
2.11428 3.08142144e-04
2.12160 3.06610704e-04
2.12894 3.06199152e-04
2.13631 3.08396304e-04
2.14371 3.12496128e-04
2.15113 3.11211072e-04
2.15857 3.11068512e-04
2.16605 3.45910464e-04
2.17354 3.15115056e-04
2.18107 3.18280176e-04
2.18862 3.15690336e-04
2.19619 3.65720400e-04
2.20380 3.08877552e-04
2.21143 3.09234528e-04
2.21908 3.10432464e-04
2.22676 3.09426768e-04
2.23447 3.11626656e-04
2.24220 3.14803728e-04
2.24997 3.19256064e-04
2.25775 3.18649968e-04
2.26557 3.21273936e-04
2.27341 3.20474736e-04
2.28128 3.19040784e-04
2.28918 3.16078704e-04
2.29710 3.15177696e-04
2.30505 3.13880544e-04
2.31303 3.13791696e-04
2.32104 3.13584048e-04
2.32908 3.15897696e-04
2.33714 3.18694608e-04
2.34523 3.18765168e-04
2.35335 3.52498320e-04
2.36149 3.24201024e-04
2.36967 3.24064368e-04
2.37787 3.23787600e-04
2.38610 3.23596368e-04
2.39436 3.22582608e-04
2.40265 3.21223536e-04
2.41097 3.21218064e-04
2.41931 3.21026544e-04
2.42769 3.23535888e-04
2.43609 3.24842832e-04
2.44452 3.28340016e-04
2.45298 3.27763584e-04
2.46148 3.28809168e-04
2.47000 3.31824240e-04
2.47855 3.33264384e-04
2.48713 3.32001792e-04
2.49574 3.33347328e-04
2.50438 3.33092304e-04
2.51304 3.34076112e-04
2.52174 3.35821104e-04
2.53047 3.33170208e-04
2.53923 3.33014256e-04
2.54802 3.34644336e-04
2.55684 3.38187168e-04
2.56569 3.34092528e-04
2.57457 3.36899376e-04
2.58349 3.38200848e-04
2.59243 3.39409584e-04
2.60140 3.42484992e-04
2.61041 3.46228560e-04
2.61944 3.45136176e-04
2.62851 3.49196688e-04
2.63761 3.45990816e-04
2.64674 3.49461936e-04
2.65590 3.47881104e-04
2.66510 3.46659984e-04
2.67432 3.43194336e-04
2.68358 3.45060432e-04
2.69287 3.42674208e-04
2.70219 3.46020048e-04
2.71154 3.54441600e-04
2.72093 3.49174080e-04
2.73035 3.54833280e-04
2.73980 3.55198176e-04
2.74928 3.60083520e-04
2.75880 3.61321776e-04
2.76835 3.60649152e-04
2.77793 3.58297776e-04
2.78755 3.61851552e-04
2.79720 3.55926240e-04
2.80688 3.56362272e-04
2.81660 3.55440816e-04
2.82635 3.54875328e-04
2.83613 3.57848352e-04
2.84595 3.60103824e-04
2.85580 3.60217872e-04
2.86569 3.62448576e-04
2.87561 3.65196096e-04
2.88556 3.70708848e-04
2.89555 3.67394544e-04
2.90557 3.75742656e-04
2.91563 3.66596064e-04
2.92572 3.66618960e-04
2.93585 3.70474992e-04
2.94601 3.73585392e-04
2.95621 3.64400208e-04
2.96644 3.67313040e-04
2.97671 3.76404768e-04
2.98702 3.67478496e-04
2.99736 3.69450000e-04
3.00773 3.74603472e-04
3.01814 3.71335248e-04
3.02859 3.72604464e-04
3.03907 3.77054352e-04
3.04960 3.79927728e-04
3.06015 3.72401712e-04
3.07074 3.76279776e-04
3.08137 3.77705232e-04
3.09204 3.80274768e-04
3.10274 3.74104080e-04
3.11348 3.75086304e-04
3.12426 3.80272464e-04
3.13508 3.75344064e-04
3.14593 3.80745936e-04
3.15682 3.84030432e-04
3.16775 3.80223216e-04
3.17871 3.78150912e-04
3.18972 3.79047744e-04
3.20076 3.85808400e-04
3.21184 3.79089504e-04
3.22295 3.78483264e-04
3.23411 3.76825968e-04
3.24531 3.84967584e-04
3.25654 3.84805008e-04
3.26781 3.77052192e-04
3.27912 3.78851472e-04
3.29047 3.85195968e-04
3.30187 3.92885712e-04
3.31330 3.90201984e-04
3.32476 3.88222128e-04
3.33627 3.90528864e-04
3.34782 3.92703408e-04
3.35941 3.88129392e-04
3.37104 3.89438208e-04
3.38271 4.03046784e-04
3.39442 3.94023888e-04
3.40617 3.86708400e-04
3.41796 3.86731728e-04
3.42979 3.84559488e-04
3.44166 3.88756944e-04
3.45358 3.90108528e-04
3.46553 3.94073280e-04
3.47753 3.87552240e-04
3.48957 3.88917648e-04
3.50164 3.93613056e-04
3.51377 3.90658320e-04
3.52593 3.97842768e-04
3.53814 4.02929856e-04
3.55038 4.01991696e-04
3.56267 3.97712736e-04
3.57500 4.01598000e-04
3.58738 4.05407232e-04
3.59980 4.02369408e-04
3.61226 4.01382864e-04
3.62476 4.00486464e-04
3.63731 3.97956816e-04
3.64990 4.02593760e-04
3.66254 4.00941648e-04
3.67521 3.98334096e-04
3.68794 3.97848240e-04
3.70070 4.01104656e-04
3.71351 4.03730208e-04
3.72637 4.03550496e-04
3.73927 4.06576944e-04
3.75221 4.06825920e-04
3.76520 4.16072592e-04
3.77823 4.13691696e-04
3.79131 4.13075376e-04
3.80443 4.18253472e-04
3.81760 4.21815456e-04
3.83082 4.20058800e-04
3.84408 4.16191536e-04
3.85739 4.14676368e-04
3.87074 4.17838752e-04
3.88414 4.27140720e-04
3.89758 4.25003472e-04
3.91107 4.18355424e-04
3.92461 4.16359008e-04
3.93820 4.18714704e-04
3.95183 4.25168640e-04
3.96551 4.34051568e-04
3.97924 4.31240688e-04
3.99301 4.26721248e-04
4.00683 4.27130784e-04
4.02070 4.29363216e-04
4.03462 4.33363824e-04
4.04859 4.40395920e-04
4.06260 4.40077248e-04
4.07667 4.35447648e-04
4.09078 4.33384848e-04
4.10494 4.34715408e-04
4.11915 4.40264160e-04
4.13341 4.47367536e-04
4.14771 4.45834944e-04
4.16207 4.41598752e-04
4.17648 4.43979216e-04
4.19094 4.49659008e-04
4.20545 4.51875600e-04
4.22000 4.52787840e-04
4.23461 4.51625328e-04
4.24927 4.53583872e-04
4.26398 4.56550992e-04
4.27874 4.57288848e-04
4.29355 4.59259056e-04
4.30841 4.60294272e-04
4.32332 4.60390896e-04
4.33829 4.62602448e-04
4.35331 4.64630688e-04
4.36838 4.65420384e-04
4.38350 4.67013312e-04
4.39867 4.68107568e-04
4.41390 4.69592640e-04
4.42918 4.72850064e-04
4.44451 4.75176960e-04
4.45990 4.75237440e-04
4.47533 4.75059024e-04
4.49083 4.76198496e-04
4.50637 4.79663856e-04
4.52197 4.82168592e-04
4.53762 4.81692672e-04
4.55333 4.81827024e-04
4.56909 4.83792768e-04
4.58491 4.86622224e-04
4.60078 4.88965104e-04
4.61670 4.90267152e-04
4.63269 4.90982688e-04
4.64872 4.91732064e-04
4.66481 4.92894000e-04
4.68096 4.94922528e-04
4.69717 4.97244096e-04
4.71343 4.98820032e-04
4.72974 4.99407984e-04
4.74611 4.99708800e-04
4.76254 5.00827824e-04
4.77903 5.02988544e-04
4.79557 5.05459872e-04
4.81217 5.07394800e-04
4.82883 5.08456512e-04
4.84555 5.09280192e-04
4.86232 5.10721056e-04
4.87915 5.12873280e-04
4.89604 5.15283408e-04
4.91299 5.17292640e-04
4.92999 5.18520240e-04
4.94706 5.19382512e-04
4.96418 5.21294688e-04
4.98137 5.23744128e-04
4.99861 5.25374352e-04
5.01591 5.25753072e-04
5.03328 5.26092768e-04
5.05070 5.27037552e-04
5.06818 5.27954256e-04
5.08573 5.28448896e-04
5.10333 5.28966576e-04
5.12100 5.29888464e-04
5.13873 5.31178128e-04
5.15651 5.80078944e-04
5.17436 5.84415072e-04
5.19228 5.91637824e-04
5.21025 5.99103216e-04
5.22828 6.06556512e-04
5.24638 6.16586256e-04
5.26454 6.28026912e-04
5.28277 6.40681056e-04
5.30105 6.56831088e-04
5.31940 6.76962432e-04
5.33782 6.98325984e-04
5.35629 7.22704896e-04
5.37484 7.51638384e-04
5.39344 7.69107168e-04
5.41211 7.88570208e-04
5.43084 8.08210512e-04
5.44965 8.30794320e-04
5.46851 8.55901152e-04
5.48744 8.82452448e-04
5.50643 9.09994608e-04
5.52550 9.38216592e-04
5.54462 9.66945456e-04
5.56381 9.95930784e-04
5.58308 1.02484397e-03
5.60240 1.05347678e-03
5.62179 1.07968550e-03
5.64125 1.09667059e-03
5.66078 1.11325752e-03
5.68038 1.12955976e-03
5.70004 1.14567624e-03
5.71977 1.16170920e-03
5.73957 1.17775454e-03
5.75944 1.19388643e-03
5.77938 1.21014878e-03
5.79938 1.22656421e-03
5.81946 1.24315603e-03
5.83960 1.25995406e-03
5.85982 1.27697875e-03
5.88010 1.29423701e-03
5.90045 1.30516733e-03
5.92088 1.31539723e-03
5.94137 1.32576595e-03
5.96194 1.33629941e-03
5.98258 1.34702726e-03
6.00329 1.35799488e-03
6.02407 1.36926403e-03
6.04492 1.38090442e-03
6.06585 1.39299062e-03
6.08684 1.40560502e-03
6.10791 1.41883920e-03
6.12906 1.43278877e-03
6.15027 1.44754416e-03
6.17156 1.46318256e-03
6.19293 1.47505104e-03
6.21436 1.48748832e-03
6.23588 1.50078096e-03
6.25746 1.51488288e-03
6.27912 1.52970336e-03
6.30086 1.54511568e-03
6.32267 1.56095856e-03
6.34455 1.57705344e-03
6.36652 1.59321600e-03
6.38856 1.60926480e-03
6.41067 1.62504288e-03
6.43286 1.64041920e-03
6.45513 1.65529152e-03
6.47747 1.66958928e-03
6.49990 1.68136416e-03
6.52240 1.68761232e-03
6.54497 1.69307712e-03
6.56763 1.69778736e-03
6.59037 1.70178048e-03
6.61318 1.70510400e-03
6.63607 1.70780688e-03
6.65904 1.70994528e-03
6.68209 1.71157824e-03
6.70522 1.71276624e-03
6.72843 1.71357120e-03
6.75172 1.71406224e-03
6.77510 1.71430416e-03
6.79855 1.71437040e-03
6.82208 1.71433296e-03
6.84570 1.71426528e-03
6.86939 1.71424224e-03
6.89317 1.71434304e-03
6.91704 1.71462528e-03
6.94098 1.71512784e-03
6.96500 1.71590976e-03
6.98911 1.71702864e-03
7.01331 1.71853920e-03
7.03759 1.72049328e-03
7.06195 1.72293552e-03
7.08639 1.72590912e-03
7.11092 1.72944720e-03
7.13554 1.73357856e-03
7.16024 1.73832192e-03
7.18502 1.74368736e-03
7.20990 1.74967632e-03
7.23485 1.75627872e-03
7.25990 1.76347584e-03
7.28503 1.77123744e-03
7.31025 1.97088912e-03
7.33555 2.50524720e-03
7.36094 3.18519360e-03
7.38642 4.04989920e-03
7.41199 5.14875888e-03
7.43765 6.54397056e-03
7.46340 8.31374352e-03
7.48923 1.05562944e-02
7.51516 1.33948138e-02
7.54117 1.69835760e-02
7.56727 2.15154864e-02
7.59347 2.72312208e-02
7.61975 3.44303136e-02
7.64613 4.34843136e-02
7.67260 5.48521920e-02
7.69916 6.90977376e-02
7.72581 8.69087520e-02
7.75255 1.08829901e-01
7.77939 1.21693147e-01
7.80632 1.36009714e-01
7.83334 1.51953552e-01
7.86046 1.69713936e-01
7.88767 1.89494208e-01
7.91497 2.11509216e-01
7.94237 2.35982160e-01
7.96986 2.63141136e-01
7.99745 2.93214960e-01
8.02513 3.26428128e-01
8.05291 3.62995776e-01
8.08079 4.03118352e-01
8.10876 4.46974272e-01
8.13683 4.94713728e-01
8.16500 5.46449328e-01
8.19326 6.02246592e-01
8.22162 6.62111856e-01
8.25008 7.25979024e-01
8.27864 7.75663488e-01
8.30730 8.08597152e-01
8.33605 8.42347440e-01
8.36491 8.76878928e-01
8.39386 9.12150000e-01
8.42292 9.48112848e-01
8.45208 9.84712608e-01
8.48133 1.02188736e+00
8.51069 1.05956770e+00
8.54016 1.09767672e+00
8.56972 1.13612962e+00
8.59938 1.17483408e+00
8.62915 1.21369018e+00
8.65902 1.25259034e+00
8.68899 1.29141994e+00
8.71907 1.33005744e+00
8.74925 1.36837541e+00
8.77954 1.40624021e+00
8.80993 1.44351360e+00
8.84043 1.48005360e+00
8.87103 1.50689952e+00
8.90174 1.52951040e+00
8.93255 1.55169216e+00
8.96347 1.57341600e+00
8.99450 1.59464880e+00
9.02563 1.61536176e+00
9.05688 1.63552320e+00
9.08823 1.65510720e+00
9.11969 1.67408640e+00
9.15126 1.69243632e+00
9.18294 1.71013392e+00
9.21472 1.72715472e+00
9.24662 1.74348144e+00
9.27863 1.75909392e+00
9.31075 1.77397632e+00
9.34298 1.78811424e+00
9.37532 1.80149472e+00
9.40777 1.81410624e+00
9.44034 1.82594016e+00
9.47302 1.83698928e+00
9.50581 1.84724496e+00
9.53871 1.85582016e+00
9.57173 1.86274944e+00
9.60487 1.86917760e+00
9.63811 1.87509312e+00
9.67148 1.88048448e+00
9.70495 1.88534160e+00
9.73855 1.88965728e+00
9.77226 1.89342144e+00
9.80609 1.89663120e+00
9.84003 1.89927792e+00
9.87409 1.90136016e+00
9.90827 1.90258704e+00
9.94257 1.90240272e+00
9.97699 1.90200672e+00
10.01153 1.90139184e+00
10.04618 1.90055088e+00
10.08096 1.89947520e+00
10.11585 1.89816048e+00
10.15087 1.89659520e+00
10.18601 1.89477360e+00
10.22127 1.89268704e+00
10.25665 1.89032688e+00
10.29215 1.88768304e+00
10.32778 1.88503344e+00
10.36353 1.88243424e+00
10.39941 1.87964496e+00
10.43540 1.87666416e+00
10.47153 1.87348896e+00
10.50777 1.87011648e+00
10.54415 1.86654528e+00
10.58065 1.86277104e+00
10.61727 1.85872176e+00
10.65403 1.85436720e+00
10.69091 1.84971888e+00
10.72791 1.84478112e+00
10.76505 1.83956544e+00
10.80231 1.83408048e+00
10.83971 1.82833200e+00
10.87723 1.82233152e+00
10.91488 1.81608624e+00
10.95266 1.80960480e+00
10.99058 1.80289728e+00
11.02862 1.79597088e+00
11.06680 1.78883568e+00
11.10511 1.78149888e+00
11.14355 1.77397056e+00
11.18212 1.76625792e+00
11.22083 1.75837104e+00
11.25967 1.74956256e+00
11.29865 1.73825280e+00
11.33776 1.72604304e+00
11.37701 1.71288144e+00
11.41639 1.69870608e+00
11.45591 1.68345360e+00
11.49556 1.66706064e+00
11.53536 1.64947536e+00
11.57529 1.63065888e+00
11.61536 1.61059104e+00
11.65556 1.58927904e+00
11.69591 1.56675888e+00
11.73640 1.54310256e+00
11.77702 1.51840944e+00
11.81779 1.49281344e+00
11.85870 1.46646864e+00
11.89975 1.43954986e+00
11.94094 1.41223968e+00
11.98227 1.38472013e+00
12.02375 1.35716285e+00
12.06537 1.32971933e+00
12.10714 1.30251326e+00
12.14905 1.27563336e+00
12.19110 1.24912886e+00
12.23330 1.22300726e+00
12.27565 1.19723458e+00
12.31814 1.17173678e+00
12.36078 1.14640618e+00
12.40357 1.13687237e+00
12.44651 1.13563022e+00
12.48959 1.13349946e+00
12.53283 1.13037739e+00
12.57621 1.12619909e+00
12.61974 1.12093718e+00
12.66343 1.11459931e+00
12.70726 1.10722536e+00
12.75125 1.09888171e+00
12.79539 1.08965678e+00
12.83968 1.07965469e+00
12.88413 1.06898990e+00
12.92873 1.05778224e+00
12.97348 1.04615237e+00
13.01839 1.03421808e+00
13.06345 1.02209126e+00
13.10867 1.00987546e+00
13.15405 9.97664688e-01
13.19959 9.85541904e-01
13.24528 9.73579248e-01
13.29113 9.61837488e-01
13.33713 9.50366160e-01
13.38330 9.39204288e-01
13.42963 9.28381248e-01
13.47612 9.17917056e-01
13.52277 9.07823088e-01
13.56958 8.98103664e-01
13.61655 8.88756192e-01
13.66368 8.79772176e-01
13.71098 8.71138224e-01
13.75844 8.63712432e-01
13.80607 8.68389408e-01
13.85386 8.73327168e-01
13.90182 8.78490144e-01
13.94994 8.83843200e-01
13.99823 8.89352352e-01
14.04668 8.94985776e-01
14.09531 9.00713808e-01
14.14410 9.06509376e-01
14.19306 9.12347856e-01
14.24219 9.18208224e-01
14.29149 9.24072336e-01
14.34096 9.29924784e-01
14.39060 9.35753616e-01
14.44042 9.41549616e-01
14.49041 9.47306448e-01
14.54057 9.53019936e-01
14.59090 9.58688784e-01
14.64141 9.64313136e-01
14.69209 9.69895440e-01
14.74295 9.75439584e-01
14.79398 9.80950464e-01
14.84519 9.86434272e-01
14.89658 9.91898064e-01
14.94814 9.97349472e-01
14.99989 1.00279642e+00
15.05181 1.00824725e+00
15.10392 1.01371061e+00
15.15620 1.01919456e+00
15.20866 1.02470774e+00
15.26131 1.03025822e+00
15.31414 1.03585363e+00
15.36715 1.04150189e+00
15.42034 1.04720976e+00
15.47372 1.05298416e+00
15.52729 1.06953062e+00
15.58103 1.08764510e+00
15.63497 1.10594074e+00
15.68909 1.12441550e+00
15.74340 1.14306696e+00
15.79790 1.16189251e+00
15.85258 1.18088899e+00
15.90746 1.20005323e+00
15.96252 1.21938178e+00
16.01778 1.23887045e+00
16.07323 1.25851522e+00
16.12886 1.27831147e+00
16.18470 1.29825446e+00
16.24072 1.31833901e+00
16.29694 1.33855963e+00
16.35335 1.35891043e+00
16.40996 1.37938550e+00
16.46677 1.39997837e+00
16.52377 1.42068240e+00
16.58097 1.44149040e+00
16.63836 1.46239632e+00
16.69596 1.48339008e+00
16.75375 1.50446736e+00
16.81175 1.52561808e+00
16.86994 1.54683360e+00
16.92834 1.56810816e+00
16.98694 1.58943024e+00
17.04574 1.61079408e+00
17.10474 1.63218816e+00
17.16395 1.65360672e+00
17.22337 1.67503680e+00
17.28299 1.69647264e+00
17.34281 1.71790416e+00
17.40285 1.73932272e+00
17.46309 1.76071680e+00
17.52354 1.78207776e+00
17.58420 1.80339840e+00
17.64507 1.82466576e+00
17.70615 1.83552480e+00
17.76744 1.84019904e+00
17.82894 1.84486320e+00
17.89066 1.84951440e+00
17.95259 1.85415264e+00
18.01473 1.85878080e+00
18.07709 1.86339456e+00
18.13967 1.86799680e+00
18.20246 1.87258608e+00
18.26547 1.87716240e+00
18.32870 1.88172432e+00
18.39214 1.88627472e+00
18.45581 1.89081072e+00
18.51969 1.89533376e+00
18.58380 1.89984384e+00
18.64813 1.90433952e+00
18.71268 1.90882224e+00
18.77746 1.91329056e+00
18.84246 1.91774592e+00
18.90768 1.92218688e+00
18.97313 1.92661344e+00
19.03881 1.93102704e+00
19.10472 1.93542624e+00
19.17085 1.93981104e+00
19.23721 1.94418144e+00
19.30380 1.94853888e+00
19.37062 1.95288192e+00
19.43768 1.95721056e+00
19.50496 1.96152624e+00
19.57248 1.96582608e+00
19.64023 1.97011296e+00
19.70822 1.97438688e+00
19.77644 1.97864496e+00
19.84490 1.98289008e+00
19.91359 1.98711936e+00
19.98252 1.99133568e+00
20.05169 1.99553904e+00
20.12110 1.99972656e+00
20.19076 2.00390112e+00
20.26065 2.00806128e+00
20.33078 2.01220704e+00
20.40116 2.01633840e+00
20.47178 2.02045680e+00
20.54264 2.02455936e+00
20.61375 2.02864896e+00
20.68511 2.02965264e+00
20.75671 2.03043600e+00
20.82856 2.03122224e+00
20.90066 2.03200992e+00
20.97301 2.03280048e+00
21.04561 2.03359392e+00
21.11846 2.03438736e+00
21.19157 2.03518224e+00
21.26492 2.03597856e+00
21.33853 2.03677632e+00
21.41240 2.03757264e+00
21.48652 2.03837040e+00
21.56090 2.03916672e+00
21.63553 2.03996160e+00
21.71043 2.04075504e+00
21.78558 2.04154704e+00
21.86099 2.04233616e+00
21.93666 2.04312240e+00
22.01260 2.04390576e+00
22.08880 2.04468336e+00
22.16526 2.04545808e+00
22.24199 2.04622560e+00
22.31898 2.04698880e+00
22.39624 2.04774480e+00
22.47377 2.04849360e+00
22.55156 2.04923376e+00
22.62962 2.04996528e+00
22.70796 2.05068816e+00
22.78656 2.05140096e+00
22.86544 2.05210224e+00
22.94459 2.05279200e+00
23.02402 2.05346880e+00
23.10372 2.05413264e+00
23.18369 2.05478352e+00
23.26394 2.05541856e+00
23.34447 2.05603776e+00
23.42528 2.05663968e+00
23.50637 2.05722432e+00
23.58774 2.05779168e+00
23.66939 2.05833888e+00
23.75133 2.05886592e+00
23.83354 2.05937280e+00
23.91604 2.05985664e+00
23.99883 2.06031888e+00
24.08191 2.06075520e+00
24.16527 2.06116848e+00
24.24892 2.06155584e+00
24.33286 2.06191584e+00
24.41709 2.06224848e+00
24.50161 2.06255232e+00
24.58642 2.06282592e+00
24.67153 2.06307072e+00
24.75693 2.06321328e+00
24.84263 2.06205552e+00
24.92863 2.06084736e+00
25.01492 2.05958736e+00
25.10151 2.05827552e+00
25.18840 2.05690896e+00
25.27559 2.05548912e+00
25.36309 2.05401312e+00
25.45088 2.05248096e+00
25.53898 2.05089264e+00
25.62739 2.04924528e+00
25.71610 2.04754032e+00
25.80512 2.04577632e+00
25.89444 2.04395184e+00
25.98408 2.04206688e+00
26.07403 2.04012000e+00
26.16428 2.03811120e+00
26.25485 2.03603904e+00
26.34574 2.03390352e+00
26.43694 2.03170320e+00
26.52845 2.02943952e+00
26.62028 2.02710960e+00
26.71243 2.02471488e+00
26.80489 2.02225248e+00
26.89768 2.01972384e+00
26.99079 2.01712896e+00
27.08422 2.01446496e+00
27.17798 2.01173472e+00
27.27205 2.00893392e+00
27.36646 2.00606544e+00
27.46119 2.00312784e+00
27.55625 2.00012112e+00
27.65164 1.99704384e+00
27.74736 1.99389744e+00
27.84341 1.99068192e+00
27.93979 1.98739440e+00
28.03650 1.98403776e+00
28.13355 1.98061056e+00
28.23094 1.97711280e+00
28.32867 1.97354448e+00
28.42673 1.96990560e+00
28.52513 1.96619616e+00
28.62387 1.96241616e+00
28.72295 1.95856560e+00
28.82238 1.95464592e+00
28.92215 1.95065568e+00
29.02227 1.94659488e+00
29.12273 1.94246352e+00
29.22354 1.93826304e+00
29.32470 1.93399344e+00
29.42621 1.92965472e+00
29.52807 1.92524688e+00
29.63029 1.92077136e+00
29.73286 1.91622672e+00
29.83578 1.91161584e+00
29.93906 1.90693584e+00
30.04269 1.90218960e+00
30.14669 1.89737712e+00
30.25104 1.89249840e+00
30.35576 1.88755344e+00
30.46084 1.88254368e+00
30.56628 1.87747056e+00
30.67209 1.87233264e+00
30.77826 1.86713136e+00
30.88481 1.86186816e+00
30.99172 1.85619888e+00
31.09900 1.84966128e+00
31.20665 1.84306176e+00
31.31467 1.83639888e+00
31.42307 1.82967696e+00
31.53184 1.82289600e+00
31.64099 1.81605600e+00
31.75052 1.80915984e+00
31.86043 1.80220752e+00
31.97072 1.79520048e+00
32.08139 1.78814016e+00
32.19244 1.78102944e+00
32.30388 1.77386688e+00
32.41570 1.76665392e+00
32.52791 1.75939488e+00
32.64051 1.75208688e+00
32.75349 1.74473424e+00
32.86687 1.73733840e+00
32.98064 1.72989792e+00
33.09481 1.72241712e+00
33.20937 1.71489456e+00
33.32433 1.70733312e+00
33.43968 1.69973424e+00
33.55544 1.69209936e+00
33.67159 1.68442848e+00
33.78815 1.67672304e+00
33.90511 1.66898592e+00
34.02247 1.66121712e+00
34.14024 1.65341952e+00
34.25842 1.64559168e+00
34.37701 1.63773648e+00
34.49601 1.62985536e+00
34.61542 1.62194832e+00
34.73525 1.61401968e+00
34.85549 1.60606656e+00
34.97614 1.59809328e+00
35.09721 1.59009984e+00
35.21871 1.58208624e+00
35.34062 1.57405680e+00
35.46295 1.56601008e+00
35.58571 1.55794896e+00
35.70889 1.54987200e+00
35.83250 1.54178352e+00
35.95654 1.53368352e+00
36.08101 1.52557344e+00
36.20590 1.51745184e+00
36.33123 1.50932448e+00
36.45700 1.50118848e+00
36.58320 1.49304528e+00
36.70983 1.48489920e+00
36.83691 1.47674736e+00
36.96442 1.46859408e+00
37.09238 1.46043792e+00
37.22077 1.45228032e+00
37.34962 1.44412416e+00
37.47890 1.43596858e+00
37.60864 1.42781486e+00
37.73883 1.41966432e+00
37.86946 1.41151766e+00
38.00055 1.40337590e+00
38.13209 1.39524005e+00
38.26409 1.38711067e+00
38.39654 1.37898907e+00
38.52946 1.37087582e+00
38.66283 1.36277179e+00
38.79667 1.35467798e+00
38.93096 1.34659498e+00
39.06573 1.33852378e+00
39.20096 1.33046510e+00
39.33665 1.32241968e+00
39.47282 1.31438837e+00
39.60946 1.30637174e+00
39.74657 1.29837067e+00
39.88416 1.29038587e+00
40.02222 1.28241792e+00
40.16076 1.27446739e+00
40.29978 1.26653530e+00
40.43928 1.25862206e+00
40.57926 1.25072827e+00
40.71973 1.24285464e+00
40.86069 1.23500160e+00
41.00213 1.22717002e+00
41.14406 1.21936032e+00
41.28648 1.21157294e+00
41.42940 1.20297686e+00
41.57281 1.19413987e+00
41.71672 1.18534349e+00
41.86113 1.17658814e+00
42.00603 1.16787442e+00
42.15144 1.15920288e+00
42.29735 1.15057382e+00
42.44377 1.14198782e+00
42.59069 1.13344517e+00
42.73812 1.12494629e+00
42.88606 1.11649162e+00
43.03451 1.10808144e+00
43.18348 1.09971619e+00
43.33297 1.09139616e+00
43.48297 1.08312149e+00
43.63349 1.07489275e+00
43.78453 1.06670981e+00
43.93609 1.05857323e+00
44.08818 1.05048317e+00
44.24079 1.04243976e+00
44.39394 1.03444330e+00
44.54761 1.02649378e+00
44.70182 1.01859149e+00
44.85655 1.01073672e+00
45.01183 1.00292933e+00
45.16764 9.95169600e-01
45.32399 9.87457536e-01
45.48089 9.79793280e-01
45.63832 9.72176976e-01
45.79630 9.64608624e-01
45.95483 9.57088224e-01
46.11391 9.49615920e-01
46.27353 9.42191712e-01
46.43371 9.34815456e-01
46.59445 9.27487440e-01
46.75574 9.20207520e-01
46.91759 9.12975552e-01
47.08000 9.05791824e-01
47.24297 8.98655904e-01
47.40650 8.91568080e-01
47.57060 8.84528208e-01
47.73527 8.77536144e-01
47.90051 8.70591888e-01
48.06633 8.63695296e-01
48.23271 8.56846368e-01
48.39967 8.50044960e-01
48.56721 8.43291072e-01
48.73533 8.36584416e-01
48.90403 8.29924848e-01
49.07332 8.23312512e-01
49.24319 8.16747120e-01
49.41365 8.10228528e-01
49.58470 8.03756592e-01
49.75634 7.97331168e-01
49.92858 7.90952112e-01
50.10141 7.84619280e-01
50.27484 7.78332528e-01
50.44887 7.72091712e-01
50.62350 7.65896544e-01
50.79874 7.59746880e-01
50.97458 7.53642576e-01
51.15104 7.47583488e-01
51.32810 7.41569328e-01
51.50578 7.35599952e-01
51.68407 7.29675216e-01
51.86298 7.23794832e-01
52.04250 7.17958656e-01
52.22265 7.12166400e-01
52.40343 7.06417920e-01
52.58482 7.00712928e-01
52.76685 6.95051424e-01
52.94951 6.89432976e-01
53.13280 6.83857296e-01
53.31672 6.78324528e-01
53.50128 6.72833952e-01
53.68648 6.67385712e-01
53.87232 6.61979520e-01
54.05880 6.56615088e-01
54.24593 6.51292128e-01
54.43371 6.46010496e-01
54.62214 6.40769904e-01
54.81122 6.35570064e-01
55.00095 6.30410832e-01
55.19134 6.25291920e-01
55.38239 6.20213184e-01
55.57410 6.15174336e-01
55.76647 6.10174944e-01
55.95951 6.05215008e-01
56.15322 6.00294240e-01
56.34760 5.95412352e-01
56.54265 5.90569056e-01
56.73838 5.85764208e-01
56.93479 5.80997520e-01
57.13187 5.76268560e-01
57.32964 5.71577472e-01
57.52809 5.66923680e-01
57.72723 5.62307040e-01
57.92705 5.57727264e-01
58.12757 5.53184208e-01
58.32879 5.48677584e-01
58.53070 5.44207104e-01
58.73331 5.39772480e-01
58.93662 5.35373568e-01
59.14063 5.31010224e-01
59.34535 5.26681872e-01
59.55078 5.22388512e-01
59.75692 5.18129856e-01
59.96377 5.13905616e-01
60.17134 5.09715648e-01
60.37963 5.05559520e-01
60.58864 5.01437232e-01
60.79837 4.97348352e-01
61.00883 4.93292736e-01
61.22002 4.89269952e-01
61.43194 4.85280000e-01
61.64459 4.81322592e-01
61.85797 4.77397440e-01
62.07210 4.73504256e-01
62.28697 4.69643040e-01
62.50258 4.65813216e-01
62.71894 4.62014640e-01
62.93605 4.58247312e-01
63.15390 4.54510656e-01
63.37252 4.50804816e-01
63.59189 4.47129216e-01
63.81201 4.43483712e-01
64.03290 4.39868304e-01
64.25456 4.36282416e-01
64.47698 4.32726048e-01
64.70017 4.29199056e-01
64.92414 4.25700864e-01
65.14888 4.22231616e-01
65.37440 4.18790880e-01
65.60070 4.15378368e-01
65.82778 4.11994080e-01
66.05565 4.08637728e-01
66.28430 4.05309024e-01
66.51375 4.02007680e-01
66.74400 3.98733696e-01
66.97504 3.95486640e-01
67.20688 3.92266512e-01
67.43952 3.89072880e-01
67.67297 3.85905744e-01
67.90722 3.82764672e-01
68.14229 3.79649664e-01
68.37817 3.76560432e-01
68.61486 3.73496688e-01
68.85238 3.70458288e-01
69.09072 3.67445088e-01
69.32988 3.64456800e-01
69.56987 3.61493280e-01
69.81069 3.58554384e-01
70.05235 3.55639680e-01
70.29484 3.52749312e-01
70.53817 3.49882704e-01
70.78235 3.47039856e-01
71.02737 3.44220768e-01
71.27323 3.41424864e-01
71.51995 3.38652144e-01
71.76752 3.35902464e-01
72.01595 3.33175680e-01
72.26524 3.30471360e-01
72.51539 3.27789504e-01
72.76641 3.25129968e-01
73.01830 3.22492464e-01
73.27106 3.19876704e-01
73.52469 3.17282832e-01
73.77920 3.14710416e-01
74.03460 3.12159312e-01
74.29087 3.09629376e-01
74.54804 3.07120464e-01
74.80609 3.04632288e-01
75.06504 3.02164848e-01
75.32488 2.99717712e-01
75.58563 2.97291024e-01
75.84727 2.94884496e-01
76.10982 2.92497840e-01
76.37328 2.90131056e-01
76.63766 2.87783856e-01
76.90295 2.85456096e-01
77.16915 2.83147632e-01
77.43628 2.80858464e-01
77.70433 2.78588160e-01
77.97331 2.76336720e-01
78.24322 2.74103856e-01
78.51407 2.71889568e-01
78.78585 2.69693568e-01
79.05857 2.67515856e-01
79.33224 2.65356144e-01
79.60686 2.63214432e-01
79.88242 2.61090288e-01
80.15894 2.58983856e-01
80.43642 2.56894848e-01
80.71486 2.54823120e-01
80.99426 2.52768672e-01
81.27463 2.50731072e-01
81.55596 2.48710464e-01
81.83828 2.46706416e-01
82.12157 2.44719072e-01
82.40584 2.42748144e-01
82.69109 2.40793488e-01
82.97733 2.38855104e-01
83.26457 2.36932704e-01
83.55279 2.35026144e-01
83.84202 2.33135424e-01
84.13225 2.31260256e-01
84.42348 2.29400640e-01
84.71572 2.27556288e-01
85.00897 2.25727200e-01
85.30323 2.23913376e-01
85.59852 2.22114384e-01
85.89482 2.20330224e-01
86.19215 2.18560896e-01
86.49052 2.16806112e-01
86.78991 2.15065728e-01
87.09034 2.13339744e-01
87.39181 2.11628016e-01
87.69432 2.09930400e-01
87.99789 2.08246752e-01
88.30250 2.06577072e-01
88.60816 2.04921072e-01
88.91489 2.03278752e-01
89.22267 2.01649824e-01
89.53153 2.00034432e-01
89.84145 1.98432288e-01
90.15244 1.96843392e-01
90.46451 1.95267456e-01
90.77766 1.93704480e-01
91.09190 1.92154464e-01
91.40722 1.90617120e-01
91.72363 1.89092448e-01
92.04114 1.87580304e-01
92.35975 1.86080544e-01
92.67946 1.84593024e-01
93.00028 1.83117744e-01
93.32221 1.81654704e-01
93.64525 1.80203616e-01
93.96941 1.78764336e-01
94.29469 1.77336864e-01
94.62110 1.75921200e-01
94.94864 1.74517056e-01
95.27731 1.73124432e-01
95.60712 1.71743184e-01
95.93807 1.70373312e-01
96.27017 1.69014672e-01
96.60342 1.67666976e-01
96.93782 1.66330512e-01
97.27338 1.65004848e-01
97.61010 1.63690128e-01
97.94798 1.62386064e-01
98.28704 1.61092656e-01
98.62727 1.59809904e-01
98.96867 1.58537520e-01
99.31126 1.57275648e-01
99.65504 1.56024000e-01
100.00000 1.54782432e-01
