        2000  3.000000 3.700000
0.10000 1.30931811e-02
0.10035 7.15734216e-03
0.10069 1.39295676e-02
0.10104 1.03259733e-02
0.10139 7.45398152e-03
0.10174 3.51178840e-03
0.10210 9.60949792e-03
0.10245 2.74170740e-03
0.10280 5.18035964e-03
0.10316 6.94737308e-03
0.10352 4.99831964e-03
0.10387 7.29337932e-03
0.10423 2.08984732e-02
0.10459 6.07915032e-03
0.10496 1.06445522e-02
0.10532 5.47878388e-04
0.10568 2.17397496e-02
0.10605 4.59721300e-03
0.10642 1.28318856e-02
0.10679 5.23209008e-04
0.10716 2.19660268e-02
0.10753 7.93332096e-03
0.10790 1.53537864e-02
0.10827 2.68745948e-02
0.10865 6.45576148e-03
0.10902 2.63411584e-02
0.10940 1.78227224e-02
0.10978 1.01419575e-02
0.11016 2.15066200e-02
0.11054 1.27587440e-02
0.11092 1.12473340e-02
0.11131 1.27820215e-02
0.11169 1.95832268e-02
0.11208 1.18601635e-02
0.11247 2.08780640e-02
0.11286 1.30072449e-02
0.11325 1.81750216e-02
0.11364 5.97124204e-03
0.11403 2.41492488e-02
0.11443 1.89685680e-02
0.11482 1.89556920e-02
0.11522 2.64830904e-02
0.11562 1.91875636e-02
0.11602 3.15940484e-02
0.11642 1.60767220e-02
0.11682 2.37233640e-03
0.11723 1.96255844e-04
0.11763 1.31760315e-02
0.11804 1.91990484e-02
0.11845 1.92022748e-02
0.11886 2.27834012e-02
0.11927 2.34214292e-02
0.11968 2.26963624e-02
0.12010 4.27845060e-02
0.12051 1.92113768e-04
0.12093 2.37666836e-02
0.12135 2.38490160e-02
0.12177 4.55660032e-04
0.12219 7.11976940e-03
0.12262 9.81317256e-03
0.12304 1.18904162e-02
0.12347 1.11058149e-02
0.12389 1.21162302e-02
0.12432 8.30031952e-03
0.12475 7.24296904e-04
0.12518 7.22849020e-04
0.12562 5.89910832e-03
0.12605 5.44314696e-03
0.12649 5.48254752e-03
0.12693 1.19669307e-03
0.12737 1.01002511e-02
0.12781 1.20323349e-02
0.12825 1.09522161e-02
0.12869 7.45584632e-04
0.12914 7.23049856e-04
0.12959 3.25353284e-03
0.13003 1.07248392e-02
0.13048 3.48143212e-03
0.13094 3.43691964e-03
0.13139 3.38850588e-03
0.13184 3.89726476e-03
0.13230 6.02598280e-03
0.13276 1.20114565e-03
0.13322 2.76507660e-03
0.13368 3.07602460e-03
0.13414 3.08992476e-03
0.13461 6.25009920e-03
0.13507 3.21818452e-03
0.13554 2.71438956e-03
0.13601 2.60339992e-03
0.13648 2.48253424e-03
0.13695 2.24719500e-02
0.13743 7.99474984e-03
0.13790 5.68468592e-04
0.13838 5.65842332e-04
0.13886 5.64046944e-04
0.13934 5.62955296e-04
0.13982 9.71315416e-04
0.14031 1.54178408e-02
0.14079 9.44171180e-03
0.14128 1.73325020e-03
0.14177 1.77739416e-03
0.14226 5.63029888e-04
0.14275 5.64096228e-04
0.14324 5.65246484e-04
0.14374 5.66456532e-04
0.14424 6.09472880e-03
0.14474 3.34226920e-03
0.14524 5.70285736e-04
0.14574 2.42460260e-03
0.14625 1.17997011e-02
0.14675 5.06194188e-03
0.14726 1.98849692e-04
0.14777 1.96208336e-04
0.14828 6.32422944e-03
0.14879 6.62930628e-03
0.14931 4.18270792e-03
0.14983 1.23800165e-02
0.15034 2.26185884e-04
0.15087 5.84599556e-04
0.15139 5.51422100e-04
0.15191 5.13310620e-04
0.15244 5.89348580e-04
0.15297 5.88870688e-04
0.15349 5.67166784e-04
0.15403 5.18121212e-04
0.15456 5.62028224e-04
0.15509 5.83275400e-04
0.15563 5.81595304e-04
0.15617 5.79261788e-04
0.15671 5.20757684e-04
0.15725 5.29767628e-04
0.15780 5.68612004e-04
0.15834 5.27277676e-04
0.15889 5.27133524e-04
0.15944 5.27587736e-04
0.15999 5.29645676e-04
0.16055 5.60047540e-04
0.16110 5.41764212e-04
0.16166 5.31748756e-04
0.16222 5.32764332e-04
0.16278 5.33769400e-04
0.16335 5.33842660e-04
0.16391 5.34673088e-04
0.16448 5.35639380e-04
0.16505 5.30756120e-04
0.16562 5.31679492e-04
0.16619 5.23351384e-04
0.16677 5.23150548e-04
0.16734 5.24006284e-04
0.16792 5.24850772e-04
0.16851 5.14024276e-04
0.16909 5.14796984e-04
0.16967 5.15566732e-04
0.17026 5.16326712e-04
0.17085 5.17070264e-04
0.17144 5.03782972e-04
0.17204 5.04444384e-04
0.17263 5.03885240e-04
0.17323 5.04511724e-04
0.17383 5.05145904e-04
0.17443 5.05774904e-04
0.17503 4.90668544e-04
0.17564 4.91233756e-04
0.17625 4.91757528e-04
0.17686 4.92313712e-04
0.17747 4.92788496e-04
0.17808 4.93279708e-04
0.17870 4.93762040e-04
0.17932 4.95237748e-04
0.17994 4.78992824e-04
0.18056 4.79363564e-04
0.18119 4.79773672e-04
0.18182 4.80117180e-04
0.18244 4.80463944e-04
0.18308 4.81219040e-04
0.18371 4.82298848e-04
0.18435 4.85735556e-04
0.18498 4.82877824e-04
0.18562 4.65866112e-04
0.18627 4.63920504e-04
0.18691 3.03586924e-04
0.18756 3.03324816e-04
0.18821 3.03147956e-04
0.18886 3.02917372e-04
0.18951 3.02794532e-04
0.19017 3.02645644e-04
0.19083 3.02475000e-04
0.19149 3.02323300e-04
0.19215 3.04812660e-04
0.19282 3.17694580e-04
0.19348 3.60646104e-04
0.19415 3.67001372e-04
0.19483 3.12215176e-04
0.19550 3.04141184e-04
0.19618 3.29304588e-04
0.19686 3.36794720e-04
0.19754 3.62160440e-04
0.19822 3.40678980e-04
0.19891 3.22667972e-04
0.19960 5.55145780e-04
0.20029 5.53504608e-04
0.20098 4.62305824e-04
0.20168 2.31756900e-04
0.20237 2.31216404e-04
0.20307 2.30424160e-04
0.20378 2.29468524e-04
0.20448 2.28465528e-04
0.20519 5.05010188e-03
0.20590 1.09253718e-03
0.20661 2.26983752e-04
0.20733 2.25789540e-04
0.20805 2.24983680e-04
0.20877 2.24654084e-04
0.20949 2.47875876e-04
0.21021 5.66206264e-04
0.21094 5.18068820e-04
0.21167 5.13353392e-04
0.21240 4.95034988e-04
0.21314 4.79116996e-04
0.21388 4.64170180e-04
0.21462 4.48282084e-04
0.21536 4.34507724e-04
0.21611 4.21169372e-04
0.21685 4.08873236e-04
0.21760 3.97508168e-04
0.21836 3.64647284e-04
0.21911 2.38652664e-04
0.21987 2.81576364e-04
0.22063 2.36513028e-04
0.22140 2.35762076e-04
0.22216 2.35321628e-04
0.22293 2.35226464e-04
0.22370 2.50259268e-04
0.22448 3.16367168e-04
0.22526 3.11292248e-04
0.22604 3.05301652e-04
0.22682 3.00609312e-04
0.22760 2.96087320e-04
0.22839 2.91719100e-04
0.22918 2.87507168e-04
0.22998 4.66325948e-04
0.23077 6.25429944e-04
0.23157 5.60362040e-04
0.23237 5.04353364e-04
0.23318 4.25513468e-04
0.23398 4.07865948e-04
0.23479 2.60280200e-04
0.23561 3.50345600e-04
0.23642 2.56949016e-04
0.23724 3.79760452e-04
0.23806 9.52463620e-04
0.23889 4.77725204e-04
0.23971 7.60470916e-04
0.24054 2.70317412e-04
0.24137 3.16524788e-04
0.24221 2.67287112e-04
0.24305 2.70342128e-04
0.24389 2.70131376e-04
0.24473 2.72175848e-04
0.24558 2.73619292e-04
0.24643 2.73323440e-04
0.24728 2.70748980e-04
0.24814 1.00680952e-03
0.24900 4.96444244e-04
0.24986 2.70552288e-04
0.25073 1.94001360e-03
0.25159 2.72350636e-04
0.25246 2.63869940e-03
0.25334 2.71988480e-04
0.25422 2.72375204e-04
0.25510 2.09006784e-03
0.25598 4.49351088e-04
0.25687 2.73480468e-04
0.25775 1.25641744e-03
0.25865 2.92625304e-04
0.25954 2.94774264e-04
0.26044 3.28657384e-04
0.26134 3.27510532e-04
0.26225 2.95205684e-04
0.26315 2.95272284e-04
0.26406 1.21448252e-03
0.26498 7.32858556e-04
0.26590 2.95328672e-04
0.26682 2.95343028e-04
0.26774 2.95279240e-04
0.26867 7.71175904e-04
0.26960 2.95214120e-04
0.27053 2.98355124e-04
0.27147 3.06739916e-04
0.27241 2.96573204e-04
0.27335 3.00727120e-04
0.27430 3.01605796e-04
0.27525 5.05299232e-04
0.27620 2.94990788e-04
0.27715 2.95078404e-04
0.27811 2.94899324e-04
0.27908 2.95043180e-04
0.28004 3.01059824e-04
0.28101 3.11096444e-04
0.28198 2.95143376e-04
0.28296 2.95151516e-04
0.28394 2.95179044e-04
0.28492 3.19959276e-04
0.28591 3.19956464e-04
0.28690 3.19997608e-04
0.28789 3.20055920e-04
0.28889 3.20053552e-04
0.28989 3.20070572e-04
0.29089 3.20094844e-04
0.29190 3.20094104e-04
0.29291 3.20109644e-04
0.29392 3.20155820e-04
0.29494 3.20277180e-04
0.29596 3.20187048e-04
0.29699 3.20279104e-04
0.29801 3.20161592e-04
0.29905 3.20282212e-04
0.30008 3.20265636e-04
0.30112 3.20397356e-04
0.30216 3.20369680e-04
0.30321 3.20251428e-04
0.30426 3.20373380e-04
0.30531 3.20401204e-04
0.30637 3.20433320e-04
0.30743 3.20360652e-04
0.30849 3.20531296e-04
0.30956 3.20521528e-04
0.31063 3.20478756e-04
0.31171 3.20498884e-04
0.31279 3.20473428e-04
0.31387 3.20747080e-04
0.31496 3.20548020e-04
0.31605 3.20665384e-04
0.31714 3.20717776e-04
0.31824 3.20723252e-04
0.31934 3.50318072e-04
0.32044 3.50273968e-04
0.32155 3.50186352e-04
0.32267 3.50454232e-04
0.32378 3.50336572e-04
0.32490 3.50540664e-04
0.32603 3.50437212e-04
0.32716 3.50467700e-04
0.32829 3.50224240e-04
0.32943 3.50376828e-04
0.33057 3.50333168e-04
0.33171 3.50634792e-04
0.33286 3.50425224e-04
0.33401 3.50521572e-04
0.33517 3.50761628e-04
0.33633 3.50733508e-04
0.33749 3.50476284e-04
0.33866 3.50453640e-04
0.33983 3.50591428e-04
0.34101 3.50881212e-04
0.34219 3.50732620e-04
0.34337 3.50734248e-04
0.34456 3.50719152e-04
0.34576 3.50757040e-04
0.34695 3.50844952e-04
0.34815 3.50687924e-04
0.34936 3.50703612e-04
0.35057 3.50633904e-04
0.35178 3.50904596e-04
0.35300 3.50904744e-04
0.35422 3.50767696e-04
0.35545 3.50941004e-04
0.35668 3.51154272e-04
0.35791 3.50800996e-04
0.35915 3.50735728e-04
0.36039 3.51232860e-04
0.36164 3.51118604e-04
0.36289 3.50914808e-04
0.36415 3.51010564e-04
0.36541 3.51215692e-04
0.36668 3.85170592e-04
0.36795 3.85181248e-04
0.36922 3.84914848e-04
0.37050 3.85283664e-04
0.37178 3.84853428e-04
0.37307 3.85430628e-04
0.37436 3.85392740e-04
0.37565 3.85061960e-04
0.37695 3.85817056e-04
0.37826 3.85781980e-04
0.37957 3.84736656e-04
0.38088 3.85743056e-04
0.38220 3.85606452e-04
0.38352 3.85095852e-04
0.38485 3.85820756e-04
0.38618 3.84972568e-04
0.38752 3.85929240e-04
0.38886 3.85900972e-04
0.39021 3.86795336e-04
0.39156 3.85754748e-04
0.39291 2.75844620e-02
0.39427 2.64215372e-02
0.39564 2.72406580e-02
0.39701 2.47749336e-02
0.39838 2.39630056e-02
0.39976 2.69416240e-02
0.40115 2.41794556e-02
0.40253 2.53956900e-02
0.40393 2.54138052e-02
0.40533 2.42130664e-02
0.40673 2.43444608e-02
0.40814 2.48014996e-02
0.40955 2.24690048e-02
0.41097 2.28539380e-02
0.41239 2.37303200e-02
0.41382 2.49974072e-02
0.41525 2.29036808e-02
0.41669 2.46814864e-02
0.41813 2.48177796e-02
0.41958 2.16097020e-02
0.42103 2.15062648e-02
0.42249 2.35690444e-02
0.42395 2.29924660e-02
0.42542 2.12631452e-02
0.42689 2.41049672e-02
0.42837 2.23452028e-02
0.42985 2.40715784e-02
0.43134 2.13889304e-02
0.43283 2.12128400e-02
0.43433 2.33895944e-02
0.43583 2.13347180e-02
0.43734 2.01255580e-02
0.43886 2.10611400e-02
0.44037 2.13454480e-02
0.44190 2.12099984e-02
0.44343 2.03488012e-02
0.44496 2.10905328e-02
0.44650 2.10741492e-02
0.44805 2.01001020e-02
0.44960 1.94652412e-02
0.45116 2.05706976e-02
0.45272 1.91133120e-02
0.45429 2.02398732e-02
0.45586 1.95784168e-02
0.45744 1.79913832e-02
0.45902 1.84917120e-02
0.46061 1.89211784e-02
0.46220 1.79065940e-02
0.46380 1.85461908e-02
0.46541 1.75238808e-02
0.46702 1.81845972e-02
0.46864 1.90200572e-02
0.47026 1.57428192e-02
0.47189 1.80961820e-02
0.47352 1.64887540e-02
0.47516 1.76160700e-02
0.47680 1.91184180e-02
0.47845 1.66096404e-02
0.48011 1.64507032e-02
0.48177 1.71614880e-02
0.48344 1.81630336e-02
0.48511 1.86312316e-02
0.48679 1.67681484e-02
0.48848 1.54408252e-02
0.49017 1.53814180e-02
0.49186 1.78944876e-02
0.49357 1.87605688e-02
0.49528 1.68829520e-02
0.49699 1.92806112e-02
0.49871 1.69167848e-02
0.50044 1.48475228e-02
0.50217 1.56853804e-02
0.50391 1.69321028e-02
0.50565 1.81955492e-02
0.50740 1.73108792e-02
0.50916 1.39227019e-02
0.51092 1.52305172e-02
0.51269 1.91577712e-02
0.51446 1.43566660e-02
0.51625 1.42834386e-02
0.51803 1.43396371e-02
0.51983 1.73586832e-02
0.52163 1.71421148e-02
0.52343 1.57368992e-02
0.52524 1.25061806e-02
0.52706 1.55285004e-02
0.52889 1.54439924e-02
0.53072 1.54323892e-02
0.53255 1.26304399e-02
0.53440 1.40128368e-02
0.53625 1.56148288e-02
0.53810 1.51662408e-02
0.53997 1.32547956e-02
0.54183 1.32927369e-02
0.54371 1.34637480e-02
0.54559 1.28710568e-02
0.54748 1.27318214e-02
0.54938 1.35589874e-02
0.55128 1.25392023e-02
0.55319 1.26090272e-02
0.55510 1.43181756e-02
0.55702 1.56556324e-02
0.55895 1.19088526e-02
0.56089 1.16896808e-02
0.56283 1.22219170e-02
0.56478 1.20896716e-02
0.56673 1.13545378e-02
0.56869 1.38262340e-02
0.57066 1.16985372e-02
0.57264 1.43119848e-02
0.57462 1.21646025e-02
0.57661 1.14197644e-02
0.57860 1.48921004e-02
0.58061 1.15855392e-02
0.58262 1.06237508e-02
0.58463 1.33958589e-02
0.58666 1.16948179e-02
0.58869 1.06324236e-02
0.59073 1.19689687e-02
0.59277 1.12724274e-02
0.59482 1.44344370e-02
0.59688 1.07263074e-02
0.59895 1.09320200e-02
0.60102 1.16072670e-02
0.60310 1.23703121e-02
0.60519 1.85684796e-02
0.60728 1.03425330e-02
0.60939 1.08113230e-02
0.61150 1.30818354e-02
0.61361 1.03625486e-02
0.61574 1.33459858e-02
0.61787 1.13948545e-02
0.62001 9.99895104e-03
0.62215 9.10810204e-03
0.62431 1.12229628e-02
0.62647 1.10651697e-02
0.62864 1.19260827e-02
0.63081 9.56598296e-03
0.63300 9.79138252e-03
0.63519 9.71429820e-03
0.63739 9.56024500e-03
0.63959 1.21141138e-02
0.64181 1.16648775e-02
0.64403 9.65620376e-03
0.64626 1.00680093e-02
0.64849 9.77879660e-03
0.65074 9.95842272e-03
0.65299 1.27511132e-02
0.65525 9.88987652e-03
0.65752 1.03155808e-02
0.65980 9.52355580e-03
0.66208 1.01426058e-02
0.66437 1.08087375e-02
0.66667 9.60447776e-03
0.66898 9.63710436e-03
0.67130 9.63977428e-03
0.67362 1.00662200e-02
0.67595 9.97622268e-03
0.67829 9.32145736e-03
0.68064 1.06398991e-02
0.68299 7.86536084e-03
0.68536 8.14713952e-03
0.68773 8.82313248e-03
0.69011 9.60025976e-03
0.69250 8.39029908e-03
0.69490 1.21094414e-02
0.69730 7.88235864e-03
0.69972 9.52308516e-03
0.70214 1.06787343e-02
0.70457 1.08023039e-02
0.70701 8.26236196e-03
0.70946 9.05511064e-03
0.71191 7.93368060e-03
0.71438 9.27167756e-03
0.71685 8.18293480e-03
0.71933 9.12352660e-03
0.72182 9.48373936e-03
0.72432 7.82751428e-03
0.72683 7.78639840e-03
0.72934 1.10764784e-02
0.73187 9.47644148e-03
0.73440 1.06812310e-02
0.73694 8.06932260e-03
0.73949 7.77938320e-03
0.74205 8.76592752e-03
0.74462 7.89378868e-03
0.74720 8.28779280e-03
0.74979 1.10264632e-02
0.75238 7.99073756e-03
0.75499 7.71330712e-03
0.75760 7.80326004e-03
0.76022 7.74501316e-03
0.76285 9.35420976e-03
0.76549 7.85612416e-03
0.76814 8.53353940e-03
0.77080 8.45979396e-03
0.77347 9.30631548e-03
0.77615 9.07052336e-03
0.77884 7.00612612e-03
0.78153 8.66851540e-03
0.78424 9.12577176e-03
0.78695 7.46940756e-03
0.78968 8.23818172e-03
0.79241 7.08223512e-03
0.79515 7.62486972e-03
0.79790 7.29174836e-03
0.80067 7.45339544e-03
0.80344 7.50972868e-03
0.80622 1.09217621e-02
0.80901 7.60006344e-03
0.81181 9.34853248e-03
0.81462 7.87583480e-03
0.81744 7.40843896e-03
0.82027 1.07553169e-02
0.82311 7.55185540e-03
0.82596 7.37337480e-03
0.82882 8.69404392e-03
0.83169 9.07198116e-03
0.83457 7.65909472e-03
0.83745 1.11409649e-02
0.84035 8.69330392e-03
0.84326 8.07351988e-03
0.84618 7.02287232e-03
0.84911 9.34350196e-03
0.85205 7.96215728e-03
0.85500 8.42596708e-03
0.85796 8.93259328e-03
0.86093 1.23610740e-02
0.86391 6.90361836e-03
0.86690 7.14026296e-03
0.86990 7.95579920e-03
0.87291 7.49428784e-03
0.87593 6.67493912e-03
0.87897 6.56518824e-03
0.88201 8.55539752e-03
0.88506 1.16505126e-02
0.88813 7.25574144e-03
0.89120 6.62779520e-03
0.89428 6.94593304e-03
0.89738 7.59858788e-03
0.90049 8.29149872e-03
0.90360 9.82444424e-03
0.90673 8.51385688e-03
0.90987 9.97249604e-03
0.91302 8.64058336e-03
0.91618 7.41027416e-03
0.91935 6.57544316e-03
0.92253 6.10888204e-03
0.92573 8.19300620e-03
0.92893 7.53923100e-03
0.93215 8.85205908e-03
0.93537 9.16540024e-03
0.93861 1.10810945e-02
0.94186 7.48860760e-03
0.94512 7.75699968e-03
0.94839 6.37792088e-03
0.95168 6.77987704e-03
0.95497 7.77644540e-03
0.95828 1.02449448e-02
0.96159 7.20491084e-03
0.96492 6.80601088e-03
0.96826 8.54378396e-03
0.97161 7.32197736e-03
0.97498 7.15797264e-03
0.97835 6.45962872e-03
0.98174 8.01573180e-03
0.98514 9.07433732e-03
0.98855 7.91140512e-03
0.99197 6.16705492e-03
0.99540 7.95456784e-03
0.99885 6.40895500e-03
1.00231 6.23551380e-03
1.00578 6.90927196e-03
1.00926 1.57245708e-02
1.01275 6.97285424e-03
1.01626 8.21283672e-03
1.01978 6.61181268e-03
1.02330 6.35040324e-03
1.02685 7.94755116e-03
1.03040 8.11750400e-03
1.03397 7.59016224e-03
1.03755 6.47297832e-03
1.04114 6.95888452e-03
1.04474 7.97988620e-03
1.04836 8.29490272e-03
1.05199 6.73443512e-03
1.05563 7.46699516e-03
1.05928 6.65536316e-03
1.06295 7.37673440e-03
1.06663 7.93074280e-03
1.07032 7.71605400e-03
1.07403 7.44131568e-03
1.07775 6.17640704e-03
1.08148 7.59992432e-03
1.08522 7.64047484e-03
1.08898 6.92978180e-03
1.09275 7.71093320e-03
1.09653 6.48962684e-03
1.10032 6.35659704e-03
1.10413 6.65199320e-03
1.10796 1.20962502e-02
1.11179 6.73534680e-03
1.11564 9.62584748e-03
1.11950 6.80557724e-03
1.12338 9.06718152e-03
1.12726 7.78508712e-03
1.13117 6.81503148e-03
1.13508 8.24324480e-03
1.13901 7.68148120e-03
1.14295 7.56209404e-03
1.14691 6.55805464e-03
1.15088 7.85951780e-03
1.15487 7.81015092e-03
1.15886 6.91007560e-03
1.16287 7.17137108e-03
1.16690 8.32812280e-03
1.17094 6.83970456e-03
1.17499 6.80751900e-03
1.17906 7.41282420e-03
1.18314 8.11418732e-03
1.18724 8.28520280e-03
1.19135 6.55329200e-03
1.19547 7.74920008e-03
1.19961 6.80357924e-03
1.20376 7.66969300e-03
1.20793 6.89330572e-03
1.21211 7.15069400e-03
1.21630 7.33838464e-03
1.22052 7.47107256e-03
1.22474 8.25868120e-03
1.22898 7.48257216e-03
1.23323 9.90090252e-03
1.23750 6.74191208e-03
1.24179 6.77867232e-03
1.24609 6.99845232e-03
1.25040 7.82168160e-03
1.25473 7.56980928e-03
1.25907 7.45856656e-03
1.26343 7.13564388e-03
1.26780 6.93920348e-03
1.27219 7.29087812e-03
1.27659 1.41931319e-02
1.28101 9.11896672e-03
1.28545 8.22896872e-03
1.28990 7.25267044e-03
1.29436 8.69510360e-03
1.29884 7.11131416e-03
1.30334 9.09078012e-03
1.30785 8.80909172e-03
1.31238 7.85407584e-03
1.31692 8.45541020e-03
1.32148 9.42624432e-03
1.32605 1.42123660e-02
1.33064 9.89053068e-03
1.33525 7.71981320e-03
1.33987 9.15667712e-03
1.34451 8.82464800e-03
1.34916 1.24338026e-02
1.35383 1.04662092e-02
1.35852 8.57555068e-03
1.36322 1.20655446e-02
1.36794 9.81484052e-03
1.37268 1.07244900e-02
1.37743 7.48882368e-03
1.38220 7.43070852e-03
1.38698 9.60162284e-03
1.39178 8.09359016e-03
1.39660 8.55104484e-03
1.40144 9.98380324e-03
1.40629 1.55661220e-02
1.41115 1.28883462e-02
1.41604 9.44032356e-03
1.42094 7.93712456e-03
1.42586 8.31929756e-03
1.43080 1.30056983e-02
1.43575 1.18935568e-02
1.44072 9.42014968e-03
1.44571 1.49344432e-02
1.45071 1.02280684e-02
1.45573 8.84761612e-03
1.46077 1.17841552e-02
1.46583 1.16838970e-02
1.47090 1.07084231e-02
1.47599 1.20940346e-02
1.48110 1.17459874e-02
1.48623 1.39094100e-02
1.49137 1.63057076e-02
1.49654 9.51236848e-03
1.50172 1.06615678e-02
1.50692 9.14217312e-03
1.51213 1.23030565e-02
1.51737 1.03084620e-02
1.52262 1.37919246e-02
1.52789 1.14908428e-02
1.53318 9.27215264e-03
1.53849 8.93481624e-03
1.54381 9.55472016e-03
1.54916 1.57706136e-02
1.55452 1.33460865e-02
1.55990 1.02350258e-02
1.56530 1.08145228e-02
1.57072 2.23999036e-02
1.57615 9.40171184e-03
1.58161 9.96978616e-03
1.58709 1.00335505e-02
1.59258 2.45232300e-02
1.59809 1.10644785e-02
1.60362 1.10286966e-02
1.60918 1.08757578e-02
1.61475 1.61529272e-02
1.62034 1.30591589e-02
1.62594 1.02844593e-02
1.63157 1.61401992e-02
1.63722 1.16067342e-02
1.64289 1.41666133e-02
1.64857 1.83859956e-02
1.65428 1.28083714e-02
1.66001 1.11024834e-02
1.66575 1.29119152e-02
1.67152 1.16207469e-02
1.67731 2.08503288e-02
1.68311 1.25446724e-02
1.68894 1.82868948e-02
1.69478 2.27137820e-02
1.70065 1.16832961e-02
1.70654 1.29609727e-02
1.71245 1.56042468e-02
1.71837 1.30826272e-02
1.72432 1.39991039e-02
1.73029 1.35795742e-02
1.73628 1.78210944e-02
1.74229 2.20790396e-02
1.74832 1.18141266e-02
1.75437 1.22635612e-02
1.76045 2.21984608e-02
1.76654 1.47759293e-02
1.77266 1.69403612e-02
1.77879 2.90276544e-02
1.78495 1.67215876e-02
1.79113 1.28139495e-02
1.79733 1.47347927e-02
1.80355 2.08790556e-02
1.80979 1.49340584e-02
1.81606 1.42111746e-02
1.82234 1.89803488e-02
1.82865 1.42115564e-02
1.83498 1.39663648e-02
1.84133 3.56690508e-02
1.84771 2.54320684e-02
1.85410 1.77579280e-02
1.86052 1.47917949e-02
1.86696 1.86423760e-02
1.87342 2.45444384e-02
1.87991 1.39688660e-02
1.88642 1.34490264e-02
1.89295 1.76127104e-02
1.89950 1.66287620e-02
1.90607 2.22212380e-02
1.91267 1.63977044e-02
1.91929 1.89236648e-02
1.92594 2.76312152e-02
1.93260 2.08375268e-02
1.93929 1.79027756e-02
1.94601 2.13782152e-02
1.95274 2.12270480e-02
1.95950 1.56545668e-02
1.96629 1.74662052e-02
1.97309 1.89731264e-02
1.97992 2.05937412e-02
1.98678 1.84522108e-02
1.99365 1.71232596e-02
2.00055 1.69761032e-02
2.00748 1.88879672e-02
2.01443 2.81658060e-02
2.02140 3.14718300e-02
2.02840 2.82931008e-02
2.03542 1.97644084e-02
2.04247 1.79230368e-02
2.04954 1.79509644e-02
2.05663 2.42988916e-02
2.06375 2.05676636e-02
2.07090 1.97401068e-02
2.07806 2.11088848e-02
2.08526 2.07410752e-02
2.09247 2.22453620e-02
2.09972 2.25140264e-02
2.10699 2.49015032e-02
2.11428 2.57079848e-02
2.12160 2.37018892e-02
2.12894 2.18063940e-02
2.13631 2.37152536e-02
2.14371 2.35118572e-02
2.15113 2.60040440e-02
2.15857 2.37395404e-02
2.16605 2.35797744e-02
2.17354 2.50223304e-02
2.18107 2.37950404e-02
2.18862 2.07277108e-02
2.19619 1.98259172e-02
2.20380 2.09583096e-02
2.21143 2.46005008e-02
2.21908 2.91785848e-02
2.22676 3.64045072e-02
2.23447 2.92978284e-02
2.24220 2.29102964e-02
2.24997 2.18812080e-02
2.25775 2.40141692e-02
2.26557 2.74990068e-02
2.27341 2.46281620e-02
2.28128 2.24573276e-02
2.28918 2.24601396e-02
2.29710 2.58562512e-02
2.30505 2.79009896e-02
2.31303 3.00437188e-02
2.32104 2.92018356e-02
2.32908 3.00135712e-02
2.33714 2.81350220e-02
2.34523 2.68032736e-02
2.35335 2.70674684e-02
2.36149 2.77391368e-02
2.36967 2.73595908e-02
2.37787 2.90165692e-02
2.38610 3.01503084e-02
2.39436 3.11610596e-02
2.40265 3.15563380e-02
2.41097 2.87100760e-02
2.41931 2.58043624e-02
2.42769 2.49932336e-02
2.43609 2.55313320e-02
2.44452 2.73786384e-02
2.45298 3.04214888e-02
2.46148 3.40041692e-02
2.47000 3.69388168e-02
2.47855 3.36535424e-02
2.48713 3.02228876e-02
2.49574 2.94182412e-02
2.50438 3.00387608e-02
2.51304 3.06474848e-02
2.52174 3.08393520e-02
2.53047 2.99651900e-02
2.53923 3.01712800e-02
2.54802 3.21193744e-02
2.55684 3.50245404e-02
2.56569 3.50641452e-02
2.57457 3.35019904e-02
2.58349 3.33074000e-02
2.59243 3.38886996e-02
2.60140 3.30963076e-02
2.61041 3.23068460e-02
2.61944 3.24559412e-02
2.62851 3.31161840e-02
2.63761 3.40159500e-02
2.64674 3.53564008e-02
2.65590 3.61640960e-02
2.66510 3.68732084e-02
2.67432 3.74364964e-02
2.68358 3.60891932e-02
2.69287 3.38463124e-02
2.70219 3.23720400e-02
2.71154 3.21948544e-02
2.72093 3.30207388e-02
2.73035 3.47967536e-02
2.73980 3.73175488e-02
2.74928 3.96451152e-02
2.75880 4.03994860e-02
2.76835 3.95505876e-02
2.77793 3.80792456e-02
2.78755 3.74294220e-02
2.79720 3.72546488e-02
2.80688 3.76839228e-02
2.81660 3.88256244e-02
2.82635 3.98599076e-02
2.83613 4.03155404e-02
2.84595 4.05939136e-02
2.85580 4.08634956e-02
2.86569 4.07426536e-02
2.87561 4.01309548e-02
2.88556 3.98683288e-02
2.89555 4.03385248e-02
2.90557 4.06997928e-02
2.91563 4.08033336e-02
2.92572 4.08370924e-02
2.93585 4.11425052e-02
2.94601 4.16670320e-02
2.95621 4.21995804e-02
2.96644 4.25894420e-02
2.97671 4.26646852e-02
2.98702 4.31316696e-02
2.99736 4.35039636e-02
3.00773 4.39884120e-02
3.01814 4.41238616e-02
3.02859 4.39031788e-02
3.03907 4.35092472e-02
3.04960 4.32760732e-02
3.06015 4.37315876e-02
3.07074 4.46695820e-02
3.08137 4.59508920e-02
3.09204 4.71204324e-02
3.10274 4.79976136e-02
3.11348 4.83404260e-02
3.12426 4.80929552e-02
3.13508 4.76738044e-02
3.14593 4.74560076e-02
3.15682 4.75990052e-02
3.16775 4.80877604e-02
3.17871 4.88026004e-02
3.18972 4.95632020e-02
3.20076 5.03374640e-02
3.21184 5.05419852e-02
3.22295 5.04000088e-02
3.23411 5.01291244e-02
3.24531 4.99338680e-02
3.25654 4.99548692e-02
3.26781 5.04161556e-02
3.27912 5.10244504e-02
3.29047 5.14990420e-02
3.30187 5.16849596e-02
3.31330 5.17456100e-02
3.32476 5.19969880e-02
3.33627 5.23779992e-02
3.34782 5.28056748e-02
3.35941 5.31538448e-02
3.37104 5.36833888e-02
3.38271 5.40056588e-02
3.39442 5.44445084e-02
3.40617 5.50457584e-02
3.41796 5.53223260e-02
3.42979 5.58003956e-02
3.44166 5.63131564e-02
3.45358 5.68043684e-02
3.46553 5.72679044e-02
3.47753 5.77311592e-02
3.48957 5.83485264e-02
3.50164 5.90560256e-02
3.51377 5.96353420e-02
3.52593 6.01808848e-02
3.53814 6.07407392e-02
3.55038 6.12212360e-02
3.56267 6.14179576e-02
3.57500 6.15367868e-02
3.58738 6.17330200e-02
3.59980 6.20718216e-02
3.61226 6.24644804e-02
3.62476 6.27693160e-02
3.63731 6.30847780e-02
3.64990 6.34907568e-02
3.66254 6.40036064e-02
3.67521 6.42936272e-02
3.68794 6.44049084e-02
3.70070 6.46543920e-02
3.71351 6.49085672e-02
3.72637 6.52308372e-02
3.73927 6.56982064e-02
3.75221 6.60393612e-02
3.76520 6.63656864e-02
3.77823 6.66846264e-02
3.79131 6.71378616e-02
3.80443 6.75796416e-02
3.81760 6.80110468e-02
3.83082 6.83103028e-02
3.84408 6.88285248e-02
3.85739 6.94607364e-02
3.87074 6.98409188e-02
3.88414 7.04272652e-02
3.89758 7.10970688e-02
3.91107 7.16380088e-02
3.92461 7.21887464e-02
3.93820 7.27595084e-02
3.95183 7.33470684e-02
3.96551 7.41401116e-02
3.97924 7.49995328e-02
3.99301 7.55945668e-02
4.00683 7.62604040e-02
4.02070 7.69617612e-02
4.03462 7.76301884e-02
4.04859 7.83463012e-02
4.06260 7.90991920e-02
4.07667 7.95316924e-02
4.09078 8.00422184e-02
4.10494 8.06716772e-02
4.11915 8.11382768e-02
4.13341 8.15908016e-02
4.14771 8.21059600e-02
4.16207 8.26848028e-02
4.17648 8.32731768e-02
4.19094 8.37185384e-02
4.20545 8.41494700e-02
4.22000 8.45666672e-02
4.23461 8.50742480e-02
4.24927 8.55854992e-02
4.26398 8.60792420e-02
4.27874 8.65591172e-02
4.29355 8.70343304e-02
4.30841 8.74922128e-02
4.32332 8.79485708e-02
4.33829 8.83969072e-02
4.35331 8.89193028e-02
4.36838 8.94794384e-02
4.38350 9.00240636e-02
4.39867 9.06109280e-02
4.41390 9.12662276e-02
4.42918 9.17702416e-02
4.44451 9.22061164e-02
4.45990 9.28485252e-02
4.47533 9.35365180e-02
4.49083 9.43033060e-02
4.50637 9.50177612e-02
4.52197 9.56933368e-02
4.53762 9.63702888e-02
4.55333 9.70729484e-02
4.56909 9.78690848e-02
4.58491 9.87136172e-02
4.60078 9.96290416e-02
4.61670 1.00490150e-01
4.63269 1.01314762e-01
4.64872 1.02212707e-01
4.66481 1.03137485e-01
4.68096 1.04040729e-01
4.69717 1.04965744e-01
4.71343 1.05942115e-01
4.72974 1.06902117e-01
4.74611 1.07837181e-01
4.76254 1.08742230e-01
4.77903 1.09623038e-01
4.79557 1.10536834e-01
4.81217 1.11448203e-01
4.82883 1.12395966e-01
4.84555 1.13315756e-01
4.86232 1.14103442e-01
4.87915 1.14910545e-01
4.89604 1.15807277e-01
4.91299 1.16640443e-01
4.92999 1.17379362e-01
4.94706 1.18171281e-01
4.96418 1.19018640e-01
4.98137 1.19829162e-01
4.99861 1.20613310e-01
5.01591 1.21417587e-01
5.03328 1.22228967e-01
5.05070 1.22937961e-01
5.06818 1.23615046e-01
5.08573 1.24388894e-01
5.10333 1.25183476e-01
5.12100 1.25938069e-01
5.13873 1.26692425e-01
5.15651 1.27480481e-01
5.17436 1.28279873e-01
5.19228 1.29114919e-01
5.21025 1.29964809e-01
5.22828 1.30779105e-01
5.24638 1.31608926e-01
5.26454 1.32549274e-01
5.28277 1.33515107e-01
5.30105 1.34449919e-01
5.31940 1.35407361e-01
5.33782 1.36405739e-01
5.35629 1.37434117e-01
5.37484 1.38501878e-01
5.39344 1.39602450e-01
5.41211 1.40741962e-01
5.43084 1.41916060e-01
5.44965 1.43175614e-01
5.46851 1.44487250e-01
5.48744 1.45746996e-01
5.50643 1.46993866e-01
5.52550 1.48342620e-01
5.54462 1.49778960e-01
5.56381 1.51213376e-01
5.58308 1.52633880e-01
5.60240 1.54093604e-01
5.62179 1.55611196e-01
5.64125 1.57144624e-01
5.66078 1.58682048e-01
5.68038 1.60230276e-01
5.70004 1.61770808e-01
5.71977 1.63315188e-01
5.73957 1.64938896e-01
5.75944 1.66581252e-01
5.77938 1.68169144e-01
5.79938 1.69716632e-01
5.81946 1.71287652e-01
5.83960 1.72900408e-01
5.85982 1.74495848e-01
5.88010 1.76048516e-01
5.90045 1.77586680e-01
5.92088 1.79122920e-01
5.94137 1.80645396e-01
5.96194 1.82160620e-01
5.98258 1.83665928e-01
6.00329 1.85175824e-01
6.02407 1.86707772e-01
6.04492 1.88228620e-01
6.06585 1.89735408e-01
6.08684 1.91234352e-01
6.10791 1.92684308e-01
6.12906 1.94113100e-01
6.15027 1.95571344e-01
6.17156 1.97081684e-01
6.19293 1.98595872e-01
6.21436 2.00137884e-01
6.23588 2.01688628e-01
6.25746 2.03259796e-01
6.27912 2.04849908e-01
6.30086 2.06458076e-01
6.32267 2.08089628e-01
6.34455 2.09743084e-01
6.36652 2.11419924e-01
6.38856 2.13123404e-01
6.41067 2.14899700e-01
6.43286 2.16779448e-01
6.45513 2.18694272e-01
6.47747 2.20584824e-01
6.49990 2.22507936e-01
6.52240 2.24509340e-01
6.54497 2.26602504e-01
6.56763 2.28738884e-01
6.59037 2.30914188e-01
6.61318 2.33134040e-01
6.63607 2.35423896e-01
6.65904 2.37795152e-01
6.68209 2.40213472e-01
6.70522 2.42716152e-01
6.72843 2.45271964e-01
6.75172 2.47871880e-01
6.77510 2.50511460e-01
6.79855 2.53195440e-01
6.82208 2.55981540e-01
6.84570 2.58836016e-01
6.86939 2.61734744e-01
6.89317 2.64697556e-01
6.91704 2.67699588e-01
6.94098 2.70772660e-01
6.96500 2.73924764e-01
6.98911 2.77111648e-01
7.01331 2.80369424e-01
7.03759 2.83669824e-01
7.06195 2.87007816e-01
7.08639 2.90453108e-01
7.11092 2.93926816e-01
7.13554 2.97448624e-01
7.16024 3.01032296e-01
7.18502 3.04641128e-01
7.20990 3.08328992e-01
7.23485 3.12073244e-01
7.25990 3.15842212e-01
7.28503 3.19728840e-01
7.31025 3.23656316e-01
7.33555 3.27615168e-01
7.36094 3.31661044e-01
7.38642 3.35735780e-01
7.41199 3.39866904e-01
7.43765 3.44108880e-01
7.46340 3.48384896e-01
7.48923 3.52750156e-01
7.51516 3.57233816e-01
7.54117 3.61759360e-01
7.56727 3.66381548e-01
7.59347 3.71099048e-01
7.61975 3.75866424e-01
7.64613 3.80787128e-01
7.67260 3.85827120e-01
7.69916 3.90927792e-01
7.72581 3.96184604e-01
7.75255 4.01552712e-01
7.77939 4.06991860e-01
7.80632 4.12705696e-01
7.83334 4.18579668e-01
7.86046 4.24539332e-01
7.88767 4.30757404e-01
7.91497 4.37136352e-01
7.94237 4.43614164e-01
7.96986 4.50351272e-01
7.99745 4.57265980e-01
8.02513 4.64292576e-01
8.05291 4.71622720e-01
8.08079 4.79183596e-01
8.10876 4.86870568e-01
8.13683 4.94866416e-01
8.16500 5.03150420e-01
8.19326 5.11575320e-01
8.22162 5.20290152e-01
8.25008 5.29360480e-01
8.27864 5.38586800e-01
8.30730 5.48088400e-01
8.33605 5.58093200e-01
8.36491 5.68272048e-01
8.39386 5.78658244e-01
8.42292 5.89686464e-01
8.45208 6.00908120e-01
8.48133 6.12324396e-01
8.51069 6.24403564e-01
8.54016 6.36788352e-01
8.56972 6.49389960e-01
8.59938 6.62636700e-01
8.62915 6.76445248e-01
8.65902 6.90500660e-01
8.68899 7.05060160e-01
8.71907 7.20595128e-01
8.74925 7.36416032e-01
8.77954 7.52525092e-01
8.80993 7.69758508e-01
8.84043 7.87383088e-01
8.87103 8.05333564e-01
8.90174 8.24151764e-01
8.93255 8.43780116e-01
8.96347 8.63774324e-01
8.99450 8.84267884e-01
9.02563 9.06098624e-01
9.05688 9.28333552e-01
9.08823 9.50972816e-01
9.11969 9.74718232e-01
9.15126 9.99252044e-01
9.18294 1.02421461e+00
9.21472 1.04974298e+00
9.24662 1.07646498e+00
9.27863 1.10361735e+00
9.31075 1.13119123e+00
9.34298 1.15953249e+00
9.37532 1.18850275e+00
9.40777 1.21785959e+00
9.44034 1.24772984e+00
9.47302 1.28547694e+00
9.50581 1.32369927e+00
9.53871 1.36235554e+00
9.57173 1.39708389e+00
9.60487 1.42509910e+00
9.63811 1.45329236e+00
9.67148 1.48164576e+00
9.70495 1.50599176e+00
9.73855 1.52867276e+00
9.77226 1.55144700e+00
9.80609 1.57430560e+00
9.84003 1.59250368e+00
9.87409 1.61063072e+00
9.90827 1.62882140e+00
9.94257 1.64606192e+00
9.97699 1.65912736e+00
10.01153 1.67225348e+00
10.04618 1.68543436e+00
10.08096 1.69716336e+00
10.11585 1.70630976e+00
10.15087 1.71549908e+00
10.18601 1.72472984e+00
10.22127 1.73291276e+00
10.25665 1.73997976e+00
10.29215 1.74708820e+00
10.32778 1.75423660e+00
10.36353 1.76028684e+00
10.39941 1.76545352e+00
10.43540 1.77066164e+00
10.47153 1.77590676e+00
10.50777 1.77867880e+00
10.54415 1.77955644e+00
10.58065 1.78046960e+00
10.61727 1.78141384e+00
10.65403 1.78103792e+00
10.69091 1.77946616e+00
10.72791 1.77792104e+00
10.76505 1.77640552e+00
10.80231 1.77335820e+00
10.83971 1.76821520e+00
10.87723 1.76308996e+00
10.91488 1.75798544e+00
10.95266 1.75179904e+00
10.99058 1.74257864e+00
11.02862 1.73336120e+00
11.06680 1.72414672e+00
11.10511 1.71490708e+00
11.14355 1.70506804e+00
11.18212 1.69523196e+00
11.22083 1.68540032e+00
11.25967 1.67557756e+00
11.29865 1.66478244e+00
11.33776 1.65369724e+00
11.37701 1.64262240e+00
11.41639 1.63156236e+00
11.45591 1.61917180e+00
11.49556 1.60494752e+00
11.53536 1.59075136e+00
11.57529 1.57658480e+00
11.61536 1.56243600e+00
11.65556 1.54591180e+00
11.69591 1.52943792e+00
11.73640 1.51301732e+00
11.77702 1.49665296e+00
11.81779 1.47681933e+00
11.85870 1.45393528e+00
11.89975 1.43118412e+00
11.94094 1.40857490e+00
11.98227 1.38611576e+00
12.02375 1.35343780e+00
12.06537 1.32083251e+00
12.10714 1.28856244e+00
12.14905 1.25664314e+00
12.19110 1.22289943e+00
12.23330 1.18556554e+00
12.27565 1.14867388e+00
12.31814 1.11224235e+00
12.36078 1.07629004e+00
12.40357 1.04604180e+00
12.44651 1.01882194e+00
12.48959 9.91861072e-01
12.53283 9.65178152e-01
12.57621 9.38793896e-01
12.61974 9.17118112e-01
12.66343 8.96249372e-01
12.70726 8.75595084e-01
12.75125 8.55174192e-01
12.79539 8.35165036e-01
12.83968 8.22149176e-01
12.88413 8.09267996e-01
12.92873 7.96534224e-01
12.97348 7.83958664e-01
13.01839 7.72638736e-01
13.06345 7.73322792e-01
13.10867 7.74087360e-01
13.15405 7.74935844e-01
13.19959 7.75871056e-01
13.24528 7.76887224e-01
13.29113 7.77854256e-01
13.33713 7.78897212e-01
13.38330 7.80016832e-01
13.42963 7.81214300e-01
13.47612 7.82490208e-01
13.52277 7.87966060e-01
13.56958 7.93789120e-01
13.61655 7.99722736e-01
13.66368 8.05767648e-01
13.71098 8.11924744e-01
13.75844 8.17225660e-01
13.80607 8.22284300e-01
13.85386 8.27439584e-01
13.90182 8.32691364e-01
13.94994 8.38039788e-01
13.99823 8.45324348e-01
14.04668 8.55105668e-01
14.09531 8.65049936e-01
14.14410 8.75158040e-01
14.19306 8.85430424e-01
14.24219 8.95882332e-01
14.29149 9.06863784e-01
14.34096 9.18011588e-01
14.39060 9.29326188e-01
14.44042 9.40808028e-01
14.49041 9.52457404e-01
14.54057 9.64102784e-01
14.59090 9.75753344e-01
14.64141 9.87553680e-01
14.69209 9.99504088e-01
14.74295 1.01160472e+00
14.79398 1.02385571e+00
14.84519 1.03765212e+00
14.89658 1.05172959e+00
14.94814 1.06597873e+00
14.99989 1.08040000e+00
15.05181 1.09499310e+00
15.10392 1.10981618e+00
15.15620 1.12503369e+00
15.20866 1.14042303e+00
15.26131 1.15598390e+00
15.31414 1.17171585e+00
15.36715 1.18761875e+00
15.42034 1.20362732e+00
15.47372 1.21968813e+00
15.52729 1.23590597e+00
15.58103 1.25228069e+00
15.63497 1.26881229e+00
15.68909 1.28550032e+00
15.74340 1.30242250e+00
15.79790 1.31961107e+00
15.85258 1.33695652e+00
15.90746 1.35445870e+00
15.96252 1.37211747e+00
16.01778 1.38993268e+00
16.07323 1.40666319e+00
16.12886 1.42105796e+00
16.18470 1.43556300e+00
16.24072 1.45017844e+00
16.29694 1.46490430e+00
16.35335 1.47974041e+00
16.40996 1.49448624e+00
16.46677 1.50791724e+00
16.52377 1.52144000e+00
16.58097 1.53505452e+00
16.63836 1.54876228e+00
16.69596 1.56256180e+00
16.75375 1.57645308e+00
16.81175 1.58608196e+00
16.86994 1.59450464e+00
16.92834 1.60296876e+00
16.98694 1.61147284e+00
17.04574 1.62001836e+00
17.10474 1.62860384e+00
17.16395 1.63729292e+00
17.22337 1.64617588e+00
17.28299 1.65510176e+00
17.34281 1.66406760e+00
17.40285 1.67307488e+00
17.46309 1.68212360e+00
17.52354 1.69121228e+00
17.58420 1.69833700e+00
17.64507 1.70439464e+00
17.70615 1.71047152e+00
17.76744 1.71656764e+00
17.82894 1.72268300e+00
17.89066 1.72881760e+00
17.95259 1.73496848e+00
18.01473 1.73970892e+00
18.07709 1.74421108e+00
18.13967 1.74871916e+00
18.20246 1.75323316e+00
18.26547 1.75775308e+00
18.32870 1.76227744e+00
18.39214 1.76680772e+00
18.45581 1.76931336e+00
18.51969 1.77157628e+00
18.58380 1.77383032e+00
18.64813 1.77607844e+00
18.71268 1.77831620e+00
18.77746 1.78054508e+00
18.84246 1.78276508e+00
18.90768 1.78455440e+00
18.97313 1.78620460e+00
19.03881 1.78784296e+00
19.10472 1.78946948e+00
19.17085 1.79108416e+00
19.23721 1.79268700e+00
19.30380 1.79427652e+00
19.37062 1.79628932e+00
19.43768 1.79881124e+00
19.50496 1.80132428e+00
19.57248 1.80382844e+00
19.64023 1.80632372e+00
19.70822 1.80880864e+00
19.77644 1.81128320e+00
19.84490 1.81374740e+00
19.91359 1.81647208e+00
19.98252 1.81919824e+00
20.05169 1.82191256e+00
20.12110 1.82461652e+00
20.19076 1.82730716e+00
20.26065 1.82998596e+00
20.33078 1.83265144e+00
20.40116 1.83527548e+00
20.47178 1.83780036e+00
20.54264 1.84030748e+00
20.61375 1.84279980e+00
20.68511 1.84527584e+00
20.75671 1.84773412e+00
20.82856 1.85017464e+00
20.90066 1.85259740e+00
20.97301 1.85544344e+00
21.04561 1.85909016e+00
21.11846 1.86272060e+00
21.19157 1.86633624e+00
21.26492 1.86993560e+00
21.33853 1.87351868e+00
21.41240 1.87708400e+00
21.48652 1.88063156e+00
21.56090 1.88404444e+00
21.63553 1.88701924e+00
21.71043 1.88996592e+00
21.78558 1.89288596e+00
21.86099 1.89577640e+00
21.93666 1.89864020e+00
22.01260 1.90147292e+00
22.08880 1.90427604e+00
22.16526 1.90704956e+00
22.24199 1.90646644e+00
22.31898 1.90526616e+00
22.39624 1.90402148e+00
22.47377 1.90273240e+00
22.55156 1.90139744e+00
22.62962 1.90001808e+00
22.70796 1.89859432e+00
22.78656 1.89712320e+00
22.86544 1.89497572e+00
22.94459 1.89075032e+00
23.02402 1.88647756e+00
23.10372 1.88215744e+00
23.18369 1.87778848e+00
23.26394 1.87337216e+00
23.34447 1.86890848e+00
23.42528 1.86439744e+00
23.50637 1.85983904e+00
23.58774 1.85383616e+00
23.66939 1.84528028e+00
23.75133 1.83668444e+00
23.83354 1.82804864e+00
23.91604 1.81937436e+00
23.99883 1.81066160e+00
24.08191 1.80191480e+00
24.16527 1.79313100e+00
24.24892 1.78431316e+00
24.33286 1.77502912e+00
24.41709 1.76396316e+00
24.50161 1.75287648e+00
24.58642 1.74177056e+00
24.67153 1.73064984e+00
24.75693 1.71951432e+00
24.84263 1.70836400e+00
24.92863 1.69720480e+00
25.01492 1.68603376e+00
25.10151 1.67485532e+00
25.18840 1.66236708e+00
25.27559 1.64942300e+00
25.36309 1.63649372e+00
25.45088 1.62357776e+00
25.53898 1.61067956e+00
25.62739 1.59779912e+00
25.71610 1.58494236e+00
25.80512 1.57210632e+00
25.89444 1.55929692e+00
25.98408 1.54651416e+00
26.07403 1.53319712e+00
26.16428 1.51989488e+00
26.25485 1.50663556e+00
26.34574 1.49342064e+00
26.43694 1.48025308e+00
26.52845 1.46713377e+00
26.62028 1.45406404e+00
26.71243 1.44104596e+00
26.80489 1.42808116e+00
26.89768 1.41517097e+00
26.99079 1.40191653e+00
27.08422 1.38865129e+00
27.17798 1.37545709e+00
27.27205 1.36233497e+00
27.36646 1.34928640e+00
27.46119 1.33631272e+00
27.55625 1.32341482e+00
27.65164 1.31059402e+00
27.74736 1.29785122e+00
27.84341 1.28518760e+00
27.93979 1.27268219e+00
28.03650 1.26040559e+00
28.13355 1.24821143e+00
28.23094 1.23610014e+00
28.32867 1.22407233e+00
28.42673 1.21212873e+00
28.52513 1.20026994e+00
28.62387 1.18849624e+00
28.72295 1.17680809e+00
28.82238 1.16520607e+00
28.92215 1.15369034e+00
29.02227 1.14238240e+00
29.12273 1.13130090e+00
29.22354 1.12030509e+00
29.32470 1.10939483e+00
29.42621 1.09857026e+00
29.52807 1.08783167e+00
29.63029 1.07717893e+00
29.73286 1.06661202e+00
29.83578 1.05613111e+00
29.93906 1.04573588e+00
30.04269 1.03542650e+00
30.14669 1.02523966e+00
30.25104 1.01534024e+00
30.35576 1.00552414e+00
30.46084 9.95791064e-01
30.56628 9.86140872e-01
30.67209 9.76572968e-01
30.77826 9.67087500e-01
30.88481 9.57683876e-01
30.99172 9.48362096e-01
31.09900 9.39121568e-01
31.20665 9.29961996e-01
31.31467 9.20883232e-01
31.42307 9.12035496e-01
31.53184 9.03505812e-01
31.64099 8.95050424e-01
31.75052 8.86669036e-01
31.86043 8.78361352e-01
31.97072 8.70126780e-01
32.08139 8.61965024e-01
32.19244 8.53875640e-01
32.30388 8.45858036e-01
32.41570 8.37912064e-01
32.52791 8.30037132e-01
32.64051 8.22232796e-01
32.75349 8.14594368e-01
32.86687 8.07745520e-01
32.98064 8.00952912e-01
33.09481 7.94216248e-01
33.20937 7.87535084e-01
33.32433 7.80909272e-01
33.43968 7.74338220e-01
33.55544 7.67821632e-01
33.67159 7.61359212e-01
33.78815 7.54950516e-01
33.90511 7.48595100e-01
34.02247 7.42292816e-01
34.14024 7.36043072e-01
34.25842 7.29833140e-01
34.37701 7.23647036e-01
34.49601 7.17512584e-01
34.61542 7.11429636e-01
34.73525 7.05397748e-01
34.85549 6.99416476e-01
34.97614 6.93485524e-01
35.09721 6.87604596e-01
35.21871 6.81773248e-01
35.34062 6.75991036e-01
35.46295 6.70257664e-01
35.58571 6.64572836e-01
35.70889 6.58936108e-01
35.83250 6.53347036e-01
35.95654 6.47864820e-01
36.08101 6.42435440e-01
36.20590 6.37051940e-01
36.33123 6.31713876e-01
36.45700 6.26421100e-01
36.58320 6.21173168e-01
36.70983 6.15969636e-01
36.83691 6.10810208e-01
36.96442 6.05694440e-01
37.09238 6.00622184e-01
37.22077 5.95593144e-01
37.34962 5.90606580e-01
37.47890 5.85662640e-01
37.60864 5.80760584e-01
37.73883 5.76087632e-01
37.86946 5.71487496e-01
38.00055 5.66925100e-01
38.13209 5.62400444e-01
38.26409 5.57912936e-01
38.39654 5.53462428e-01
38.52946 5.49048476e-01
38.66283 5.44670932e-01
38.79667 5.40329500e-01
38.93096 5.36023884e-01
39.06573 5.31753640e-01
39.20096 5.27518620e-01
39.33665 5.23318528e-01
39.47282 5.19152920e-01
39.60946 5.15036300e-01
39.74657 5.11140200e-01
39.88416 5.07274588e-01
40.02222 5.03439168e-01
40.16076 4.99633940e-01
40.29978 4.95858460e-01
40.43928 4.92112432e-01
40.57926 4.88395856e-01
40.71973 4.84708436e-01
40.86069 4.81049728e-01
41.00213 4.77419732e-01
41.14406 4.73818152e-01
41.28648 4.70244840e-01
41.42940 4.66699500e-01
41.57281 4.63181836e-01
41.71672 4.59691700e-01
41.86113 4.56180844e-01
42.00603 4.52650600e-01
42.15144 4.49148624e-01
42.29735 4.45674620e-01
42.44377 4.42228588e-01
42.59069 4.38810084e-01
42.73812 4.35419108e-01
42.88606 4.32055216e-01
43.03451 4.28718260e-01
43.18348 4.25407944e-01
43.33297 4.22124268e-01
43.48297 4.18866936e-01
43.63349 4.15635504e-01
43.78453 4.12430120e-01
43.93609 4.09250340e-01
44.08818 4.06096016e-01
44.24079 4.02966112e-01
44.39394 3.99847308e-01
44.54761 3.96753516e-01
44.70182 3.93684588e-01
44.85655 3.90640376e-01
45.01183 3.87620732e-01
45.16764 3.84625212e-01
45.32399 3.81653816e-01
45.48089 3.78706396e-01
45.63832 3.75782656e-01
45.79630 3.72882300e-01
45.95483 3.70005328e-01
46.11391 3.67151296e-01
46.27353 3.64320352e-01
46.43371 3.61512052e-01
46.59445 3.58726396e-01
46.75574 3.55962940e-01
46.91759 3.53221684e-01
47.08000 3.50462372e-01
47.24297 3.47699360e-01
47.40650 3.44958844e-01
47.57060 3.42240824e-01
47.73527 3.39545004e-01
47.90051 3.36871236e-01
48.06633 3.34219372e-01
48.23271 3.31589264e-01
48.39967 3.28980616e-01
48.56721 3.26393280e-01
48.73533 3.23827108e-01
48.90403 3.21281952e-01
49.07332 3.18757516e-01
49.24319 3.16253652e-01
49.41365 3.13770360e-01
49.58470 3.11307196e-01
49.75634 3.08864160e-01
49.92858 3.06441104e-01
50.10141 3.04040988e-01
50.27484 3.01741808e-01
50.44887 2.99460684e-01
50.62350 2.97197764e-01
50.79874 2.94952752e-01
50.97458 2.92725352e-01
51.15104 2.90515712e-01
51.32810 2.88323536e-01
51.50578 2.86148528e-01
51.68407 2.83990836e-01
51.86298 2.81850164e-01
52.04250 2.79726364e-01
52.22265 2.77619288e-01
52.40343 2.75528788e-01
52.58482 2.73454864e-01
52.76685 2.71397220e-01
52.94951 2.69355856e-01
53.13280 2.67330476e-01
53.31672 2.65321080e-01
53.50128 2.63327520e-01
53.68648 2.61344764e-01
53.87232 2.59358604e-01
54.05880 2.57388280e-01
54.24593 2.55433496e-01
54.43371 2.53494252e-01
54.62214 2.51570400e-01
54.81122 2.49661792e-01
55.00095 2.47768428e-01
55.19134 2.45890012e-01
55.38239 2.44026396e-01
55.57410 2.42177580e-01
55.76647 2.40343416e-01
55.95951 2.38523756e-01
56.15322 2.36718452e-01
56.34760 2.34927504e-01
56.54265 2.33150616e-01
56.73838 2.31387788e-01
56.93479 2.29638872e-01
57.13187 2.27903720e-01
57.32964 2.26182332e-01
57.52809 2.24474560e-01
57.72723 2.22780108e-01
57.92705 2.21096904e-01
58.12757 2.19426576e-01
58.32879 2.17769568e-01
58.53070 2.16125436e-01
58.73331 2.14494476e-01
58.93662 2.12876244e-01
59.14063 2.11270740e-01
59.34535 2.09677964e-01
59.55078 2.08097768e-01
59.75692 2.06529856e-01
59.96377 2.04974376e-01
60.17134 2.03431180e-01
60.37963 2.01899972e-01
60.58864 2.00380900e-01
60.79837 1.98873668e-01
61.00883 1.97378276e-01
61.22002 1.95894724e-01
61.43194 1.94422716e-01
61.64459 1.92962252e-01
61.85797 1.91513184e-01
62.07210 1.90075512e-01
62.28697 1.88649088e-01
62.50258 1.87233912e-01
62.71894 1.85837976e-01
62.93605 1.84453880e-01
63.15390 1.83080588e-01
63.37252 1.81717804e-01
63.59189 1.80365676e-01
63.81201 1.79024056e-01
64.03290 1.77692944e-01
64.25456 1.76372044e-01
64.47698 1.75061356e-01
64.70017 1.73760880e-01
64.92414 1.72470468e-01
65.14888 1.71190120e-01
65.37440 1.69919540e-01
65.60070 1.68658876e-01
65.82778 1.67407980e-01
66.05565 1.66166704e-01
66.28430 1.64935048e-01
66.51375 1.63713012e-01
66.74400 1.62500300e-01
66.97504 1.61296912e-01
67.20688 1.60102848e-01
67.43952 1.58917960e-01
67.67297 1.57742248e-01
67.90722 1.56575564e-01
68.14229 1.55417908e-01
68.37817 1.54269132e-01
68.61486 1.53129088e-01
68.85238 1.51997924e-01
69.09072 1.50875344e-01
69.32988 1.49761496e-01
69.56987 1.48656084e-01
69.81069 1.47559256e-01
70.05235 1.46470849e-01
70.29484 1.45390775e-01
70.53817 1.44319003e-01
70.78235 1.43255446e-01
71.02737 1.42200043e-01
71.27323 1.41152736e-01
71.51995 1.40113435e-01
71.76752 1.39082112e-01
72.01595 1.38058662e-01
72.26524 1.37043057e-01
72.51539 1.36035221e-01
72.76641 1.35035082e-01
73.01830 1.34042579e-01
73.27106 1.33057668e-01
73.52469 1.32080276e-01
73.77920 1.31110344e-01
74.03460 1.30147796e-01
74.29087 1.29192604e-01
74.54804 1.28244694e-01
74.80609 1.27303991e-01
75.06504 1.26370954e-01
75.32488 1.25445362e-01
75.58563 1.24526800e-01
75.84727 1.23615224e-01
76.10982 1.22710589e-01
76.37328 1.21812806e-01
76.63766 1.20921861e-01
76.90295 1.20037664e-01
77.16915 1.19160187e-01
77.43628 1.18289355e-01
77.70433 1.17425139e-01
77.97331 1.16567464e-01
78.24322 1.15716286e-01
78.51407 1.14871547e-01
78.78585 1.14033216e-01
79.05857 1.13201219e-01
79.33224 1.12375512e-01
79.60686 1.11556051e-01
79.88242 1.10742791e-01
80.15894 1.09935658e-01
80.43642 1.09134638e-01
80.71486 1.08339656e-01
80.99426 1.07550668e-01
81.27463 1.06767629e-01
81.55596 1.05990511e-01
81.83828 1.05219238e-01
82.12157 1.04453768e-01
82.40584 1.03694069e-01
82.69109 1.02940083e-01
82.97733 1.02191780e-01
83.26457 1.01450626e-01
83.55279 1.00717404e-01
83.84202 9.99896732e-02
84.13225 9.92673740e-02
84.42348 9.85504768e-02
84.71572 9.78389372e-02
85.00897 9.71327108e-02
85.30323 9.64317680e-02
85.59852 9.57360496e-02
85.89482 9.50455112e-02
86.19215 9.43601380e-02
86.49052 9.36798708e-02
86.78991 9.30046652e-02
87.09034 9.23345064e-02
87.39181 9.16693204e-02
87.69432 9.10090924e-02
87.99789 9.03537780e-02
88.30250 8.97033328e-02
88.60816 8.90577420e-02
88.91489 8.84169316e-02
89.22267 8.77808868e-02
89.53153 8.71495632e-02
89.84145 8.65229312e-02
90.15244 8.59009612e-02
90.46451 8.52835940e-02
90.77766 8.46708000e-02
91.09190 8.40625496e-02
91.40722 8.34588132e-02
91.72363 8.28595464e-02
92.04114 8.22647196e-02
92.35975 8.16743032e-02
92.67946 8.10882380e-02
93.00028 8.05065240e-02
93.32221 7.99291020e-02
93.64525 7.93560608e-02
93.96941 7.87872820e-02
94.29469 7.82227064e-02
94.62110 7.76623044e-02
94.94864 7.71060464e-02
95.27731 7.65538880e-02
95.60712 7.60057996e-02
95.93807 7.54617516e-02
96.27017 7.49217144e-02
96.60342 7.43856584e-02
96.93782 7.38535540e-02
97.27338 7.33253716e-02
97.61010 7.28010668e-02
97.94798 7.22806248e-02
98.28704 7.17640160e-02
98.62727 7.12511960e-02
98.96867 7.07421500e-02
99.31126 7.02368484e-02
99.65504 6.97352616e-02
100.00000 6.92373452e-02
