        2000  5.000000 3.710000
0.10000 7.86634515e-01
0.10035 7.86492051e-01
0.10069 7.86345630e-01
0.10104 7.86195251e-01
0.10139 7.86040915e-01
0.10174 7.85882869e-01
0.10210 7.85720866e-01
0.10245 7.85554658e-01
0.10280 7.85384740e-01
0.10316 7.85191820e-01
0.10352 7.84908623e-01
0.10387 7.84616523e-01
0.10423 7.84315518e-01
0.10459 7.84005857e-01
0.10496 7.82309150e-01
0.10532 7.48208067e-01
0.10568 7.26044279e-01
0.10605 7.25723983e-01
0.10642 7.25395524e-01
0.10679 7.25058656e-01
0.10716 7.24713379e-01
0.10753 7.24359939e-01
0.10790 7.23998091e-01
0.10827 7.23627833e-01
0.10865 7.23249413e-01
0.10902 7.22862336e-01
0.10940 7.22466850e-01
0.10978 7.22063202e-01
0.11016 7.21650897e-01
0.11054 7.21230183e-01
0.11092 7.20801060e-01
0.11131 7.20363280e-01
0.11169 7.19917091e-01
0.11208 7.19462492e-01
0.11247 7.18999237e-01
0.11286 7.18379667e-01
0.11325 7.17738331e-01
0.11364 7.17082403e-01
0.11403 7.16411883e-01
0.11443 7.15726769e-01
0.11482 7.15027063e-01
0.11522 7.14313012e-01
0.11562 7.13584121e-01
0.11602 7.12840637e-01
0.11642 7.12082807e-01
0.11682 7.11310138e-01
0.11723 7.10522876e-01
0.11763 7.09720774e-01
0.11804 7.08904327e-01
0.11845 7.08073039e-01
0.11886 7.07227159e-01
0.11927 7.06366934e-01
0.11968 7.05491621e-01
0.12010 7.04601963e-01
0.12051 7.03697713e-01
0.12093 7.02778869e-01
0.12135 7.01845186e-01
0.12177 7.00897157e-01
0.12219 6.99934536e-01
0.12262 6.98957322e-01
0.12304 6.97965763e-01
0.12347 6.96959363e-01
0.12389 6.97765423e-01
0.12432 7.02521148e-01
0.12475 7.06960287e-01
0.12518 7.09899349e-01
0.12562 7.11131069e-01
0.12605 7.12334345e-01
0.12649 7.12788449e-01
0.12693 7.12561892e-01
0.12737 7.12333851e-01
0.12781 7.12257177e-01
0.12825 7.12291062e-01
0.12869 7.12325441e-01
0.12914 7.12306891e-01
0.12959 7.12254704e-01
0.13003 7.12202269e-01
0.13048 7.12044471e-01
0.13094 7.11818408e-01
0.13139 7.11591109e-01
0.13184 7.11414265e-01
0.13230 7.11273780e-01
0.13276 7.11132800e-01
0.13322 7.10961645e-01
0.13368 7.10761800e-01
0.13414 7.10560965e-01
0.13461 7.10354689e-01
0.13507 7.10034393e-01
0.13554 7.09711623e-01
0.13601 7.09386132e-01
0.13648 7.08895423e-01
0.13695 7.08381464e-01
0.13743 7.07862064e-01
0.13790 7.07268464e-01
0.13838 7.06643205e-01
0.13886 7.06010032e-01
0.13934 7.05160689e-01
0.13982 7.04112491e-01
0.14031 7.03045989e-01
0.14079 7.01866209e-01
0.14128 7.00434891e-01
0.14177 6.98973151e-01
0.14226 6.97480989e-01
0.14275 6.95941834e-01
0.14324 6.94372009e-01
0.14374 6.92771268e-01
0.14424 6.90689216e-01
0.14474 6.88368487e-01
0.14524 6.85990625e-01
0.14574 6.82894011e-01
0.14625 6.78482079e-01
0.14675 6.73903939e-01
0.14726 6.69162312e-01
0.14777 6.65967755e-01
0.14828 6.62759841e-01
0.14879 6.59485890e-01
0.14931 6.54540707e-01
0.14983 6.48040045e-01
0.15034 6.41326182e-01
0.15087 6.34436217e-01
0.15139 6.27766132e-01
0.15191 6.20928355e-01
0.15244 6.13930800e-01
0.15297 6.06539985e-01
0.15349 5.98798205e-01
0.15403 5.90903325e-01
0.15456 5.82864991e-01
0.15509 5.73761641e-01
0.15563 5.63722381e-01
0.15617 5.53504299e-01
0.15671 5.42964931e-01
0.15725 5.31689251e-01
0.15780 5.16808936e-01
0.15834 4.93215809e-01
0.15889 4.48130405e-01
0.15944 3.95949503e-01
0.15999 4.81561957e-01
0.16055 4.69109466e-01
0.16110 4.57735101e-01
0.16166 3.54114306e-01
0.16222 4.36681840e-01
0.16278 4.26358147e-01
0.16335 4.15045367e-01
0.16391 4.03175841e-01
0.16448 3.87346507e-01
0.16505 3.73270273e-01
0.16562 3.94373247e-01
0.16619 3.88081582e-01
0.16677 3.81233911e-01
0.16734 3.71362591e-01
0.16792 3.48420198e-01
0.16851 3.26787930e-01
0.16909 3.22575843e-01
0.16967 3.06807354e-01
0.17026 3.46355459e-01
0.17085 3.37327051e-01
0.17144 3.28949623e-01
0.17204 1.64694048e-01
0.17263 1.34634193e-01
0.17323 1.95761019e-01
0.17383 2.63843081e-01
0.17443 2.53639591e-01
0.17503 2.12697095e-01
0.17564 2.11077927e-01
0.17625 9.91675827e-02
0.17686 2.29483534e-01
0.17747 2.23747627e-01
0.17808 2.17765499e-01
0.17870 1.17584814e-01
0.17932 1.77051192e-01
0.17994 2.31809481e-01
0.18056 2.15177304e-01
0.18119 1.99748700e-01
0.18182 1.85400028e-01
0.18244 1.51215445e-01
0.18308 1.40666060e-01
0.18371 1.41881654e-01
0.18435 1.64441372e-01
0.18498 1.59109360e-01
0.18562 1.48963227e-01
0.18627 1.39555780e-01
0.18691 1.30645572e-01
0.18756 1.22289713e-01
0.18821 1.15025607e-01
0.18886 1.08237049e-01
0.18951 1.01840193e-01
0.19017 9.58129265e-02
0.19083 9.26430036e-02
0.19149 7.50228038e-02
0.19215 6.19547740e-02
0.19282 6.12652334e-02
0.19348 8.66368104e-02
0.19415 7.70824227e-02
0.19483 7.05842340e-02
0.19550 3.07886964e-02
0.19618 2.70085279e-02
0.19686 4.63962212e-02
0.19754 5.75342101e-02
0.19822 5.64420850e-02
0.19891 5.53607931e-02
0.19960 4.59101370e-02
0.20029 2.04984054e-02
0.20098 1.87376666e-02
0.20168 5.34848935e-02
0.20237 5.85998210e-02
0.20307 2.11765069e-02
0.20378 1.22582901e-02
0.20448 2.11388553e-02
0.20519 1.51537794e-02
0.20590 2.27884994e-02
0.20661 2.03451899e-02
0.20733 9.10939055e-03
0.20805 7.55493517e-03
0.20877 6.84936985e-03
0.20949 4.01095767e-03
0.21021 3.99744338e-03
0.21094 6.63738292e-03
0.21167 1.14831005e-02
0.21240 1.18086678e-02
0.21314 1.21474131e-02
0.21388 6.79571830e-03
0.21462 5.58022089e-03
0.21536 1.64832505e-03
0.21611 2.01290527e-04
0.21685 2.04984030e-03
0.21760 5.49266737e-03
0.21836 5.51411364e-03
0.21911 5.58123001e-03
0.21987 5.76909205e-03
0.22063 6.36760903e-03
0.22140 2.79303640e-02
0.22216 1.62475517e-01
0.22293 2.15309776e-01
0.22370 5.63397632e-02
0.22448 2.07632425e-01
0.22526 7.16034205e-01
0.22604 2.36036136e-01
0.22682 5.22153809e-02
0.22760 1.02907782e-02
0.22839 1.94138067e-03
0.22918 3.69633731e-04
0.22998 2.24259087e-04
0.23077 2.21902174e-04
0.23157 2.24484185e-04
0.23237 2.25701807e-04
0.23318 2.22791980e-04
0.23398 2.21991461e-04
0.23479 2.24770251e-04
0.23561 2.23984448e-04
0.23642 2.22518949e-04
0.23724 2.24782346e-04
0.23806 2.23745376e-04
0.23889 2.22829253e-04
0.23971 2.25240555e-04
0.24054 2.21782192e-04
0.24137 2.23076587e-04
0.24221 2.27056897e-04
0.24305 2.24387206e-04
0.24389 2.22222248e-04
0.24473 2.23466780e-04
0.24558 2.24221913e-04
0.24643 2.24533751e-04
0.24728 2.25998731e-04
0.24814 2.24053974e-04
0.24900 2.21241744e-04
0.24986 2.24453664e-04
0.25073 2.25470081e-04
0.25159 2.22386749e-04
0.25246 2.22967809e-04
0.25334 2.26895661e-04
0.25422 2.27589975e-04
0.25510 2.23200327e-04
0.25598 2.20763253e-04
0.25687 2.22595721e-04
0.25775 2.25952356e-04
0.25865 2.26914656e-04
0.25954 2.23655619e-04
0.26044 2.23163648e-04
0.26134 2.25493058e-04
0.26225 2.25532260e-04
0.26315 2.32747122e-04
0.26406 2.23023830e-04
0.26498 2.24947564e-04
0.26590 2.24160302e-04
0.26682 5.38974207e-04
0.26774 4.60317755e-03
0.26867 4.44562622e-02
0.26960 6.84167531e-02
0.27053 7.56297845e-02
0.27147 8.22846836e-02
0.27241 9.19260337e-02
0.27335 1.00557670e-01
0.27430 1.10437301e-01
0.27525 1.20862723e-01
0.27620 1.28112112e-01
0.27715 1.35725403e-01
0.27811 1.44097290e-01
0.27908 1.54933706e-01
0.28004 1.63765608e-01
0.28101 1.68201457e-01
0.28198 1.73852702e-01
0.28296 1.77635839e-01
0.28394 1.83570107e-01
0.28492 1.88288139e-01
0.28591 1.92275697e-01
0.28690 1.98611758e-01
0.28789 2.03763910e-01
0.28889 2.09683783e-01
0.28989 2.14849019e-01
0.29089 2.19586243e-01
0.29190 2.26205180e-01
0.29291 2.31603205e-01
0.29392 2.37461098e-01
0.29494 2.43199948e-01
0.29596 2.48119111e-01
0.29699 2.52745481e-01
0.29801 2.58089365e-01
0.29905 2.62540871e-01
0.30008 2.67834546e-01
0.30112 2.73202916e-01
0.30216 2.77441715e-01
0.30321 2.82035684e-01
0.30426 2.86074390e-01
0.30531 2.90494237e-01
0.30637 2.94649684e-01
0.30743 2.98977523e-01
0.30849 3.03769853e-01
0.30956 3.07883996e-01
0.31063 3.11046400e-01
0.31171 3.14009948e-01
0.31279 3.16407103e-01
0.31387 3.19711229e-01
0.31496 3.22987406e-01
0.31605 3.25536671e-01
0.31714 3.28707237e-01
0.31824 3.31914903e-01
0.31934 3.35174014e-01
0.32044 3.38121238e-01
0.32155 3.41006876e-01
0.32267 3.44324358e-01
0.32378 3.47339351e-01
0.32490 3.50494335e-01
0.32603 3.54374006e-01
0.32716 3.56604458e-01
0.32829 3.60657262e-01
0.32943 3.63865423e-01
0.33057 3.66803001e-01
0.33171 3.70254785e-01
0.33286 3.73271757e-01
0.33401 3.76722551e-01
0.33517 3.79912162e-01
0.33633 3.82960545e-01
0.33749 3.86679202e-01
0.33866 3.89924957e-01
0.33983 3.93626548e-01
0.34101 3.97059782e-01
0.34219 4.00369102e-01
0.34337 4.04088253e-01
0.34456 4.06156949e-01
0.34576 4.08052017e-01
0.34695 4.09647317e-01
0.34815 4.11806785e-01
0.34936 4.13548011e-01
0.35057 4.15456188e-01
0.35178 4.17742043e-01
0.35300 4.18949029e-01
0.35422 4.21332333e-01
0.35545 4.22863079e-01
0.35668 4.24763094e-01
0.35791 4.26309917e-01
0.35915 4.28629409e-01
0.36039 4.30191071e-01
0.36164 4.32511553e-01
0.36289 4.34401179e-01
0.36415 4.36507470e-01
0.36541 4.38224458e-01
0.36668 4.40544692e-01
0.36795 4.42065297e-01
0.36922 4.44021457e-01
0.37050 4.45919493e-01
0.37178 4.47909042e-01
0.37307 4.49424206e-01
0.37436 4.51796380e-01
0.37565 4.53666962e-01
0.37695 4.55587753e-01
0.37826 4.57506070e-01
0.37957 4.59531730e-01
0.38088 4.61294227e-01
0.38220 4.63156647e-01
0.38352 4.65529316e-01
0.38485 4.67243336e-01
0.38618 4.68916299e-01
0.38752 4.70850693e-01
0.38886 4.71154665e-01
0.39021 4.72797948e-01
0.39156 4.73118245e-01
0.39291 4.74473879e-01
0.39427 4.74600019e-01
0.39564 4.75903218e-01
0.39701 4.76591299e-01
0.39838 4.77480957e-01
0.39976 4.78730980e-01
0.40115 4.79619401e-01
0.40253 4.80816000e-01
0.40393 4.81364585e-01
0.40533 4.82411795e-01
0.40673 4.83402859e-01
0.40814 4.84744148e-01
0.40955 4.85284324e-01
0.41097 4.86212566e-01
0.41239 4.86543498e-01
0.41382 4.88283983e-01
0.41525 4.88902563e-01
0.41669 4.90118701e-01
0.41813 4.90960377e-01
0.41958 4.91613584e-01
0.42103 4.92840852e-01
0.42249 4.93750791e-01
0.42395 4.95431174e-01
0.42542 4.95827897e-01
0.42689 4.96886483e-01
0.42837 4.97123676e-01
0.42985 4.98367268e-01
0.43134 4.99534929e-01
0.43283 5.00354097e-01
0.43433 5.01713935e-01
0.43583 5.01909081e-01
0.43734 5.03511554e-01
0.43886 5.04457851e-01
0.44037 5.05878781e-01
0.44190 5.06557711e-01
0.44343 5.06762009e-01
0.44496 5.07577714e-01
0.44650 5.07559411e-01
0.44805 5.08228943e-01
0.44960 5.08519312e-01
0.45116 5.09278131e-01
0.45272 5.09571221e-01
0.45429 5.09905121e-01
0.45586 5.11110129e-01
0.45744 5.11105924e-01
0.45902 5.11515508e-01
0.46061 5.11994840e-01
0.46220 5.12389831e-01
0.46380 5.13062578e-01
0.46541 5.12630239e-01
0.46702 5.13650242e-01
0.46864 5.14314085e-01
0.47026 5.14520855e-01
0.47189 5.15525276e-01
0.47352 5.15235649e-01
0.47516 5.16508179e-01
0.47680 5.17096832e-01
0.47845 5.16391685e-01
0.48011 5.17596198e-01
0.48177 5.18385686e-01
0.48344 5.18092843e-01
0.48511 5.18379503e-01
0.48679 5.19383429e-01
0.48848 5.20166981e-01
0.49017 5.19678992e-01
0.49186 5.20570134e-01
0.49357 5.22063533e-01
0.49528 5.21183273e-01
0.49699 5.22009119e-01
0.49871 5.23499797e-01
0.50044 5.22631905e-01
0.50217 5.23411747e-01
0.50391 5.24406027e-01
0.50565 5.24107248e-01
0.50740 5.24884122e-01
0.50916 5.25497509e-01
0.51092 5.25813601e-01
0.51269 5.26306536e-01
0.51446 5.26656265e-01
0.51625 5.27208561e-01
0.51803 5.27261490e-01
0.51983 5.26906567e-01
0.52163 5.26813817e-01
0.52343 5.27206582e-01
0.52524 5.27127188e-01
0.52706 5.26840281e-01
0.52889 5.27278803e-01
0.53072 5.27153900e-01
0.53255 5.26974831e-01
0.53440 5.27652524e-01
0.53625 5.27195205e-01
0.53810 5.27210787e-01
0.53997 5.27489284e-01
0.54183 5.26588001e-01
0.54371 5.27804387e-01
0.54559 5.27564473e-01
0.54748 5.26454194e-01
0.54938 5.27821205e-01
0.55128 5.27326044e-01
0.55319 5.26837808e-01
0.55510 5.27344841e-01
0.55702 5.27452926e-01
0.55895 5.27227358e-01
0.56089 5.27021824e-01
0.56283 5.27993597e-01
0.56478 5.27577087e-01
0.56673 5.27249371e-01
0.56869 5.27478649e-01
0.57066 5.27130651e-01
0.57264 5.27912966e-01
0.57462 5.27940173e-01
0.57661 5.27424977e-01
0.57860 5.27589207e-01
0.58061 5.28030944e-01
0.58262 5.27443775e-01
0.58463 5.27267673e-01
0.58666 5.28553559e-01
0.58869 5.27930527e-01
0.59073 5.26799471e-01
0.59277 5.27766050e-01
0.59482 5.28756125e-01
0.59688 5.27557548e-01
0.59895 5.27061150e-01
0.60102 5.28271847e-01
0.60310 5.28259975e-01
0.60519 5.27370069e-01
0.60728 5.27830109e-01
0.60939 5.28577798e-01
0.61150 5.27911235e-01
0.61361 5.27375016e-01
0.61574 5.28072001e-01
0.61787 5.28437313e-01
0.62001 5.28000275e-01
0.62215 5.27317140e-01
0.62431 5.26994865e-01
0.62647 5.26713894e-01
0.62864 5.27064118e-01
0.63081 5.26497972e-01
0.63300 5.25636757e-01
0.63519 5.25832893e-01
0.63739 5.26278587e-01
0.63959 5.25063439e-01
0.64181 5.24076826e-01
0.64403 5.25065417e-01
0.64626 5.25357518e-01
0.64849 5.23925705e-01
0.65074 5.23124345e-01
0.65299 5.23983581e-01
0.65525 5.23816384e-01
0.65752 5.22932167e-01
0.65980 5.22714514e-01
0.66208 5.23119646e-01
0.66437 5.22504775e-01
0.66667 5.21876301e-01
0.66898 5.21891636e-01
0.67130 5.21999721e-01
0.67362 5.21532013e-01
0.67595 5.21281217e-01
0.67829 5.21140732e-01
0.68064 5.20485546e-01
0.68299 5.19989395e-01
0.68536 5.20451414e-01
0.68773 5.20754645e-01
0.69011 5.19427454e-01
0.69250 5.18400773e-01
0.69490 5.19116556e-01
0.69730 5.19814778e-01
0.69972 5.18164570e-01
0.70214 5.17163612e-01
0.70457 5.18295162e-01
0.70701 5.19022075e-01
0.70946 5.17009029e-01
0.71191 5.15891824e-01
0.71438 5.16969703e-01
0.71685 5.17649127e-01
0.71933 5.16466874e-01
0.72182 5.15563613e-01
0.72432 5.15645975e-01
0.72683 5.15551988e-01
0.72934 5.15601207e-01
0.73187 5.15208442e-01
0.73440 5.14670492e-01
0.73694 5.14562655e-01
0.73949 5.14749886e-01
0.74205 5.14249778e-01
0.74462 5.13826838e-01
0.74720 5.13409587e-01
0.74979 5.12730409e-01
0.75238 5.13524844e-01
0.75499 5.14258435e-01
0.75760 5.12667092e-01
0.76022 5.11479645e-01
0.76285 5.11782875e-01
0.76549 5.12450428e-01
0.76814 5.12397746e-01
0.77080 5.11323330e-01
0.77347 5.10152454e-01
0.77615 5.11200653e-01
0.77884 5.11690867e-01
0.78153 5.09788132e-01
0.78424 5.08875472e-01
0.78695 5.08252934e-01
0.78968 5.09050831e-01
0.79241 5.09403281e-01
0.79515 5.07582413e-01
0.79790 5.06925743e-01
0.80067 5.06777096e-01
0.80344 5.06570078e-01
0.80622 5.06104102e-01
0.80901 5.05262921e-01
0.81181 5.05155331e-01
0.81462 5.05267126e-01
0.81744 5.04311430e-01
0.82027 5.03338668e-01
0.82311 5.03110379e-01
0.82596 5.03148221e-01
0.82882 5.02890005e-01
0.83169 5.01491830e-01
0.83457 5.00743152e-01
0.83745 5.01153725e-01
0.84035 5.01471301e-01
0.84326 5.00576449e-01
0.84618 4.98592589e-01
0.84911 4.97882989e-01
0.85205 4.98513689e-01
0.85500 4.99231203e-01
0.85796 4.98419455e-01
0.86093 4.96511279e-01
0.86391 4.95807368e-01
0.86690 4.95888741e-01
0.86990 4.96214479e-01
0.87291 4.95774720e-01
0.87593 4.94407214e-01
0.87897 4.93881631e-01
0.88201 4.93670655e-01
0.88506 4.93613769e-01
0.88813 4.93681043e-01
0.89120 4.92732273e-01
0.89428 4.91937343e-01
0.89738 4.91521576e-01
0.90049 4.90804062e-01
0.90360 4.90861938e-01
0.90673 4.91113971e-01
0.90987 4.90845861e-01
0.91302 4.90325719e-01
0.91618 4.88707170e-01
0.91935 4.87868957e-01
0.92253 4.88264938e-01
0.92573 4.88647068e-01
0.92893 4.88759852e-01
0.93215 4.88065587e-01
0.93537 4.86217513e-01
0.93861 4.85351104e-01
0.94186 4.86113138e-01
0.94512 4.86948383e-01
0.94839 4.86323866e-01
0.95168 4.84479254e-01
0.95497 4.83009599e-01
0.95828 4.82743469e-01
0.96159 4.83975189e-01
0.96492 4.85112675e-01
0.96826 4.84113448e-01
0.97161 4.81916633e-01
0.97498 4.80520684e-01
0.97835 4.80247628e-01
0.98174 4.81161772e-01
0.98514 4.81805581e-01
0.98855 4.80893663e-01
0.99197 4.79575129e-01
0.99540 4.78755961e-01
0.99885 4.78558094e-01
1.00231 4.78876659e-01
1.00578 4.78692149e-01
1.00926 4.77604377e-01
1.01275 4.76782488e-01
1.01626 4.76389723e-01
1.01978 4.76218073e-01
1.02330 4.76166133e-01
1.02685 4.75878732e-01
1.03040 4.75075641e-01
1.03397 4.74590620e-01
1.03755 4.74572070e-01
1.04114 4.73525850e-01
1.04474 4.72327767e-01
1.04836 4.71360941e-01
1.05199 4.69959551e-01
1.05563 4.69963261e-01
1.05928 4.70968423e-01
1.06295 4.70500716e-01
1.06663 4.69662256e-01
1.07032 4.68094163e-01
1.07403 4.66443955e-01
1.07775 4.65420984e-01
1.08148 4.65454374e-01
1.08522 4.66296049e-01
1.08898 4.65718526e-01
1.09275 4.64510055e-01
1.09653 4.63194737e-01
1.10032 4.61697381e-01
1.10413 4.61294722e-01
1.10796 4.61484921e-01
1.11179 4.61884859e-01
1.11564 4.61431250e-01
1.11950 4.59943045e-01
1.12338 4.58585680e-01
1.12726 4.57188247e-01
1.13117 4.56678987e-01
1.13508 4.56593163e-01
1.13901 4.57034405e-01
1.14295 4.57202839e-01
1.14691 4.56286717e-01
1.15088 4.55258057e-01
1.15487 4.54152477e-01
1.15886 4.53274939e-01
1.16287 4.52140668e-01
1.16690 4.51724901e-01
1.17094 4.52145615e-01
1.17499 4.52041982e-01
1.17906 4.51545831e-01
1.18314 4.51343018e-01
1.18724 4.50917605e-01
1.19135 4.49034409e-01
1.19547 4.47330777e-01
1.19961 4.47281805e-01
1.20376 4.47817034e-01
1.20793 4.47870705e-01
1.21211 4.48082670e-01
1.21630 4.48092069e-01
1.22052 4.46617467e-01
1.22474 4.43949977e-01
1.22898 4.42403402e-01
1.23323 4.43121905e-01
1.23750 4.44060783e-01
1.24179 4.44570289e-01
1.24609 4.45243531e-01
1.25040 4.44616046e-01
1.25473 4.41623065e-01
1.25907 4.38794809e-01
1.26343 4.37406527e-01
1.26780 4.38056766e-01
1.27219 4.39476212e-01
1.27659 4.40628785e-01
1.28101 4.41495194e-01
1.28545 4.40809833e-01
1.28990 4.37789893e-01
1.29436 4.35107563e-01
1.29884 4.33523888e-01
1.30334 4.33389586e-01
1.30785 4.34378425e-01
1.31238 4.35582691e-01
1.31692 4.36127071e-01
1.32148 4.35337831e-01
1.32605 4.33328989e-01
1.33064 4.31252379e-01
1.33525 4.29822297e-01
1.33987 4.29265797e-01
1.34451 4.29551220e-01
1.34916 4.30754744e-01
1.35383 4.31166801e-01
1.35852 4.30421833e-01
1.36322 4.29350138e-01
1.36794 4.27755333e-01
1.37268 4.26430863e-01
1.37743 4.25048269e-01
1.38220 4.23981273e-01
1.38698 4.24355489e-01
1.39178 4.24880330e-01
1.39660 4.24858812e-01
1.40144 4.24391847e-01
1.40629 4.24429194e-01
1.41115 4.24072045e-01
1.41604 4.22670901e-01
1.42094 4.20815654e-01
1.42586 4.19339074e-01
1.43080 4.18777133e-01
1.43575 4.18255754e-01
1.44072 4.17726708e-01
1.44571 4.17810554e-01
1.45071 4.18673005e-01
1.45573 4.19329675e-01
1.46077 4.18294585e-01
1.46583 4.16412131e-01
1.47090 4.15002331e-01
1.47599 4.13888589e-01
1.48110 4.12689270e-01
1.48623 4.11781309e-01
1.49137 4.11865155e-01
1.49654 4.13087229e-01
1.50172 4.14218779e-01
1.50692 4.13469607e-01
1.51213 4.11530019e-01
1.51737 4.09742788e-01
1.52262 4.08128938e-01
1.52789 4.06696878e-01
1.53318 4.05554940e-01
1.53849 4.05170831e-01
1.54381 4.06506679e-01
1.54916 4.08226140e-01
1.55452 4.06545757e-01
1.55990 4.03417733e-01
1.56530 3.99851433e-01
1.57072 3.96233441e-01
1.57615 3.92993869e-01
1.58161 3.89510427e-01
1.58709 3.86421481e-01
1.59258 3.84932039e-01
1.59809 3.84785865e-01
1.60362 3.84068351e-01
1.60918 3.81959835e-01
1.61475 3.79257718e-01
1.62034 3.76433171e-01
1.62594 3.73780521e-01
1.63157 3.71491699e-01
1.63722 3.68207607e-01
1.64289 3.65479767e-01
1.64857 3.63994283e-01
1.65428 3.62720022e-01
1.66001 3.60949363e-01
1.66575 3.59189586e-01
1.67152 3.57034818e-01
1.67731 3.54704691e-01
1.68311 3.52795772e-01
1.68894 3.51373358e-01
1.69478 3.48768443e-01
1.70065 3.46441779e-01
1.70654 3.44487598e-01
1.71245 3.41249015e-01
1.71837 3.39228797e-01
1.72432 3.38425458e-01
1.73029 3.36900401e-01
1.73628 3.35447317e-01
1.74229 3.34205457e-01
1.74832 3.32478575e-01
1.75437 3.31391051e-01
1.76045 3.30292396e-01
1.76654 3.27175996e-01
1.77266 3.22990374e-01
1.77879 3.19030815e-01
1.78495 3.16959151e-01
1.79113 3.16551793e-01
1.79733 3.16293824e-01
1.80355 3.15335902e-01
1.80979 3.13690641e-01
1.81606 3.12901647e-01
1.82234 3.13082448e-01
1.82865 3.11955597e-01
1.83498 3.08794677e-01
1.84133 3.03172791e-01
1.84771 2.98097016e-01
1.85410 2.95813635e-01
1.86052 2.95870027e-01
1.86696 2.96192055e-01
1.87342 2.95376102e-01
1.87991 2.93599259e-01
1.88642 2.92800125e-01
1.89295 2.93063288e-01
1.89950 2.93777834e-01
1.90607 2.91379195e-01
1.91267 2.85780063e-01
1.91929 2.80403284e-01
1.92594 2.77001214e-01
1.93260 2.75497427e-01
1.93929 2.75299066e-01
1.94601 2.75246631e-01
1.95274 2.73674086e-01
1.95950 2.71572989e-01
1.96629 2.71586345e-01
1.97309 2.72413923e-01
1.97992 2.72249941e-01
1.98678 2.69904973e-01
1.99365 2.65067875e-01
2.00055 2.60349003e-01
2.00748 2.57333267e-01
2.01443 2.55411982e-01
2.02140 2.54386291e-01
2.02840 2.53440241e-01
2.03542 2.51351758e-01
2.04247 2.50098025e-01
2.04954 2.50005770e-01
2.05663 2.50077249e-01
2.06375 2.50226144e-01
2.07090 2.49396588e-01
2.07806 2.46603947e-01
2.08526 2.43033493e-01
2.09247 2.39887165e-01
2.09972 2.37390335e-01
2.10699 2.35211428e-01
2.11428 2.32832279e-01
2.12160 2.29957697e-01
2.12894 2.28238062e-01
2.13631 2.27424855e-01
2.14371 2.27383625e-01
2.15113 2.27041884e-01
2.15857 2.26635144e-01
2.16605 2.26787700e-01
2.17354 2.25828120e-01
2.18107 2.23901765e-01
2.18862 2.22000538e-01
2.19619 2.19741767e-01
2.20380 2.16673572e-01
2.21143 2.13029189e-01
2.21908 2.09745567e-01
2.22676 2.07555183e-01
2.23447 2.05655490e-01
2.24220 2.05469026e-01
2.24997 2.05107226e-01
2.25775 2.03888566e-01
2.26557 2.04240521e-01
2.27341 2.05348376e-01
2.28128 2.05115685e-01
2.28918 2.04484886e-01
2.29710 2.03220840e-01
2.30505 1.99980897e-01
2.31303 1.96734202e-01
2.32104 1.93865877e-01
2.32908 1.89168819e-01
2.33714 1.86108663e-01
2.34523 1.86170842e-01
2.35335 1.84839595e-01
2.36149 1.83705522e-01
2.36967 1.84338795e-01
2.37787 1.83182437e-01
2.38610 1.85214825e-01
2.39436 1.87932870e-01
2.40265 1.86652375e-01
2.41097 1.85452463e-01
2.41931 1.83722168e-01
2.42769 1.80155349e-01
2.43609 1.77754410e-01
2.44452 1.72187481e-01
2.45298 1.67967752e-01
2.46148 1.68654893e-01
2.47000 1.66982302e-01
2.47855 1.65359795e-01
2.48713 1.66702914e-01
2.49574 1.64681483e-01
2.50438 1.64816676e-01
2.51304 1.68495561e-01
2.52174 1.69178795e-01
2.53047 1.70188137e-01
2.53923 1.68789641e-01
2.54802 1.67181652e-01
2.55684 1.64500980e-01
2.56569 1.59172133e-01
2.57457 1.57356187e-01
2.58349 1.52947594e-01
2.59243 1.51689410e-01
2.60140 1.52956053e-01
2.61041 1.51353754e-01
2.61944 1.52169805e-01
2.62851 1.49964185e-01
2.63761 1.48024078e-01
2.64674 1.50141944e-01
2.65590 1.54622981e-01
2.66510 1.54576606e-01
2.67432 1.53552770e-01
2.68358 1.55531486e-01
2.69287 1.51691735e-01
2.70219 1.44596533e-01
2.71154 1.44096153e-01
2.72093 1.42330440e-01
2.73035 1.38412284e-01
2.73980 1.38238335e-01
2.74928 1.41046261e-01
2.75880 1.38933144e-01
2.76835 1.38533750e-01
2.77793 1.39672497e-01
2.78755 1.35424498e-01
2.79720 1.34328564e-01
2.80688 1.39465430e-01
2.81660 1.41404597e-01
2.82635 1.41399057e-01
2.83613 1.43289500e-01
2.84595 1.35802769e-01
2.85580 1.33285411e-01
2.86569 1.34022761e-01
2.87561 1.27443620e-01
2.88556 1.28557906e-01
2.89555 1.30077819e-01
2.90557 1.24457812e-01
2.91563 1.27506195e-01
2.92572 1.31656424e-01
2.93585 1.29611917e-01
2.94601 1.29930359e-01
2.95621 1.25150691e-01
2.96644 1.23877642e-01
2.97671 1.24375376e-01
2.98702 1.25232163e-01
2.99736 1.30545378e-01
3.00773 1.30757639e-01
3.01814 1.21813893e-01
3.02859 1.21916932e-01
3.03907 1.20427169e-01
3.04960 1.17291749e-01
3.06015 1.18968966e-01
3.07074 1.17156087e-01
3.08137 1.15779306e-01
3.09204 1.15208337e-01
3.10274 1.15618588e-01
3.11348 1.19326956e-01
3.12426 1.14617804e-01
3.13508 1.06774270e-01
3.14593 1.03333245e-01
3.15682 1.00229360e-01
3.16775 9.76103226e-02
3.17871 9.75594214e-02
3.18972 9.63951492e-02
3.20076 8.72094613e-02
3.21184 8.52934936e-02
3.22295 8.28366574e-02
3.23411 7.68822558e-02
3.24531 7.72360167e-02
3.25654 7.39257568e-02
3.26781 6.85509314e-02
3.27912 6.66419138e-02
3.29047 6.42417417e-02
3.30187 6.17386789e-02
3.31330 6.04931824e-02
3.32476 5.66757655e-02
3.33627 5.32324403e-02
3.34782 4.98508990e-02
3.35941 4.54670888e-02
3.37104 4.22077054e-02
3.38271 3.92746536e-02
3.39442 3.46576328e-02
3.40617 3.12820275e-02
3.41796 2.93372455e-02
3.42979 2.55900960e-02
3.44166 1.11270617e-02
3.45358 1.75605677e-03
3.46553 3.10170345e-04
3.47753 2.92415027e-04
3.48957 2.90842729e-04
3.50164 2.87858405e-04
3.51377 2.86137213e-04
3.52593 2.84395244e-04
3.53814 2.81738884e-04
3.55038 2.78695942e-04
3.56267 2.74746771e-04
3.57500 2.73355273e-04
3.58738 2.71407523e-04
3.59980 2.68241904e-04
3.61226 2.64627869e-04
3.62476 2.60664105e-04
3.63731 2.56109462e-04
3.64990 2.49823238e-04
3.66254 2.43399744e-04
3.67521 2.38433711e-04
3.68794 2.35416690e-04
3.70070 2.33964571e-04
3.71351 2.33116292e-04
3.72637 2.31511321e-04
3.73927 2.28848110e-04
3.75221 2.26462333e-04
3.76520 2.24718880e-04
3.77823 2.22625698e-04
3.79131 2.19945173e-04
3.80443 2.16335813e-04
3.81760 2.11483133e-04
3.83082 2.08123184e-04
3.84408 2.06630181e-04
3.85739 2.06184511e-04
3.87074 2.04680131e-04
3.88414 2.01885908e-04
3.89758 1.98418492e-04
3.91107 1.94505382e-04
3.92461 1.90114300e-04
3.93820 1.85430301e-04
3.95183 1.81081613e-04
3.96551 1.77605367e-04
3.97924 1.75746212e-04
3.99301 1.75423640e-04
4.00683 1.75873960e-04
4.02070 1.77220987e-04
4.03462 1.78515455e-04
4.04859 1.79281347e-04
4.06260 1.79678738e-04
4.07667 1.79428511e-04
4.09078 1.78562448e-04
4.10494 1.77058860e-04
4.11915 1.74575509e-04
4.13341 1.70674321e-04
4.14771 1.66048470e-04
4.16207 1.63255508e-04
4.17648 1.61819317e-04
4.19094 1.61695849e-04
4.20545 1.62231795e-04
4.22000 1.61688429e-04
4.23461 1.59681319e-04
4.24927 1.56763057e-04
4.26398 1.53446985e-04
4.27874 1.50431225e-04
4.29355 1.48247074e-04
4.30841 1.46912191e-04
4.32332 1.46602332e-04
4.33829 1.47273644e-04
4.35331 1.48794719e-04
4.36838 1.51028683e-04
4.38350 1.53722415e-04
4.39867 1.56636151e-04
4.41390 1.59473286e-04
4.42918 1.61922356e-04
4.44451 1.63719926e-04
4.45990 1.64603326e-04
4.47533 1.64324334e-04
4.49083 1.62921212e-04
4.50637 1.61254952e-04
4.52197 1.60307517e-04
4.53762 1.60181723e-04
4.55333 1.60656727e-04
4.56909 1.61629266e-04
4.58491 1.63116779e-04
4.60078 1.65630526e-04
4.61670 1.68588831e-04
4.63269 1.71071216e-04
4.64872 1.72496128e-04
4.66481 1.73002321e-04
4.68096 1.73071104e-04
4.69717 1.73191308e-04
4.71343 1.73744964e-04
4.72974 1.74969907e-04
4.74611 1.76960396e-04
4.76254 1.79663082e-04
4.77903 1.82119473e-04
4.79557 1.84993857e-04
4.81217 1.88173377e-04
4.82883 1.91521330e-04
4.84555 1.94872301e-04
4.86232 1.98029461e-04
4.87915 2.00772314e-04
4.89604 2.02895052e-04
4.91299 2.04314647e-04
4.92999 2.05234776e-04
4.94706 2.06141945e-04
4.96418 2.08617554e-04
4.98137 2.12236066e-04
4.99861 2.16544835e-04
5.01591 2.21388512e-04
5.03328 2.26735265e-04
5.05070 2.32602209e-04
5.06818 2.38929318e-04
5.08573 2.45453823e-04
5.10333 5.35466773e-04
5.12100 2.09016107e-03
5.13873 8.08246255e-03
5.15651 2.69308900e-02
5.17436 2.84488736e-02
5.19228 2.99467737e-02
5.21025 3.14456385e-02
5.22828 3.29596153e-02
5.24638 3.44935519e-02
5.26454 3.60419575e-02
5.28277 3.75881371e-02
5.30105 3.91045625e-02
5.31940 4.05570027e-02
5.33782 4.19160252e-02
5.35629 4.31793297e-02
5.37484 4.43981141e-02
5.39344 4.46549945e-02
5.41211 4.49775172e-02
5.43084 4.55494013e-02
5.44965 4.64143507e-02
5.46851 4.75777078e-02
5.48744 4.90274027e-02
5.50643 5.07480759e-02
5.52550 5.27261737e-02
5.54462 5.49484390e-02
5.56381 5.73965196e-02
5.58308 6.00403151e-02
5.60240 6.28330547e-02
5.62179 6.55835992e-02
5.64125 6.77971336e-02
5.66078 6.99116110e-02
5.68038 7.18753140e-02
5.70004 7.36552483e-02
5.71977 7.52350900e-02
5.73957 7.66100655e-02
5.75944 7.77815351e-02
5.77938 7.87528873e-02
5.79938 7.95276342e-02
5.81946 8.01093375e-02
5.83960 8.05035621e-02
5.85982 8.07214627e-02
5.88010 8.07840133e-02
5.90045 8.01910317e-02
5.92088 7.94675322e-02
5.94137 7.87635226e-02
5.96194 7.81658169e-02
5.98258 7.77510636e-02
6.00329 7.75759763e-02
6.02407 7.76741182e-02
6.04492 7.80584495e-02
6.06585 7.87266699e-02
6.08684 7.96665366e-02
6.10791 8.08594747e-02
6.12906 8.22826555e-02
6.15027 8.39093173e-02
6.17156 8.57085931e-02
6.19293 8.73105464e-02
6.21436 8.89749513e-02
6.23588 9.06893423e-02
6.25746 9.24181034e-02
6.27912 9.41244066e-02
6.30086 9.57719187e-02
6.32267 9.73265323e-02
6.34455 9.87580235e-02
6.36652 1.00041288e-01
6.38856 1.01157083e-01
6.41067 1.02092398e-01
6.43286 1.02840260e-01
6.45513 1.03399753e-01
6.47747 1.03775526e-01
6.49990 1.03889893e-01
6.52240 1.03629600e-01
6.54497 1.03237453e-01
6.56763 1.02736405e-01
6.59037 1.02152550e-01
6.61318 1.01514133e-01
6.63607 1.00850587e-01
6.65904 1.00191098e-01
6.68209 9.95635139e-02
6.70522 9.89931385e-02
6.72843 9.85018603e-02
6.75172 9.81076605e-02
6.77510 9.78243401e-02
6.79855 9.76616690e-02
6.82208 9.76256325e-02
6.84570 9.77187783e-02
6.86939 9.79407599e-02
6.89317 9.82886837e-02
6.91704 9.87043274e-02
6.94098 9.92267943e-02
6.96500 9.98557877e-02
6.98911 1.00580598e-01
7.01331 1.01389180e-01
7.03759 1.02268252e-01
7.06195 1.03203444e-01
7.08639 1.04179521e-01
7.11092 1.05180454e-01
7.13554 1.06189871e-01
7.16024 1.07191200e-01
7.18502 1.08168117e-01
7.20990 1.09104966e-01
7.23485 1.09987080e-01
7.25990 1.10801203e-01
7.28503 1.11535882e-01
7.31025 1.12115582e-01
7.33555 1.12513739e-01
7.36094 1.12812122e-01
7.38642 1.13008900e-01
7.41199 1.13104767e-01
7.43765 1.13102738e-01
7.46340 1.13008084e-01
7.48923 1.12828001e-01
7.51516 1.12571466e-01
7.54117 1.12248771e-01
7.56727 1.11871291e-01
7.59347 1.11451096e-01
7.61975 1.11000578e-01
7.64613 1.10532104e-01
7.67260 1.10057793e-01
7.69916 1.09589072e-01
7.72581 1.09136575e-01
7.75255 1.08707699e-01
7.77939 1.08214566e-01
7.80632 1.07762812e-01
7.83334 1.07358397e-01
7.86046 1.07005997e-01
7.88767 1.06709147e-01
7.91497 1.06470273e-01
7.94237 1.06290709e-01
7.96986 1.06170801e-01
7.99745 1.06110081e-01
8.02513 1.06107162e-01
8.05291 1.06159993e-01
8.08079 1.06265753e-01
8.10876 1.06421127e-01
8.13683 1.06622209e-01
8.16500 1.06864670e-01
8.19326 1.07143736e-01
8.22162 1.07454313e-01
8.25008 1.07791107e-01
8.27864 1.14680354e-01
8.30730 1.29399705e-01
8.33605 1.45795753e-01
8.36491 1.63976880e-01
8.39386 1.84056761e-01
8.42292 2.06157923e-01
8.45208 2.30414348e-01
8.48133 2.56972655e-01
8.51069 2.85990544e-01
8.54016 3.17633134e-01
8.56972 3.52064902e-01
8.59938 3.89440431e-01
8.62915 4.29889077e-01
8.65902 4.73501859e-01
8.68899 5.20312660e-01
8.71907 5.70281166e-01
8.74925 6.23276043e-01
8.77954 6.79060839e-01
8.80993 7.37282117e-01
8.84043 7.97463758e-01
8.87103 8.35402713e-01
8.90174 8.63628393e-01
8.93255 8.92004699e-01
8.96347 9.20457431e-01
8.99450 9.48908679e-01
9.02563 9.77276823e-01
9.05688 1.00547851e+00
9.08823 1.03342792e+00
9.11969 1.06103848e+00
9.15126 1.08822413e+00
9.18294 1.11489903e+00
9.21472 1.14097909e+00
9.24662 1.16638368e+00
9.27863 1.19103565e+00
9.31075 1.21486275e+00
9.34298 1.23779846e+00
9.37532 1.25978244e+00
9.40777 1.28076274e+00
9.44034 1.30069434e+00
9.47302 1.31954139e+00
9.50581 1.33727667e+00
9.53871 1.35282034e+00
9.57173 1.36640611e+00
9.60487 1.37948460e+00
9.63811 1.39204518e+00
9.67148 1.40407943e+00
9.70495 1.41558092e+00
9.73855 1.42654447e+00
9.77226 1.43696635e+00
9.80609 1.44684460e+00
9.84003 1.45617896e+00
9.87409 1.46496993e+00
9.90827 1.47316828e+00
9.94257 1.48080346e+00
9.97699 1.48817350e+00
10.01153 1.49527543e+00
10.04618 1.50210678e+00
10.08096 1.50866507e+00
10.11585 1.51494857e+00
10.15087 1.52095580e+00
10.18601 1.52668578e+00
10.22127 1.53213799e+00
10.25665 1.53731196e+00
10.29215 1.54220792e+00
10.32778 1.54655555e+00
10.36353 1.55052475e+00
10.39941 1.55441432e+00
10.43540 1.55822399e+00
10.47153 1.56195427e+00
10.50777 1.56560491e+00
10.54415 1.56917616e+00
10.58065 1.57266826e+00
10.61727 1.57574261e+00
10.65403 1.57880410e+00
10.69091 1.58186757e+00
10.72791 1.58493253e+00
10.76505 1.58799798e+00
10.80231 1.59106367e+00
10.83971 1.59412863e+00
10.87723 1.59719136e+00
10.91488 1.60025087e+00
10.95266 1.60330544e+00
10.99058 1.60635333e+00
11.02862 1.60939281e+00
11.06680 1.61242140e+00
11.10511 1.61543664e+00
11.14355 1.61843630e+00
11.18212 1.62141716e+00
11.22083 1.62437651e+00
11.25967 1.62678875e+00
11.29865 1.62724261e+00
11.33776 1.62664925e+00
11.37701 1.62494488e+00
11.41639 1.62207087e+00
11.45591 1.61797379e+00
11.49556 1.61260740e+00
11.53536 1.60593212e+00
11.57529 1.59791604e+00
11.61536 1.58853321e+00
11.65556 1.57776382e+00
11.69591 1.56559304e+00
11.73640 1.55201073e+00
11.77702 1.53701071e+00
11.81779 1.52058926e+00
11.85870 1.50274614e+00
11.89975 1.48348382e+00
11.94094 1.46280799e+00
11.98227 1.44072928e+00
12.02375 1.41726403e+00
12.06537 1.39243596e+00
12.10714 1.36627799e+00
12.14905 1.33883463e+00
12.19110 1.31016251e+00
12.23330 1.28033337e+00
12.27565 1.24943327e+00
12.31814 1.21756487e+00
12.36078 1.18484464e+00
12.40357 1.15642085e+00
12.44651 1.13202735e+00
12.48959 1.10951161e+00
12.53283 1.08908262e+00
12.57621 1.07083907e+00
12.61974 1.05478590e+00
12.66343 1.04085311e+00
12.70726 1.02890914e+00
12.75125 1.01877540e+00
12.79539 1.01023523e+00
12.83968 1.00304376e+00
12.88413 9.96933145e-01
12.92873 9.91621414e-01
12.97348 9.86817211e-01
13.01839 9.82227694e-01
13.06345 9.77567687e-01
13.10867 9.72566607e-01
13.15405 9.66979347e-01
13.19959 9.60594189e-01
13.24528 9.53241959e-01
13.29113 9.44800967e-01
13.33713 9.35201960e-01
13.38330 9.24428367e-01
13.42963 9.12514568e-01
13.47612 8.99539461e-01
13.52277 8.85620531e-01
13.56958 8.70903703e-01
13.61655 8.55553454e-01
13.66368 8.39744155e-01
13.71098 8.23648938e-01
13.75844 8.08810175e-01
13.80607 8.12585471e-01
13.85386 8.16567043e-01
13.90182 8.20811777e-01
13.94994 8.25361721e-01
13.99823 8.30245813e-01
14.04668 8.35481365e-01
14.09531 8.41075550e-01
14.14410 8.47027132e-01
14.19306 8.53327949e-01
14.24219 8.59963655e-01
14.29149 8.66916442e-01
14.34096 8.74164793e-01
14.39060 8.81685210e-01
14.44042 8.89452713e-01
14.49041 8.97442075e-01
14.54057 9.05628808e-01
14.59090 9.13988427e-01
14.64141 9.22498178e-01
14.69209 9.31136542e-01
14.74295 9.39884227e-01
14.79398 9.48723673e-01
14.84519 9.57639298e-01
14.89658 9.66617993e-01
14.94814 9.75648627e-01
14.99989 9.84722298e-01
15.05181 9.93831337e-01
15.10392 1.00297055e+00
15.15620 1.01213623e+00
15.20866 1.02132590e+00
15.26131 1.03053882e+00
15.31414 1.03977449e+00
15.36715 1.04903441e+00
15.42034 1.05831979e+00
15.47372 1.06763288e+00
15.52729 1.07982592e+00
15.58103 1.09240233e+00
15.63497 1.10498689e+00
15.68909 1.11757567e+00
15.74340 1.13016469e+00
15.79790 1.14275024e+00
15.85258 1.15532813e+00
15.90746 1.16789489e+00
15.96252 1.18044582e+00
16.01778 1.19297771e+00
16.07323 1.20548585e+00
16.12886 1.21796629e+00
16.18470 1.23041532e+00
16.24072 1.24282848e+00
16.29694 1.25520183e+00
16.35335 1.26753139e+00
16.40996 1.27981273e+00
16.46677 1.29204213e+00
16.52377 1.30421513e+00
16.58097 1.31632779e+00
16.63836 1.32837614e+00
16.69596 1.34035622e+00
16.75375 1.35226359e+00
16.81175 1.36409453e+00
16.86994 1.37584509e+00
16.92834 1.38751106e+00
16.98694 1.39908849e+00
17.04574 1.41057391e+00
17.10474 1.42196262e+00
17.16395 1.43325140e+00
17.22337 1.44443631e+00
17.28299 1.45551314e+00
17.34281 1.46647841e+00
17.40285 1.47732843e+00
17.46309 1.48805923e+00
17.52354 1.49866711e+00
17.58420 1.50914811e+00
17.64507 1.51949901e+00
17.70615 1.52505709e+00
17.76744 1.52780100e+00
17.82894 1.53052785e+00
17.89066 1.53323788e+00
17.95259 1.53593085e+00
18.01473 1.53860675e+00
18.07709 1.54126533e+00
18.13967 1.54390685e+00
18.20246 1.54653057e+00
18.26547 1.54913721e+00
18.32870 1.55172605e+00
18.39214 1.55429757e+00
18.45581 1.55685154e+00
18.51969 1.55938794e+00
18.58380 1.56190678e+00
18.64813 1.56440807e+00
18.71268 1.56689179e+00
18.77746 1.56935820e+00
18.84246 1.57180704e+00
18.90768 1.57423833e+00
18.97313 1.57665255e+00
19.03881 1.57904921e+00
19.10472 1.58142880e+00
19.17085 1.58379158e+00
19.23721 1.58613704e+00
19.30380 1.58846593e+00
19.37062 1.59077800e+00
19.43768 1.59307351e+00
19.50496 1.59535268e+00
19.57248 1.59761553e+00
19.64023 1.59986231e+00
19.70822 1.60209350e+00
19.77644 1.60430862e+00
19.84490 1.60650840e+00
19.91359 1.60869310e+00
19.98252 1.61086271e+00
20.05169 1.61301748e+00
20.12110 1.61515765e+00
20.19076 1.61728373e+00
20.26065 1.61939546e+00
20.33078 1.62149384e+00
20.40116 1.62357861e+00
20.47178 1.62565003e+00
20.54264 1.62770883e+00
20.61375 1.62975477e+00
20.68511 1.62998405e+00
20.75671 1.63008644e+00
20.82856 1.63019354e+00
20.90066 1.63030632e+00
20.97301 1.63042529e+00
21.04561 1.63055094e+00
21.11846 1.63068375e+00
21.19157 1.63082449e+00
21.26492 1.63097338e+00
21.33853 1.63113118e+00
21.41240 1.63129813e+00
21.48652 1.63147448e+00
21.56090 1.63166097e+00
21.63553 1.63185785e+00
21.71043 1.63206536e+00
21.78558 1.63228400e+00
21.86099 1.63251377e+00
21.93666 1.63275517e+00
22.01260 1.63300819e+00
22.08880 1.63327284e+00
22.16526 1.63354985e+00
22.24199 1.63383874e+00
22.31898 1.63413974e+00
22.39624 1.63445311e+00
22.47377 1.63477860e+00
22.55156 1.63511621e+00
22.62962 1.63546594e+00
22.70796 1.63582755e+00
22.78656 1.63620102e+00
22.86544 1.63658612e+00
22.94459 1.63698259e+00
23.02402 1.63739020e+00
23.10372 1.63780869e+00
23.18369 1.63823781e+00
23.26394 1.63867707e+00
23.34447 1.63912623e+00
23.42528 1.63958454e+00
23.50637 1.64005200e+00
23.58774 1.64052787e+00
23.66939 1.64101140e+00
23.75133 1.64150261e+00
23.83354 1.64200049e+00
23.91604 1.64250431e+00
23.99883 1.64301382e+00
24.08191 1.64352802e+00
24.16527 1.64404643e+00
24.24892 1.64456806e+00
24.33286 1.64509216e+00
24.41709 1.64561824e+00
24.50161 1.64614530e+00
24.58642 1.64667237e+00
24.67153 1.64719845e+00
24.75693 1.64769039e+00
24.84263 1.64757761e+00
24.92863 1.64744727e+00
25.01492 1.64729862e+00
25.10151 1.64712994e+00
25.18840 1.64693998e+00
25.27559 1.64672753e+00
25.36309 1.64649107e+00
25.45088 1.64622940e+00
25.53898 1.64594101e+00
25.62739 1.64562467e+00
25.71610 1.64527914e+00
25.80512 1.64490295e+00
25.89444 1.64449485e+00
25.98408 1.64405336e+00
26.07403 1.64357724e+00
26.16428 1.64306501e+00
26.25485 1.64251544e+00
26.34574 1.64192753e+00
26.43694 1.64129955e+00
26.52845 1.64063026e+00
26.62028 1.63991869e+00
26.71243 1.63916308e+00
26.80489 1.63836271e+00
26.89768 1.63751609e+00
26.99079 1.63662223e+00
27.08422 1.63567939e+00
27.17798 1.63468709e+00
27.27205 1.63364359e+00
27.36646 1.63254815e+00
27.46119 1.63139954e+00
27.55625 1.63019675e+00
27.65164 1.62893857e+00
27.74736 1.62762399e+00
27.84341 1.62625228e+00
27.93979 1.62482195e+00
28.03650 1.62333276e+00
28.13355 1.62178297e+00
28.23094 1.62017233e+00
28.32867 1.61849987e+00
28.42673 1.61676458e+00
28.52513 1.61496572e+00
28.62387 1.61310256e+00
28.72295 1.61117435e+00
28.82238 1.60918035e+00
28.92215 1.60712031e+00
29.02227 1.60499299e+00
29.12273 1.60279816e+00
29.22354 1.60053530e+00
29.32470 1.59820369e+00
29.42621 1.59580283e+00
29.52807 1.59333271e+00
29.63029 1.59079235e+00
29.73286 1.58818175e+00
29.83578 1.58550065e+00
29.93906 1.58274833e+00
30.04269 1.57992502e+00
30.14669 1.57703023e+00
30.25104 1.57406371e+00
30.35576 1.57102572e+00
30.46084 1.56791575e+00
30.56628 1.56473380e+00
30.67209 1.56147989e+00
30.77826 1.55815424e+00
30.88481 1.55475638e+00
30.99172 1.55104514e+00
31.09900 1.54668911e+00
31.20665 1.54225467e+00
31.31467 1.53774257e+00
31.42307 1.53315354e+00
31.53184 1.52848809e+00
31.64099 1.52374721e+00
31.75052 1.51893188e+00
31.86043 1.51404259e+00
31.97072 1.50908059e+00
32.08139 1.50404661e+00
32.19244 1.49894165e+00
32.30388 1.49376670e+00
32.41570 1.48852298e+00
32.52791 1.48321150e+00
32.64051 1.47783299e+00
32.75349 1.47238894e+00
32.86687 1.46688058e+00
32.98064 1.46130865e+00
33.09481 1.45567489e+00
33.20937 1.44998004e+00
33.32433 1.44422534e+00
33.43968 1.43841251e+00
33.55544 1.43254230e+00
33.67159 1.42661619e+00
33.78815 1.42063567e+00
33.90511 1.41460173e+00
34.02247 1.40851585e+00
34.14024 1.40237951e+00
34.25842 1.39619370e+00
34.37701 1.38996016e+00
34.49601 1.38367987e+00
34.61542 1.37735457e+00
34.73525 1.37098549e+00
34.85549 1.36457386e+00
34.97614 1.35812118e+00
35.09721 1.35162893e+00
35.21871 1.34509859e+00
35.34062 1.33853115e+00
35.46295 1.33192834e+00
35.58571 1.32529139e+00
35.70889 1.31862156e+00
35.83250 1.31192055e+00
35.95654 1.30518962e+00
36.08101 1.29843000e+00
36.20590 1.29164343e+00
36.33123 1.28483063e+00
36.45700 1.27799359e+00
36.58320 1.27113306e+00
36.70983 1.26425101e+00
36.83691 1.25734819e+00
36.96442 1.25042631e+00
37.09238 1.24348639e+00
37.22077 1.23653014e+00
37.34962 1.22955831e+00
37.47890 1.22257238e+00
37.60864 1.21557383e+00
37.73883 1.20856342e+00
37.86946 1.20154286e+00
38.00055 1.19451315e+00
38.13209 1.18747553e+00
38.26409 1.18043098e+00
38.39654 1.17338099e+00
38.52946 1.16632655e+00
38.66283 1.15926865e+00
38.79667 1.15220852e+00
38.93096 1.14514740e+00
39.06573 1.13808628e+00
39.20096 1.13102640e+00
39.33665 1.12396824e+00
39.47282 1.11691331e+00
39.60946 1.10986258e+00
39.74657 1.10281704e+00
39.88416 1.09577744e+00
40.02222 1.08874501e+00
40.16076 1.08172074e+00
40.29978 1.07470513e+00
40.43928 1.06769942e+00
40.57926 1.06070458e+00
40.71973 1.05372113e+00
40.86069 1.04675004e+00
41.00213 1.03979230e+00
41.14406 1.03284867e+00
41.28648 1.02591987e+00
41.42940 1.01829335e+00
41.57281 1.01045609e+00
41.71672 1.00264951e+00
41.86113 9.94874837e-01
42.00603 9.87132314e-01
42.15144 9.79423181e-01
42.29735 9.71747933e-01
42.44377 9.64107065e-01
42.59069 9.56501812e-01
42.73812 9.48932175e-01
42.88606 9.41399391e-01
43.03451 9.33903460e-01
43.18348 9.26445371e-01
43.33297 9.19025371e-01
43.48297 9.11644202e-01
43.63349 9.04302112e-01
43.78453 8.96999843e-01
43.93609 8.89737641e-01
44.08818 8.82516003e-01
44.24079 8.75335174e-01
44.39394 8.68195650e-01
44.54761 8.61097678e-01
44.70182 8.54041753e-01
44.85655 8.47028121e-01
45.01183 8.40057031e-01
45.16764 8.33128730e-01
45.32399 8.26243465e-01
45.48089 8.19401235e-01
45.63832 8.12602784e-01
45.79630 8.05847863e-01
45.95483 7.99136968e-01
46.11391 7.92470098e-01
46.27353 7.85847006e-01
46.43371 7.79268434e-01
46.59445 7.72734382e-01
46.75574 7.66244603e-01
46.91759 7.59799591e-01
47.08000 7.53398851e-01
47.24297 7.47043127e-01
47.40650 7.40731922e-01
47.57060 7.34465485e-01
47.73527 7.28243815e-01
47.90051 7.22066912e-01
48.06633 7.15934529e-01
48.23271 7.09847161e-01
48.39967 7.03804313e-01
48.56721 6.97806233e-01
48.73533 6.91852672e-01
48.90403 6.85943631e-01
49.07332 6.80079111e-01
49.24319 6.74258863e-01
49.41365 6.68482887e-01
49.58470 6.62750937e-01
49.75634 6.57063260e-01
49.92858 6.51419608e-01
50.10141 6.45819734e-01
50.27484 6.40263391e-01
50.44887 6.34750825e-01
50.62350 6.29281543e-01
50.79874 6.23855545e-01
50.97458 6.18472582e-01
51.15104 6.13132655e-01
51.32810 6.07835270e-01
51.50578 6.02580673e-01
51.68407 5.97368618e-01
51.86298 5.92198609e-01
52.04250 5.87070647e-01
52.22265 5.81984485e-01
52.40343 5.76940121e-01
52.58482 5.71937063e-01
52.76685 5.66975309e-01
52.94951 5.62054612e-01
53.13280 5.57174725e-01
53.31672 5.52335401e-01
53.50128 5.47536393e-01
53.68648 5.42777452e-01
53.87232 5.38058579e-01
54.05880 5.33379280e-01
54.24593 5.28739554e-01
54.43371 5.24138907e-01
54.62214 5.19577338e-01
54.81122 5.15054353e-01
55.00095 5.10570200e-01
55.19134 5.06123889e-01
55.38239 5.01715914e-01
55.57410 4.97345534e-01
55.76647 4.93012749e-01
55.95951 4.88717311e-01
56.15322 4.84458725e-01
56.34760 4.80236993e-01
56.54265 4.76051865e-01
56.73838 4.71902849e-01
56.93479 4.67789943e-01
57.13187 4.63712653e-01
57.32964 4.59670979e-01
57.52809 4.55664426e-01
57.72723 4.51692995e-01
57.92705 4.47756437e-01
58.12757 4.43854012e-01
58.32879 4.39985966e-01
58.53070 4.36152052e-01
58.73331 4.32351775e-01
58.93662 4.28584889e-01
59.14063 4.24851145e-01
59.34535 4.21150296e-01
59.55078 4.17482343e-01
59.75692 4.13846790e-01
59.96377 4.10243391e-01
60.17134 4.06671897e-01
60.37963 4.03132063e-01
60.58864 3.99623639e-01
60.79837 3.96146380e-01
61.00883 3.92700037e-01
61.22002 3.89284364e-01
61.43194 3.85899360e-01
61.64459 3.82544283e-01
61.85797 3.79219134e-01
62.07210 3.75923665e-01
62.28697 3.72657628e-01
62.50258 3.69420777e-01
62.71894 3.66212863e-01
62.93605 3.63033888e-01
63.15390 3.59883109e-01
63.37252 3.56760525e-01
63.59189 3.53666138e-01
63.81201 3.50599205e-01
64.03290 3.47559973e-01
64.25456 3.44547947e-01
64.47698 3.41563129e-01
64.70017 3.38604775e-01
64.92414 3.35673380e-01
65.14888 3.32767955e-01
65.37440 3.29888995e-01
65.60070 3.27035511e-01
65.82778 3.24207996e-01
66.05565 3.21405957e-01
66.28430 3.18628898e-01
66.51375 3.15876820e-01
66.74400 3.13149723e-01
66.97504 3.10447111e-01
67.20688 3.07768739e-01
67.43952 3.05114605e-01
67.67297 3.02484215e-01
67.90722 2.99877569e-01
68.14229 2.97294419e-01
68.37817 2.94734519e-01
68.61486 2.92197621e-01
68.85238 2.89683725e-01
69.09072 2.87192337e-01
69.32988 2.84723455e-01
69.56987 2.82276834e-01
69.81069 2.79852225e-01
70.05235 2.77449382e-01
70.29484 2.75068304e-01
70.53817 2.72708497e-01
70.78235 2.70369960e-01
71.02737 2.68052694e-01
71.27323 2.65755957e-01
71.51995 2.63479995e-01
71.76752 2.61224563e-01
72.01595 2.58989659e-01
72.26524 2.56774541e-01
72.51539 2.54579458e-01
72.76641 2.52403914e-01
73.01830 2.50248157e-01
73.27106 2.48111691e-01
73.52469 2.45994543e-01
73.77920 2.43896315e-01
74.03460 2.41816934e-01
74.29087 2.39756227e-01
74.54804 2.37714021e-01
74.80609 2.35690141e-01
75.06504 2.33684416e-01
75.32488 2.31696673e-01
75.58563 2.29726762e-01
75.84727 2.27774510e-01
76.10982 2.25839745e-01
76.37328 2.23922318e-01
76.63766 2.22022056e-01
76.90295 2.20138811e-01
77.16915 2.18272409e-01
77.43628 2.16422702e-01
77.70433 2.14589541e-01
77.97331 2.12772779e-01
78.24322 2.10972217e-01
78.51407 2.09187756e-01
78.78585 2.07419224e-01
79.05857 2.05666472e-01
79.33224 2.03929376e-01
79.60686 2.02207738e-01
79.88242 2.00501459e-01
80.15894 1.98810392e-01
80.43642 1.97134387e-01
80.71486 1.95473296e-01
80.99426 1.93826971e-01
81.27463 1.92195313e-01
81.55596 1.90578149e-01
81.83828 1.88975355e-01
82.12157 1.87386782e-01
82.40584 1.85812333e-01
82.69109 1.84251857e-01
82.97733 1.82705208e-01
83.26457 1.81172285e-01
83.55279 1.79652941e-01
83.84202 1.78147052e-01
84.13225 1.76654470e-01
84.42348 1.75175119e-01
84.71572 1.73708853e-01
85.00897 1.72255547e-01
85.30323 1.70815078e-01
85.59852 1.69387322e-01
85.89482 1.67972179e-01
86.19215 1.66569502e-01
86.49052 1.65179192e-01
86.78991 1.63801150e-01
87.09034 1.62435252e-01
87.39181 1.61081349e-01
87.69432 1.59739368e-01
87.99789 1.58409209e-01
88.30250 1.57090724e-01
88.60816 1.55783815e-01
88.91489 1.54488382e-01
89.22267 1.53204326e-01
89.53153 1.51931524e-01
89.84145 1.50669877e-01
90.15244 1.49419285e-01
90.46451 1.48179651e-01
90.77766 1.46950849e-01
91.09190 1.45732807e-01
91.40722 1.44525400e-01
91.72363 1.43328554e-01
92.04114 1.42142145e-01
92.35975 1.40966100e-01
92.67946 1.39800294e-01
93.00028 1.38644679e-01
93.32221 1.37499105e-01
93.64525 1.36363523e-01
93.96941 1.35237810e-01
94.29469 1.34121892e-01
94.62110 1.33015694e-01
94.94864 1.31919067e-01
95.27731 1.30831988e-01
95.60712 1.29754331e-01
95.93807 1.28686049e-01
96.27017 1.27626993e-01
96.60342 1.26577112e-01
96.93782 1.25536334e-01
97.27338 1.24504558e-01
97.61010 1.23481711e-01
97.94798 1.22467694e-01
98.28704 1.21462432e-01
98.62727 1.20465877e-01
98.96867 1.19477879e-01
99.31126 1.18498439e-01
99.65504 1.17527408e-01
100.00000 1.16564762e-01
