        2000  1.000000 3.700000
0.10000 4.02778251e-04
0.10035 4.10250129e-04
0.10069 4.02125028e-04
0.10104 4.04246608e-04
0.10139 4.09616393e-04
0.10174 7.37514093e-04
0.10210 4.22737975e-04
0.10245 4.11780647e-04
0.10280 4.21716232e-04
0.10316 4.12740871e-04
0.10352 4.15861944e-04
0.10387 4.04774573e-04
0.10423 5.65225320e-04
0.10459 4.06881008e-04
0.10496 4.19159532e-04
0.10532 4.23982063e-04
0.10568 4.50137363e-04
0.10605 4.17195819e-04
0.10642 4.93285579e-04
0.10679 5.05046053e-04
0.10716 5.34993360e-04
0.10753 5.78975507e-04
0.10790 4.56968944e-04
0.10827 4.73701972e-04
0.10865 4.69594479e-04
0.10902 5.10636013e-04
0.10940 4.63151743e-04
0.10978 4.67390117e-04
0.11016 4.69920917e-04
0.11054 4.62264729e-04
0.11092 4.91354623e-04
0.11131 5.33791600e-04
0.11169 4.63241283e-04
0.11208 4.95240067e-04
0.11247 4.83248465e-04
0.11286 4.94214427e-04
0.11325 4.67391252e-04
0.11364 4.82121643e-04
0.11403 4.70011197e-04
0.11443 4.61301447e-04
0.11482 4.62197636e-04
0.11522 4.75840227e-04
0.11562 4.62238188e-04
0.11602 4.72833755e-04
0.11642 4.69278745e-04
0.11682 4.74729240e-04
0.11723 4.57679443e-04
0.11763 5.64031947e-04
0.11804 5.86448520e-04
0.11845 4.66310359e-04
0.11886 7.97465440e-04
0.11927 5.24769520e-04
0.11968 4.99803400e-04
0.12010 4.65471791e-04
0.12051 4.77531867e-04
0.12093 4.75227803e-04
0.12135 4.82874124e-04
0.12177 4.65403069e-04
0.12219 5.31135493e-04
0.12262 5.43759400e-04
0.12304 6.26527907e-04
0.12347 5.42436773e-04
0.12389 5.44222147e-04
0.12432 6.23318773e-04
0.12475 5.42704653e-04
0.12518 5.58183973e-04
0.12562 5.80336613e-04
0.12605 5.56987147e-04
0.12649 5.57730107e-04
0.12693 5.45107187e-04
0.12737 5.98999413e-04
0.12781 6.20219160e-04
0.12825 5.39397840e-04
0.12869 5.68093067e-04
0.12914 5.53217093e-04
0.12959 5.56455827e-04
0.13003 6.76203613e-04
0.13048 5.52595000e-04
0.13094 5.41590707e-04
0.13139 5.54874200e-04
0.13184 5.59849467e-04
0.13230 5.83204360e-04
0.13276 5.45369640e-04
0.13322 5.55302907e-04
0.13368 5.67953947e-04
0.13414 5.55780947e-04
0.13461 5.63257907e-04
0.13507 5.58140560e-04
0.13554 5.74670680e-04
0.13601 5.77718493e-04
0.13648 6.04723560e-04
0.13695 6.37905653e-04
0.13743 5.71950933e-04
0.13790 5.44803293e-04
0.13838 5.52160373e-04
0.13886 5.98584520e-04
0.13934 5.51691707e-04
0.13982 5.56465693e-04
0.14031 5.47464333e-04
0.14079 7.24575440e-04
0.14128 5.54097693e-04
0.14177 5.80674053e-04
0.14226 6.22789427e-04
0.14275 5.95998467e-04
0.14324 5.69433453e-04
0.14374 5.72936613e-04
0.14424 6.02124680e-04
0.14474 6.91492013e-04
0.14524 6.86760947e-04
0.14574 6.81246960e-04
0.14625 6.73773453e-04
0.14675 6.73852387e-04
0.14726 6.92494960e-04
0.14777 7.78179067e-04
0.14828 7.18131520e-04
0.14879 6.73403453e-04
0.14931 7.32383427e-04
0.14983 9.03891747e-04
0.15034 7.09925907e-04
0.15087 7.10973253e-04
0.15139 6.74540587e-04
0.15191 6.95710013e-04
0.15244 6.72166173e-04
0.15297 6.90018920e-04
0.15349 6.94366667e-04
0.15403 6.95512680e-04
0.15456 7.20903560e-04
0.15509 7.11894800e-04
0.15563 7.24824080e-04
0.15617 6.90577373e-04
0.15671 6.96375520e-04
0.15725 6.94066227e-04
0.15780 6.89091453e-04
0.15834 6.90069733e-04
0.15889 6.98302480e-04
0.15944 7.02381360e-04
0.15999 7.02244707e-04
0.16055 6.96837773e-04
0.16110 6.92514200e-04
0.16166 6.87967147e-04
0.16222 7.16178907e-04
0.16278 7.29015440e-04
0.16335 7.35724280e-04
0.16391 7.56628787e-04
0.16448 8.77544787e-04
0.16505 7.17767933e-04
0.16562 6.96108627e-04
0.16619 6.98428773e-04
0.16677 7.75796267e-04
0.16734 7.19573040e-04
0.16792 7.13952493e-04
0.16851 7.23772293e-04
0.16909 7.24438787e-04
0.16967 7.11999880e-04
0.17026 7.10645680e-04
0.17085 7.08685173e-04
0.17144 6.87684467e-04
0.17204 7.58615933e-04
0.17263 7.29813160e-04
0.17323 7.07226387e-04
0.17383 7.09039387e-04
0.17443 7.24307067e-04
0.17503 7.41298453e-04
0.17564 7.12790693e-04
0.17625 7.58713613e-04
0.17686 7.49842000e-04
0.17747 6.89237973e-04
0.17808 7.77353227e-04
0.17870 7.69539320e-04
0.17932 7.35022760e-04
0.17994 9.53675000e-04
0.18056 9.05421080e-04
0.18119 9.18721347e-04
0.18182 9.39904093e-04
0.18244 9.02731920e-04
0.18308 9.53995667e-04
0.18371 9.28391173e-04
0.18435 9.06199067e-04
0.18498 9.09921267e-04
0.18562 9.05534053e-04
0.18627 9.29120320e-04
0.18691 9.57940360e-04
0.18756 9.08525133e-04
0.18821 9.28349240e-04
0.18886 9.24085853e-04
0.18951 9.48774227e-04
0.19017 8.89148973e-04
0.19083 9.31167160e-04
0.19149 9.37828147e-04
0.19215 9.54625160e-04
0.19282 9.14237933e-04
0.19348 9.37419667e-04
0.19415 9.37625387e-04
0.19483 9.54471240e-04
0.19550 9.17221613e-04
0.19618 8.89831253e-04
0.19686 7.84240160e-04
0.19754 6.72946133e-04
0.19822 6.31422267e-04
0.19891 6.28756293e-04
0.19960 5.54438093e-04
0.20029 5.35528133e-04
0.20098 5.21548547e-04
0.20168 5.00570533e-04
0.20237 5.01377627e-04
0.20307 4.95532613e-04
0.20378 4.93652027e-04
0.20448 4.87085316e-04
0.20519 4.83045212e-04
0.20590 4.78306844e-04
0.20661 4.79185027e-04
0.20733 4.77698416e-04
0.20805 4.74791992e-04
0.20877 4.74050709e-04
0.20949 5.16351280e-04
0.21021 4.77830629e-04
0.21094 4.76351073e-04
0.21167 4.75958331e-04
0.21240 4.73882335e-04
0.21314 4.74682669e-04
0.21388 4.77467043e-04
0.21462 5.64244573e-04
0.21536 4.74770187e-04
0.21611 4.75126817e-04
0.21685 4.75391244e-04
0.21760 4.75782605e-04
0.21836 4.75915756e-04
0.21911 4.74911181e-04
0.21987 4.75194552e-04
0.22063 4.74414000e-04
0.22140 4.76317428e-04
0.22216 4.74587604e-04
0.22293 4.75838993e-04
0.22370 4.74202508e-04
0.22448 4.74656572e-04
0.22526 4.74353320e-04
0.22604 4.74901857e-04
0.22682 4.75711121e-04
0.22760 4.76360940e-04
0.22839 4.74862193e-04
0.22918 4.94106387e-04
0.22998 4.95691467e-04
0.23077 4.95511400e-04
0.23157 4.98635187e-04
0.23237 4.96761013e-04
0.23318 4.97020013e-04
0.23398 4.94568640e-04
0.23479 4.95004253e-04
0.23561 4.96365853e-04
0.23642 4.95792107e-04
0.23724 4.98152707e-04
0.23806 4.95311107e-04
0.23889 4.96005227e-04
0.23971 4.95279533e-04
0.24054 4.94929760e-04
0.24137 4.95972173e-04
0.24221 4.97299733e-04
0.24305 4.95708733e-04
0.24389 4.95244013e-04
0.24473 4.96193680e-04
0.24558 4.94769427e-04
0.24643 4.94381667e-04
0.24728 4.93857747e-04
0.24814 4.95768427e-04
0.24900 4.95676173e-04
0.24986 4.97838947e-04
0.25073 4.95896200e-04
0.25159 4.93019179e-04
0.25246 4.92015541e-04
0.25334 4.96098960e-04
0.25422 4.96011147e-04
0.25510 4.94391533e-04
0.25598 4.93833080e-04
0.25687 4.93489227e-04
0.25775 4.95452200e-04
0.25865 4.95066413e-04
0.25954 4.95600200e-04
0.26044 4.96334280e-04
0.26134 4.92317856e-04
0.26225 4.91889149e-04
0.26315 4.92733637e-04
0.26406 4.94203573e-04
0.26498 4.94030907e-04
0.26590 4.95662360e-04
0.26682 4.95450227e-04
0.26774 4.93029785e-04
0.26867 4.92658404e-04
0.26960 4.91857872e-04
0.27053 4.92873793e-04
0.27147 4.93454693e-04
0.27241 4.94359960e-04
0.27335 4.93509947e-04
0.27430 4.93421640e-04
0.27525 4.90837461e-04
0.27620 4.90760205e-04
0.27715 4.94379200e-04
0.27811 4.93317596e-04
0.27908 4.95139427e-04
0.28004 4.93450747e-04
0.28101 4.92620516e-04
0.28198 4.91399911e-04
0.28296 4.91489944e-04
0.28394 4.93049420e-04
0.28492 4.91956736e-04
0.28591 4.94232187e-04
0.28690 4.92065861e-04
0.28789 4.90680285e-04
0.28889 4.89493424e-04
0.28989 4.91743912e-04
0.29089 4.92158657e-04
0.29190 4.92575425e-04
0.29291 4.91046635e-04
0.29392 4.91173273e-04
0.29494 4.89450504e-04
0.29596 4.91420088e-04
0.29699 4.93273837e-04
0.29801 4.91473516e-04
0.29905 4.90973523e-04
0.30008 4.89793716e-04
0.30112 4.89474135e-04
0.30216 4.90565832e-04
0.30321 4.90187889e-04
0.30426 4.91999459e-04
0.30531 4.92248888e-04
0.30637 4.90812203e-04
0.30743 4.90441019e-04
0.30849 4.87639477e-04
0.30956 4.87901585e-04
0.31063 4.90615461e-04
0.31171 4.90265293e-04
0.31279 4.87712737e-04
0.31387 4.89350012e-04
0.31496 4.91217081e-04
0.31605 4.91181660e-04
0.31714 4.89435901e-04
0.31824 4.89025004e-04
0.31934 4.90524491e-04
0.32044 4.90645653e-04
0.32155 4.88081652e-04
0.32267 4.88916323e-04
0.32378 4.86692820e-04
0.32490 4.87244811e-04
0.32603 4.89373396e-04
0.32716 4.88412827e-04
0.32829 4.91273272e-04
0.32943 4.91679581e-04
0.33057 4.87952793e-04
0.33171 4.85139757e-04
0.33286 4.84322896e-04
0.33401 4.87118665e-04
0.33517 4.90070131e-04
0.33633 4.88833245e-04
0.33749 4.89092048e-04
0.33866 4.89223324e-04
0.33983 4.87297400e-04
0.34101 4.87135883e-04
0.34219 4.86931939e-04
0.34337 4.86099685e-04
0.34456 4.86997799e-04
0.34576 4.87097847e-04
0.34695 4.85697865e-04
0.34815 4.86463025e-04
0.34936 4.88089841e-04
0.35057 4.88546569e-04
0.35178 4.86058640e-04
0.35300 4.85287363e-04
0.35422 4.84824616e-04
0.35545 4.85382132e-04
0.35668 4.86404368e-04
0.35791 4.85116916e-04
0.35915 4.85884000e-04
0.36039 4.86216309e-04
0.36164 4.86703969e-04
0.36289 4.87100560e-04
0.36415 4.88030888e-04
0.36541 4.83913479e-04
0.36668 4.82834509e-04
0.36795 4.83175995e-04
0.36922 4.83836716e-04
0.37050 4.83522167e-04
0.37178 4.83925861e-04
0.37307 4.83491777e-04
0.37436 4.84765317e-04
0.37565 4.84863392e-04
0.37695 4.85285241e-04
0.37826 4.86965337e-04
0.37957 4.84928759e-04
0.38088 4.84340508e-04
0.38220 4.84078943e-04
0.38352 4.83457737e-04
0.38485 4.82577927e-04
0.38618 4.81442717e-04
0.38752 4.81947891e-04
0.38886 4.81249775e-04
0.39021 4.81285295e-04
0.39156 4.81659488e-04
0.39291 1.18001979e-02
0.39427 1.27339792e-02
0.39564 1.33049681e-02
0.39701 1.21096659e-02
0.39838 1.09547084e-02
0.39976 1.17062031e-02
0.40115 1.41735851e-02
0.40253 1.16643043e-02
0.40393 1.05501948e-02
0.40533 1.13573473e-02
0.40673 1.13432824e-02
0.40814 1.10595911e-02
0.40955 1.22132116e-02
0.41097 1.10028183e-02
0.41239 1.11116673e-02
0.41382 9.58970933e-03
0.41525 1.00395701e-02
0.41669 1.42854632e-02
0.41813 1.79538948e-02
0.41958 1.01852663e-02
0.42103 9.79732867e-03
0.42249 9.51563533e-03
0.42395 9.14319827e-03
0.42542 9.48702693e-03
0.42689 9.94399667e-03
0.42837 1.54818163e-02
0.42985 1.00153919e-02
0.43134 9.84404733e-03
0.43283 1.16909689e-02
0.43433 1.00331617e-02
0.43583 8.94919493e-03
0.43734 1.67357709e-02
0.43886 8.89188933e-03
0.44037 1.04640095e-02
0.44190 1.10576424e-02
0.44343 9.52159973e-03
0.44496 8.01428387e-03
0.44650 1.25246875e-02
0.44805 1.00994460e-02
0.44960 8.33094960e-03
0.45116 8.64333813e-03
0.45272 8.37981427e-03
0.45429 8.29344640e-03
0.45586 8.64725520e-03
0.45744 1.30206256e-02
0.45902 8.69182293e-03
0.46061 7.50640213e-03
0.46220 7.41918080e-03
0.46380 7.99661267e-03
0.46541 1.63118052e-02
0.46702 8.85532840e-03
0.46864 1.05429428e-02
0.47026 1.33522344e-02
0.47189 1.47334197e-02
0.47352 6.89210840e-03
0.47516 7.66774187e-03
0.47680 7.18790613e-03
0.47845 1.02092028e-02
0.48011 9.93931493e-03
0.48177 9.69918987e-03
0.48344 7.80210613e-03
0.48511 8.00174333e-03
0.48679 1.49923951e-02
0.48848 8.37485133e-03
0.49017 6.98727733e-03
0.49186 7.82109947e-03
0.49357 7.43178547e-03
0.49528 9.21207747e-03
0.49699 1.64476248e-02
0.49871 6.98745000e-03
0.50044 6.79780280e-03
0.50217 1.06821171e-02
0.50391 6.70502653e-03
0.50565 1.15630723e-02
0.50740 7.75723253e-03
0.50916 9.53598040e-03
0.51092 6.62057773e-03
0.51269 7.45096627e-03
0.51446 6.10212387e-03
0.51625 6.59333587e-03
0.51803 2.34225096e-02
0.51983 7.89413747e-03
0.52163 6.75569187e-03
0.52343 7.97370227e-03
0.52524 1.08158597e-02
0.52706 6.11625293e-03
0.52889 5.60381280e-03
0.53072 6.42826160e-03
0.53255 9.17057827e-03
0.53440 7.72851560e-03
0.53625 7.46010280e-03
0.53810 5.89652720e-03
0.53997 1.06425813e-02
0.54183 1.80953433e-02
0.54371 5.68438893e-03
0.54559 1.26931855e-02
0.54748 6.66297973e-03
0.54938 6.69575680e-03
0.55128 9.17074600e-03
0.55319 1.19676401e-02
0.55510 5.88152000e-03
0.55702 6.87893147e-03
0.55895 5.45899973e-03
0.56089 1.15670929e-02
0.56283 6.27531347e-03
0.56478 8.50671933e-03
0.56673 1.12417051e-02
0.56869 5.33794067e-03
0.57066 7.69018853e-03
0.57264 8.52103587e-03
0.57462 5.84868373e-03
0.57661 7.11255933e-03
0.57860 7.09523840e-03
0.58061 8.40921200e-03
0.58262 9.37984533e-03
0.58463 5.35861133e-03
0.58666 4.83349599e-03
0.58869 5.67006253e-03
0.59073 1.39603023e-02
0.59277 7.47768027e-03
0.59482 1.11667332e-02
0.59688 6.53148173e-03
0.59895 5.73559693e-03
0.60102 5.49953200e-03
0.60310 6.28532813e-03
0.60519 5.88802707e-03
0.60728 5.31542493e-03
0.60939 7.63036693e-03
0.61150 6.13373667e-03
0.61361 5.13075547e-03
0.61574 8.86376440e-03
0.61787 7.14122200e-03
0.62001 1.04696335e-02
0.62215 5.19804613e-03
0.62431 5.71111773e-03
0.62647 7.63204427e-03
0.62864 5.00212867e-03
0.63081 4.23318579e-03
0.63300 4.82330421e-03
0.63519 7.59822627e-03
0.63739 5.47247267e-03
0.63959 5.43337600e-03
0.64181 5.35643080e-03
0.64403 9.87139773e-03
0.64626 9.07875413e-03
0.64849 5.39044613e-03
0.65074 5.81305520e-03
0.65299 7.53688027e-03
0.65525 5.57021187e-03
0.65752 4.58646573e-03
0.65980 6.12920787e-03
0.66208 7.03704480e-03
0.66437 5.38557693e-03
0.66667 5.18893427e-03
0.66898 4.54632567e-03
0.67130 5.01064360e-03
0.67362 6.57449053e-03
0.67595 7.62188653e-03
0.67829 7.31764293e-03
0.68064 6.77261813e-03
0.68299 4.45260023e-03
0.68536 4.15779212e-03
0.68773 4.69939664e-03
0.69011 4.94743773e-03
0.69250 4.84406516e-03
0.69490 4.49078324e-03
0.69730 5.57248120e-03
0.69972 4.49965041e-03
0.70214 6.25108093e-03
0.70457 5.00598653e-03
0.70701 5.95124773e-03
0.70946 6.01160213e-03
0.71191 4.79987384e-03
0.71438 4.56479113e-03
0.71685 5.80541347e-03
0.71933 4.68826260e-03
0.72182 5.55084360e-03
0.72432 5.12823453e-03
0.72683 4.74688047e-03
0.72934 5.78890160e-03
0.73187 4.47889835e-03
0.73440 3.94516496e-03
0.73694 3.88268232e-03
0.73949 4.31119856e-03
0.74205 5.06429853e-03
0.74462 5.92388747e-03
0.74720 7.75583147e-03
0.74979 4.97556760e-03
0.75238 4.02596507e-03
0.75499 3.95547119e-03
0.75760 4.62081160e-03
0.76022 4.97029880e-03
0.76285 4.24230851e-03
0.76549 3.82736584e-03
0.76814 3.88691315e-03
0.77080 4.70445972e-03
0.77347 4.91454621e-03
0.77615 5.39707653e-03
0.77884 5.00771813e-03
0.78153 5.13331587e-03
0.78424 4.60281283e-03
0.78695 4.32297492e-03
0.78968 4.42492916e-03
0.79241 4.35893793e-03
0.79515 4.22688543e-03
0.79790 4.59321355e-03
0.80067 4.71259676e-03
0.80344 4.94258827e-03
0.80622 4.99260733e-03
0.80901 4.28831825e-03
0.81181 3.76044369e-03
0.81462 3.61659707e-03
0.81744 3.68908155e-03
0.82027 3.92825793e-03
0.82311 4.37264816e-03
0.82596 4.92435171e-03
0.82882 5.38061400e-03
0.83169 4.77452489e-03
0.83457 4.10337795e-03
0.83745 3.98549891e-03
0.84035 4.00137585e-03
0.84326 4.00329295e-03
0.84618 4.07095115e-03
0.84911 3.89804127e-03
0.85205 3.83108705e-03
0.85500 4.07216623e-03
0.85796 4.56227217e-03
0.86093 4.54889692e-03
0.86391 4.17226997e-03
0.86690 4.08949259e-03
0.86990 4.19640384e-03
0.87291 4.06917860e-03
0.87593 3.85548929e-03
0.87897 3.79880085e-03
0.88201 3.83031548e-03
0.88506 3.88791609e-03
0.88813 4.03238975e-03
0.89120 4.10948443e-03
0.89428 4.10828316e-03
0.89738 4.19862581e-03
0.90049 4.07884892e-03
0.90360 3.73991708e-03
0.90673 3.47646475e-03
0.90987 3.36711840e-03
0.91302 3.38667512e-03
0.91618 3.52126237e-03
0.91935 3.76902029e-03
0.92253 4.05842097e-03
0.92573 4.19879651e-03
0.92893 4.11440592e-03
0.93215 3.87233021e-03
0.93537 3.66464132e-03
0.93861 3.55848783e-03
0.94186 3.53728436e-03
0.94512 3.59205768e-03
0.94839 3.69745193e-03
0.95168 3.76540860e-03
0.95497 3.76873219e-03
0.95828 3.76950672e-03
0.96159 3.72344961e-03
0.96492 3.60421292e-03
0.96826 3.50082407e-03
0.97161 3.47021273e-03
0.97498 3.49321341e-03
0.97835 3.52056233e-03
0.98174 3.49182419e-03
0.98514 3.43268339e-03
0.98855 3.41932984e-03
0.99197 3.44828456e-03
0.99540 3.46099332e-03
0.99885 3.42969033e-03
1.00231 3.39016891e-03
1.00578 3.38285623e-03
1.00926 3.40370449e-03
1.01275 3.40794223e-03
1.01626 3.36859840e-03
1.01978 3.29750117e-03
1.02330 3.22079475e-03
1.02685 3.47189599e-03
1.03040 3.48977241e-03
1.03397 3.53786995e-03
1.03755 3.62070209e-03
1.04114 3.71345567e-03
1.04474 3.77215049e-03
1.04836 3.75362731e-03
1.05199 3.66742619e-03
1.05563 3.56813249e-03
1.05928 3.49676689e-03
1.06295 3.46626952e-03
1.06663 3.47255212e-03
1.07032 3.50371747e-03
1.07403 3.54134252e-03
1.07775 3.55936843e-03
1.08148 3.53789955e-03
1.08522 3.48084653e-03
1.08898 3.40860921e-03
1.09275 3.34382567e-03
1.09653 3.30339059e-03
1.10032 3.29243316e-03
1.10413 3.30193032e-03
1.10796 3.31215367e-03
1.11179 3.30451391e-03
1.11564 3.37190028e-03
1.11950 3.53619261e-03
1.12338 3.50826304e-03
1.12726 3.49632437e-03
1.13117 3.49528591e-03
1.13508 3.49466283e-03
1.13901 3.48721547e-03
1.14295 3.47325907e-03
1.14691 3.45724300e-03
1.15088 3.44329153e-03
1.15487 3.43402476e-03
1.15886 3.42964001e-03
1.16287 3.42674859e-03
1.16690 3.42093761e-03
1.17094 3.41158697e-03
1.17499 3.40269859e-03
1.17906 3.39850328e-03
1.18314 3.39983725e-03
1.18724 3.40378885e-03
1.19135 3.40528711e-03
1.19547 3.39905285e-03
1.19961 3.38205259e-03
1.20376 3.36033063e-03
1.20793 3.60140191e-03
1.21211 3.57015812e-03
1.21630 3.54549145e-03
1.22052 3.52827067e-03
1.22474 3.51590675e-03
1.22898 3.50384820e-03
1.23323 3.48804377e-03
1.23750 3.46699817e-03
1.24179 3.44194671e-03
1.24609 3.41528155e-03
1.25040 3.38912304e-03
1.25473 3.36472425e-03
1.25907 3.45114491e-03
1.26343 3.57862471e-03
1.26780 3.56066244e-03
1.27219 3.54443325e-03
1.27659 3.52804817e-03
1.28101 3.51010268e-03
1.28545 3.49015129e-03
1.28990 3.46946089e-03
1.29436 3.44999741e-03
1.29884 3.43349492e-03
1.30334 3.42051581e-03
1.30785 3.62908333e-03
1.31238 3.64290604e-03
1.31692 3.63204580e-03
1.32148 3.62031532e-03
1.32605 3.60856116e-03
1.33064 3.59815528e-03
1.33525 3.59012283e-03
1.33987 3.58461032e-03
1.34451 3.58087233e-03
1.34916 3.57775200e-03
1.35383 3.80350725e-03
1.35852 3.80697341e-03
1.36322 3.80054479e-03
1.36794 3.79293068e-03
1.37268 3.78415872e-03
1.37743 3.77419783e-03
1.38220 3.76272536e-03
1.38698 3.74938859e-03
1.39178 3.73407700e-03
1.39660 3.71697363e-03
1.40144 3.69838236e-03
1.40629 3.90846491e-03
1.41115 3.88724023e-03
1.41604 3.86581575e-03
1.42094 3.84434341e-03
1.42586 3.82285085e-03
1.43080 3.80131735e-03
1.43575 3.77955641e-03
1.44072 3.87254136e-03
1.44571 3.95480716e-03
1.45071 3.93130575e-03
1.45573 3.90800265e-03
1.46077 3.88500493e-03
1.46583 3.86235649e-03
1.47090 3.84014613e-03
1.47599 3.94560353e-03
1.48110 4.00710789e-03
1.48623 3.98455763e-03
1.49137 3.96237045e-03
1.49654 3.94062383e-03
1.50172 3.91944601e-03
1.50692 3.95908683e-03
1.51213 4.08257507e-03
1.51737 4.06207559e-03
1.52262 4.04227417e-03
1.52789 4.02328873e-03
1.53318 4.00524013e-03
1.53849 3.98814959e-03
1.54381 3.97206396e-03
1.54916 3.98595573e-03
1.55452 4.13985452e-03
1.55990 4.12622421e-03
1.56530 4.11368812e-03
1.57072 4.10218211e-03
1.57615 4.09175304e-03
1.58161 4.27635739e-03
1.58709 4.26717941e-03
1.59258 4.25863537e-03
1.59809 4.25045739e-03
1.60362 4.24238843e-03
1.60918 4.42634897e-03
1.61475 4.41745516e-03
1.62034 4.40793235e-03
1.62594 4.39770555e-03
1.63157 4.38662035e-03
1.63722 4.37453812e-03
1.64289 4.53086756e-03
1.64857 4.53602092e-03
1.65428 4.52018097e-03
1.66001 4.50333463e-03
1.66575 4.51309276e-03
1.67152 4.64014385e-03
1.67731 4.63195748e-03
1.68311 4.61068001e-03
1.68894 4.61296563e-03
1.69478 4.74675467e-03
1.70065 4.72389804e-03
1.70654 4.69903059e-03
1.71245 4.67361751e-03
1.71837 4.82627753e-03
1.72432 4.79901988e-03
1.73029 4.77143811e-03
1.73628 4.74360079e-03
1.74229 4.73393589e-03
1.74832 4.84230149e-03
1.75437 4.83124047e-03
1.76045 4.80186888e-03
1.76654 4.82118535e-03
1.77266 4.91232967e-03
1.77879 4.88216332e-03
1.78495 4.85234823e-03
1.79113 4.96985973e-03
1.79733 4.95877453e-03
1.80355 4.92917651e-03
1.80979 4.98730893e-03
1.81606 5.03397333e-03
1.82234 5.00548333e-03
1.82865 4.97789120e-03
1.83498 4.96255840e-03
1.84133 5.08419960e-03
1.84771 5.05887187e-03
1.85410 5.05481173e-03
1.86052 5.14246227e-03
1.86696 5.14585147e-03
1.87342 5.12494400e-03
1.87991 5.23300867e-03
1.88642 5.24114373e-03
1.89295 5.24497693e-03
1.89950 5.36087573e-03
1.90607 5.34585867e-03
1.91267 5.33220813e-03
1.91929 5.34035307e-03
1.92594 5.44546267e-03
1.93260 5.44896533e-03
1.93929 5.48563480e-03
1.94601 5.58034493e-03
1.95274 5.57131200e-03
1.95950 5.65664880e-03
1.96629 5.70375720e-03
1.97309 5.69480813e-03
1.97992 5.72017040e-03
1.98678 5.82487547e-03
1.99365 5.83994187e-03
2.00055 5.95124280e-03
2.00748 5.93848520e-03
2.01443 5.99326987e-03
2.02140 6.05699867e-03
2.02840 6.09281467e-03
2.03542 6.16868933e-03
2.04247 6.14868467e-03
2.04954 6.19155533e-03
2.05663 6.24924080e-03
2.06375 6.28872720e-03
2.07090 6.34169640e-03
2.07806 6.34745853e-03
2.08526 6.41899187e-03
2.09247 6.40488747e-03
2.09972 6.50178800e-03
2.10699 6.46676133e-03
2.11428 6.46536027e-03
2.12160 6.51354907e-03
2.12894 6.58622693e-03
2.13631 6.59058800e-03
2.14371 6.60481573e-03
2.15113 6.64305400e-03
2.15857 6.62260533e-03
2.16605 6.69019200e-03
2.17354 6.66234333e-03
2.18107 6.69673853e-03
2.18862 6.74671320e-03
2.19619 6.76617027e-03
2.20380 6.73004347e-03
2.21143 6.81221800e-03
2.21908 6.82077733e-03
2.22676 6.84516280e-03
2.23447 6.83670707e-03
2.24220 6.87287827e-03
2.24997 6.91356347e-03
2.25775 6.93788480e-03
2.26557 6.98007960e-03
2.27341 7.01704013e-03
2.28128 7.03241240e-03
2.28918 7.01147533e-03
2.29710 7.06827280e-03
2.30505 7.08788773e-03
2.31303 7.13081760e-03
2.32104 7.19493613e-03
2.32908 7.26003147e-03
2.33714 7.24428920e-03
2.34523 7.29460427e-03
2.35335 7.31575347e-03
2.36149 7.40830280e-03
2.36967 7.47043813e-03
2.37787 7.50600253e-03
2.38610 7.54777800e-03
2.39436 7.59507387e-03
2.40265 7.63695293e-03
2.41097 7.73628560e-03
2.41931 7.78336440e-03
2.42769 7.83497693e-03
2.43609 7.87484813e-03
2.44452 7.96489133e-03
2.45298 8.02972520e-03
2.46148 8.08417933e-03
2.47000 8.19426667e-03
2.47855 8.21757667e-03
2.48713 8.29772360e-03
2.49574 8.31142840e-03
2.50438 8.42317333e-03
2.51304 8.52619613e-03
2.52174 8.58976213e-03
2.53047 8.64327893e-03
2.53923 8.72850227e-03
2.54802 8.77564027e-03
2.55684 8.85289627e-03
2.56569 8.95594867e-03
2.57457 9.01048173e-03
2.58349 9.04807373e-03
2.59243 9.14522093e-03
2.60140 9.22536787e-03
2.61041 9.26592480e-03
2.61944 9.31581067e-03
2.62851 9.40359440e-03
2.63761 9.48871907e-03
2.64674 9.57116000e-03
2.65590 9.65093693e-03
2.66510 9.72792653e-03
2.67432 9.80209920e-03
2.68358 9.86602040e-03
2.69287 9.89390853e-03
2.70219 9.90475200e-03
2.71154 9.96847093e-03
2.72093 1.00295308e-02
2.73035 1.00879513e-02
2.73980 1.01467764e-02
2.74928 1.02165979e-02
2.75880 1.02580724e-02
2.76835 1.02972727e-02
2.77793 1.03344848e-02
2.78755 1.04553120e-02
2.79720 1.05012117e-02
2.80688 1.05322029e-02
2.81660 1.06257389e-02
2.82635 1.06856987e-02
2.83613 1.07115247e-02
2.84595 1.07360384e-02
2.85580 1.07921600e-02
2.86569 1.08754445e-02
2.87561 1.08959968e-02
2.88556 1.09231696e-02
2.89555 1.10254376e-02
2.90557 1.10443668e-02
2.91563 1.10612043e-02
2.92572 1.11388549e-02
2.93585 1.12348773e-02
2.94601 1.12886359e-02
2.95621 1.13333072e-02
2.96644 1.14058913e-02
2.97671 1.14285699e-02
2.98702 1.15191261e-02
2.99736 1.15339557e-02
3.00773 1.16097613e-02
3.01814 1.16976881e-02
3.02859 1.17848503e-02
3.03907 1.18445831e-02
3.04960 1.18723676e-02
3.06015 1.19583507e-02
3.07074 1.20433865e-02
3.08137 1.21280672e-02
3.09204 1.21646183e-02
3.10274 1.22136704e-02
3.11348 1.22979219e-02
3.12426 1.23820895e-02
3.13508 1.24659808e-02
3.14593 1.25494577e-02
3.15682 1.26329100e-02
3.16775 1.27163721e-02
3.17871 1.27998343e-02
3.18972 1.28884271e-02
3.20076 1.30369253e-02
3.21184 1.31291836e-02
3.22295 1.32120241e-02
3.23411 1.32949288e-02
3.24531 1.33778581e-02
3.25654 1.34607085e-02
3.26781 1.35999815e-02
3.27912 1.37444443e-02
3.29047 1.38635152e-02
3.30187 1.39453543e-02
3.31330 1.40268677e-02
3.32476 1.41610347e-02
3.33627 1.43019405e-02
3.34782 1.44225457e-02
3.35941 1.45052827e-02
3.37104 1.46433617e-02
3.38271 1.47359851e-02
3.39442 1.48675867e-02
3.40617 1.50420639e-02
3.41796 1.51180569e-02
3.42979 1.52420760e-02
3.44166 1.53730807e-02
3.45358 1.55028323e-02
3.46553 1.56309115e-02
3.47753 1.57568003e-02
3.48957 1.59129156e-02
3.50164 1.60780047e-02
3.51377 1.61988220e-02
3.52593 1.63170691e-02
3.53814 1.64629823e-02
3.55038 1.66211548e-02
3.56267 1.67331316e-02
3.57500 1.68424789e-02
3.58738 1.69740608e-02
3.59980 1.71317499e-02
3.61226 1.72855169e-02
3.62476 1.73998025e-02
3.63731 1.75129633e-02
3.64990 1.76582007e-02
3.66254 1.78459880e-02
3.67521 1.79817533e-02
3.68794 1.80728769e-02
3.70070 1.82041480e-02
3.71351 1.83319411e-02
3.72637 1.84704937e-02
3.73927 1.86403336e-02
3.75221 1.87640863e-02
3.76520 1.88778489e-02
3.77823 1.89886072e-02
3.79131 1.91404601e-02
3.80443 1.92899352e-02
3.81760 1.94327404e-02
3.83082 1.95277909e-02
3.84408 1.96741580e-02
3.85739 1.98412944e-02
3.87074 1.99254176e-02
3.88414 2.00637828e-02
3.89758 2.02224487e-02
3.91107 2.03390875e-02
3.92461 2.04518536e-02
3.93820 2.05615709e-02
3.95183 2.06667743e-02
3.96551 2.08232596e-02
3.97924 2.09937359e-02
3.99301 2.10869068e-02
4.00683 2.12016265e-02
4.02070 2.13293209e-02
4.03462 2.14513617e-02
4.04859 2.15913105e-02
4.06260 2.17468733e-02
4.07667 2.18185251e-02
4.09078 2.19196683e-02
4.10494 2.20621035e-02
4.11915 2.21663695e-02
4.13341 2.22732107e-02
4.14771 2.24026367e-02
4.16207 2.25533401e-02
4.17648 2.27088881e-02
4.19094 2.28257243e-02
4.20545 2.29394524e-02
4.22000 2.30501317e-02
4.23461 2.31868393e-02
4.24927 2.33251207e-02
4.26398 2.34586759e-02
4.27874 2.35880328e-02
4.29355 2.37151895e-02
4.30841 2.38361203e-02
4.32332 2.39549741e-02
4.33829 2.40697531e-02
4.35331 2.42031948e-02
4.36838 2.43449295e-02
4.38350 2.44798265e-02
4.39867 2.46237417e-02
4.41390 2.47836804e-02
4.42918 2.48980449e-02
4.44451 2.49898000e-02
4.45990 2.51350867e-02
4.47533 2.52885577e-02
4.49083 2.54589501e-02
4.50637 2.56094464e-02
4.52197 2.57435492e-02
4.53762 2.58722895e-02
4.55333 2.60023371e-02
4.56909 2.61523647e-02
4.58491 2.63099945e-02
4.60078 2.64815709e-02
4.61670 2.66332019e-02
4.63269 2.67704817e-02
4.64872 2.69241304e-02
4.66481 2.70823720e-02
4.68096 2.72331248e-02
4.69717 2.73892845e-02
4.71343 2.75598792e-02
4.72974 2.77277260e-02
4.74611 2.78915571e-02
4.76254 2.80509383e-02
4.77903 2.82081833e-02
4.79557 2.83791332e-02
4.81217 2.85547599e-02
4.82883 2.87456453e-02
4.84555 2.89348781e-02
4.86232 2.90950980e-02
4.87915 2.92663044e-02
4.89604 2.94668740e-02
4.91299 2.96562203e-02
4.92999 2.98260996e-02
4.94706 3.00150167e-02
4.96418 3.02233168e-02
4.98137 3.04264320e-02
4.99861 3.06267599e-02
5.01591 3.08361453e-02
5.03328 3.10507749e-02
5.05070 3.12415321e-02
5.06818 3.14264680e-02
5.08573 3.16391440e-02
5.10333 3.18590079e-02
5.12100 3.20697204e-02
5.13873 3.22811483e-02
5.15651 3.25019297e-02
5.17436 3.27255035e-02
5.19228 3.29578881e-02
5.21025 3.31929565e-02
5.22828 3.34170828e-02
5.24638 3.36430295e-02
5.26454 3.38955224e-02
5.28277 3.41514933e-02
5.30105 3.43957377e-02
5.31940 3.46417483e-02
5.33782 3.48940291e-02
5.35629 3.51492205e-02
5.37484 3.54096512e-02
5.39344 3.56731356e-02
5.41211 3.59411636e-02
5.43084 3.62123637e-02
5.44965 3.65002731e-02
5.46851 3.67959820e-02
5.48744 3.70721007e-02
5.50643 3.73392061e-02
5.52550 3.76280232e-02
5.54462 3.79351627e-02
5.56381 3.82375316e-02
5.58308 3.85326485e-02
5.60240 3.88351408e-02
5.62179 3.91508445e-02
5.64125 3.94693948e-02
5.66078 3.97886209e-02
5.68038 4.01111869e-02
5.70004 4.04332744e-02
5.71977 4.07586475e-02
5.73957 4.11081889e-02
5.75944 4.14665907e-02
5.77938 4.18156832e-02
5.79938 4.21597980e-02
5.81946 4.25163251e-02
5.83960 4.28905924e-02
5.85982 4.32675435e-02
5.88010 4.36411349e-02
5.90045 4.40186977e-02
5.92088 4.44045140e-02
5.94137 4.47949035e-02
5.96194 4.51917359e-02
5.98258 4.55941281e-02
6.00329 4.60061059e-02
6.02407 4.64323607e-02
6.04492 4.68632775e-02
6.06585 4.72984271e-02
6.08684 4.77383571e-02
6.10791 4.81723769e-02
6.12906 4.86069740e-02
6.15027 4.90550785e-02
6.17156 4.95224280e-02
6.19293 4.99950907e-02
6.21436 5.04799880e-02
6.23588 5.09703120e-02
6.25746 5.14692200e-02
6.27912 5.19754787e-02
6.30086 5.24881013e-02
6.32267 5.30085187e-02
6.34455 5.35348067e-02
6.36652 5.40676067e-02
6.38856 5.46065733e-02
6.41067 5.51641880e-02
6.43286 5.57484920e-02
6.45513 5.63398013e-02
6.47747 5.69222307e-02
6.49990 5.75101360e-02
6.52240 5.81161960e-02
6.54497 5.87440613e-02
6.56763 5.93794253e-02
6.59037 6.00220907e-02
6.61318 6.06724520e-02
6.63607 6.13379093e-02
6.65904 6.20221133e-02
6.68209 6.27147040e-02
6.70522 6.34273733e-02
6.72843 6.41507480e-02
6.75172 6.48828053e-02
6.77510 6.56232493e-02
6.79855 6.63728693e-02
6.82208 6.71494747e-02
6.84570 6.79435933e-02
6.86939 6.87486147e-02
6.89317 6.95724813e-02
6.91704 7.04070040e-02
6.94098 7.12626413e-02
6.96500 7.21426000e-02
6.98911 7.30342507e-02
7.01331 7.39503707e-02
7.03759 7.48824747e-02
7.06195 7.58295267e-02
7.08639 7.68147133e-02
7.11092 7.78134667e-02
7.13554 7.88332853e-02
7.16024 7.98795960e-02
7.18502 8.09406080e-02
7.20990 8.20345253e-02
7.23485 8.31546880e-02
7.25990 8.42910320e-02
7.28503 8.54745387e-02
7.31025 8.66802947e-02
7.33555 8.79056853e-02
7.36094 8.91715787e-02
7.38642 9.04565640e-02
7.41199 9.17702120e-02
7.43765 9.31317133e-02
7.46340 9.45143293e-02
7.48923 9.59371027e-02
7.51516 9.74102453e-02
7.54117 9.89070187e-02
7.56727 1.00447600e-01
7.59347 1.02031397e-01
7.61975 1.03641144e-01
7.64613 1.05313396e-01
7.67260 1.07036165e-01
7.69916 1.08788041e-01
7.72581 1.10605037e-01
7.75255 1.12469936e-01
7.77939 1.14367296e-01
7.80632 1.16369144e-01
7.83334 1.18435273e-01
7.86046 1.20539192e-01
7.88767 1.22744787e-01
7.91497 1.25016291e-01
7.94237 1.27330961e-01
7.96986 1.29749873e-01
7.99745 1.32242588e-01
8.02513 1.34784340e-01
8.05291 1.37448044e-01
8.08079 1.40207307e-01
8.10876 1.43023105e-01
8.13683 1.45966431e-01
8.16500 1.49030919e-01
8.19326 1.52160872e-01
8.22162 1.55415935e-01
8.25008 1.58823881e-01
8.27864 1.62307653e-01
8.30730 1.65915499e-01
8.33605 1.69739572e-01
8.36491 1.73652791e-01
8.39386 1.77670399e-01
8.42292 1.81970440e-01
8.45208 1.86375512e-01
8.48133 1.90888131e-01
8.51069 1.95702867e-01
8.54016 2.00678380e-01
8.56972 2.05781075e-01
8.59938 2.11191017e-01
8.62915 2.16880828e-01
8.65902 2.22724164e-01
8.68899 2.28831631e-01
8.71907 2.35408800e-01
8.74925 2.42174423e-01
8.77954 2.49133629e-01
8.80993 2.56650845e-01
8.84043 2.64423559e-01
8.87103 2.72429520e-01
8.90174 2.80908045e-01
8.93255 2.89849021e-01
8.96347 2.99070457e-01
8.99450 3.08636585e-01
9.02563 3.18919181e-01
9.05688 3.29537145e-01
9.08823 3.40500591e-01
9.11969 3.52105863e-01
9.15126 3.64247733e-01
9.18294 3.76795716e-01
9.21472 3.89809159e-01
9.24662 4.03518793e-01
9.27863 4.17692359e-01
9.31075 4.32343915e-01
9.34298 4.47509277e-01
9.37532 4.63197277e-01
9.40777 4.79409839e-01
9.44034 4.96225747e-01
9.47302 5.17025667e-01
9.50581 5.38655867e-01
9.53871 5.61147427e-01
9.57173 5.81489533e-01
9.60487 5.97499680e-01
9.63811 6.13938533e-01
9.67148 6.30817440e-01
9.70495 6.45025933e-01
9.73855 6.58192507e-01
9.77226 6.71624493e-01
9.80609 6.85327813e-01
9.84003 6.95451507e-01
9.87409 7.05608253e-01
9.90827 7.15912507e-01
9.94257 7.25544347e-01
9.97699 7.31831880e-01
10.01153 7.38168747e-01
10.04618 7.44554947e-01
10.08096 7.49948560e-01
10.11585 7.53547427e-01
10.15087 7.57154680e-01
10.18601 7.60769333e-01
10.22127 7.63486613e-01
10.25665 7.65237453e-01
10.29215 7.66979413e-01
10.32778 7.68711013e-01
10.36353 7.69496893e-01
10.39941 7.69511200e-01
10.43540 7.69507747e-01
10.47153 7.69486533e-01
10.50777 7.67561053e-01
10.54415 7.64181227e-01
10.58065 7.60794493e-01
10.61727 7.57401840e-01
10.65403 7.52992920e-01
10.69091 7.47675773e-01
10.72791 7.42372440e-01
10.76505 7.37083907e-01
10.80231 7.30757400e-01
10.83971 7.23049067e-01
10.87723 7.15397467e-01
10.91488 7.07803587e-01
10.95266 6.99684800e-01
10.99058 6.90055427e-01
11.02862 6.80536560e-01
11.06680 6.71128693e-01
11.10511 6.61825413e-01
11.14355 6.52527560e-01
11.18212 6.43343173e-01
11.22083 6.34270773e-01
11.25967 6.25309373e-01
11.29865 6.15991787e-01
11.33776 6.06656933e-01
11.37701 5.97448373e-01
11.41639 5.88364627e-01
11.45591 5.78629680e-01
11.49556 5.67988480e-01
11.53536 5.57527840e-01
11.57529 5.47244307e-01
11.61536 5.37128013e-01
11.65556 5.26117307e-01
11.69591 5.15318733e-01
11.73640 5.04728840e-01
11.77702 4.94344173e-01
11.81779 4.82313944e-01
11.85870 4.68954971e-01
11.89975 4.55950260e-01
11.94094 4.43291228e-01
11.98227 4.30969685e-01
12.02375 4.14653623e-01
12.06537 3.98840711e-01
12.10714 3.83614717e-01
12.14905 3.68955071e-01
12.19110 3.54439921e-01
12.23330 3.39780225e-01
12.27565 3.25717808e-01
12.31814 3.12229285e-01
12.36078 2.99292112e-01
12.40357 2.89086427e-01
12.44651 2.80352848e-01
12.48959 2.71882167e-01
12.53283 2.63666637e-01
12.57621 2.55698761e-01
12.61974 2.49665936e-01
12.66343 2.44005133e-01
12.70726 2.38474077e-01
12.75125 2.33069759e-01
12.79539 2.27848812e-01
12.83968 2.25239621e-01
12.88413 2.22663237e-01
12.92873 2.20119216e-01
12.97348 2.17607015e-01
13.01839 2.15479515e-01
13.06345 2.17235041e-01
13.10867 2.19007785e-01
13.15405 2.20797845e-01
13.19959 2.22605369e-01
13.24528 2.24419159e-01
13.29113 2.26067385e-01
13.33713 2.27730363e-01
13.38330 2.29408140e-01
13.42963 2.31100865e-01
13.47612 2.32808588e-01
13.52277 2.35881413e-01
13.56958 2.39076141e-01
13.61655 2.42316108e-01
13.66368 2.45602004e-01
13.71098 2.48934471e-01
13.75844 2.51961515e-01
13.80607 2.54901929e-01
13.85386 2.57878801e-01
13.90182 2.60892476e-01
13.94994 2.63943447e-01
13.99823 2.67724156e-01
14.04668 2.72461093e-01
14.09531 2.77283180e-01
14.14410 2.82191847e-01
14.19306 2.87188623e-01
14.24219 2.92277800e-01
14.29149 2.97529333e-01
14.34096 3.02876080e-01
14.39060 3.08319619e-01
14.44042 3.13861627e-01
14.49041 3.19503831e-01
14.54057 3.25085700e-01
14.59090 3.30622775e-01
14.64141 3.36254421e-01
14.69209 3.41982268e-01
14.74295 3.47807844e-01
14.79398 3.53732679e-01
14.84519 3.60241817e-01
14.89658 3.66909020e-01
14.94814 3.73699211e-01
14.99989 3.80614461e-01
15.05181 3.87657091e-01
15.10392 3.94831687e-01
15.15620 4.02147425e-01
15.20866 4.09598091e-01
15.26131 4.17186248e-01
15.31414 4.24914512e-01
15.36715 4.32785497e-01
15.42034 4.40623873e-01
15.47372 4.48298068e-01
15.52729 4.56106795e-01
15.58103 4.64052717e-01
15.63497 4.72138549e-01
15.68909 4.80367053e-01
15.74340 4.88699207e-01
15.79790 4.97118680e-01
15.85258 5.05686893e-01
15.90746 5.14406560e-01
15.96252 5.23281133e-01
16.01778 5.32313573e-01
16.07323 5.40505867e-01
16.12886 5.46815107e-01
16.18470 5.53200813e-01
16.24072 5.59664960e-01
16.29694 5.66208533e-01
16.35335 5.72831533e-01
16.40996 5.79414080e-01
16.46677 5.85201373e-01
16.52377 5.91048853e-01
16.58097 5.96956520e-01
16.63836 6.02924867e-01
16.69596 6.08954387e-01
16.75375 6.15046067e-01
16.81175 6.18695747e-01
16.86994 6.21640453e-01
16.92834 6.24596507e-01
16.98694 6.27562427e-01
17.04574 6.30539200e-01
17.10474 6.33525840e-01
17.16395 6.36567733e-01
17.22337 6.39731973e-01
17.28299 6.42907560e-01
17.34281 6.46095480e-01
17.40285 6.49294253e-01
17.46309 6.52504867e-01
17.52354 6.55726827e-01
17.58420 6.57574360e-01
17.64507 6.58665120e-01
17.70615 6.59747987e-01
17.76744 6.60822960e-01
17.82894 6.61889547e-01
17.89066 6.62948240e-01
17.95259 6.63998547e-01
18.01473 6.64493360e-01
18.07709 6.64886547e-01
18.13967 6.65272333e-01
18.20246 6.65649240e-01
18.26547 6.66018747e-01
18.32870 6.66379867e-01
18.39214 6.66733093e-01
18.45581 6.66065613e-01
18.51969 6.65273320e-01
18.58380 6.64474120e-01
18.64813 6.63668013e-01
18.71268 6.62855493e-01
18.77746 6.62036067e-01
18.84246 6.61209733e-01
18.90768 6.60416453e-01
18.97313 6.59631067e-01
19.03881 6.58840747e-01
19.10472 6.58045987e-01
19.17085 6.57246787e-01
19.23721 6.56443640e-01
19.30380 6.55635560e-01
19.37062 6.55084013e-01
19.43768 6.54838827e-01
19.50496 6.54588213e-01
19.57248 6.54333160e-01
19.64023 6.54073173e-01
19.70822 6.53808747e-01
19.77644 6.53538893e-01
19.84490 6.53264600e-01
19.91359 6.53046547e-01
19.98252 6.52825533e-01
20.05169 6.52599093e-01
20.12110 6.52367720e-01
20.19076 6.52130427e-01
20.26065 6.51888200e-01
20.33078 6.51640053e-01
20.40116 6.51343560e-01
20.47178 6.50917320e-01
20.54264 6.50485160e-01
20.61375 6.50047080e-01
20.68511 6.49603080e-01
20.75671 6.49153160e-01
20.82856 6.48697320e-01
20.90066 6.48235560e-01
20.97301 6.47927720e-01
21.04561 6.47907493e-01
21.11846 6.47880360e-01
21.19157 6.47845827e-01
21.26492 6.47803400e-01
21.33853 6.47753573e-01
21.41240 6.47696347e-01
21.48652 6.47631720e-01
21.56090 6.47389987e-01
21.63553 6.46534547e-01
21.71043 6.45668747e-01
21.78558 6.44793573e-01
21.86099 6.43908040e-01
21.93666 6.43012640e-01
22.01260 6.42107373e-01
22.08880 6.41192240e-01
22.16526 6.40267240e-01
22.24199 6.37617053e-01
22.31898 6.34672840e-01
22.39624 6.31731587e-01
22.47377 6.28792800e-01
22.55156 6.25856480e-01
22.62962 6.22923613e-01
22.70796 6.19994200e-01
22.78656 6.17067253e-01
22.86544 6.13897587e-01
22.94459 6.09948453e-01
23.02402 6.06016093e-01
23.10372 6.02100507e-01
23.18369 5.98201693e-01
23.26394 5.94320147e-01
23.34447 5.90455373e-01
23.42528 5.86607373e-01
23.50637 5.82776147e-01
23.58774 5.78458493e-01
23.66939 5.73270600e-01
23.75133 5.68123160e-01
23.83354 5.63016173e-01
23.91604 5.57949147e-01
23.99883 5.52922573e-01
24.08191 5.47934973e-01
24.16527 5.42986840e-01
24.24892 5.38077680e-01
24.33286 5.33132507e-01
24.41709 5.27925373e-01
24.50161 5.22766093e-01
24.58642 5.17654173e-01
24.67153 5.12589120e-01
24.75693 5.07570933e-01
24.84263 5.02598133e-01
24.92863 4.97671707e-01
25.01492 4.92790223e-01
25.10151 4.87953780e-01
25.18840 4.82884435e-01
25.27559 4.77767779e-01
25.36309 4.72703515e-01
25.45088 4.67691051e-01
25.53898 4.62729943e-01
25.62739 4.57819697e-01
25.71610 4.52959723e-01
25.80512 4.48149673e-01
25.89444 4.43388957e-01
25.98408 4.38677131e-01
26.07403 4.34004129e-01
26.16428 4.29379425e-01
26.25485 4.24802969e-01
26.34574 4.20274219e-01
26.43694 4.15792729e-01
26.52845 4.11358057e-01
26.62028 4.06969709e-01
26.71243 4.02627241e-01
26.80489 3.98330111e-01
26.89768 3.94077923e-01
26.99079 3.89884195e-01
27.08422 3.85737284e-01
27.17798 3.81634033e-01
27.27205 3.77573999e-01
27.36646 3.73556736e-01
27.46119 3.69581801e-01
27.55625 3.65648800e-01
27.65164 3.61757239e-01
27.74736 3.57906723e-01
27.84341 3.54096808e-01
27.93979 3.50382107e-01
28.03650 3.46809140e-01
28.13355 3.43272532e-01
28.23094 3.39771839e-01
28.32867 3.36306715e-01
28.42673 3.32876815e-01
28.52513 3.29481793e-01
28.62387 3.26121256e-01
28.72295 3.22794956e-01
28.82238 3.19502449e-01
28.92215 3.16243440e-01
29.02227 3.13077029e-01
29.12273 3.10010765e-01
29.22354 3.06974545e-01
29.32470 3.03968123e-01
29.42621 3.00991152e-01
29.52807 2.98043436e-01
29.63029 2.95124580e-01
29.73286 2.92234387e-01
29.83578 2.89372560e-01
29.93906 2.86538804e-01
30.04269 2.83732823e-01
30.14669 2.80970501e-01
30.25104 2.78322979e-01
30.35576 2.75700567e-01
30.46084 2.73102969e-01
30.56628 2.70529989e-01
30.67209 2.67981380e-01
30.77826 2.65456895e-01
30.88481 2.62956336e-01
30.99172 2.60479507e-01
31.09900 2.58026111e-01
31.20665 2.55595951e-01
31.31467 2.53188829e-01
31.42307 2.50858323e-01
31.53184 2.48634820e-01
31.64099 2.46431199e-01
31.75052 2.44247311e-01
31.86043 2.42082959e-01
31.97072 2.39937995e-01
32.08139 2.37812172e-01
32.19244 2.35705392e-01
32.30388 2.33617457e-01
32.41570 2.31548220e-01
32.52791 2.29497483e-01
32.64051 2.27465048e-01
32.75349 2.25479184e-01
32.86687 2.23723855e-01
32.98064 2.21982388e-01
33.09481 2.20254685e-01
33.20937 2.18540648e-01
33.32433 2.16840128e-01
33.43968 2.15152977e-01
33.55544 2.13479196e-01
33.67159 2.11818587e-01
33.78815 2.10171100e-01
33.90511 2.08536637e-01
34.02247 2.06915001e-01
34.14024 2.05306192e-01
34.25842 2.03704437e-01
34.37701 2.02102683e-01
34.49601 2.00513705e-01
34.61542 1.98937357e-01
34.73525 1.97373540e-01
34.85549 1.95822204e-01
34.97614 1.94283201e-01
35.09721 1.92756433e-01
35.21871 1.91241851e-01
35.34062 1.89739305e-01
35.46295 1.88248699e-01
35.58571 1.86769981e-01
35.70889 1.85303005e-01
35.83250 1.83847672e-01
35.95654 1.82425195e-01
36.08101 1.81016185e-01
36.20590 1.79618227e-01
36.33123 1.78231171e-01
36.45700 1.76855017e-01
36.58320 1.75489619e-01
36.70983 1.74134876e-01
36.83691 1.72790789e-01
36.96442 1.71457211e-01
37.09238 1.70134041e-01
37.22077 1.68821232e-01
37.34962 1.67518684e-01
37.47890 1.66226299e-01
37.60864 1.64944027e-01
37.73883 1.63730377e-01
37.86946 1.62536461e-01
38.00055 1.61351425e-01
38.13209 1.60175121e-01
38.26409 1.59007549e-01
38.39654 1.57848611e-01
38.52946 1.56698256e-01
38.66283 1.55556436e-01
38.79667 1.54423052e-01
38.93096 1.53298055e-01
39.06573 1.52181395e-01
39.20096 1.51073023e-01
39.33665 1.49972791e-01
39.47282 1.48880748e-01
39.60946 1.47800644e-01
39.74657 1.46778803e-01
39.88416 1.45764065e-01
40.02222 1.44756531e-01
40.16076 1.43756051e-01
40.29978 1.42762576e-01
40.43928 1.41776057e-01
40.57926 1.40796495e-01
40.71973 1.39823789e-01
40.86069 1.38857941e-01
41.00213 1.37898803e-01
41.14406 1.36946423e-01
41.28648 1.36000752e-01
41.42940 1.35061692e-01
41.57281 1.34129193e-01
41.71672 1.33203256e-01
41.86113 1.32269721e-01
42.00603 1.31328984e-01
42.15144 1.30395055e-01
42.29735 1.29467884e-01
42.44377 1.28547373e-01
42.59069 1.27633523e-01
42.73812 1.26726233e-01
42.88606 1.25825456e-01
43.03451 1.24931240e-01
43.18348 1.24043388e-01
43.33297 1.23161999e-01
43.48297 1.22286924e-01
43.63349 1.21418164e-01
43.78453 1.20555620e-01
43.93609 1.19699341e-01
44.08818 1.18849180e-01
44.24079 1.18004988e-01
44.39394 1.17163460e-01
44.54761 1.16327951e-01
44.70182 1.15498509e-01
44.85655 1.14675087e-01
45.01183 1.13857584e-01
45.16764 1.13046001e-01
45.32399 1.12240240e-01
45.48089 1.11440349e-01
45.63832 1.10646181e-01
45.79630 1.09857785e-01
45.95483 1.09075063e-01
46.11391 1.08298013e-01
46.27353 1.07526539e-01
46.43371 1.06760639e-01
46.59445 1.06000264e-01
46.75574 1.05245365e-01
46.91759 1.04495943e-01
47.08000 1.03739959e-01
47.24297 1.02981705e-01
47.40650 1.02229027e-01
47.57060 1.01481972e-01
47.73527 1.00740393e-01
47.90051 1.00004340e-01
48.06633 9.92737133e-02
48.23271 9.85484640e-02
48.39967 9.78285920e-02
48.56721 9.71139987e-02
48.73533 9.64047333e-02
48.90403 9.57006973e-02
49.07332 9.50018413e-02
49.24319 9.43081653e-02
49.41365 9.36196200e-02
49.58470 9.29361067e-02
49.75634 9.22576747e-02
49.92858 9.15842253e-02
50.10141 9.09167947e-02
50.27484 9.02798520e-02
50.44887 8.96474480e-02
50.62350 8.90195333e-02
50.79874 8.83961080e-02
50.97458 8.77770733e-02
51.15104 8.71623800e-02
51.32810 8.65520773e-02
51.50578 8.59461160e-02
51.68407 8.53444467e-02
51.86298 8.47470200e-02
52.04250 8.41538360e-02
52.22265 8.35648453e-02
52.40343 8.29800480e-02
52.58482 8.23993453e-02
52.76685 8.18227867e-02
52.94951 8.12502733e-02
53.13280 8.06818547e-02
53.31672 8.01174320e-02
53.50128 7.95570053e-02
53.68648 7.89991440e-02
53.87232 7.84394573e-02
54.05880 7.78837667e-02
54.24593 7.73320227e-02
54.43371 7.67842747e-02
54.62214 7.62404240e-02
54.81122 7.57004707e-02
55.00095 7.51644147e-02
55.19134 7.46321573e-02
55.38239 7.41036987e-02
55.57410 7.35790387e-02
55.76647 7.30581773e-02
55.95951 7.25409667e-02
56.15322 7.20275053e-02
56.34760 7.15176947e-02
56.54265 7.10115347e-02
56.73838 7.05089760e-02
56.93479 7.00100187e-02
57.13187 6.95146627e-02
57.32964 6.90228093e-02
57.52809 6.85344587e-02
57.72723 6.80496107e-02
57.92705 6.75677720e-02
58.12757 6.70892880e-02
58.32879 6.66142573e-02
58.53070 6.61425813e-02
58.73331 6.56743093e-02
58.93662 6.52093920e-02
59.14063 6.47477800e-02
59.34535 6.42894733e-02
59.55078 6.38344720e-02
59.75692 6.33826773e-02
59.96377 6.29340893e-02
60.17134 6.24887573e-02
60.37963 6.20465827e-02
60.58864 6.16075653e-02
60.79837 6.11717053e-02
61.00883 6.07389533e-02
61.22002 6.03092600e-02
61.43194 5.98826747e-02
61.64459 5.94590987e-02
61.85797 5.90385320e-02
62.07210 5.86210240e-02
62.28697 5.82064760e-02
62.50258 5.77948387e-02
62.71894 5.73888747e-02
62.93605 5.69860680e-02
63.15390 5.65861227e-02
63.37252 5.61889893e-02
63.59189 5.57946680e-02
63.81201 5.54031587e-02
64.03290 5.50144120e-02
64.25456 5.46283787e-02
64.47698 5.42451080e-02
64.70017 5.38645507e-02
64.92414 5.34867067e-02
65.14888 5.31115267e-02
65.37440 5.27389613e-02
65.60070 5.23690600e-02
65.82778 5.20017733e-02
66.05565 5.16371013e-02
66.28430 5.12749947e-02
66.51375 5.09154040e-02
66.74400 5.05584280e-02
66.97504 5.02039187e-02
67.20688 4.98519253e-02
67.43952 4.95024480e-02
67.67297 4.91554225e-02
67.90722 4.88108489e-02
68.14229 4.84687124e-02
68.37817 4.81290524e-02
68.61486 4.77917999e-02
68.85238 4.74569252e-02
69.09072 4.71244136e-02
69.32988 4.67942552e-02
69.56987 4.64664253e-02
69.81069 4.61409092e-02
70.05235 4.58176920e-02
70.29484 4.54967540e-02
70.53817 4.51780804e-02
70.78235 4.48616564e-02
71.02737 4.45474623e-02
71.27323 4.42354881e-02
71.51995 4.39257143e-02
71.76752 4.36181259e-02
72.01595 4.33127081e-02
72.26524 4.30094413e-02
72.51539 4.27083156e-02
72.76641 4.24093112e-02
73.01830 4.21124133e-02
73.27106 4.18176121e-02
73.52469 4.15248879e-02
73.77920 4.12342257e-02
74.03460 4.09456109e-02
74.29087 4.06590336e-02
74.54804 4.03744740e-02
74.80609 4.00919173e-02
75.06504 3.98115461e-02
75.32488 3.95332765e-02
75.58563 3.92569655e-02
75.84727 3.89825981e-02
76.10982 3.87101647e-02
76.37328 3.84396453e-02
76.63766 3.81710303e-02
76.90295 3.79042997e-02
77.16915 3.76394488e-02
77.43628 3.73764627e-02
77.70433 3.71153216e-02
77.97331 3.68560157e-02
78.24322 3.65985352e-02
78.51407 3.63428652e-02
78.78585 3.60889959e-02
79.05857 3.58369025e-02
79.33224 3.55865901e-02
79.60686 3.53380291e-02
79.88242 3.50912193e-02
80.15894 3.48461412e-02
80.43642 3.46027848e-02
80.71486 3.43611403e-02
80.99426 3.41211928e-02
81.27463 3.38829325e-02
81.55596 3.36463397e-02
81.83828 3.34114144e-02
82.12157 3.31781368e-02
82.40584 3.29464971e-02
82.69109 3.27164853e-02
82.97733 3.24880868e-02
83.26457 3.22617899e-02
83.55279 3.20378511e-02
83.84202 3.18154811e-02
84.13225 3.15946601e-02
84.42348 3.13753784e-02
84.71572 3.11576309e-02
85.00897 3.09414029e-02
85.30323 3.07266796e-02
85.59852 3.05134560e-02
85.89482 3.03017223e-02
86.19215 3.00914636e-02
86.49052 2.98826751e-02
86.78991 2.96753419e-02
87.09034 2.94694541e-02
87.39181 2.92650020e-02
87.69432 2.90619756e-02
87.99789 2.88603651e-02
88.30250 2.86601605e-02
88.60816 2.84613521e-02
88.91489 2.82639251e-02
89.22267 2.80678793e-02
89.53153 2.78732001e-02
89.84145 2.76798776e-02
90.15244 2.74879068e-02
90.46451 2.72972680e-02
90.77766 2.71079612e-02
91.09190 2.69199716e-02
91.40722 2.67332943e-02
91.72363 2.65479144e-02
92.04114 2.63638271e-02
92.35975 2.61810224e-02
92.67946 2.59994955e-02
93.00028 2.58192265e-02
93.32221 2.56402156e-02
93.64525 2.54624972e-02
93.96941 2.52860368e-02
94.29469 2.51108048e-02
94.62110 2.49367913e-02
94.94864 2.47639915e-02
95.27731 2.45923904e-02
95.60712 2.44219881e-02
95.93807 2.42527699e-02
96.27017 2.40847307e-02
96.60342 2.39178557e-02
96.93782 2.37521500e-02
97.27338 2.35875937e-02
97.61010 2.34241820e-02
97.94798 2.32619049e-02
98.28704 2.31007625e-02
98.62727 2.29407351e-02
98.96867 2.27818225e-02
99.31126 2.26240200e-02
99.65504 2.24673127e-02
100.00000 2.23116907e-02
