        2000  0.100000 3.700000
0.10000 2.13770559e-04
0.10035 2.13683091e-04
0.10069 2.13594340e-04
0.10104 2.13504405e-04
0.10139 2.13413237e-04
0.10174 2.13320984e-04
0.10210 2.13227695e-04
0.10245 2.13133419e-04
0.10280 2.13038255e-04
0.10316 2.12942301e-04
0.10352 2.12845559e-04
0.10387 2.12748125e-04
0.10423 2.12650149e-04
0.10459 2.12551581e-04
0.10496 2.12452619e-04
0.10532 2.12353261e-04
0.10568 2.12253559e-04
0.10605 2.12153659e-04
0.10642 2.12053611e-04
0.10679 2.11953513e-04
0.10716 2.11853367e-04
0.10753 2.11753269e-04
0.10790 2.11653369e-04
0.10827 2.11553617e-04
0.10865 2.11454211e-04
0.10902 2.11355100e-04
0.10940 2.11256433e-04
0.10978 2.11158260e-04
0.11016 2.11060679e-04
0.11054 2.10963640e-04
0.11092 2.10867341e-04
0.11131 2.10771783e-04
0.11169 2.10677013e-04
0.11208 2.10583132e-04
0.11247 2.10490139e-04
0.11286 2.10398132e-04
0.11325 2.10307161e-04
0.11364 2.10217276e-04
0.11403 2.10128525e-04
0.11443 2.10040959e-04
0.11482 2.09954576e-04
0.11522 2.09869476e-04
0.11562 2.09785708e-04
0.11602 2.09703272e-04
0.11642 2.09622217e-04
0.11682 2.09542544e-04
0.11723 2.09464351e-04
0.11763 2.09387588e-04
0.11804 2.09312355e-04
0.11845 2.09238601e-04
0.11886 2.09166427e-04
0.11927 2.09095831e-04
0.11968 2.09026764e-04
0.12010 2.08959325e-04
0.12051 2.08893465e-04
0.12093 2.08829184e-04
0.12135 2.08766580e-04
0.12177 2.08705555e-04
0.12219 2.08646157e-04
0.12262 2.08588339e-04
0.12304 2.08532148e-04
0.12347 2.08477585e-04
0.12389 2.08424601e-04
0.12432 2.08373196e-04
0.12475 2.08323369e-04
0.12518 2.08275072e-04
0.12562 2.08228304e-04
0.12605 2.08183016e-04
0.12649 2.08139257e-04
0.12693 2.08096929e-04
0.12737 2.08056032e-04
0.12781 2.08016565e-04
0.12825 2.07978431e-04
0.12869 2.07941628e-04
0.12914 2.07906059e-04
0.12959 2.07871821e-04
0.13003 2.07838719e-04
0.13048 2.07806849e-04
0.13094 2.07776065e-04
0.13139 2.07746317e-04
0.13184 2.07717605e-04
0.13230 2.07689880e-04
0.13276 2.07663043e-04
0.13322 2.07637093e-04
0.13368 2.07611933e-04
0.13414 2.07587513e-04
0.13461 2.07563784e-04
0.13507 2.07540647e-04
0.13554 2.07518101e-04
0.13601 2.07496049e-04
0.13648 2.07474392e-04
0.13695 2.07453129e-04
0.13743 2.07432163e-04
0.13790 2.07411443e-04
0.13838 2.07390821e-04
0.13886 2.07370299e-04
0.13934 2.07349825e-04
0.13982 2.07329253e-04
0.14031 2.07308583e-04
0.14079 2.07287665e-04
0.14128 2.07266501e-04
0.14177 2.07244943e-04
0.14226 2.07222989e-04
0.14275 2.07200493e-04
0.14324 2.07177405e-04
0.14374 2.07153676e-04
0.14424 2.07129157e-04
0.14474 2.07103849e-04
0.14524 2.07077604e-04
0.14574 2.07050421e-04
0.14625 2.07022153e-04
0.14675 2.06992701e-04
0.14726 2.06962065e-04
0.14777 2.06930147e-04
0.14828 2.06896847e-04
0.14879 2.06862067e-04
0.14931 2.06825757e-04
0.14983 2.06787820e-04
0.15034 2.06748205e-04
0.15087 2.06706815e-04
0.15139 2.06663549e-04
0.15191 2.06618360e-04
0.15244 2.06571197e-04
0.15297 2.06521963e-04
0.15349 2.06470508e-04
0.15403 2.06416883e-04
0.15456 2.06360939e-04
0.15509 2.06302577e-04
0.15563 2.06241799e-04
0.15617 2.06178504e-04
0.15671 2.06112595e-04
0.15725 2.06044021e-04
0.15780 2.05972735e-04
0.15834 2.05898587e-04
0.15889 2.05821627e-04
0.15944 2.05741657e-04
0.15999 2.05658728e-04
0.16055 2.05572740e-04
0.16110 2.05483595e-04
0.16166 2.05391243e-04
0.16222 2.05295635e-04
0.16278 2.05196672e-04
0.16335 2.05094355e-04
0.16391 2.04988633e-04
0.16448 2.04879360e-04
0.16505 2.04766535e-04
0.16562 2.04650157e-04
0.16619 2.04530080e-04
0.16677 2.04406253e-04
0.16734 2.04278677e-04
0.16792 2.04147303e-04
0.16851 2.04012080e-04
0.16909 2.03872911e-04
0.16967 2.03729795e-04
0.17026 2.03582683e-04
0.17085 2.03431525e-04
0.17144 2.03276273e-04
0.17204 2.03116927e-04
0.17263 2.02953387e-04
0.17323 2.02785653e-04
0.17383 2.02613628e-04
0.17443 2.02437360e-04
0.17503 2.02256800e-04
0.17564 2.02071899e-04
0.17625 2.01882607e-04
0.17686 2.01688924e-04
0.17747 2.01490801e-04
0.17808 2.01288189e-04
0.17870 2.01081137e-04
0.17932 2.00869596e-04
0.17994 2.00653467e-04
0.18056 2.00432848e-04
0.18119 2.00207641e-04
0.18182 1.99977847e-04
0.18244 1.99743415e-04
0.18308 1.99504395e-04
0.18371 1.99260737e-04
0.18435 1.99012443e-04
0.18498 1.98759461e-04
0.18562 1.98501843e-04
0.18627 1.98239537e-04
0.18691 1.97972545e-04
0.18756 1.97700867e-04
0.18821 1.97424501e-04
0.18886 1.97143400e-04
0.18951 1.96857612e-04
0.19017 1.96567137e-04
0.19083 1.96271976e-04
0.19149 1.95972079e-04
0.19215 1.95667495e-04
0.19282 1.95358224e-04
0.19348 1.95044267e-04
0.19415 1.94725623e-04
0.19483 1.94402292e-04
0.19550 1.94074324e-04
0.19618 1.93741719e-04
0.19686 1.93404575e-04
0.19754 1.93062793e-04
0.19822 1.92716375e-04
0.19891 1.92365319e-04
0.19960 1.92009625e-04
0.20029 1.91649344e-04
0.20098 1.91284524e-04
0.20168 1.90915165e-04
0.20237 1.90541268e-04
0.20307 1.90162881e-04
0.20378 1.89780005e-04
0.20448 1.89392689e-04
0.20519 1.89000933e-04
0.20590 1.88604737e-04
0.20661 1.88204200e-04
0.20733 1.87799272e-04
0.20805 1.87390052e-04
0.20877 1.86976491e-04
0.20949 1.86558687e-04
0.21021 1.86136640e-04
0.21094 1.85710351e-04
0.21167 1.85279868e-04
0.21240 1.84845291e-04
0.21314 1.84406569e-04
0.21388 1.83963753e-04
0.21462 1.83516892e-04
0.21536 1.83065985e-04
0.21611 1.82611132e-04
0.21685 1.82152332e-04
0.21760 1.81689585e-04
0.21836 1.81222991e-04
0.21911 1.80752548e-04
0.21987 1.80278356e-04
0.22063 1.79800365e-04
0.22140 1.79318625e-04
0.22216 1.78833235e-04
0.22293 1.78344243e-04
0.22370 1.77851600e-04
0.22448 1.77355405e-04
0.22526 1.76855708e-04
0.22604 1.76352557e-04
0.22682 1.75845904e-04
0.22760 1.75335945e-04
0.22839 1.74822583e-04
0.22918 1.74305915e-04
0.22998 1.73785991e-04
0.23077 1.73262860e-04
0.23157 1.72736572e-04
0.23237 1.72207176e-04
0.23318 1.71674672e-04
0.23398 1.71139109e-04
0.23479 1.70600587e-04
0.23561 1.70059104e-04
0.23642 1.69514711e-04
0.23724 1.68967505e-04
0.23806 1.68417439e-04
0.23889 1.67864659e-04
0.23971 1.67309165e-04
0.24054 1.66750959e-04
0.24137 1.66190187e-04
0.24221 1.65626800e-04
0.24305 1.65060897e-04
0.24389 1.64492528e-04
0.24473 1.63921741e-04
0.24558 1.63348537e-04
0.24643 1.62773015e-04
0.24728 1.62195223e-04
0.24814 1.61615161e-04
0.24900 1.61032929e-04
0.24986 1.60448527e-04
0.25073 1.59862052e-04
0.25159 1.59273505e-04
0.25246 1.58682985e-04
0.25334 1.58090492e-04
0.25422 1.57496075e-04
0.25510 1.56899832e-04
0.25598 1.56301764e-04
0.25687 1.55701920e-04
0.25775 1.55100349e-04
0.25865 1.54497101e-04
0.25954 1.53892275e-04
0.26044 1.53285820e-04
0.26134 1.52677885e-04
0.26225 1.52068421e-04
0.26315 1.51457576e-04
0.26406 1.50845300e-04
0.26498 1.50231643e-04
0.26590 1.49616752e-04
0.26682 1.49000579e-04
0.26774 1.48383221e-04
0.26867 1.47764680e-04
0.26960 1.47145053e-04
0.27053 1.46524292e-04
0.27147 1.45902593e-04
0.27241 1.45279859e-04
0.27335 1.44656187e-04
0.27430 1.44031627e-04
0.27525 1.43406228e-04
0.27620 1.42780040e-04
0.27715 1.42153063e-04
0.27811 1.41525395e-04
0.27908 1.40897036e-04
0.28004 1.40268036e-04
0.28101 1.39638444e-04
0.28198 1.39008359e-04
0.28296 1.38377731e-04
0.28394 1.37746609e-04
0.28492 1.37115143e-04
0.28591 1.36483232e-04
0.28690 1.35851025e-04
0.28789 1.35218473e-04
0.28889 1.34585675e-04
0.28989 1.33952679e-04
0.29089 1.33319485e-04
0.29190 1.32686193e-04
0.29291 1.32052753e-04
0.29392 1.31419264e-04
0.29494 1.30785775e-04
0.29596 1.30152285e-04
0.29699 1.29518845e-04
0.29801 1.28885455e-04
0.29905 1.28252261e-04
0.30008 1.27619167e-04
0.30112 1.26986319e-04
0.30216 1.26353717e-04
0.30321 1.25721363e-04
0.30426 1.25089304e-04
0.30531 1.24457591e-04
0.30637 1.23826223e-04
0.30743 1.23195299e-04
0.30849 1.22564819e-04
0.30956 1.21934832e-04
0.31063 1.21305339e-04
0.31171 1.20676388e-04
0.31279 1.20047980e-04
0.31387 1.19420213e-04
0.31496 1.18793088e-04
0.31605 1.18166653e-04
0.31714 1.17540860e-04
0.31824 1.16915856e-04
0.31934 1.16291543e-04
0.32044 1.15668068e-04
0.32155 1.15045432e-04
0.32267 1.14423635e-04
0.32378 1.13802676e-04
0.32490 1.13182655e-04
0.32603 1.12563571e-04
0.32716 1.11945424e-04
0.32829 1.11328313e-04
0.32943 1.10712189e-04
0.33057 1.10097101e-04
0.33171 1.09483099e-04
0.33286 1.08870181e-04
0.33401 1.08258349e-04
0.33517 1.07647701e-04
0.33633 1.07038237e-04
0.33749 1.06429908e-04
0.33866 1.05822861e-04
0.33983 1.05216999e-04
0.34101 1.04612419e-04
0.34219 1.04009121e-04
0.34337 1.03407156e-04
0.34456 1.02806523e-04
0.34576 1.02207221e-04
0.34695 1.01609301e-04
0.34815 1.01012763e-04
0.34936 1.00417655e-04
0.35057 9.98239773e-05
0.35178 9.92317800e-05
0.35300 9.86410133e-05
0.35422 9.80517760e-05
0.35545 9.74640680e-05
0.35668 9.68778400e-05
0.35791 9.62931907e-05
0.35915 9.57101200e-05
0.36039 9.51286280e-05
0.36164 9.45487640e-05
0.36289 9.39704787e-05
0.36415 9.33938213e-05
0.36541 9.28188413e-05
0.36668 9.22455387e-05
0.36795 9.16739133e-05
0.36922 9.11040147e-05
0.37050 9.05357933e-05
0.37178 8.99693480e-05
0.37307 8.94046293e-05
0.37436 8.88416373e-05
0.37565 8.82804213e-05
0.37695 8.77210307e-05
0.37826 8.71634160e-05
0.37957 8.66076267e-05
0.38088 8.60536627e-05
0.38220 8.55015240e-05
0.38352 8.49512600e-05
0.38485 8.44028707e-05
0.38618 8.38563067e-05
0.38752 8.33116667e-05
0.38886 8.27689013e-05
0.39021 8.22280600e-05
0.39156 8.16891427e-05
0.39291 1.74720512e-03
0.39427 1.73151663e-03
0.39564 1.71570529e-03
0.39701 1.61893105e-03
0.39838 1.60379657e-03
0.39976 1.58863200e-03
0.40115 1.57344079e-03
0.40253 1.55828263e-03
0.40393 1.54313088e-03
0.40533 1.52804277e-03
0.40673 1.51300203e-03
0.40814 1.42317688e-03
0.40955 1.40902512e-03
0.41097 1.39500113e-03
0.41239 1.38105855e-03
0.41382 1.36721364e-03
0.41525 1.35352068e-03
0.41669 1.33993823e-03
0.41813 1.32649983e-03
0.41958 1.24411365e-03
0.42103 1.23164071e-03
0.42249 1.21933007e-03
0.42395 1.20715115e-03
0.42542 1.19513404e-03
0.42689 1.18327579e-03
0.42837 1.17155567e-03
0.42985 1.16002893e-03
0.43134 1.14863293e-03
0.43283 1.13740713e-03
0.43433 1.12635647e-03
0.43583 1.11546268e-03
0.43734 1.04336991e-03
0.43886 1.03338928e-03
0.44037 1.02356307e-03
0.44190 1.01388979e-03
0.44343 1.00436993e-03
0.44496 9.94999067e-04
0.44650 9.85779160e-04
0.44805 9.76707747e-04
0.44960 9.67789267e-04
0.45116 9.59003493e-04
0.45272 8.94475987e-04
0.45429 8.86480533e-04
0.45586 8.78615813e-04
0.45744 8.70883307e-04
0.45902 8.63282027e-04
0.46061 8.55794707e-04
0.46220 8.48436640e-04
0.46380 8.41195493e-04
0.46541 8.34072747e-04
0.46702 8.27065933e-04
0.46864 8.20179493e-04
0.47026 7.65818600e-04
0.47189 7.56314040e-04
0.47352 7.50158227e-04
0.47516 7.44099600e-04
0.47680 7.38137667e-04
0.47845 7.32268973e-04
0.48011 7.26494013e-04
0.48177 7.20803907e-04
0.48344 7.15210493e-04
0.48511 7.09695520e-04
0.48679 7.04264413e-04
0.48848 6.98916187e-04
0.49017 6.93643933e-04
0.49186 6.88451107e-04
0.49357 6.83335733e-04
0.49528 6.78296827e-04
0.49699 6.73325507e-04
0.49871 6.23869827e-04
0.50044 6.19360760e-04
0.50217 6.14916320e-04
0.50391 6.10529600e-04
0.50565 6.06206027e-04
0.50740 6.01932280e-04
0.50916 5.97723160e-04
0.51092 5.93565347e-04
0.51269 5.89461307e-04
0.51446 5.85411533e-04
0.51625 5.81412573e-04
0.51803 5.77461960e-04
0.51983 5.73559693e-04
0.52163 5.69705280e-04
0.52343 5.65896747e-04
0.52524 5.21987613e-04
0.52706 5.18533787e-04
0.52889 5.15120907e-04
0.53072 5.11746013e-04
0.53255 5.08410587e-04
0.53440 5.05110680e-04
0.53625 5.01848267e-04
0.53810 4.98620387e-04
0.53997 4.95426547e-04
0.54183 4.92266845e-04
0.54371 4.89141973e-04
0.54559 4.86047244e-04
0.54748 4.82984285e-04
0.54938 4.79951617e-04
0.55128 4.76950424e-04
0.55319 4.73978140e-04
0.55510 4.71034075e-04
0.55702 4.36602319e-04
0.55895 4.29446913e-04
0.56089 4.26806396e-04
0.56283 4.24189312e-04
0.56478 4.21597240e-04
0.56673 4.19027319e-04
0.56869 4.16481571e-04
0.57066 4.13957135e-04
0.57264 4.11456181e-04
0.57462 4.08975997e-04
0.57661 4.06517076e-04
0.57860 4.04079023e-04
0.58061 4.01662331e-04
0.58262 3.99264977e-04
0.58463 3.96887160e-04
0.58666 3.94529027e-04
0.58869 3.92189689e-04
0.59073 3.89869691e-04
0.59277 3.87567600e-04
0.59482 3.85283861e-04
0.59688 3.83018277e-04
0.59895 3.80770256e-04
0.60102 3.78538860e-04
0.60310 3.76325520e-04
0.60519 3.74128411e-04
0.60728 3.71947927e-04
0.60939 3.69783969e-04
0.61150 3.67635651e-04
0.61361 3.65503464e-04
0.61574 3.33106757e-04
0.61787 3.31180833e-04
0.62001 3.29268673e-04
0.62215 3.27370771e-04
0.62431 3.25486237e-04
0.62647 3.23614925e-04
0.62864 3.21757328e-04
0.63081 3.19912557e-04
0.63300 3.18081008e-04
0.63519 3.16262187e-04
0.63739 3.14456143e-04
0.63959 3.12662629e-04
0.64181 3.10881548e-04
0.64403 3.09112751e-04
0.64626 3.07356139e-04
0.64849 3.05611613e-04
0.65074 3.03878977e-04
0.65299 3.02158132e-04
0.65525 3.00449028e-04
0.65752 2.98751468e-04
0.65980 2.97065452e-04
0.66208 2.95390783e-04
0.66437 2.93727361e-04
0.66667 2.92075089e-04
0.66898 2.90433917e-04
0.67130 2.88803747e-04
0.67362 2.87184380e-04
0.67595 2.85575867e-04
0.67829 2.83978009e-04
0.68064 2.82390857e-04
0.68299 2.55286680e-04
0.68536 2.53862772e-04
0.68773 2.52448385e-04
0.69011 2.51043175e-04
0.69250 2.49647387e-04
0.69490 2.48260676e-04
0.69730 2.46883141e-04
0.69972 2.45514832e-04
0.70214 2.44155255e-04
0.70457 2.42804705e-04
0.70701 2.41463036e-04
0.70946 2.40130148e-04
0.71191 2.38806041e-04
0.71438 2.37490519e-04
0.71685 2.36183580e-04
0.71933 2.34885423e-04
0.72182 2.33595553e-04
0.72432 2.32314071e-04
0.72683 2.31041024e-04
0.72934 2.29776315e-04
0.73187 2.28519893e-04
0.73440 2.27271563e-04
0.73694 2.26031569e-04
0.73949 2.24799519e-04
0.74205 2.23575411e-04
0.74462 2.22359344e-04
0.74720 2.21151417e-04
0.74979 2.19951137e-04
0.75238 2.18758800e-04
0.75499 2.17574257e-04
0.75760 2.16397065e-04
0.76022 2.15228063e-04
0.76285 2.14066263e-04
0.76549 2.12912455e-04
0.76814 2.11765701e-04
0.77080 2.10626841e-04
0.77347 2.09494987e-04
0.77615 2.08370927e-04
0.77884 2.07253724e-04
0.78153 2.06144217e-04
0.78424 2.05041913e-04
0.78695 2.03946269e-04
0.78968 2.02858124e-04
0.79241 2.01777083e-04
0.79515 2.00703096e-04
0.79790 1.99635868e-04
0.80067 1.98575892e-04
0.80344 1.97522329e-04
0.80622 1.96475969e-04
0.80901 1.95436417e-04
0.81181 1.94403624e-04
0.81462 1.93377540e-04
0.81744 1.92358165e-04
0.82027 1.91345056e-04
0.82311 1.90338656e-04
0.82596 1.89339212e-04
0.82882 1.88345737e-04
0.83169 1.87359071e-04
0.83457 1.86378324e-04
0.83745 1.85404731e-04
0.84035 1.84436761e-04
0.84326 1.83475452e-04
0.84618 1.82520013e-04
0.84911 1.81571037e-04
0.85205 1.80628080e-04
0.85500 1.79691487e-04
0.85796 1.78760764e-04
0.86093 1.77834481e-04
0.86391 1.76916339e-04
0.86690 1.76003129e-04
0.86990 1.75096333e-04
0.87291 1.74195408e-04
0.87593 1.73300255e-04
0.87897 1.72410873e-04
0.88201 1.71527264e-04
0.88506 1.70649328e-04
0.88813 1.69777016e-04
0.89120 1.68909933e-04
0.89428 1.68048869e-04
0.89738 1.67193331e-04
0.90049 1.66343021e-04
0.90360 1.65498928e-04
0.90673 1.64659571e-04
0.90987 1.63825837e-04
0.91302 1.62996840e-04
0.91618 1.62174207e-04
0.91935 1.61356309e-04
0.92253 1.60543296e-04
0.92573 1.59736104e-04
0.92893 1.58933747e-04
0.93215 1.58136520e-04
0.93537 1.57344375e-04
0.93861 1.56557804e-04
0.94186 1.55775723e-04
0.94512 1.54998525e-04
0.94839 1.54226459e-04
0.95168 1.53459325e-04
0.95497 1.52697076e-04
0.95828 1.51939711e-04
0.96159 1.51186983e-04
0.96492 1.50439139e-04
0.96826 1.49695981e-04
0.97161 1.48957511e-04
0.97498 1.48223776e-04
0.97835 1.47494827e-04
0.98174 1.46770120e-04
0.98514 1.46050149e-04
0.98855 1.45334865e-04
0.99197 1.44623775e-04
0.99540 1.43917272e-04
0.99885 1.43215357e-04
1.00231 1.42518080e-04
1.00578 1.41824552e-04
1.00926 1.41135365e-04
1.01275 1.40451063e-04
1.01626 1.39770460e-04
1.01978 1.39094692e-04
1.02330 1.38423117e-04
1.02685 1.50736323e-04
1.03040 1.50800851e-04
1.03397 1.50075157e-04
1.03755 1.49354595e-04
1.04114 1.48638472e-04
1.04474 1.47926148e-04
1.04836 1.47218856e-04
1.05199 1.46515955e-04
1.05563 1.45816753e-04
1.05928 1.45122387e-04
1.06295 1.44431868e-04
1.06663 1.43746431e-04
1.07032 1.43064348e-04
1.07403 1.42386952e-04
1.07775 1.41713256e-04
1.08148 1.41044493e-04
1.08522 1.40379135e-04
1.08898 1.39717723e-04
1.09275 1.39060701e-04
1.09653 1.38407923e-04
1.10032 1.37758597e-04
1.10413 1.37113465e-04
1.10796 1.36471787e-04
1.11179 1.35834893e-04
1.11564 1.39145012e-04
1.11950 1.46804801e-04
1.12338 1.46121831e-04
1.12726 1.45443399e-04
1.13117 1.44769209e-04
1.13508 1.44098621e-04
1.13901 1.43431536e-04
1.14295 1.42769039e-04
1.14691 1.42110833e-04
1.15088 1.41456081e-04
1.15487 1.40805276e-04
1.15886 1.40158319e-04
1.16287 1.39515851e-04
1.16690 1.38876589e-04
1.17094 1.38241077e-04
1.17499 1.37609315e-04
1.17906 1.36981844e-04
1.18314 1.36357580e-04
1.18724 1.35736917e-04
1.19135 1.35119856e-04
1.19547 1.34506692e-04
1.19961 1.33897327e-04
1.20376 1.33482137e-04
1.20793 1.43746332e-04
1.21211 1.43097155e-04
1.21630 1.42452171e-04
1.22052 1.41811380e-04
1.22474 1.41173747e-04
1.22898 1.40539567e-04
1.23323 1.39909728e-04
1.23750 1.39283589e-04
1.24179 1.38660312e-04
1.24609 1.38040833e-04
1.25040 1.37425203e-04
1.25473 1.36812581e-04
1.25907 1.40632659e-04
1.26343 1.46029923e-04
1.26780 1.45382225e-04
1.27219 1.44737439e-04
1.27659 1.44097783e-04
1.28101 1.43460445e-04
1.28545 1.42827351e-04
1.28990 1.42197117e-04
1.29436 1.41571176e-04
1.29884 1.40949576e-04
1.30334 1.40329949e-04
1.30785 1.48703247e-04
1.31238 1.49038417e-04
1.31692 1.48386428e-04
1.32148 1.47738139e-04
1.32605 1.47093451e-04
1.33064 1.46452413e-04
1.33525 1.45814879e-04
1.33987 1.45180945e-04
1.34451 1.44551156e-04
1.34916 1.43924179e-04
1.35383 1.52511336e-04
1.35852 1.52192544e-04
1.36322 1.51535227e-04
1.36794 1.50880623e-04
1.37268 1.50230952e-04
1.37743 1.49583945e-04
1.38220 1.48940540e-04
1.38698 1.48301476e-04
1.39178 1.47665915e-04
1.39660 1.47032968e-04
1.40144 1.46404313e-04
1.40629 1.54889252e-04
1.41115 1.54227889e-04
1.41604 1.53570473e-04
1.42094 1.52916905e-04
1.42586 1.52266840e-04
1.43080 1.51619389e-04
1.43575 1.50976280e-04
1.44072 1.54943469e-04
1.44571 1.58506175e-04
1.45071 1.57836228e-04
1.45573 1.57169192e-04
1.46077 1.56506053e-04
1.46583 1.55847355e-04
1.47090 1.55190876e-04
1.47599 1.59702557e-04
1.48110 1.62439324e-04
1.48623 1.61757587e-04
1.49137 1.61079993e-04
1.49654 1.60406692e-04
1.50172 1.59736055e-04
1.50692 1.61531640e-04
1.51213 1.66742523e-04
1.51737 1.66047761e-04
1.52262 1.65356897e-04
1.52789 1.64669733e-04
1.53318 1.63985677e-04
1.53849 1.63305864e-04
1.54381 1.62629899e-04
1.54916 1.63142620e-04
1.55452 1.69351911e-04
1.55990 1.68652364e-04
1.56530 1.67956221e-04
1.57072 1.67265357e-04
1.57615 1.66576516e-04
1.58161 1.73790529e-04
1.58709 1.73077860e-04
1.59258 1.72367657e-04
1.59809 1.71661155e-04
1.60362 1.70958599e-04
1.60918 1.77998663e-04
1.61475 1.77270503e-04
1.62034 1.76548263e-04
1.62594 1.75828588e-04
1.63157 1.75112219e-04
1.63722 1.74400487e-04
1.64289 1.80448753e-04
1.64857 1.80507707e-04
1.65428 1.79776044e-04
1.66001 1.79047095e-04
1.66575 1.79422867e-04
1.67152 1.84509577e-04
1.67731 1.84254869e-04
1.68311 1.83510873e-04
1.68894 1.83742789e-04
1.69478 1.89259489e-04
1.70065 1.88555355e-04
1.70654 1.87797595e-04
1.71245 1.87044324e-04
1.71837 1.93458348e-04
1.72432 1.92683864e-04
1.73029 1.91912784e-04
1.73628 1.91145059e-04
1.74229 1.91124733e-04
1.74832 1.95902815e-04
1.75437 1.95860487e-04
1.76045 1.95079737e-04
1.76654 1.96290624e-04
1.77266 2.00443455e-04
1.77879 1.99648399e-04
1.78495 1.98855365e-04
1.79113 2.04116617e-04
1.79733 2.04084748e-04
1.80355 2.03277359e-04
1.80979 2.06080873e-04
1.81606 2.08396777e-04
1.82234 2.07574884e-04
1.82865 2.06756099e-04
1.83498 2.06415255e-04
1.84133 2.11748829e-04
1.84771 2.10916083e-04
1.85410 2.10928268e-04
1.86052 2.14728957e-04
1.86696 2.14957321e-04
1.87342 2.14114609e-04
1.87991 2.18617608e-04
1.88642 2.18880604e-04
1.89295 2.18908033e-04
1.89950 2.23562140e-04
1.90607 2.22691407e-04
1.91267 2.21822104e-04
1.91929 2.21818305e-04
1.92594 2.25797137e-04
1.93260 2.25508883e-04
1.93929 2.26559929e-04
1.94601 2.29977299e-04
1.95274 2.29086388e-04
1.95950 2.32064691e-04
1.96629 2.33453128e-04
1.97309 2.32550081e-04
1.97992 2.33065565e-04
1.98678 2.36830981e-04
1.99365 2.36962899e-04
2.00055 2.41034773e-04
2.00748 2.40107307e-04
2.01443 2.41960809e-04
2.02140 2.44221411e-04
2.02840 2.45403240e-04
2.03542 2.48261219e-04
2.04247 2.47309283e-04
2.04954 2.48955191e-04
2.05663 2.51263349e-04
2.06375 2.52899095e-04
2.07090 2.55143515e-04
2.07806 2.55553869e-04
2.08526 2.58680567e-04
2.09247 2.58411404e-04
2.09972 2.62696645e-04
2.10699 2.61696017e-04
2.11428 2.62115203e-04
2.12160 2.64603231e-04
2.12894 2.68140628e-04
2.13631 2.68950829e-04
2.14371 2.70199801e-04
2.15113 2.72476683e-04
2.15857 2.72372984e-04
2.16605 2.75938452e-04
2.17354 2.75581279e-04
2.18107 2.77826093e-04
2.18862 2.80743124e-04
2.19619 2.82402155e-04
2.20380 2.81738769e-04
2.21143 2.86050009e-04
2.21908 2.87267457e-04
2.22676 2.89145479e-04
2.23447 2.89627959e-04
2.24220 2.91980616e-04
2.24997 2.94512699e-04
2.25775 2.96321703e-04
2.26557 2.98877959e-04
2.27341 3.01176103e-04
2.28128 3.02509089e-04
2.28918 3.02231491e-04
2.29710 3.05265293e-04
2.30505 3.06649784e-04
2.31303 3.08994351e-04
2.32104 3.12205951e-04
2.32908 3.15405267e-04
2.33714 3.15028607e-04
2.34523 3.17464095e-04
2.35335 3.18567089e-04
2.36149 3.22723423e-04
2.36967 3.25492404e-04
2.37787 3.27027213e-04
2.38610 3.28775093e-04
2.39436 3.30695048e-04
2.40265 3.32316339e-04
2.41097 3.36382047e-04
2.41931 3.38108368e-04
2.42769 3.39970701e-04
2.43609 3.41266441e-04
2.44452 3.44691901e-04
2.45298 3.46978501e-04
2.46148 3.48768660e-04
2.47000 3.52922872e-04
2.47855 3.53295684e-04
2.48713 3.56092933e-04
2.49574 3.56016368e-04
2.50438 3.60134320e-04
2.51304 3.63859727e-04
2.52174 3.65894924e-04
2.53047 3.67505953e-04
2.53923 3.70476955e-04
2.54802 3.71843932e-04
2.55684 3.74519279e-04
2.56569 3.78311828e-04
2.57457 3.80084572e-04
2.58349 3.81186284e-04
2.59243 3.84850369e-04
2.60140 3.87842288e-04
2.61041 3.89218836e-04
2.61944 3.91051125e-04
2.62851 3.94540373e-04
2.63761 3.97984185e-04
2.64674 4.01381920e-04
2.65590 4.04732196e-04
2.66510 4.08038220e-04
2.67432 4.11300880e-04
2.68358 4.14206219e-04
2.69287 4.15666387e-04
2.70219 4.16471260e-04
2.71154 4.19573932e-04
2.72093 4.22634424e-04
2.73035 4.25654068e-04
2.73980 4.28749932e-04
2.74928 4.32381852e-04
2.75880 4.34869683e-04
2.76835 4.37323177e-04
2.77793 4.39734936e-04
2.78755 4.45762384e-04
2.79720 4.48650851e-04
2.80688 4.50943716e-04
2.81660 4.55964517e-04
2.82635 4.59581045e-04
2.83613 4.61755659e-04
2.84595 4.63896577e-04
2.85580 4.67433037e-04
2.86569 4.72179595e-04
2.87561 4.74209415e-04
2.88556 4.76530203e-04
2.89555 4.82164316e-04
2.90557 4.84141843e-04
2.91563 4.86028695e-04
2.92572 4.90587687e-04
2.93585 4.95962800e-04
2.94601 4.99464973e-04
2.95621 5.02550280e-04
2.96644 5.06863987e-04
2.97671 5.08936973e-04
2.98702 5.14012880e-04
2.99736 5.15681333e-04
3.00773 5.20054240e-04
3.01814 5.24944160e-04
3.02859 5.29774880e-04
3.03907 5.33338227e-04
3.04960 5.35416147e-04
3.06015 5.40079133e-04
3.07074 5.44674040e-04
3.08137 5.49204320e-04
3.09204 5.51499800e-04
3.10274 5.54320680e-04
3.11348 5.58699507e-04
3.12426 5.63020120e-04
3.13508 5.67277587e-04
3.14593 5.71471413e-04
3.15682 5.75611467e-04
3.16775 5.79699227e-04
3.17871 5.83735187e-04
3.18972 5.87956640e-04
3.20076 5.94860840e-04
3.21184 5.99148893e-04
3.22295 6.02950027e-04
3.23411 6.06701827e-04
3.24531 6.10406267e-04
3.25654 6.14051013e-04
3.26781 6.20242347e-04
3.27912 6.26619173e-04
3.29047 6.31787827e-04
3.30187 6.35213040e-04
3.31330 6.38582013e-04
3.32476 6.44323920e-04
3.33627 6.50336173e-04
3.34782 6.55385440e-04
3.35941 6.58675973e-04
3.37104 6.64461293e-04
3.38271 6.68154880e-04
3.39442 6.73606707e-04
3.40617 6.80990920e-04
3.41796 6.83875440e-04
3.42979 6.88938520e-04
3.44166 6.94310920e-04
3.45358 6.99624120e-04
3.46553 7.04867267e-04
3.47753 7.10021613e-04
3.48957 7.16552360e-04
3.50164 7.23498493e-04
3.51377 7.28452053e-04
3.52593 7.33323720e-04
3.53814 7.39471640e-04
3.55038 7.46200707e-04
3.56267 7.50878000e-04
3.57500 7.55479813e-04
3.58738 7.61126507e-04
3.59980 7.67994693e-04
3.61226 7.74741027e-04
3.62476 7.79759707e-04
3.63731 7.84784800e-04
3.64990 7.91319493e-04
3.66254 7.99840840e-04
3.67521 8.06078053e-04
3.68794 8.10366107e-04
3.70070 8.16540667e-04
3.71351 8.22636787e-04
3.72637 8.29295800e-04
3.73927 8.37444187e-04
3.75221 8.43605920e-04
3.76520 8.49394200e-04
3.77823 8.55120813e-04
3.79131 8.62800533e-04
3.80443 8.70463973e-04
3.81760 8.77916267e-04
3.83082 8.83283240e-04
3.84408 8.91083333e-04
3.85739 8.99927320e-04
3.87074 9.05061933e-04
3.88414 9.12766813e-04
3.89758 9.21499800e-04
3.91107 9.28413867e-04
3.92461 9.35236173e-04
3.93820 9.42003720e-04
3.95183 9.48645960e-04
3.96551 9.57750920e-04
3.97924 9.67602293e-04
3.99301 9.73966293e-04
4.00683 9.81418587e-04
4.02070 9.89563520e-04
4.03462 9.97538253e-04
4.04859 1.00643404e-03
4.06260 1.01614777e-03
4.07667 1.02200660e-03
4.09078 1.02933013e-03
4.10494 1.03868817e-03
4.11915 1.04631313e-03
4.13341 1.05414233e-03
4.14771 1.06314468e-03
4.16207 1.07323828e-03
4.17648 1.08364317e-03
4.19094 1.09226220e-03
4.20545 1.10081019e-03
4.22000 1.10928763e-03
4.23461 1.11910003e-03
4.24927 1.12905895e-03
4.26398 1.13885309e-03
4.27874 1.14852144e-03
4.29355 1.15815279e-03
4.30841 1.16753500e-03
4.32332 1.17688515e-03
4.33829 1.18611196e-03
4.35331 1.19630817e-03
4.36838 1.20697009e-03
4.38350 1.21737055e-03
4.39867 1.22829048e-03
4.41390 1.24009644e-03
4.42918 1.24965083e-03
4.44451 1.25810064e-03
4.45990 1.26932545e-03
4.47533 1.28102239e-03
4.49083 1.29364284e-03
4.50637 1.30531313e-03
4.52197 1.31620051e-03
4.53762 1.32686144e-03
4.55333 1.33763337e-03
4.56909 1.34948867e-03
4.58491 1.36179191e-03
4.60078 1.37488349e-03
4.61670 1.38699236e-03
4.63269 1.39839921e-03
4.64872 1.41071084e-03
4.66481 1.42330811e-03
4.68096 1.43556991e-03
4.69717 1.44815829e-03
4.71343 1.46156019e-03
4.72974 1.47486637e-03
4.74611 1.48800927e-03
4.76254 1.50096371e-03
4.77903 1.51384563e-03
4.79557 1.52751935e-03
4.81217 1.54148907e-03
4.82883 1.55633347e-03
4.84555 1.57113396e-03
4.86232 1.58441647e-03
4.87915 1.59833439e-03
4.89604 1.61390744e-03
4.91299 1.62891513e-03
4.92999 1.64290261e-03
4.94706 1.65798776e-03
4.96418 1.67419820e-03
4.98137 1.69017973e-03
4.99861 1.70605717e-03
5.01591 1.72248468e-03
5.03328 1.73924864e-03
5.05070 1.75473043e-03
5.06818 1.76992213e-03
5.08573 1.78673444e-03
5.10333 1.80399716e-03
5.12100 1.82080503e-03
5.13873 1.83769331e-03
5.15651 1.85518395e-03
5.17436 1.87287537e-03
5.19228 1.89113068e-03
5.21025 1.90958283e-03
5.22828 1.92748491e-03
5.24638 1.94553055e-03
5.26454 1.96516521e-03
5.28277 1.98504704e-03
5.30105 2.00434279e-03
5.31940 2.02378555e-03
5.33782 2.04365504e-03
5.35629 2.06374012e-03
5.37484 2.08421691e-03
5.39344 2.10492457e-03
5.41211 2.12597165e-03
5.43084 2.14725948e-03
5.44965 2.16962475e-03
5.46851 2.19251837e-03
5.48744 2.21431729e-03
5.50643 2.23563472e-03
5.52550 2.25832263e-03
5.54462 2.28218171e-03
5.56381 2.30583063e-03
5.58308 2.32912385e-03
5.60240 2.35293409e-03
5.62179 2.37764319e-03
5.64125 2.40258711e-03
5.66078 2.42765288e-03
5.68038 2.45298061e-03
5.70004 2.47839172e-03
5.71977 2.50406331e-03
5.73957 2.53133428e-03
5.75944 2.55923031e-03
5.77938 2.58664780e-03
5.79938 2.61384083e-03
5.81946 2.64189324e-03
5.83960 2.67115679e-03
5.85982 2.70066749e-03
5.88010 2.73008496e-03
5.90045 2.75982260e-03
5.92088 2.79024203e-03
5.94137 2.82103441e-03
5.96194 2.85232655e-03
5.98258 2.88405775e-03
6.00329 2.91651809e-03
6.02407 2.95004503e-03
6.04492 2.98395824e-03
6.06585 3.01829523e-03
6.08684 3.05302688e-03
6.10791 3.08752667e-03
6.12906 3.12217297e-03
6.15027 3.15781335e-03
6.17156 3.19484541e-03
6.19293 3.23232345e-03
6.21436 3.27079161e-03
6.23588 3.30971611e-03
6.25746 3.34937123e-03
6.27912 3.38965041e-03
6.30086 3.43048263e-03
6.32267 3.47202573e-03
6.34455 3.51407007e-03
6.36652 3.55674241e-03
6.38856 3.59995743e-03
6.41067 3.64458436e-03
6.43286 3.69121127e-03
6.45513 3.73843313e-03
6.47747 3.78530671e-03
6.49990 3.83268447e-03
6.52240 3.88149289e-03
6.54497 3.93200332e-03
6.56763 3.98316791e-03
6.59037 4.03511591e-03
6.61318 4.08774668e-03
6.63607 4.14163841e-03
6.65904 4.19707527e-03
6.68209 4.25325064e-03
6.70522 4.31111765e-03
6.72843 4.36991855e-03
6.75172 4.42955219e-03
6.77510 4.49007975e-03
6.79855 4.55142969e-03
6.82208 4.61499471e-03
6.84570 4.68004268e-03
6.86939 4.74607732e-03
6.89317 4.81387859e-03
6.91704 4.88264235e-03
6.94098 4.95319987e-03
6.96500 5.02581853e-03
6.98911 5.09949293e-03
7.01331 5.17538240e-03
7.03759 5.25272227e-03
7.06195 5.33141387e-03
7.08639 5.41340093e-03
7.11092 5.49664107e-03
7.13554 5.58180027e-03
7.16024 5.66935707e-03
7.18502 5.75828040e-03
7.20990 5.85012920e-03
7.23485 5.94434107e-03
7.25990 6.04006253e-03
7.28503 6.13990333e-03
7.31025 6.24179147e-03
7.33555 6.34551480e-03
7.36094 6.45303187e-03
7.38642 6.56235947e-03
7.41199 6.67433133e-03
7.43765 6.79064947e-03
7.46340 6.90897053e-03
7.48923 7.03096693e-03
7.51516 7.15754640e-03
7.54117 7.28638040e-03
7.56727 7.41935840e-03
7.59347 7.55642120e-03
7.61975 7.69599013e-03
7.64613 7.84130640e-03
7.67260 7.99133400e-03
7.69916 8.14419827e-03
7.72581 8.30324400e-03
7.75255 8.46689253e-03
7.77939 8.63373293e-03
7.80632 8.81005520e-03
7.83334 8.99241093e-03
7.86046 9.17849627e-03
7.88767 9.37411773e-03
7.91497 9.57608347e-03
7.94237 9.78234613e-03
7.96986 9.99859387e-03
7.99745 1.02220443e-02
8.02513 1.04504231e-02
8.05291 1.06904643e-02
8.08079 1.09397949e-02
8.10876 1.11948680e-02
8.13683 1.14623089e-02
8.16500 1.17415997e-02
8.19326 1.20275999e-02
8.22162 1.23259777e-02
8.25008 1.26394417e-02
8.27864 1.29607695e-02
8.30730 1.32944996e-02
8.33605 1.36493691e-02
8.36491 1.40135724e-02
8.39386 1.43886044e-02
8.42292 1.47914949e-02
8.45208 1.52055101e-02
8.48133 1.56309509e-02
8.51069 1.60864555e-02
8.54016 1.65587383e-02
8.56972 1.70446963e-02
8.59938 1.75615073e-02
8.62915 1.81068479e-02
8.65902 1.86598893e-02
8.68899 1.92489293e-02
8.71907 1.98847867e-02
8.74925 2.05413985e-02
8.77954 2.12194556e-02
8.80993 2.19533629e-02
8.84043 2.27152768e-02
8.87103 2.35033867e-02
8.90174 2.43398679e-02
8.93255 2.52244540e-02
8.96347 2.61409835e-02
8.99450 2.70954552e-02
9.02563 2.81206315e-02
9.05688 2.91845147e-02
9.08823 3.02886095e-02
9.11969 3.14554365e-02
9.15126 3.26785628e-02
9.18294 3.39494783e-02
9.21472 3.52715129e-02
9.24662 3.66532755e-02
9.27863 3.80897832e-02
9.31075 3.95833055e-02
9.34298 4.11140399e-02
9.37532 4.26901708e-02
9.40777 4.43277711e-02
9.44034 4.60329481e-02
9.47302 4.79993008e-02
9.50581 5.00495053e-02
9.53871 5.21870200e-02
9.57173 5.40574440e-02
9.60487 5.53998040e-02
9.63811 5.67710733e-02
9.67148 5.81715973e-02
9.70495 5.92436600e-02
9.73855 6.01969280e-02
9.77226 6.11351493e-02
9.80609 6.20807213e-02
9.84003 6.25922587e-02
9.87409 6.30861840e-02
9.90827 6.35752747e-02
9.94257 6.39731480e-02
9.97699 6.40035867e-02
10.01153 6.40251947e-02
10.04618 6.40379720e-02
10.08096 6.39726547e-02
10.11585 6.37800080e-02
10.15087 6.35816387e-02
10.18601 6.33775467e-02
10.22127 6.30850493e-02
10.25665 6.27005947e-02
10.29215 6.23127360e-02
10.32778 6.19214733e-02
10.36353 6.14485147e-02
10.39941 6.09109293e-02
10.43540 6.03729000e-02
10.47153 5.98344760e-02
10.50777 5.91701533e-02
10.54415 5.84142680e-02
10.58065 5.76644013e-02
10.61727 5.69206520e-02
10.65403 5.61162227e-02
10.69091 5.52602893e-02
10.72791 5.44145187e-02
10.76505 5.35788120e-02
10.80231 5.26971760e-02
10.83971 5.17533307e-02
10.87723 5.08097813e-02
10.91488 4.98957333e-02
10.95266 4.89843148e-02
10.99058 4.80562413e-02
11.02862 4.71446353e-02
11.06680 4.62492255e-02
11.10511 4.53712007e-02
11.14355 4.45378916e-02
11.18212 4.37190668e-02
11.22083 4.29144845e-02
11.25967 4.21239179e-02
11.29865 4.13352851e-02
11.33776 4.05571701e-02
11.37701 3.97930363e-02
11.41639 3.90426516e-02
11.45591 3.82609797e-02
11.49556 3.74337288e-02
11.53536 3.66236705e-02
11.57529 3.58304744e-02
11.61536 3.50534941e-02
11.65556 3.42543780e-02
11.69591 3.34728788e-02
11.73640 3.27086315e-02
11.77702 3.19612907e-02
11.81779 3.11155891e-02
11.85870 3.01917533e-02
11.89975 2.92945379e-02
11.94094 2.84232372e-02
11.98227 2.75771557e-02
12.02375 2.65349200e-02
12.06537 2.55259793e-02
12.10714 2.45543741e-02
12.14905 2.36188513e-02
12.19110 2.27349460e-02
12.23330 2.19123472e-02
12.27565 2.11180361e-02
12.31814 2.03511791e-02
12.36078 1.96109472e-02
12.40357 1.90579797e-02
12.44651 1.86026725e-02
12.48959 1.81572320e-02
12.53283 1.77214855e-02
12.57621 1.72952652e-02
12.61974 1.70038729e-02
12.66343 1.67334967e-02
12.70726 1.64665096e-02
12.75125 1.62028969e-02
12.79539 1.59471431e-02
12.83968 1.58850965e-02
12.88413 1.58222903e-02
12.92873 1.57587341e-02
12.97348 1.56944331e-02
13.01839 1.56542313e-02
13.06345 1.58863545e-02
13.10867 1.61211763e-02
13.15405 1.63587212e-02
13.19959 1.65989992e-02
13.24528 1.68405253e-02
13.29113 1.70604977e-02
13.33713 1.72827197e-02
13.38330 1.75072061e-02
13.42963 1.77339717e-02
13.47612 1.79630264e-02
13.52277 1.82900521e-02
13.56958 1.86281680e-02
13.61655 1.89720263e-02
13.66368 1.93217207e-02
13.71098 1.96773400e-02
13.75844 2.00110405e-02
13.80607 2.03398768e-02
13.85386 2.06735773e-02
13.90182 2.10122112e-02
13.94994 2.13558376e-02
13.99823 2.17610616e-02
14.04668 2.22473304e-02
14.09531 2.27439493e-02
14.14410 2.32511355e-02
14.19306 2.37691108e-02
14.24219 2.42980381e-02
14.29149 2.48364079e-02
14.34096 2.53862920e-02
14.39060 2.59479520e-02
14.44042 2.65216345e-02
14.49041 2.71076159e-02
14.54057 2.76815648e-02
14.59090 2.82457260e-02
14.64141 2.88211895e-02
14.69209 2.94082019e-02
14.74295 3.00069951e-02
14.79398 3.06178207e-02
14.84519 3.12691045e-02
14.89658 3.19364661e-02
14.94814 3.26180555e-02
14.99989 3.33141833e-02
15.05181 3.40251753e-02
15.10392 3.47484119e-02
15.15620 3.54755112e-02
15.20866 3.62178891e-02
15.26131 3.69758760e-02
15.31414 3.77497976e-02
15.36715 3.85399943e-02
15.42034 3.93094808e-02
15.47372 4.00299053e-02
15.52729 4.07633341e-02
15.58103 4.15099497e-02
15.63497 4.22699396e-02
15.68909 4.30434912e-02
15.74340 4.38146847e-02
15.79790 4.45760115e-02
15.85258 4.53496716e-02
15.90746 4.61357489e-02
15.96252 4.69343125e-02
16.01778 4.77454068e-02
16.07323 4.84229311e-02
16.12886 4.88146032e-02
16.18470 4.92059349e-02
16.24072 4.95967733e-02
16.29694 4.99869013e-02
16.35335 5.03761907e-02
16.40996 5.07518147e-02
16.46677 5.10363693e-02
16.52377 5.13183093e-02
16.58097 5.15974867e-02
16.63836 5.18738027e-02
16.69596 5.21470600e-02
16.75375 5.24170613e-02
16.81175 5.24731040e-02
16.86994 5.24653093e-02
16.92834 5.24543573e-02
16.98694 5.24401987e-02
17.04574 5.24228333e-02
17.10474 5.24022613e-02
17.16395 5.23832680e-02
17.22337 5.23731547e-02
17.28299 5.23596867e-02
17.34281 5.23428640e-02
17.40285 5.23226867e-02
17.46309 5.22991053e-02
17.52354 5.22721200e-02
17.58420 5.21078400e-02
17.64507 5.18686227e-02
17.70615 5.16275307e-02
17.76744 5.13846627e-02
17.82894 5.11400187e-02
17.89066 5.08936480e-02
17.95259 5.06456000e-02
18.01473 5.03970587e-02
18.07709 5.01478760e-02
18.13967 4.98979533e-02
18.20246 4.96473400e-02
18.26547 4.93959867e-02
18.32870 4.91439476e-02
18.39214 4.88912820e-02
18.45581 4.85915573e-02
18.51969 4.82869388e-02
18.58380 4.79829468e-02
18.64813 4.76795912e-02
18.71268 4.73768917e-02
18.77746 4.70748681e-02
18.84246 4.67735303e-02
18.90768 4.65106083e-02
18.97313 4.62597285e-02
19.03881 4.60093421e-02
19.10472 4.57594639e-02
19.17085 4.55100987e-02
19.23721 4.52612515e-02
19.30380 4.50129371e-02
19.37062 4.47835272e-02
19.43768 4.45761595e-02
19.50496 4.43688312e-02
19.57248 4.41615523e-02
19.64023 4.39543375e-02
19.70822 4.37471917e-02
19.77644 4.35401249e-02
19.84490 4.33331469e-02
19.91359 4.31193264e-02
19.98252 4.29052839e-02
20.05169 4.26913351e-02
20.12110 4.24774948e-02
20.19076 4.22637779e-02
20.26065 4.20501892e-02
20.33078 4.18367387e-02
20.40116 4.16177677e-02
20.47178 4.13828375e-02
20.54264 4.11482772e-02
20.61375 4.09140919e-02
20.68511 4.06803061e-02
20.75671 4.04469200e-02
20.82856 4.02139483e-02
20.90066 3.99814057e-02
20.97301 3.97494947e-02
21.04561 3.95181904e-02
21.11846 3.92870440e-02
21.19157 3.90560703e-02
21.26492 3.88252889e-02
21.33853 3.85947148e-02
21.41240 3.83643627e-02
21.48652 3.81342473e-02
21.56090 3.78838017e-02
21.63553 3.75609052e-02
21.71043 3.72394344e-02
21.78558 3.69194140e-02
21.86099 3.66008539e-02
21.93666 3.62837737e-02
22.01260 3.59681933e-02
22.08880 3.56541275e-02
22.16526 3.53415909e-02
22.24199 3.49460017e-02
22.31898 3.45394112e-02
22.39624 3.41365453e-02
22.47377 3.37373893e-02
22.55156 3.33419185e-02
22.62962 3.29501132e-02
22.70796 3.25619585e-02
22.78656 3.21774299e-02
22.86544 3.17910907e-02
22.94459 3.13913427e-02
23.02402 3.09957979e-02
23.10372 3.06044168e-02
23.18369 3.02171699e-02
23.26394 2.98340225e-02
23.34447 2.94549403e-02
23.42528 2.90798885e-02
23.50637 2.87088377e-02
23.58774 2.83319853e-02
23.66939 2.79419807e-02
23.75133 2.75565147e-02
23.83354 2.71755429e-02
23.91604 2.67990359e-02
23.99883 2.64269491e-02
24.08191 2.60592431e-02
24.16527 2.56958833e-02
24.24892 2.53368304e-02
24.33286 2.49881029e-02
24.41709 2.46678359e-02
24.50161 2.43510567e-02
24.58642 2.40377407e-02
24.67153 2.37278681e-02
24.75693 2.34214144e-02
24.84263 2.31183449e-02
24.92863 2.28186449e-02
25.01492 2.25222799e-02
25.10151 2.22292251e-02
25.18840 2.19474972e-02
25.27559 2.16716449e-02
25.36309 2.13987428e-02
25.45088 2.11287760e-02
25.53898 2.08617248e-02
25.62739 2.05975645e-02
25.71610 2.03362804e-02
25.80512 2.00778527e-02
25.89444 1.98222616e-02
25.98408 1.95694825e-02
26.07403 1.93358004e-02
26.16428 1.91052509e-02
26.25485 1.88770793e-02
26.34574 1.86512659e-02
26.43694 1.84278007e-02
26.52845 1.82066640e-02
26.62028 1.79878460e-02
26.71243 1.77713269e-02
26.80489 1.75570920e-02
26.89768 1.73451264e-02
26.99079 1.71493569e-02
27.08422 1.69582544e-02
27.17798 1.67690117e-02
27.27205 1.65816240e-02
27.36646 1.63960715e-02
27.46119 1.62123541e-02
27.55625 1.60304523e-02
27.65164 1.58503560e-02
27.74736 1.56720555e-02
27.84341 1.54955359e-02
27.93979 1.53258243e-02
28.03650 1.51672127e-02
28.13355 1.50100663e-02
28.23094 1.48543752e-02
28.32867 1.47001296e-02
28.42673 1.45473245e-02
28.52513 1.43959452e-02
28.62387 1.42459817e-02
28.72295 1.40974341e-02
28.82238 1.39502777e-02
28.92215 1.38045175e-02
29.02227 1.36647561e-02
29.12273 1.35316055e-02
29.22354 1.33996339e-02
29.32470 1.32688364e-02
29.42621 1.31392032e-02
29.52807 1.30107244e-02
29.63029 1.28833951e-02
29.73286 1.27572053e-02
29.83578 1.26321503e-02
29.93906 1.25082200e-02
30.04269 1.23854047e-02
30.14669 1.22648981e-02
30.25104 1.21519939e-02
30.35576 1.20400516e-02
30.46084 1.19290615e-02
30.56628 1.18190185e-02
30.67209 1.17099129e-02
30.77826 1.16017397e-02
30.88481 1.14944940e-02
30.99172 1.13881708e-02
31.09900 1.12827603e-02
31.20665 1.11782575e-02
31.31467 1.10746575e-02
31.42307 1.09752311e-02
31.53184 1.08818381e-02
31.64099 1.07891852e-02
31.75052 1.06972772e-02
31.86043 1.06060993e-02
31.97072 1.05156516e-02
32.08139 1.04259291e-02
32.19244 1.03369268e-02
32.30388 1.02486349e-02
32.41570 1.01610584e-02
32.52791 1.00741824e-02
32.64051 9.98801187e-03
32.75349 9.90371107e-03
32.86687 9.82893653e-03
32.98064 9.75470467e-03
33.09481 9.68100560e-03
33.20937 9.60783933e-03
33.32433 9.53520587e-03
33.43968 9.46309533e-03
33.55544 9.39150773e-03
33.67159 9.32043320e-03
33.78815 9.24988160e-03
33.90511 9.17983813e-03
34.02247 9.11030280e-03
34.14024 9.04127560e-03
34.25842 8.97222373e-03
34.37701 8.90251080e-03
34.49601 8.83331587e-03
34.61542 8.76463400e-03
34.73525 8.69647013e-03
34.85549 8.62881440e-03
34.97614 8.56166187e-03
35.09721 8.49501253e-03
35.21871 8.42886640e-03
35.34062 8.36321360e-03
35.46295 8.29805413e-03
35.58571 8.23338307e-03
35.70889 8.16920040e-03
35.83250 8.10549627e-03
35.95654 8.04378027e-03
36.08101 7.98268587e-03
36.20590 7.92203547e-03
36.33123 7.86182907e-03
36.45700 7.80206667e-03
36.58320 7.74274333e-03
36.70983 7.68385413e-03
36.83691 7.62539907e-03
36.96442 7.56737813e-03
37.09238 7.50978147e-03
37.22077 7.45260907e-03
37.34962 7.39585600e-03
37.47890 7.33952227e-03
37.60864 7.28360787e-03
37.73883 7.23119613e-03
37.86946 7.17971187e-03
38.00055 7.12858773e-03
38.13209 7.07781880e-03
38.26409 7.02739520e-03
38.39654 6.97732680e-03
38.52946 6.92760373e-03
38.66283 6.87822600e-03
38.79667 6.82918867e-03
38.93096 6.78049667e-03
39.06573 6.73213520e-03
39.20096 6.68411413e-03
39.33665 6.63642853e-03
39.47282 6.58907347e-03
39.60946 6.54213773e-03
39.74657 6.49669187e-03
39.88416 6.45156173e-03
40.02222 6.40673253e-03
40.16076 6.36221413e-03
40.29978 6.31799667e-03
40.43928 6.27407520e-03
40.57926 6.23045467e-03
40.71973 6.18713507e-03
40.86069 6.14410653e-03
41.00213 6.10137400e-03
41.14406 6.05892760e-03
41.28648 6.01677720e-03
41.42940 5.97490800e-03
41.57281 5.93332493e-03
41.71672 5.89202800e-03
41.86113 5.85045480e-03
42.00603 5.80862507e-03
42.15144 5.76708147e-03
42.29735 5.72583387e-03
42.44377 5.68487240e-03
42.59069 5.64420200e-03
42.73812 5.60381280e-03
42.88606 5.56370973e-03
43.03451 5.52388293e-03
43.18348 5.48433733e-03
43.33297 5.44507293e-03
43.48297 5.40607987e-03
43.63349 5.36736307e-03
43.78453 5.32891760e-03
43.93609 5.29074347e-03
44.08818 5.25283573e-03
44.24079 5.21519440e-03
44.39394 5.17786387e-03
44.54761 5.14079480e-03
44.70182 5.10398227e-03
44.85655 5.06743120e-03
45.01183 5.03113667e-03
45.16764 4.99509867e-03
45.32399 4.95931227e-03
45.48089 4.92377993e-03
45.63832 4.88849624e-03
45.79630 4.85346020e-03
45.95483 4.81867132e-03
46.11391 4.78412763e-03
46.27353 4.74982665e-03
46.43371 4.71576791e-03
46.59445 4.68194892e-03
46.75574 4.64836821e-03
46.91759 4.61502431e-03
47.08000 4.58142979e-03
47.24297 4.54775831e-03
47.40650 4.51433004e-03
47.57060 4.48114301e-03
47.73527 4.44819575e-03
47.90051 4.41548676e-03
48.06633 4.38301408e-03
48.23271 4.35077623e-03
48.39967 4.31877123e-03
48.56721 4.28699809e-03
48.73533 4.25545485e-03
48.90403 4.22414003e-03
49.07332 4.19305164e-03
49.24319 4.16218821e-03
49.41365 4.13154876e-03
49.58470 4.10113081e-03
49.75634 4.07093339e-03
49.92858 4.04095500e-03
50.10141 4.01124844e-03
50.27484 3.98316889e-03
50.44887 3.95528273e-03
50.62350 3.92758897e-03
50.79874 3.90008613e-03
50.97458 3.87277372e-03
51.15104 3.84564976e-03
51.32810 3.81871327e-03
51.50578 3.79196276e-03
51.68407 3.76539725e-03
51.86298 3.73901527e-03
52.04250 3.71281532e-03
52.22265 3.68679692e-03
52.40343 3.66095859e-03
52.58482 3.63529884e-03
52.76685 3.60981620e-03
52.94951 3.58451067e-03
53.13280 3.55937977e-03
53.31672 3.53442253e-03
53.50128 3.50963845e-03
53.68648 3.48496932e-03
53.87232 3.46024296e-03
54.05880 3.43569025e-03
54.24593 3.41130923e-03
54.43371 3.38709889e-03
54.62214 3.36305827e-03
54.81122 3.33918636e-03
55.00095 3.31548219e-03
55.19134 3.29194377e-03
55.38239 3.26857013e-03
55.57410 3.24536127e-03
55.76647 3.22231471e-03
55.95951 3.19942996e-03
56.15322 3.17670604e-03
56.34760 3.15414147e-03
56.54265 3.13173525e-03
56.73838 3.10948641e-03
56.93479 3.08739396e-03
57.13187 3.06545641e-03
57.32964 3.04367328e-03
57.52809 3.02204308e-03
57.72723 3.00056483e-03
57.92705 2.97930512e-03
58.12757 2.95820180e-03
58.32879 2.93724648e-03
58.53070 2.91643817e-03
58.73331 2.89577540e-03
58.93662 2.87525717e-03
59.14063 2.85488349e-03
59.34535 2.83465239e-03
59.55078 2.81456287e-03
59.75692 2.79461444e-03
59.96377 2.77480612e-03
60.17134 2.75513643e-03
60.37963 2.73560487e-03
60.58864 2.71621045e-03
60.79837 2.69695220e-03
61.00883 2.67782912e-03
61.22002 2.65884023e-03
61.43194 2.63998503e-03
61.64459 2.62126155e-03
61.85797 2.60267028e-03
62.07210 2.58420925e-03
62.28697 2.56587797e-03
62.50258 2.54767545e-03
62.71894 2.52977239e-03
62.93605 2.51201140e-03
63.15390 2.49437424e-03
63.37252 2.47685992e-03
63.59189 2.45946745e-03
63.81201 2.44219635e-03
64.03290 2.42504512e-03
64.25456 2.40801279e-03
64.47698 2.39109984e-03
64.70017 2.37430431e-03
64.92414 2.35762569e-03
65.14888 2.34106301e-03
65.37440 2.32461627e-03
65.60070 2.30828348e-03
65.82778 2.29206515e-03
66.05565 2.27595929e-03
66.28430 2.25996592e-03
66.51375 2.24408404e-03
66.74400 2.22831267e-03
66.97504 2.21265131e-03
67.20688 2.19709897e-03
67.43952 2.18165517e-03
67.67297 2.16631941e-03
67.90722 2.15109021e-03
68.14229 2.13596757e-03
68.37817 2.12099984e-03
68.61486 2.10614064e-03
68.85238 2.09138455e-03
69.09072 2.07673107e-03
69.32988 2.06217921e-03
69.56987 2.04772899e-03
69.81069 2.03337891e-03
70.05235 2.01912897e-03
70.29484 2.00497771e-03
70.53817 1.99092511e-03
70.78235 1.97697068e-03
71.02737 1.96311295e-03
71.27323 1.94935141e-03
71.51995 1.93568608e-03
71.76752 1.92211596e-03
72.01595 1.90864007e-03
72.26524 1.89525791e-03
72.51539 1.88196948e-03
72.76641 1.86877281e-03
73.01830 1.85566840e-03
73.27106 1.84265525e-03
73.52469 1.82973288e-03
73.77920 1.81690029e-03
74.03460 1.80415749e-03
74.29087 1.79150300e-03
74.54804 1.77893731e-03
74.80609 1.76645844e-03
75.06504 1.75409748e-03
75.32488 1.74184357e-03
75.58563 1.72967501e-03
75.84727 1.71759081e-03
76.10982 1.70559048e-03
76.37328 1.69367352e-03
76.63766 1.68183944e-03
76.90295 1.67008725e-03
77.16915 1.65841696e-03
77.43628 1.64682757e-03
77.70433 1.63531860e-03
77.97331 1.62389004e-03
78.24322 1.61254041e-03
78.51407 1.60126972e-03
78.78585 1.59007747e-03
79.05857 1.57896316e-03
79.33224 1.56792581e-03
79.60686 1.55696493e-03
79.88242 1.54608052e-03
80.15894 1.53527208e-03
80.43642 1.52453813e-03
80.71486 1.51387917e-03
80.99426 1.50329471e-03
81.27463 1.49278325e-03
81.55596 1.48234531e-03
81.83828 1.47197939e-03
82.12157 1.46168599e-03
82.40584 1.45146412e-03
82.69109 1.44131329e-03
82.97733 1.43123351e-03
83.26457 1.42125485e-03
83.55279 1.41139460e-03
83.84202 1.40160292e-03
84.13225 1.39187833e-03
84.42348 1.38222084e-03
84.71572 1.37263044e-03
85.00897 1.36310615e-03
85.30323 1.35364747e-03
85.59852 1.34425391e-03
85.89482 1.33492547e-03
86.19215 1.32566116e-03
86.49052 1.31646148e-03
86.78991 1.30732495e-03
87.09034 1.29825156e-03
87.39181 1.28924083e-03
87.69432 1.28029225e-03
87.99789 1.27140535e-03
88.30250 1.26258011e-03
88.60816 1.25381604e-03
88.91489 1.24511216e-03
89.22267 1.23646847e-03
89.53153 1.22788496e-03
89.84145 1.21936016e-03
90.15244 1.21089456e-03
90.46451 1.20248767e-03
90.77766 1.19413899e-03
91.09190 1.18584753e-03
91.40722 1.17761380e-03
91.72363 1.16943680e-03
92.04114 1.16131604e-03
92.35975 1.15325201e-03
92.67946 1.14524324e-03
93.00028 1.13729021e-03
93.32221 1.12939195e-03
93.64525 1.12156225e-03
93.96941 1.11379324e-03
94.29469 1.10607800e-03
94.62110 1.09841555e-03
94.94864 1.09080637e-03
95.27731 1.08324949e-03
95.60712 1.07574491e-03
95.93807 1.06829163e-03
96.27017 1.06089015e-03
96.60342 1.05353997e-03
96.93782 1.04624012e-03
97.27338 1.03899108e-03
97.61010 1.03179187e-03
97.94798 1.02464199e-03
98.28704 1.01754193e-03
98.62727 1.01049072e-03
98.96867 1.00348835e-03
99.31126 9.96534320e-04
99.65504 9.89628147e-04
100.00000 9.82769827e-04
