        2000  0.100000 3.700000
0.10000 2.38459228e-04
0.10035 2.39112451e-04
0.10069 2.40103508e-04
0.10104 2.41243552e-04
0.10139 2.42199287e-04
0.10174 2.42619409e-04
0.10210 2.42362284e-04
0.10245 2.41572260e-04
0.10280 2.40643955e-04
0.10316 2.40066360e-04
0.10352 2.39735925e-04
0.10387 2.39715945e-04
0.10423 2.39994925e-04
0.10459 2.40481796e-04
0.10496 2.41000733e-04
0.10532 2.41329639e-04
0.10568 2.41297819e-04
0.10605 2.41047748e-04
0.10642 2.40808136e-04
0.10679 2.40531771e-04
0.10716 2.40350076e-04
0.10753 2.40321857e-04
0.10790 2.40425901e-04
0.10827 2.40571879e-04
0.10865 2.40633348e-04
0.10902 2.40774589e-04
0.10940 2.40776365e-04
0.10978 2.40661024e-04
0.11016 2.40502220e-04
0.11054 2.40356637e-04
0.11092 2.40235425e-04
0.11131 2.40303209e-04
0.11169 2.40366257e-04
0.11208 2.40411052e-04
0.11247 2.40374841e-04
0.11286 2.40305331e-04
0.11325 2.40304689e-04
0.11364 2.40290531e-04
0.11403 2.40253728e-04
0.11443 2.40263299e-04
0.11482 2.40243368e-04
0.11522 2.40215544e-04
0.11562 2.40179481e-04
0.11602 2.40121071e-04
0.11642 2.40024328e-04
0.11682 2.39881212e-04
0.11723 2.39683583e-04
0.11763 2.39434449e-04
0.11804 2.39145356e-04
0.11845 2.38785617e-04
0.11886 2.38356171e-04
0.11927 2.37862689e-04
0.11968 2.37315287e-04
0.12010 2.36728269e-04
0.12051 2.36117868e-04
0.12093 2.35500264e-04
0.12135 2.34889813e-04
0.12177 2.34297567e-04
0.12219 2.33731368e-04
0.12262 2.33195707e-04
0.12304 2.32692704e-04
0.12347 2.32222607e-04
0.12389 2.31803668e-04
0.12432 2.31418128e-04
0.12475 2.31059425e-04
0.12518 2.30725340e-04
0.12562 2.30413849e-04
0.12605 2.30122832e-04
0.12649 2.29850364e-04
0.12693 2.29594768e-04
0.12737 2.29354416e-04
0.12781 2.29127927e-04
0.12825 2.28913968e-04
0.12869 2.28711455e-04
0.12914 2.28519301e-04
0.12959 2.28336719e-04
0.13003 2.28162769e-04
0.13048 2.27996812e-04
0.13094 2.27851427e-04
0.13139 2.27712208e-04
0.13184 2.27578613e-04
0.13230 2.27450248e-04
0.13276 2.27326668e-04
0.13322 2.27207528e-04
0.13368 2.27092532e-04
0.13414 2.26981384e-04
0.13461 2.26873788e-04
0.13507 2.26769497e-04
0.13554 2.26668265e-04
0.13601 2.26569944e-04
0.13648 2.26474336e-04
0.13695 2.26381195e-04
0.13743 2.26290372e-04
0.13790 2.26201671e-04
0.13838 2.26115041e-04
0.13886 2.26030237e-04
0.13934 2.25947209e-04
0.13982 2.25865760e-04
0.14031 2.25785741e-04
0.14079 2.25711988e-04
0.14128 2.25640208e-04
0.14177 2.25569365e-04
0.14226 2.25499361e-04
0.14275 2.25430097e-04
0.14324 2.25361475e-04
0.14374 2.25293395e-04
0.14424 2.25225808e-04
0.14474 2.25158567e-04
0.14524 2.25091621e-04
0.14574 2.25024873e-04
0.14625 2.24958224e-04
0.14675 2.24891624e-04
0.14726 2.24824925e-04
0.14777 2.24758128e-04
0.14828 2.24691133e-04
0.14879 2.24623843e-04
0.14931 2.24556157e-04
0.14983 2.24488028e-04
0.15034 2.24419307e-04
0.15087 2.24350043e-04
0.15139 2.24280039e-04
0.15191 2.24209295e-04
0.15244 2.24137712e-04
0.15297 2.24065192e-04
0.15349 2.23991636e-04
0.15403 2.23917044e-04
0.15456 2.23841317e-04
0.15509 2.23764308e-04
0.15563 2.23686016e-04
0.15617 2.23606392e-04
0.15671 2.23525288e-04
0.15725 2.23442655e-04
0.15780 2.23358443e-04
0.15834 2.23272553e-04
0.15889 2.23184937e-04
0.15944 2.23095496e-04
0.15999 2.23004180e-04
0.16055 2.22910940e-04
0.16110 2.22815677e-04
0.16166 2.22718343e-04
0.16222 2.22618837e-04
0.16278 2.22517161e-04
0.16335 2.22413167e-04
0.16391 2.22306804e-04
0.16448 2.22198073e-04
0.16505 2.22086876e-04
0.16562 2.21973113e-04
0.16619 2.21856785e-04
0.16677 2.21737793e-04
0.16734 2.21616088e-04
0.16792 2.21491571e-04
0.16851 2.21364291e-04
0.16909 2.21234051e-04
0.16967 2.21100949e-04
0.17026 2.20964789e-04
0.17085 2.20825571e-04
0.17144 2.20683293e-04
0.17204 2.20537859e-04
0.17263 2.20389168e-04
0.17323 2.20237271e-04
0.17383 2.20082068e-04
0.17443 2.19923511e-04
0.17503 2.19761549e-04
0.17564 2.19596184e-04
0.17625 2.19427267e-04
0.17686 2.19254896e-04
0.17747 2.19078924e-04
0.17808 2.18899351e-04
0.17870 2.18716127e-04
0.17932 2.18529252e-04
0.17994 2.18338628e-04
0.18056 2.18144255e-04
0.18119 2.17946083e-04
0.18182 2.17744112e-04
0.18244 2.17538293e-04
0.18308 2.17328577e-04
0.18371 2.17114964e-04
0.18435 2.16897404e-04
0.18498 2.16675897e-04
0.18562 2.16450395e-04
0.18627 2.16220896e-04
0.18691 2.15987352e-04
0.18756 2.15749713e-04
0.18821 2.15508029e-04
0.18886 2.15262300e-04
0.18951 2.15015683e-04
0.19017 2.14769115e-04
0.19083 2.14518600e-04
0.19149 2.14264139e-04
0.19215 2.14005780e-04
0.19282 2.13743425e-04
0.19348 2.13477173e-04
0.19415 2.13206925e-04
0.19483 2.12932681e-04
0.19550 2.12654441e-04
0.19618 2.11632995e-04
0.19686 2.11273700e-04
0.19754 2.10953625e-04
0.19822 2.10628815e-04
0.19891 2.10299219e-04
0.19960 2.09964936e-04
0.20029 2.09625868e-04
0.20098 2.09282113e-04
0.20168 2.08933623e-04
0.20237 2.08580445e-04
0.20307 2.08222581e-04
0.20378 2.07859981e-04
0.20448 2.07492695e-04
0.20519 2.07120721e-04
0.20590 2.06744111e-04
0.20661 2.06362863e-04
0.20733 2.05976928e-04
0.20805 2.05586356e-04
0.20877 2.05191196e-04
0.20949 2.04791399e-04
0.21021 2.04387063e-04
0.21094 2.03978139e-04
0.21167 2.03564627e-04
0.21240 2.03146625e-04
0.21314 2.02724135e-04
0.21388 2.02297105e-04
0.21462 2.01865636e-04
0.21536 2.01429727e-04
0.21611 2.00989427e-04
0.21685 2.00544687e-04
0.21760 2.00095605e-04
0.21836 1.99642183e-04
0.21911 1.99184419e-04
0.21987 1.98722412e-04
0.22063 1.98256113e-04
0.22140 1.97785621e-04
0.22216 1.97310936e-04
0.22293 1.96832057e-04
0.22370 1.96349084e-04
0.22448 1.95861967e-04
0.22526 1.95370853e-04
0.22604 1.94875645e-04
0.22682 1.94376491e-04
0.22760 1.93873340e-04
0.22839 1.93366292e-04
0.22918 1.92855347e-04
0.22998 1.92340603e-04
0.23077 1.91822011e-04
0.23157 1.91299669e-04
0.23237 1.90773579e-04
0.23318 1.90243788e-04
0.23398 1.89710347e-04
0.23479 1.89173304e-04
0.23561 1.88632709e-04
0.23642 1.88088612e-04
0.23724 1.87541012e-04
0.23806 1.86989959e-04
0.23889 1.86435501e-04
0.23971 1.85877689e-04
0.24054 1.85316621e-04
0.24137 1.84752248e-04
0.24221 1.84184668e-04
0.24305 1.83613881e-04
0.24389 1.83039987e-04
0.24473 1.82463033e-04
0.24558 1.81882972e-04
0.24643 1.81300000e-04
0.24728 1.80714019e-04
0.24814 1.80125176e-04
0.24900 1.79533472e-04
0.24986 1.78938956e-04
0.25073 1.78341677e-04
0.25159 1.77741685e-04
0.25246 1.77139079e-04
0.25334 1.76533808e-04
0.25422 1.75925972e-04
0.25510 1.75315620e-04
0.25598 1.74702801e-04
0.25687 1.74087565e-04
0.25775 1.73469961e-04
0.25865 1.72850039e-04
0.25954 1.72227797e-04
0.26044 1.71603385e-04
0.26134 1.70976753e-04
0.26225 1.70348000e-04
0.26315 1.69717175e-04
0.26406 1.69084277e-04
0.26498 1.68449407e-04
0.26590 1.67812612e-04
0.26682 1.67173943e-04
0.26774 1.66533399e-04
0.26867 1.65891079e-04
0.26960 1.65247032e-04
0.27053 1.64601259e-04
0.27147 1.63953857e-04
0.27241 1.63304877e-04
0.27335 1.62654319e-04
0.27430 1.62002231e-04
0.27525 1.61348712e-04
0.27620 1.60693812e-04
0.27715 1.60037531e-04
0.27811 1.59379967e-04
0.27908 1.58721071e-04
0.28004 1.58060991e-04
0.28101 1.57399776e-04
0.28198 1.56737377e-04
0.28296 1.56073943e-04
0.28394 1.55409472e-04
0.28492 1.54744015e-04
0.28591 1.54077620e-04
0.28690 1.53410337e-04
0.28789 1.52742167e-04
0.28889 1.52073207e-04
0.28989 1.51403507e-04
0.29089 1.50733116e-04
0.29190 1.50062035e-04
0.29291 1.49390312e-04
0.29392 1.48718047e-04
0.29494 1.48045189e-04
0.29596 1.47371888e-04
0.29699 1.46698143e-04
0.29801 1.46023953e-04
0.29905 1.45349419e-04
0.30008 1.44674539e-04
0.30112 1.43999412e-04
0.30216 1.43324039e-04
0.30321 1.42648468e-04
0.30426 1.41972749e-04
0.30531 1.41296932e-04
0.30637 1.40621016e-04
0.30743 1.39945051e-04
0.30849 1.39269085e-04
0.30956 1.38593219e-04
0.31063 1.37917401e-04
0.31171 1.37241732e-04
0.31279 1.36566211e-04
0.31387 1.35890887e-04
0.31496 1.35215760e-04
0.31605 1.34540979e-04
0.31714 1.33866493e-04
0.31824 1.33192304e-04
0.31934 1.32518559e-04
0.32044 1.31845208e-04
0.32155 1.31172351e-04
0.32267 1.30499937e-04
0.32378 1.29828067e-04
0.32490 1.29156788e-04
0.32603 1.28486101e-04
0.32716 1.27816007e-04
0.32829 1.27146603e-04
0.32943 1.26477889e-04
0.33057 1.25809867e-04
0.33171 1.25142683e-04
0.33286 1.24476239e-04
0.33401 1.23810633e-04
0.33517 1.23145867e-04
0.33633 1.22481988e-04
0.33749 1.21819047e-04
0.33866 1.21157043e-04
0.33983 1.20496025e-04
0.34101 1.19835995e-04
0.34219 1.19177049e-04
0.34337 1.18519091e-04
0.34456 1.17862267e-04
0.34576 1.17206577e-04
0.34695 1.16552023e-04
0.34815 1.15898603e-04
0.34936 1.15246416e-04
0.35057 1.14595463e-04
0.35178 1.13945743e-04
0.35300 1.13297305e-04
0.35422 1.12650200e-04
0.35545 1.12004377e-04
0.35668 1.11359936e-04
0.35791 1.10716827e-04
0.35915 1.10075148e-04
0.36039 1.09434900e-04
0.36164 1.08796083e-04
0.36289 1.08158745e-04
0.36415 1.07522888e-04
0.36541 1.06888560e-04
0.36668 1.06255761e-04
0.36795 1.05624492e-04
0.36922 1.04994801e-04
0.37050 1.04366739e-04
0.37178 1.03740255e-04
0.37307 1.03115448e-04
0.37436 1.02492269e-04
0.37565 1.01870719e-04
0.37695 1.01250944e-04
0.37826 1.00632847e-04
0.37957 1.00016427e-04
0.38088 9.94018320e-05
0.38220 9.87889640e-05
0.38352 9.81778720e-05
0.38485 9.75685560e-05
0.38618 9.69611147e-05
0.38752 9.63554493e-05
0.38886 9.57516587e-05
0.39021 9.51496933e-05
0.39156 9.45496520e-05
0.39291 1.72454681e-03
0.39427 1.71204920e-03
0.39564 1.69928963e-03
0.39701 1.60606591e-03
0.39838 1.59355695e-03
0.39976 1.58087927e-03
0.40115 1.56803681e-03
0.40253 1.55508780e-03
0.40393 1.54200855e-03
0.40533 1.52885677e-03
0.40673 1.51562015e-03
0.40814 1.42725477e-03
0.40955 1.41457216e-03
0.41097 1.40189744e-03
0.41239 1.38919065e-03
0.41382 1.37647153e-03
0.41525 1.36379583e-03
0.41669 1.35112851e-03
0.41813 1.33850657e-03
0.41958 1.25617368e-03
0.42103 1.24429865e-03
0.42249 1.23250503e-03
0.42395 1.22076468e-03
0.42542 1.20911313e-03
0.42689 1.19755137e-03
0.42837 1.18606115e-03
0.42985 1.17470412e-03
0.43134 1.16341863e-03
0.43283 1.15224956e-03
0.43433 1.14120629e-03
0.43583 1.13027205e-03
0.43734 1.05727845e-03
0.43886 1.04718091e-03
0.44037 1.03720275e-03
0.44190 1.02734595e-03
0.44343 1.01761297e-03
0.44496 1.00800235e-03
0.44650 9.98519000e-04
0.44805 9.89162440e-04
0.44960 9.79940560e-04
0.45116 9.70832147e-04
0.45272 9.05292813e-04
0.45429 8.96968307e-04
0.45586 8.88764173e-04
0.45744 8.80683867e-04
0.45902 8.72727880e-04
0.46061 8.64878453e-04
0.46220 8.57154827e-04
0.46380 8.49544667e-04
0.46541 8.42050933e-04
0.46702 8.34671653e-04
0.46864 8.27414720e-04
0.47026 7.72281267e-04
0.47189 7.62404240e-04
0.47352 7.55906053e-04
0.47516 7.49508013e-04
0.47680 7.43211107e-04
0.47845 7.37011387e-04
0.48011 7.30911813e-04
0.48177 7.24902027e-04
0.48344 7.18995840e-04
0.48511 7.13174507e-04
0.48679 7.07442960e-04
0.48848 7.01803173e-04
0.49017 6.96245280e-04
0.49186 6.90775693e-04
0.49357 6.85391453e-04
0.49528 6.80092067e-04
0.49699 6.74868653e-04
0.49871 6.25081947e-04
0.50044 6.20353840e-04
0.50217 6.15698253e-04
0.50391 6.11108280e-04
0.50565 6.06589840e-04
0.50740 6.02129613e-04
0.50916 5.97742400e-04
0.51092 5.93414387e-04
0.51269 5.89148040e-04
0.51446 5.84944347e-04
0.51625 5.80799853e-04
0.51803 5.76711107e-04
0.51983 5.72678600e-04
0.52163 5.68701840e-04
0.52343 5.64778853e-04
0.52524 5.20849987e-04
0.52706 5.17303907e-04
0.52889 5.13805680e-04
0.53072 5.10352347e-04
0.53255 5.06944400e-04
0.53440 5.03578880e-04
0.53625 5.00257760e-04
0.53810 4.96977093e-04
0.53997 4.93736387e-04
0.54183 4.90535295e-04
0.54371 4.87375643e-04
0.54559 4.84251363e-04
0.54748 4.81164428e-04
0.54938 4.78113063e-04
0.55128 4.75098697e-04
0.55319 4.72118175e-04
0.55510 4.69170656e-04
0.55702 4.34865539e-04
0.55895 4.27733369e-04
0.56089 4.25102669e-04
0.56283 4.22499152e-04
0.56478 4.19924791e-04
0.56673 4.17375984e-04
0.56869 4.14855248e-04
0.57066 4.12359031e-04
0.57264 4.09889947e-04
0.57462 4.07444592e-04
0.57661 4.05023608e-04
0.57860 4.02626501e-04
0.58061 4.00253815e-04
0.58262 3.97902933e-04
0.58463 3.95574153e-04
0.58666 3.93267573e-04
0.58869 3.90982108e-04
0.59073 3.88718300e-04
0.59277 3.86474472e-04
0.59482 3.84251117e-04
0.59688 3.82047841e-04
0.59895 3.79863953e-04
0.60102 3.77698269e-04
0.60310 3.75552516e-04
0.60519 3.73424375e-04
0.60728 3.71314240e-04
0.60939 3.69222063e-04
0.61150 3.67146609e-04
0.61361 3.65088571e-04
0.61574 3.32795217e-04
0.61787 3.30939149e-04
0.62001 3.29097585e-04
0.62215 3.27271265e-04
0.62431 3.25458857e-04
0.62647 3.23660115e-04
0.62864 3.21875975e-04
0.63081 3.20104957e-04
0.63300 3.18347704e-04
0.63519 3.16603425e-04
0.63739 3.14872319e-04
0.63959 3.13153989e-04
0.64181 3.11448289e-04
0.64403 3.09755021e-04
0.64626 3.08074037e-04
0.64849 3.06405140e-04
0.65074 3.04748181e-04
0.65299 3.03102816e-04
0.65525 3.01469439e-04
0.65752 2.99847161e-04
0.65980 2.98236329e-04
0.66208 2.96636844e-04
0.66437 2.95048113e-04
0.66667 2.93470532e-04
0.66898 2.91903409e-04
0.67130 2.90347091e-04
0.67362 2.88801329e-04
0.67595 2.87265780e-04
0.67829 2.85740591e-04
0.68064 2.84225515e-04
0.68299 2.57019760e-04
0.68536 2.55660577e-04
0.68773 2.54310275e-04
0.69011 2.52968852e-04
0.69250 2.51636161e-04
0.69490 2.50312153e-04
0.69730 2.48996680e-04
0.69972 2.47689692e-04
0.70214 2.46391091e-04
0.70457 2.45100827e-04
0.70701 2.43818851e-04
0.70946 2.42544965e-04
0.71191 2.41279220e-04
0.71438 2.40021467e-04
0.71685 2.38771607e-04
0.71933 2.37529739e-04
0.72182 2.36295616e-04
0.72432 2.35069189e-04
0.72683 2.33850409e-04
0.72934 2.32639325e-04
0.73187 2.31435789e-04
0.73440 2.30239653e-04
0.73694 2.29051065e-04
0.73949 2.27869729e-04
0.74205 2.26695695e-04
0.74462 2.25528912e-04
0.74720 2.24369431e-04
0.74979 2.23217004e-04
0.75238 2.22071681e-04
0.75499 2.20933413e-04
0.75760 2.19801953e-04
0.76022 2.18677696e-04
0.76285 2.17560049e-04
0.76549 2.16449507e-04
0.76814 2.15345476e-04
0.77080 2.14248401e-04
0.77347 2.13157789e-04
0.77615 2.12074035e-04
0.77884 2.10996644e-04
0.78153 2.09926012e-04
0.78424 2.08861892e-04
0.78695 2.07803840e-04
0.78968 2.06752497e-04
0.79241 2.05707519e-04
0.79515 2.04668855e-04
0.79790 2.03636308e-04
0.80067 2.02610273e-04
0.80344 2.01590109e-04
0.80622 2.00576260e-04
0.80901 1.99568577e-04
0.81181 1.98566963e-04
0.81462 1.97571416e-04
0.81744 1.96581789e-04
0.82027 1.95597984e-04
0.82311 1.94620148e-04
0.82596 1.93648479e-04
0.82882 1.92682285e-04
0.83169 1.91722111e-04
0.83457 1.90767412e-04
0.83745 1.89818979e-04
0.84035 1.88875775e-04
0.84326 1.87938441e-04
0.84618 1.87006535e-04
0.84911 1.86080351e-04
0.85205 1.85159643e-04
0.85500 1.84244657e-04
0.85796 1.83334951e-04
0.86093 1.82430424e-04
0.86391 1.81532015e-04
0.86690 1.80638243e-04
0.86990 1.79750144e-04
0.87291 1.78867373e-04
0.87593 1.77989881e-04
0.87897 1.77117619e-04
0.88201 1.76250536e-04
0.88506 1.75388633e-04
0.88813 1.74531861e-04
0.89120 1.73679875e-04
0.89428 1.72833315e-04
0.89738 1.71991737e-04
0.90049 1.71154995e-04
0.90360 1.70323827e-04
0.90673 1.69497049e-04
0.90987 1.68675353e-04
0.91302 1.67858097e-04
0.91618 1.67046465e-04
0.91935 1.66239273e-04
0.92253 1.65436571e-04
0.92573 1.64639147e-04
0.92893 1.63846163e-04
0.93215 1.63057865e-04
0.93537 1.62274255e-04
0.93861 1.61495725e-04
0.94186 1.60721340e-04
0.94512 1.59951444e-04
0.94839 1.59186284e-04
0.95168 1.58425663e-04
0.95497 1.57669481e-04
0.95828 1.56917839e-04
0.96159 1.56170488e-04
0.96492 1.55427627e-04
0.96826 1.54689156e-04
0.97161 1.53954977e-04
0.97498 1.53225140e-04
0.97835 1.52499743e-04
0.98174 1.51778292e-04
0.98514 1.51061281e-04
0.98855 1.50348563e-04
0.99197 1.49639741e-04
0.99540 1.48935212e-04
0.99885 1.48234876e-04
1.00231 1.47538881e-04
1.00578 1.46846439e-04
1.00926 1.46158091e-04
1.01275 1.45474183e-04
1.01626 1.44793777e-04
1.01978 1.44117812e-04
1.02330 1.43445793e-04
1.02685 1.56231612e-04
1.03040 1.56324063e-04
1.03397 1.55597136e-04
1.03755 1.54874945e-04
1.04114 1.54156899e-04
1.04474 1.53442552e-04
1.04836 1.52732793e-04
1.05199 1.52027179e-04
1.05563 1.51325165e-04
1.05928 1.50627592e-04
1.06295 1.49933669e-04
1.06663 1.49244483e-04
1.07032 1.48558601e-04
1.07403 1.47877012e-04
1.07775 1.47199024e-04
1.08148 1.46525575e-04
1.08522 1.45855431e-04
1.08898 1.45189085e-04
1.09275 1.44526785e-04
1.09653 1.43868531e-04
1.10032 1.43213631e-04
1.10413 1.42562628e-04
1.10796 1.41914980e-04
1.11179 1.41271772e-04
1.11564 1.44733887e-04
1.11950 1.52721841e-04
1.12338 1.52031471e-04
1.12726 1.51345441e-04
1.13117 1.50663408e-04
1.13508 1.49984877e-04
1.13901 1.49309751e-04
1.14295 1.48638916e-04
1.14691 1.47972176e-04
1.15088 1.47308840e-04
1.15487 1.46649204e-04
1.15886 1.45993317e-04
1.16287 1.45341624e-04
1.16690 1.44693088e-04
1.17094 1.44048153e-04
1.17499 1.43406820e-04
1.17906 1.42769581e-04
1.18314 1.42135500e-04
1.18724 1.41504872e-04
1.19135 1.40877697e-04
1.19547 1.40254272e-04
1.19961 1.39634448e-04
1.20376 1.39216841e-04
1.20793 1.49938603e-04
1.21211 1.49277832e-04
1.21630 1.48621057e-04
1.22052 1.47968279e-04
1.22474 1.47318657e-04
1.22898 1.46672341e-04
1.23323 1.46030268e-04
1.23750 1.45391648e-04
1.24179 1.44755988e-04
1.24609 1.44123979e-04
1.25040 1.43495620e-04
1.25473 1.42870320e-04
1.25907 1.46873917e-04
1.26343 1.52525741e-04
1.26780 1.51863935e-04
1.27219 1.51205088e-04
1.27659 1.50551027e-04
1.28101 1.49899383e-04
1.28545 1.49251883e-04
1.28990 1.48607195e-04
1.29436 1.47966651e-04
1.29884 1.47330201e-04
1.30334 1.46695873e-04
1.30785 1.55462949e-04
1.31238 1.55827177e-04
1.31692 1.55159155e-04
1.32148 1.54494733e-04
1.32605 1.53833864e-04
1.33064 1.53176497e-04
1.33525 1.52522683e-04
1.33987 1.51872321e-04
1.34451 1.51226005e-04
1.34916 1.50582501e-04
1.35383 1.59580013e-04
1.35852 1.59259396e-04
1.36322 1.58584269e-04
1.36794 1.57911905e-04
1.37268 1.57244228e-04
1.37743 1.56579313e-04
1.38220 1.55917951e-04
1.38698 1.55260732e-04
1.39178 1.54607016e-04
1.39660 1.53955964e-04
1.40144 1.53309056e-04
1.40629 1.62206224e-04
1.41115 1.61525523e-04
1.41604 1.60848669e-04
1.42094 1.60175516e-04
1.42586 1.59505915e-04
1.43080 1.58839027e-04
1.43575 1.58176332e-04
1.44072 1.62343864e-04
1.44571 1.66088116e-04
1.45071 1.65397351e-04
1.45573 1.64709496e-04
1.46077 1.64025539e-04
1.46583 1.63345824e-04
1.47090 1.62668527e-04
1.47599 1.67408424e-04
1.48110 1.70288109e-04
1.48623 1.69584369e-04
1.49137 1.68884625e-04
1.49654 1.68189025e-04
1.50172 1.67496287e-04
1.50692 1.69389453e-04
1.51213 1.74864516e-04
1.51737 1.74146371e-04
1.52262 1.73432123e-04
1.52789 1.72721575e-04
1.53318 1.72014184e-04
1.53849 1.71310987e-04
1.54381 1.70611539e-04
1.54916 1.71159188e-04
1.55452 1.77683521e-04
1.55990 1.76959456e-04
1.56530 1.76238844e-04
1.57072 1.75523264e-04
1.57615 1.74809953e-04
1.58161 1.82390464e-04
1.58709 1.81651944e-04
1.59258 1.80916137e-04
1.59809 1.80183981e-04
1.60362 1.79455772e-04
1.60918 1.86855229e-04
1.61475 1.86100429e-04
1.62034 1.85351303e-04
1.62594 1.84604889e-04
1.63157 1.83861831e-04
1.63722 1.83123311e-04
1.64289 1.89483265e-04
1.64857 1.89554108e-04
1.65428 1.88794671e-04
1.66001 1.88037996e-04
1.66575 1.88441395e-04
1.67152 1.93792729e-04
1.67731 1.93533779e-04
1.68311 1.92761071e-04
1.68894 1.93013263e-04
1.69478 1.98816984e-04
1.70065 1.98085864e-04
1.70654 1.97298307e-04
1.71245 1.96515189e-04
1.71837 2.03262756e-04
1.72432 2.02457340e-04
1.73029 2.01655476e-04
1.73628 2.00857016e-04
1.74229 2.00843893e-04
1.74832 2.05873081e-04
1.75437 2.05836821e-04
1.76045 2.05024449e-04
1.76654 2.06304896e-04
1.77266 2.10677704e-04
1.77879 2.09849841e-04
1.78495 2.09024297e-04
1.79113 2.14562507e-04
1.79733 2.14537100e-04
1.80355 2.13696115e-04
1.80979 2.16651083e-04
1.81606 2.19093576e-04
1.82234 2.18237149e-04
1.82865 2.17383979e-04
1.83498 2.17033021e-04
1.84133 2.22648585e-04
1.84771 2.21780516e-04
1.85410 2.21800693e-04
1.86052 2.25804685e-04
1.86696 2.26052191e-04
1.87342 2.25173416e-04
1.87991 2.29916224e-04
1.88642 2.30200137e-04
1.89295 2.30236200e-04
1.89950 2.35138355e-04
1.90607 2.34229487e-04
1.91267 2.33322493e-04
1.91929 2.33325355e-04
1.92594 2.37517603e-04
1.93260 2.37221257e-04
1.93929 2.38333872e-04
1.94601 2.41935699e-04
1.95274 2.41005124e-04
1.95950 2.44145289e-04
1.96629 2.45620109e-04
1.97309 2.44676659e-04
1.97992 2.45225443e-04
1.98678 2.49193767e-04
1.99365 2.49339053e-04
2.00055 2.53630067e-04
2.00748 2.52660371e-04
2.01443 2.54617128e-04
2.02140 2.57002296e-04
2.02840 2.58252403e-04
2.03542 2.61266127e-04
2.04247 2.60270531e-04
2.04954 2.62008791e-04
2.05663 2.64443884e-04
2.06375 2.66171587e-04
2.07090 2.68539981e-04
2.07806 2.68977667e-04
2.08526 2.72274613e-04
2.09247 2.71997212e-04
2.09972 2.76513531e-04
2.10699 2.75466184e-04
2.11428 2.75913045e-04
2.12160 2.78537628e-04
2.12894 2.82267179e-04
2.13631 2.83125381e-04
2.14371 2.84445837e-04
2.15113 2.86848272e-04
2.15857 2.86744721e-04
2.16605 2.90503477e-04
2.17354 2.90132885e-04
2.18107 2.92501477e-04
2.18862 2.95577855e-04
2.19619 2.97329928e-04
2.20380 2.96636745e-04
2.21143 3.01180937e-04
2.21908 3.02467797e-04
2.22676 3.04450356e-04
2.23447 3.04962979e-04
2.24220 3.07445235e-04
2.24997 3.10116339e-04
2.25775 3.12026180e-04
2.26557 3.14722444e-04
2.27341 3.17147227e-04
2.28128 3.18555644e-04
2.28918 3.18267981e-04
2.29710 3.21467495e-04
2.30505 3.22929685e-04
2.31303 3.25403012e-04
2.32104 3.28789499e-04
2.32908 3.32163208e-04
2.33714 3.31770712e-04
2.34523 3.34340041e-04
2.35335 3.35505887e-04
2.36149 3.39887328e-04
2.36967 3.42807319e-04
2.37787 3.44428165e-04
2.38610 3.46272739e-04
2.39436 3.48298957e-04
2.40265 3.50010331e-04
2.41097 3.54296115e-04
2.41931 3.56117896e-04
2.42769 3.58083188e-04
2.43609 3.59451892e-04
2.44452 3.63063437e-04
2.45298 3.65474999e-04
2.46148 3.67363923e-04
2.47000 3.71743045e-04
2.47855 3.72139093e-04
2.48713 3.75088881e-04
2.49574 3.75011083e-04
2.50438 3.79351676e-04
2.51304 3.83279053e-04
2.52174 3.85425695e-04
2.53047 3.87125475e-04
2.53923 3.90257993e-04
2.54802 3.91700796e-04
2.55684 3.94521429e-04
2.56569 3.98519205e-04
2.57457 4.00389087e-04
2.58349 4.01551824e-04
2.59243 4.05413835e-04
2.60140 4.08567912e-04
2.61041 4.10020384e-04
2.61944 4.11952672e-04
2.62851 4.15630423e-04
2.63761 4.19260123e-04
2.64674 4.22841229e-04
2.65590 4.26372559e-04
2.66510 4.29857120e-04
2.67432 4.33295703e-04
2.68358 4.36357625e-04
2.69287 4.37896924e-04
2.70219 4.38746148e-04
2.71154 4.42016109e-04
2.72093 4.45241473e-04
2.73035 4.48423473e-04
2.73980 4.51686133e-04
2.74928 4.55513068e-04
2.75880 4.58134641e-04
2.76835 4.60719560e-04
2.77793 4.63260917e-04
2.78755 4.69611943e-04
2.79720 4.72655119e-04
2.80688 4.75070676e-04
2.81660 4.80360147e-04
2.82635 4.84170160e-04
2.83613 4.86461052e-04
2.84595 4.88716424e-04
2.85580 4.92441732e-04
2.86569 4.97441813e-04
2.87561 4.99579427e-04
2.88556 5.02023893e-04
2.89555 5.07958200e-04
2.90557 5.10040560e-04
2.91563 5.12027213e-04
2.92572 5.16828827e-04
2.93585 5.22490813e-04
2.94601 5.26178480e-04
2.95621 5.29427080e-04
2.96644 5.33969693e-04
2.97671 5.36151707e-04
2.98702 5.41497467e-04
2.99736 5.43252747e-04
3.00773 5.47857027e-04
3.01814 5.53006440e-04
3.02859 5.58092707e-04
3.03907 5.61843520e-04
3.04960 5.64029480e-04
3.06015 5.68939627e-04
3.07074 5.73776267e-04
3.08137 5.78545320e-04
3.09204 5.80960187e-04
3.10274 5.83928080e-04
3.11348 5.88536307e-04
3.12426 5.93084347e-04
3.13508 5.97565293e-04
3.14593 6.01978160e-04
3.15682 6.06334787e-04
3.16775 6.10635667e-04
3.17871 6.14882280e-04
3.18972 6.19323760e-04
3.20076 6.26592040e-04
3.21184 6.31102587e-04
3.22295 6.35101053e-04
3.23411 6.39046733e-04
3.24531 6.42943080e-04
3.25654 6.46776280e-04
3.26781 6.53290747e-04
3.27912 6.60001067e-04
3.29047 6.65438093e-04
3.30187 6.69038933e-04
3.31330 6.72580573e-04
3.32476 6.78620453e-04
3.33627 6.84944493e-04
3.34782 6.90254733e-04
3.35941 6.93712507e-04
3.37104 6.99797280e-04
3.38271 7.03678827e-04
3.39442 7.09411360e-04
3.40617 7.17178893e-04
3.41796 7.20207960e-04
3.42979 7.25530040e-04
3.44166 7.31178213e-04
3.45358 7.36763733e-04
3.46553 7.42274267e-04
3.47753 7.47691067e-04
3.48957 7.54557280e-04
3.50164 7.61860587e-04
3.51377 7.67065747e-04
3.52593 7.72184080e-04
3.53814 7.78645267e-04
3.55038 7.85718680e-04
3.56267 7.90630800e-04
3.57500 7.95463493e-04
3.58738 8.01395827e-04
3.59980 8.08613787e-04
3.61226 8.15702987e-04
3.62476 8.20972280e-04
3.63731 8.26248480e-04
3.64990 8.33113707e-04
3.66254 8.42068693e-04
3.67521 8.48619667e-04
3.68794 8.53118867e-04
3.70070 8.59602747e-04
3.71351 8.66003747e-04
3.72637 8.72996747e-04
3.73927 8.81557067e-04
3.75221 8.88025160e-04
3.76520 8.94099573e-04
3.77823 9.00108867e-04
3.79131 9.08173880e-04
3.80443 9.16220640e-04
3.81760 9.24044907e-04
3.83082 9.29673347e-04
3.84408 9.37861693e-04
3.85739 9.47148693e-04
3.87074 9.52530960e-04
3.88414 9.60618173e-04
3.89758 9.69786280e-04
3.91107 9.77038773e-04
3.92461 9.84194573e-04
3.93820 9.91291667e-04
3.95183 9.98257533e-04
3.96551 1.00781389e-03
3.97924 1.01815465e-03
3.99301 1.02482403e-03
4.00683 1.03263843e-03
4.02070 1.04118148e-03
4.03462 1.04954348e-03
4.04859 1.05887439e-03
4.06260 1.06906567e-03
4.07667 1.07519977e-03
4.09078 1.08287456e-03
4.10494 1.09268844e-03
4.11915 1.10067896e-03
4.13341 1.10888309e-03
4.14771 1.11831908e-03
4.16207 1.12890256e-03
4.17648 1.13981263e-03
4.19094 1.14884408e-03
4.20545 1.15779956e-03
4.22000 1.16667956e-03
4.23461 1.17696211e-03
4.24927 1.18739808e-03
4.26398 1.19765991e-03
4.27874 1.20778804e-03
4.29355 1.21787671e-03
4.30841 1.22770243e-03
4.32332 1.23749263e-03
4.33829 1.24715160e-03
4.35331 1.25782881e-03
4.36838 1.26899591e-03
4.38350 1.27988575e-03
4.39867 1.29132023e-03
4.41390 1.30368365e-03
4.42918 1.31368007e-03
4.44451 1.32251468e-03
4.45990 1.33426440e-03
4.47533 1.34650893e-03
4.49083 1.35972336e-03
4.50637 1.37193681e-03
4.52197 1.38332591e-03
4.53762 1.39447573e-03
4.55333 1.40574100e-03
4.56909 1.41814291e-03
4.58491 1.43101397e-03
4.60078 1.44471137e-03
4.61670 1.45737475e-03
4.63269 1.46929812e-03
4.64872 1.48217116e-03
4.66481 1.49534267e-03
4.68096 1.50815897e-03
4.69717 1.52131716e-03
4.71343 1.53532832e-03
4.72974 1.54923736e-03
4.74611 1.56297176e-03
4.76254 1.57650636e-03
4.77903 1.58996351e-03
4.79557 1.60424945e-03
4.81217 1.61884423e-03
4.82883 1.63435561e-03
4.84555 1.64981915e-03
4.86232 1.66368527e-03
4.87915 1.67821689e-03
4.89604 1.69448407e-03
4.91299 1.71015529e-03
4.92999 1.72475253e-03
4.94706 1.74049973e-03
4.96418 1.75742501e-03
4.98137 1.77410708e-03
4.99861 1.79067716e-03
5.01591 1.80782247e-03
5.03328 1.82531853e-03
5.05070 1.84146533e-03
5.06818 1.85730528e-03
5.08573 1.87484229e-03
5.10333 1.89284945e-03
5.12100 1.91037561e-03
5.13873 1.92798416e-03
5.15651 1.94621924e-03
5.17436 1.96466300e-03
5.19228 1.98369432e-03
5.21025 2.00292988e-03
5.22828 2.02158232e-03
5.24638 2.04038325e-03
5.26454 2.06084721e-03
5.28277 2.08156820e-03
5.30105 2.10166709e-03
5.31940 2.12191744e-03
5.33782 2.14261129e-03
5.35629 2.16352813e-03
5.37484 2.18484951e-03
5.39344 2.20640916e-03
5.41211 2.22831957e-03
5.43084 2.25047863e-03
5.44965 2.27376100e-03
5.46851 2.29759295e-03
5.48744 2.32027148e-03
5.50643 2.34244139e-03
5.52550 2.36604245e-03
5.54462 2.39086501e-03
5.56381 2.41546212e-03
5.58308 2.43967985e-03
5.60240 2.46443433e-03
5.62179 2.49012220e-03
5.64125 2.51605131e-03
5.66078 2.54210227e-03
5.68038 2.56842357e-03
5.70004 2.59482184e-03
5.71977 2.62148947e-03
5.73957 2.64982209e-03
5.75944 2.67880345e-03
5.77938 2.70727569e-03
5.79938 2.73550620e-03
5.81946 2.76462865e-03
5.83960 2.79501059e-03
5.85982 2.82564511e-03
5.88010 2.85617159e-03
5.90045 2.88702811e-03
5.92088 2.91858319e-03
5.94137 2.95052159e-03
5.96194 2.98297552e-03
5.98258 3.01588135e-03
6.00329 3.04953951e-03
6.02407 3.08429879e-03
6.04492 3.11945520e-03
6.06585 3.15504032e-03
6.08684 3.19103145e-03
6.10791 3.22676655e-03
6.12906 3.26264569e-03
6.15027 3.29955295e-03
6.17156 3.33790073e-03
6.19293 3.37670683e-03
6.21436 3.41652820e-03
6.23588 3.45681873e-03
6.25746 3.49785568e-03
6.27912 3.53953248e-03
6.30086 3.58177464e-03
6.32267 3.62474003e-03
6.34455 3.66821897e-03
6.36652 3.71233481e-03
6.38856 3.75700516e-03
6.41067 3.80313183e-03
6.43286 3.85132507e-03
6.45513 3.90012757e-03
6.47747 3.94854281e-03
6.49990 3.99747161e-03
6.52240 4.04787252e-03
6.54497 4.10002476e-03
6.56763 4.15284695e-03
6.59037 4.20645551e-03
6.61318 4.26076115e-03
6.63607 4.31635833e-03
6.65904 4.37353863e-03
6.68209 4.43147323e-03
6.70522 4.49113795e-03
6.72843 4.55175677e-03
6.75172 4.61321969e-03
6.77510 4.67558048e-03
6.79855 4.73878043e-03
6.82208 4.80424971e-03
6.84570 4.87123549e-03
6.86939 4.93922867e-03
6.89317 5.00900573e-03
6.91704 5.07976947e-03
6.94098 5.15236347e-03
6.96500 5.22706400e-03
6.98911 5.30284493e-03
7.01331 5.38087053e-03
7.03759 5.46037120e-03
7.06195 5.54124827e-03
7.08639 5.62548493e-03
7.11092 5.71099933e-03
7.13554 5.79845253e-03
7.16024 5.88834773e-03
7.18502 5.97963413e-03
7.20990 6.07389040e-03
7.23485 6.17055413e-03
7.25990 6.26874227e-03
7.28503 6.37113360e-03
7.31025 6.47559693e-03
7.33555 6.58192507e-03
7.36094 6.69209627e-03
7.38642 6.80409280e-03
7.41199 6.91877307e-03
7.43765 7.03786373e-03
7.46340 7.15898693e-03
7.48923 7.28383480e-03
7.51516 7.41333480e-03
7.54117 7.54511893e-03
7.56727 7.68108160e-03
7.59347 7.82118333e-03
7.61975 7.96381587e-03
7.64613 8.11227467e-03
7.67260 8.26550400e-03
7.69916 8.42159467e-03
7.72581 8.58392600e-03
7.75255 8.75090453e-03
7.77939 8.92110453e-03
7.80632 9.10092453e-03
7.83334 9.28684707e-03
7.86046 9.47652880e-03
7.88767 9.67585027e-03
7.91497 9.88157520e-03
7.94237 1.00916316e-02
7.96986 1.03117569e-02
7.99745 1.05391441e-02
8.02513 1.07714844e-02
8.05291 1.10156005e-02
8.08079 1.12690752e-02
8.10876 1.15283169e-02
8.13683 1.18000301e-02
8.16500 1.20836721e-02
8.19326 1.23740531e-02
8.22162 1.26768907e-02
8.25008 1.29949032e-02
8.27864 1.33207943e-02
8.30730 1.36591617e-02
8.33605 1.40188067e-02
8.36491 1.43878101e-02
8.39386 1.47676620e-02
8.42292 1.51755401e-02
8.45208 1.55945528e-02
8.48133 1.60249911e-02
8.51069 1.64856559e-02
8.54016 1.69631236e-02
8.56972 1.74542616e-02
8.59938 1.79764007e-02
8.62915 1.85271679e-02
8.65902 1.90946245e-02
8.68899 1.96893773e-02
8.71907 2.03312385e-02
8.74925 2.09938197e-02
8.77954 2.16777820e-02
8.80993 2.24179596e-02
8.84043 2.31860895e-02
8.87103 2.39803315e-02
8.90174 2.48231964e-02
8.93255 2.57143389e-02
8.96347 2.66372867e-02
8.99450 2.75981520e-02
9.02563 2.86304520e-02
9.05688 2.97012813e-02
9.08823 3.08121052e-02
9.11969 3.19865395e-02
9.15126 3.32176429e-02
9.18294 3.44962889e-02
9.21472 3.58262219e-02
9.24662 3.72181076e-02
9.27863 3.86645708e-02
9.31075 4.01678413e-02
9.34298 4.17112297e-02
9.37532 4.33021212e-02
9.40777 4.49546596e-02
9.44034 4.66753816e-02
9.47302 4.86812552e-02
9.50581 5.07739160e-02
9.53871 5.29571627e-02
9.57173 5.48798307e-02
9.60487 5.62826733e-02
9.63811 5.77187667e-02
9.67148 5.91886040e-02
9.70495 6.03352587e-02
9.73855 6.13447173e-02
9.77226 6.23661640e-02
9.80609 6.33995000e-02
9.84003 6.40022547e-02
9.87409 6.45909000e-02
9.90827 6.51780653e-02
9.94257 6.56760360e-02
9.97699 6.58024773e-02
10.01153 6.59216667e-02
10.04618 6.60335547e-02
10.08096 6.60615760e-02
10.11585 6.59503787e-02
10.15087 6.58337547e-02
10.18601 6.57117040e-02
10.22127 6.54978440e-02
10.25665 6.51878827e-02
10.29215 6.48739747e-02
10.32778 6.45562187e-02
10.36353 6.41515867e-02
10.39941 6.36775920e-02
10.43540 6.32021667e-02
10.47153 6.27252613e-02
10.50777 6.21086440e-02
10.54415 6.13893147e-02
10.58065 6.06746720e-02
10.61727 5.99648147e-02
10.65403 5.91862360e-02
10.69091 5.83487533e-02
10.72791 5.75202000e-02
10.76505 5.67004280e-02
10.80231 5.58255507e-02
10.83971 5.48766240e-02
10.87723 5.39418067e-02
10.91488 5.30208520e-02
10.95266 5.20958520e-02
10.99058 5.11378480e-02
11.02862 5.01964200e-02
11.06680 4.92713904e-02
11.10511 4.83637163e-02
11.14355 4.74973637e-02
11.18212 4.66458309e-02
11.22083 4.58088761e-02
11.25967 4.49862625e-02
11.29865 4.41616855e-02
11.33776 4.33468419e-02
11.37701 4.25465023e-02
11.41639 4.17604101e-02
11.45591 4.09386599e-02
11.49556 4.00654451e-02
11.53536 3.92103504e-02
11.57529 3.83730059e-02
11.61536 3.75526764e-02
11.65556 3.67028259e-02
11.69591 3.58718009e-02
11.73640 3.50592069e-02
11.77702 3.42646492e-02
11.81779 3.33625892e-02
11.85870 3.23751431e-02
11.89975 3.14164040e-02
11.94094 3.04855728e-02
11.98227 2.95818700e-02
12.02375 2.84571341e-02
12.06537 2.73688803e-02
12.10714 2.63215977e-02
12.14905 2.53138164e-02
12.19110 2.43555509e-02
12.23330 2.34526621e-02
12.27565 2.25820571e-02
12.31814 2.17426849e-02
12.36078 2.09335147e-02
12.40357 2.03239619e-02
12.44651 1.98188527e-02
12.48959 1.93253812e-02
12.53283 1.88433205e-02
12.57621 1.83724339e-02
12.61974 1.80445547e-02
12.66343 1.77395612e-02
12.70726 1.74388647e-02
12.75125 1.71424355e-02
12.79539 1.68549603e-02
12.83968 1.67709308e-02
12.88413 1.66863636e-02
12.92873 1.66012735e-02
12.97348 1.65156653e-02
13.01839 1.64558733e-02
13.06345 1.66846271e-02
13.10867 1.69158573e-02
13.15405 1.71495789e-02
13.19959 1.73858116e-02
13.24528 1.76231000e-02
13.29113 1.78391405e-02
13.33713 1.80572531e-02
13.38330 1.82774376e-02
13.42963 1.84997188e-02
13.47612 1.87241065e-02
13.52277 1.90520943e-02
13.56958 1.93913497e-02
13.61655 1.97361799e-02
13.66368 2.00866784e-02
13.71098 2.04429292e-02
13.75844 2.07758947e-02
13.80607 2.11033940e-02
13.85386 2.14355603e-02
13.90182 2.17724625e-02
13.94994 2.21141600e-02
13.99823 2.25193988e-02
14.04668 2.30082477e-02
14.09531 2.35072495e-02
14.14410 2.40166112e-02
14.19306 2.45365500e-02
14.24219 2.50672681e-02
14.29149 2.56084893e-02
14.34096 2.61610424e-02
14.39060 2.67251641e-02
14.44042 2.73011012e-02
14.49041 2.78891200e-02
14.54057 2.84659648e-02
14.59090 2.90338161e-02
14.64141 2.96128513e-02
14.69209 3.02032924e-02
14.74295 3.08053860e-02
14.79398 3.14193689e-02
14.84519 3.20770859e-02
14.89658 3.27511371e-02
14.94814 3.34394111e-02
14.99989 3.41422285e-02
15.05181 3.48599101e-02
15.10392 3.55903395e-02
15.15620 3.63266247e-02
15.20866 3.70783463e-02
15.26131 3.78458545e-02
15.31414 3.86294997e-02
15.36715 3.94296469e-02
15.42034 4.02122561e-02
15.47372 4.09513040e-02
15.52729 4.17041208e-02
15.58103 4.24709631e-02
15.63497 4.32520824e-02
15.68909 4.40477452e-02
15.74340 4.48440000e-02
15.79790 4.56343348e-02
15.85258 4.64385125e-02
15.90746 4.72567305e-02
15.96252 4.80891960e-02
16.01778 4.89361013e-02
16.07323 4.96569107e-02
16.12886 5.01046107e-02
16.18470 5.05540373e-02
16.24072 5.10050427e-02
16.29694 5.14575773e-02
16.35335 5.19114440e-02
16.40996 5.23537173e-02
16.46677 5.27050200e-02
16.52377 5.30556813e-02
16.58097 5.34056520e-02
16.63836 5.37546853e-02
16.69596 5.41027320e-02
16.75375 5.44495947e-02
16.81175 5.45698200e-02
16.86994 5.46226560e-02
16.92834 5.46729760e-02
16.98694 5.47206320e-02
17.04574 5.47656733e-02
17.10474 5.48080013e-02
17.16395 5.48525987e-02
17.22337 5.49069640e-02
17.28299 5.49585667e-02
17.34281 5.50073573e-02
17.40285 5.50533360e-02
17.46309 5.50964533e-02
17.52354 5.51367093e-02
17.58420 5.50329613e-02
17.64507 5.48501320e-02
17.70615 5.46650827e-02
17.76744 5.44777640e-02
17.82894 5.42882253e-02
17.89066 5.40965160e-02
17.95259 5.39025867e-02
18.01473 5.36984947e-02
18.07709 5.34916893e-02
18.13967 5.32837000e-02
18.20246 5.30744773e-02
18.26547 5.28641200e-02
18.32870 5.26525787e-02
18.39214 5.24399027e-02
18.45581 5.21683227e-02
18.51969 5.18899840e-02
18.58380 5.16117440e-02
18.64813 5.13336027e-02
18.71268 5.10556093e-02
18.77746 5.07777147e-02
18.84246 5.05000173e-02
18.90768 5.02572973e-02
18.97313 5.00253320e-02
19.03881 4.97935640e-02
19.10472 4.95619440e-02
19.17085 4.93304375e-02
19.23721 4.90991233e-02
19.30380 4.88679868e-02
19.37062 4.86576788e-02
19.43768 4.84718253e-02
19.50496 4.82857055e-02
19.57248 4.80993291e-02
19.64023 4.79127011e-02
19.70822 4.77258363e-02
19.77644 4.75387347e-02
19.84490 4.73514111e-02
19.91359 4.71583056e-02
19.98252 4.69646821e-02
20.05169 4.67708071e-02
20.12110 4.65766804e-02
20.19076 4.63823219e-02
20.26065 4.61877364e-02
20.33078 4.59929339e-02
20.40116 4.57920239e-02
20.47178 4.55741185e-02
20.54264 4.53561688e-02
20.61375 4.51381845e-02
20.68511 4.49201756e-02
20.75671 4.47021617e-02
20.82856 4.44841429e-02
20.90066 4.42661389e-02
20.97301 4.40503944e-02
21.04561 4.38385669e-02
21.11846 4.36263941e-02
21.19157 4.34138957e-02
21.26492 4.32010915e-02
21.33853 4.29879912e-02
21.41240 4.27746196e-02
21.48652 4.25609865e-02
21.56090 4.23252472e-02
21.63553 4.20118819e-02
21.71043 4.16991973e-02
21.78558 4.13872183e-02
21.86099 4.10759693e-02
21.93666 4.07654801e-02
22.01260 4.04557704e-02
22.08880 4.01468697e-02
22.16526 3.98387929e-02
22.24199 3.94298541e-02
22.31898 3.90064952e-02
22.39624 3.85864219e-02
22.47377 3.81696341e-02
22.55156 3.77561221e-02
22.62962 3.73458809e-02
22.70796 3.69388957e-02
22.78656 3.65351616e-02
22.86544 3.61268345e-02
22.94459 3.56971757e-02
23.02402 3.52716757e-02
23.10372 3.48503000e-02
23.18369 3.44330239e-02
23.26394 3.40198227e-02
23.34447 3.36106569e-02
23.42528 3.32055069e-02
23.50637 3.28043381e-02
23.58774 3.23927847e-02
23.66939 3.19601807e-02
23.75133 3.15325347e-02
23.83354 3.11098023e-02
23.91604 3.06919391e-02
23.99883 3.02789007e-02
24.08191 2.98706328e-02
24.16527 2.94671059e-02
24.24892 2.90682607e-02
24.33286 2.86795683e-02
24.41709 2.83175504e-02
24.50161 2.79595384e-02
24.58642 2.76055076e-02
24.67153 2.72554185e-02
24.75693 2.69092367e-02
24.84263 2.65669324e-02
24.92863 2.62284663e-02
25.01492 2.58938037e-02
25.10151 2.55629152e-02
25.18840 2.52417897e-02
25.27559 2.49263623e-02
25.36309 2.46144227e-02
25.45088 2.43059413e-02
25.53898 2.40008936e-02
25.62739 2.36992499e-02
25.71610 2.34009805e-02
25.80512 2.31060560e-02
25.89444 2.28144516e-02
25.98408 2.25261377e-02
26.07403 2.22575621e-02
26.16428 2.19925879e-02
26.25485 2.17304453e-02
26.34574 2.14711049e-02
26.43694 2.12145519e-02
26.52845 2.09607615e-02
26.62028 2.07097140e-02
26.71243 2.04613799e-02
26.80489 2.02157393e-02
26.89768 1.99727727e-02
26.99079 1.97467125e-02
27.08422 1.95257683e-02
27.17798 1.93070637e-02
27.27205 1.90905792e-02
27.36646 1.88763048e-02
27.46119 1.86642257e-02
27.55625 1.84543124e-02
27.65164 1.82465599e-02
27.74736 1.80409484e-02
27.84341 1.78374583e-02
27.93979 1.76415605e-02
28.03650 1.74579172e-02
28.13355 1.72760351e-02
28.23094 1.70958993e-02
28.32867 1.69174952e-02
28.42673 1.67408079e-02
28.52513 1.65658275e-02
28.62387 1.63925441e-02
28.72295 1.62209381e-02
28.82238 1.60509947e-02
28.92215 1.58827088e-02
29.02227 1.57211471e-02
29.12273 1.55669656e-02
29.22354 1.54141951e-02
29.32470 1.52628207e-02
29.42621 1.51128424e-02
29.52807 1.49642356e-02
29.63029 1.48170003e-02
29.73286 1.46711216e-02
29.83578 1.45265897e-02
29.93906 1.43833948e-02
30.04269 1.42415269e-02
30.14669 1.41022885e-02
30.25104 1.39715157e-02
30.35576 1.38418875e-02
30.46084 1.37133939e-02
30.56628 1.35860251e-02
30.67209 1.34597761e-02
30.77826 1.33346323e-02
30.88481 1.32105935e-02
30.99172 1.30876449e-02
31.09900 1.29657817e-02
31.20665 1.28449940e-02
31.31467 1.27252719e-02
31.42307 1.26102759e-02
31.53184 1.25020829e-02
31.64099 1.23947780e-02
31.75052 1.22883512e-02
31.86043 1.21827927e-02
31.97072 1.20780975e-02
32.08139 1.19742656e-02
32.19244 1.18712823e-02
32.30388 1.17691475e-02
32.41570 1.16678563e-02
32.52791 1.15673939e-02
32.64051 1.14677652e-02
32.75349 1.13703269e-02
32.86687 1.12840232e-02
32.98064 1.11983509e-02
33.09481 1.11133052e-02
33.20937 1.10288860e-02
33.32433 1.09450884e-02
33.43968 1.08619075e-02
33.55544 1.07793383e-02
33.67159 1.06973759e-02
33.78815 1.06160153e-02
33.90511 1.05352567e-02
34.02247 1.04550949e-02
34.14024 1.03755203e-02
34.25842 1.02959752e-02
34.37701 1.02157543e-02
34.49601 1.01361401e-02
34.61542 1.00571279e-02
34.73525 9.97871747e-03
34.85549 9.90089413e-03
34.97614 9.82366280e-03
35.09721 9.74701853e-03
35.21871 9.67095147e-03
35.34062 9.59546653e-03
35.46295 9.52054893e-03
35.58571 9.44620360e-03
35.70889 9.37242560e-03
35.83250 9.29920507e-03
35.95654 9.22819467e-03
36.08101 9.15789960e-03
36.20590 9.08812253e-03
36.33123 9.01886347e-03
36.45700 8.95011747e-03
36.58320 8.88188453e-03
36.70983 8.81415973e-03
36.83691 8.74693320e-03
36.96442 8.68021480e-03
37.09238 8.61398480e-03
37.22077 8.54825307e-03
37.34962 8.48300973e-03
37.47890 8.41825480e-03
37.60864 8.35397840e-03
37.73883 8.29367827e-03
37.86946 8.23443880e-03
38.00055 8.17561867e-03
38.13209 8.11720307e-03
38.26409 8.05920187e-03
38.39654 8.00160520e-03
38.52946 7.94440813e-03
38.66283 7.88761560e-03
38.79667 7.83121773e-03
38.93096 7.77521947e-03
39.06573 7.71961093e-03
39.20096 7.66439213e-03
39.33665 7.60956307e-03
39.47282 7.55511387e-03
39.60946 7.50116787e-03
39.74657 7.44910640e-03
39.88416 7.39739520e-03
40.02222 7.34603920e-03
40.16076 7.29503347e-03
40.29978 7.24437800e-03
40.43928 7.19406787e-03
40.57926 7.14409813e-03
40.71973 7.09447373e-03
40.86069 7.04518973e-03
41.00213 6.99623627e-03
41.14406 6.94762320e-03
41.28648 6.89934067e-03
41.42940 6.85138867e-03
41.57281 6.80376720e-03
41.71672 6.75647133e-03
41.86113 6.70884493e-03
42.00603 6.66090773e-03
42.15144 6.61331093e-03
42.29735 6.56604467e-03
42.44377 6.51911387e-03
42.59069 6.47251360e-03
42.73812 6.42624387e-03
42.88606 6.38029480e-03
43.03451 6.33467133e-03
43.18348 6.28936853e-03
43.33297 6.24438640e-03
43.48297 6.19972000e-03
43.63349 6.15536933e-03
43.78453 6.11132947e-03
43.93609 6.06760040e-03
44.08818 6.02418213e-03
44.24079 5.98106973e-03
44.39394 5.93827800e-03
44.54761 5.89579213e-03
44.70182 5.85360227e-03
44.85655 5.81171333e-03
45.01183 5.77012040e-03
45.16764 5.72881853e-03
45.32399 5.68780773e-03
45.48089 5.64708800e-03
45.63832 5.60665440e-03
45.79630 5.56650693e-03
45.95483 5.52664067e-03
46.11391 5.48706053e-03
46.27353 5.44775667e-03
46.43371 5.40873400e-03
46.59445 5.36998267e-03
46.75574 5.33150760e-03
46.91759 5.29330880e-03
47.08000 5.25480907e-03
47.24297 5.21622053e-03
47.40650 5.17790827e-03
47.57060 5.13987227e-03
47.73527 5.10211253e-03
47.90051 5.06462907e-03
48.06633 5.02741693e-03
48.23271 4.99047613e-03
48.39967 4.95380173e-03
48.56721 4.91739176e-03
48.73533 4.88124769e-03
48.90403 4.84536559e-03
49.07332 4.80974396e-03
49.24319 4.77438133e-03
49.41365 4.73927524e-03
49.58470 4.70442420e-03
49.75634 4.66982624e-03
49.92858 4.63547988e-03
50.10141 4.60144432e-03
50.27484 4.56923903e-03
50.44887 4.53725672e-03
50.62350 4.50549592e-03
50.79874 4.47395515e-03
50.97458 4.44263243e-03
51.15104 4.41152727e-03
51.32810 4.38063720e-03
51.50578 4.34996124e-03
51.68407 4.31949791e-03
51.86298 4.28924572e-03
52.04250 4.25920369e-03
52.22265 4.22936936e-03
52.40343 4.19974223e-03
52.58482 4.17032032e-03
52.76685 4.14110265e-03
52.94951 4.11208775e-03
53.13280 4.08327412e-03
53.31672 4.05466079e-03
53.50128 4.02624528e-03
53.68648 3.99796149e-03
53.87232 3.96960765e-03
54.05880 3.94145312e-03
54.24593 3.91349592e-03
54.43371 3.88573556e-03
54.62214 3.85817007e-03
54.81122 3.83079845e-03
55.00095 3.80361924e-03
55.19134 3.77663095e-03
55.38239 3.74983259e-03
55.57410 3.72322268e-03
55.76647 3.69679925e-03
55.95951 3.67056231e-03
56.15322 3.64450987e-03
56.34760 3.61864045e-03
56.54265 3.59295308e-03
56.73838 3.56744676e-03
56.93479 3.54211952e-03
57.13187 3.51697087e-03
57.32964 3.49199883e-03
57.52809 3.46720291e-03
57.72723 3.44258163e-03
57.92705 3.41819764e-03
58.12757 3.39399273e-03
58.32879 3.36995803e-03
58.53070 3.34609155e-03
58.73331 3.32239280e-03
58.93662 3.29886080e-03
59.14063 3.27549407e-03
59.34535 3.25229161e-03
59.55078 3.22925196e-03
59.75692 3.20637412e-03
59.96377 3.18365760e-03
60.17134 3.16110043e-03
60.37963 3.13870211e-03
60.58864 3.11646067e-03
60.79837 3.09437611e-03
61.00883 3.07244695e-03
61.22002 3.05067171e-03
61.43194 3.02904989e-03
61.64459 3.00758003e-03
61.85797 2.98626161e-03
62.07210 2.96509268e-03
62.28697 2.94407273e-03
62.50258 2.92320128e-03
62.71894 2.90266579e-03
62.93605 2.88229309e-03
63.15390 2.86206248e-03
63.37252 2.84197296e-03
63.59189 2.82202355e-03
63.81201 2.80221325e-03
64.03290 2.78254060e-03
64.25456 2.76300559e-03
64.47698 2.74360673e-03
64.70017 2.72434305e-03
64.92414 2.70521405e-03
65.14888 2.68621825e-03
65.37440 2.66735516e-03
65.60070 2.64862329e-03
65.82778 2.63002265e-03
66.05565 2.61155127e-03
66.28430 2.59320913e-03
66.51375 2.57499477e-03
66.74400 2.55690769e-03
66.97504 2.53894691e-03
67.20688 2.52111192e-03
67.43952 2.50340076e-03
67.67297 2.48581343e-03
67.90722 2.46834943e-03
68.14229 2.45100679e-03
68.37817 2.43383583e-03
68.61486 2.41678869e-03
68.85238 2.39985996e-03
69.09072 2.38304913e-03
69.32988 2.36635572e-03
69.56987 2.34977824e-03
69.81069 2.33331620e-03
70.05235 2.31696911e-03
70.29484 2.30073597e-03
70.53817 2.28461581e-03
70.78235 2.26860764e-03
71.02737 2.25271145e-03
71.27323 2.23692577e-03
71.51995 2.22125011e-03
71.76752 2.20568396e-03
72.01595 2.19022635e-03
72.26524 2.17487628e-03
72.51539 2.15963327e-03
72.76641 2.14449632e-03
73.01830 2.12946544e-03
73.27106 2.11453865e-03
73.52469 2.09971645e-03
73.77920 2.08499785e-03
74.03460 2.07038137e-03
74.29087 2.05586701e-03
74.54804 2.04145428e-03
74.80609 2.02714169e-03
75.06504 2.01296083e-03
75.32488 1.99890083e-03
75.58563 1.98493851e-03
75.84727 1.97107337e-03
76.10982 1.95730493e-03
76.37328 1.94363220e-03
76.63766 1.93005419e-03
76.90295 1.91657040e-03
77.16915 1.90318084e-03
77.43628 1.88988452e-03
77.70433 1.87667996e-03
77.97331 1.86356765e-03
78.24322 1.85054661e-03
78.51407 1.83761635e-03
78.78585 1.82477587e-03
79.05857 1.81202468e-03
79.33224 1.79936180e-03
79.60686 1.78678772e-03
79.88242 1.77430047e-03
80.15894 1.76190053e-03
80.43642 1.74958693e-03
80.71486 1.73735868e-03
80.99426 1.72521577e-03
81.27463 1.71315723e-03
81.55596 1.70118304e-03
81.83828 1.68929173e-03
82.12157 1.67748331e-03
82.40584 1.66575727e-03
82.69109 1.65411263e-03
82.97733 1.64254939e-03
83.26457 1.63110109e-03
83.55279 1.61978699e-03
83.84202 1.60855083e-03
84.13225 1.59739212e-03
84.42348 1.58631087e-03
84.71572 1.57530608e-03
85.00897 1.56437727e-03
85.30323 1.55352393e-03
85.59852 1.54274608e-03
85.89482 1.53204223e-03
86.19215 1.52141237e-03
86.49052 1.51085652e-03
86.78991 1.50037319e-03
87.09034 1.48996237e-03
87.39181 1.47962359e-03
87.69432 1.46935633e-03
87.99789 1.45916012e-03
88.30250 1.44903396e-03
88.60816 1.43897835e-03
88.91489 1.42899229e-03
89.22267 1.41907481e-03
89.53153 1.40922640e-03
89.84145 1.39944607e-03
90.15244 1.38973332e-03
90.46451 1.38008767e-03
90.77766 1.37050861e-03
91.09190 1.36099616e-03
91.40722 1.35154932e-03
91.72363 1.34216809e-03
92.04114 1.33285149e-03
92.35975 1.32359903e-03
92.67946 1.31441119e-03
93.00028 1.30528649e-03
93.32221 1.29622544e-03
93.64525 1.28724085e-03
93.96941 1.27832533e-03
94.29469 1.26947099e-03
94.62110 1.26067781e-03
94.94864 1.25194581e-03
95.27731 1.24327400e-03
95.60712 1.23466188e-03
95.93807 1.22610896e-03
96.27017 1.21761573e-03
96.60342 1.20918072e-03
96.93782 1.20080392e-03
97.27338 1.19248533e-03
97.61010 1.18422397e-03
97.94798 1.17601984e-03
98.28704 1.16787244e-03
98.62727 1.15978128e-03
98.96867 1.15174587e-03
99.31126 1.14376620e-03
99.65504 1.13584129e-03
100.00000 1.12797164e-03
