        2000  1.000000 2.700000
0.10000 1.23166368e+00
0.10035 1.23242148e+00
0.10069 1.23316884e+00
0.10104 1.23390540e+00
0.10139 1.23463188e+00
0.10174 1.23534756e+00
0.10210 1.23605280e+00
0.10245 1.23674760e+00
0.10280 1.23743196e+00
0.10316 1.23810588e+00
0.10352 1.23876936e+00
0.10387 1.23942276e+00
0.10423 1.24006572e+00
0.10459 1.24069824e+00
0.10496 1.24132032e+00
0.10532 1.24194276e+00
0.10568 1.24273188e+00
0.10605 1.24351056e+00
0.10642 1.24427880e+00
0.10679 1.24503624e+00
0.10716 1.24578360e+00
0.10753 1.24652052e+00
0.10790 1.24724700e+00
0.10827 1.24796304e+00
0.10865 1.24866900e+00
0.10902 1.24936488e+00
0.10940 1.25005032e+00
0.10978 1.25072568e+00
0.11016 1.25139096e+00
0.11054 1.25204616e+00
0.11092 1.25273232e+00
0.11131 1.25349516e+00
0.11169 1.25424792e+00
0.11208 1.25499060e+00
0.11247 1.25572284e+00
0.11286 1.25644536e+00
0.11325 1.25715780e+00
0.11364 1.25786052e+00
0.11403 1.25855316e+00
0.11443 1.25923572e+00
0.11482 1.25990892e+00
0.11522 1.26057204e+00
0.11562 1.26122580e+00
0.11602 1.26186948e+00
0.11642 1.26250380e+00
0.11682 1.26332172e+00
0.11723 1.26428760e+00
0.11763 1.26524916e+00
0.11804 1.26620640e+00
0.11845 1.26715896e+00
0.11886 1.26810756e+00
0.11927 1.26905148e+00
0.11968 1.26999108e+00
0.12010 1.27092672e+00
0.12051 1.27185768e+00
0.12093 1.27278468e+00
0.12135 1.27370736e+00
0.12177 1.27462608e+00
0.12219 1.27554048e+00
0.12262 1.27645092e+00
0.12304 1.27626552e+00
0.12347 1.27580508e+00
0.12389 1.27534356e+00
0.12432 1.27488096e+00
0.12475 1.27441692e+00
0.12518 1.27395216e+00
0.12562 1.27348596e+00
0.12605 1.27301868e+00
0.12649 1.27254996e+00
0.12693 1.27208052e+00
0.12737 1.27160964e+00
0.12781 1.27113732e+00
0.12825 1.27066428e+00
0.12869 1.27018944e+00
0.12914 1.26974376e+00
0.12959 1.26960912e+00
0.13003 1.26946296e+00
0.13048 1.26930492e+00
0.13094 1.26913536e+00
0.13139 1.26895428e+00
0.13184 1.26876132e+00
0.13230 1.26855756e+00
0.13276 1.26834192e+00
0.13322 1.26811512e+00
0.13368 1.26787716e+00
0.13414 1.26762804e+00
0.13461 1.26736776e+00
0.13507 1.26709632e+00
0.13554 1.26681408e+00
0.13601 1.26671436e+00
0.13648 1.26683892e+00
0.13695 1.26694512e+00
0.13743 1.26703188e+00
0.13790 1.26710028e+00
0.13838 1.26715032e+00
0.13886 1.26718164e+00
0.13934 1.26719496e+00
0.13982 1.26719028e+00
0.14031 1.26716760e+00
0.14079 1.26712692e+00
0.14128 1.26706896e+00
0.14177 1.26699372e+00
0.14226 1.26690120e+00
0.14275 1.26679140e+00
0.14324 1.26720756e+00
0.14374 1.26781776e+00
0.14424 1.26838260e+00
0.14474 1.26890244e+00
0.14524 1.26937908e+00
0.14574 1.26981252e+00
0.14625 1.27020420e+00
0.14675 1.27055448e+00
0.14726 1.27086480e+00
0.14777 1.27113552e+00
0.14828 1.27136772e+00
0.14879 1.27156212e+00
0.14931 1.27171980e+00
0.14983 1.27184112e+00
0.15034 1.27192716e+00
0.15087 1.27309572e+00
0.15139 1.27433844e+00
0.15191 1.27552212e+00
0.15244 1.27664892e+00
0.15297 1.27772136e+00
0.15349 1.27874160e+00
0.15403 1.27971252e+00
0.15456 1.28063520e+00
0.15509 1.28151036e+00
0.15563 1.28233908e+00
0.15617 1.28312460e+00
0.15671 1.28386980e+00
0.15725 1.28457612e+00
0.15780 1.28524392e+00
0.15834 1.28592864e+00
0.15889 1.28723292e+00
0.15944 1.28850228e+00
0.15999 1.28974248e+00
0.16055 1.29095280e+00
0.16110 1.29213000e+00
0.16166 1.29326976e+00
0.16222 1.29437460e+00
0.16278 1.29545568e+00
0.16335 1.29651984e+00
0.16391 1.29756564e+00
0.16448 1.29858588e+00
0.16505 1.29957408e+00
0.16562 1.30053420e+00
0.16619 1.30147776e+00
0.16677 1.30255092e+00
0.16734 1.30375944e+00
0.16792 1.30492692e+00
0.16851 1.30605012e+00
0.16909 1.30714308e+00
0.16967 1.30822164e+00
0.17026 1.30927392e+00
0.17085 1.31027040e+00
0.17144 1.31120280e+00
0.17204 1.31208264e+00
0.17263 1.31291424e+00
0.17323 1.31369652e+00
0.17383 1.31443092e+00
0.17443 1.31509872e+00
0.17503 1.31567436e+00
0.17564 1.31634756e+00
0.17625 1.31699628e+00
0.17686 1.31738724e+00
0.17747 1.31743764e+00
0.17808 1.31710860e+00
0.17870 1.31638752e+00
0.17932 1.31529636e+00
0.17994 1.31386320e+00
0.18056 1.31199732e+00
0.18119 1.30959792e+00
0.18182 1.30660956e+00
0.18244 1.30296348e+00
0.18308 1.29859956e+00
0.18371 1.29356136e+00
0.18435 1.28780964e+00
0.18498 1.28254032e+00
0.18562 1.27694772e+00
0.18627 1.27107756e+00
0.18691 1.26469296e+00
0.18756 1.25739864e+00
0.18821 1.24929000e+00
0.18886 1.24059312e+00
0.18951 1.23151140e+00
0.19017 1.22227056e+00
0.19083 1.21263948e+00
0.19149 1.20204972e+00
0.19215 1.19067336e+00
0.19282 1.17878184e+00
0.19348 1.16630280e+00
0.19415 1.14989256e+00
0.19483 1.08453888e+00
0.19550 1.01082996e+00
0.19618 9.30902040e-01
0.19686 8.47621800e-01
0.19754 7.63507800e-01
0.19822 6.82573320e-01
0.19891 6.05151000e-01
0.19960 5.31519840e-01
0.20029 4.62985200e-01
0.20098 4.02234840e-01
0.20168 3.44981988e-01
0.20237 2.93719572e-01
0.20307 2.53681704e-01
0.20378 2.15261712e-01
0.20448 1.91267856e-01
0.20519 1.87717680e-01
0.20590 1.78723116e-01
0.20661 1.78340724e-01
0.20733 1.70519436e-01
0.20805 1.62380628e-01
0.20877 1.60826868e-01
0.20949 1.54516896e-01
0.21021 1.50362964e-01
0.21094 1.42251552e-01
0.21167 1.43614728e-01
0.21240 1.31933484e-01
0.21314 1.29858084e-01
0.21388 1.30195044e-01
0.21462 1.19127996e-01
0.21536 1.19737296e-01
0.21611 1.20083652e-01
0.21685 1.13416920e-01
0.21760 1.11170016e-01
0.21836 1.09700172e-01
0.21911 1.06859124e-01
0.21987 1.02827052e-01
0.22063 1.03174416e-01
0.22140 9.93237480e-02
0.22216 9.79661520e-02
0.22293 9.58695480e-02
0.22370 9.26825760e-02
0.22448 9.02390760e-02
0.22526 8.81407440e-02
0.22604 9.14592960e-02
0.22682 8.92675440e-02
0.22760 8.11483560e-02
0.22839 8.76047400e-02
0.22918 8.15295600e-02
0.22998 8.11095480e-02
0.23077 7.68212280e-02
0.23157 7.56261360e-02
0.23237 7.79312880e-02
0.23318 7.59177720e-02
0.23398 7.24239000e-02
0.23479 7.06891680e-02
0.23561 6.80273640e-02
0.23642 6.89450760e-02
0.23724 7.11703800e-02
0.23806 6.32005200e-02
0.23889 6.40638000e-02
0.23971 6.73026480e-02
0.24054 6.53018400e-02
0.24137 6.11870760e-02
0.24221 5.78929320e-02
0.24305 6.04475280e-02
0.24389 6.22620000e-02
0.24473 5.72047200e-02
0.24558 5.63962320e-02
0.24643 6.15893760e-02
0.24728 5.75450640e-02
0.24814 5.15599920e-02
0.24900 5.22273600e-02
0.24986 5.12781840e-02
0.25073 5.55891840e-02
0.25159 4.94747280e-02
0.25246 4.77252360e-02
0.25334 5.21787600e-02
0.25422 5.43196080e-02
0.25510 5.60160360e-02
0.25598 4.38137280e-02
0.25687 4.47026400e-02
0.25775 4.90856040e-02
0.25865 4.71187800e-02
0.25954 4.72248000e-02
0.26044 4.26053160e-02
0.26134 4.66043400e-02
0.26225 4.06695240e-02
0.26315 5.35588560e-02
0.26406 4.09935600e-02
0.26498 3.94292520e-02
0.26590 4.48005240e-02
0.26682 3.89427480e-02
0.26774 4.19558400e-02
0.26867 4.11549840e-02
0.26960 4.36780080e-02
0.27053 3.51685980e-02
0.27147 4.18089600e-02
0.27241 3.90822480e-02
0.27335 3.87998280e-02
0.27430 4.07464200e-02
0.27525 3.22337880e-02
0.27620 3.84871320e-02
0.27715 3.70698480e-02
0.27811 3.77871840e-02
0.27908 3.32466552e-02
0.28004 3.64678920e-02
0.28101 3.11368212e-02
0.28198 3.36543372e-02
0.28296 3.84692760e-02
0.28394 3.22589592e-02
0.28492 3.12586056e-02
0.28591 2.91039156e-02
0.28690 3.17297592e-02
0.28789 3.10102308e-02
0.28889 3.31995996e-02
0.28989 3.18959568e-02
0.29089 3.14117532e-02
0.29190 2.86366320e-02
0.29291 2.83459392e-02
0.29392 2.89882584e-02
0.29494 3.24520128e-02
0.29596 2.78475444e-02
0.29699 2.68445952e-02
0.29801 2.71976004e-02
0.29905 2.82320028e-02
0.30008 3.17996100e-02
0.30112 2.63309544e-02
0.30216 3.01694148e-02
0.30321 2.68150752e-02
0.30426 2.77089228e-02
0.30531 2.52593604e-02
0.30637 2.91977928e-02
0.30743 2.39976576e-02
0.30849 2.34002700e-02
0.30956 2.57039244e-02
0.31063 2.33026416e-02
0.31171 2.68752996e-02
0.31279 2.23343496e-02
0.31387 2.27465244e-02
0.31496 2.19348252e-02
0.31605 2.30733288e-02
0.31714 2.88763560e-02
0.31824 2.66573376e-02
0.31934 1.92427272e-02
0.32044 2.50085952e-02
0.32155 2.05658424e-02
0.32267 2.24404524e-02
0.32378 2.23091640e-02
0.32490 2.37902688e-02
0.32603 2.27240496e-02
0.32716 1.91878452e-02
0.32829 2.08623348e-02
0.32943 2.05284960e-02
0.33057 2.11889340e-02
0.33171 2.13145704e-02
0.33286 2.28870756e-02
0.33401 2.51330112e-02
0.33517 1.83472452e-02
0.33633 2.85347520e-02
0.33749 2.09074140e-02
0.33866 1.97758440e-02
0.33983 1.80214380e-02
0.34101 1.99291032e-02
0.34219 2.04416748e-02
0.34337 2.43656280e-02
0.34456 1.72293948e-02
0.34576 1.80584064e-02
0.34695 2.11183416e-02
0.34815 1.80538668e-02
0.34936 2.19603492e-02
0.35057 1.60777584e-02
0.35178 1.72327032e-02
0.35300 2.05862400e-02
0.35422 1.79855856e-02
0.35545 1.50220368e-02
0.35668 1.71988164e-02
0.35791 1.68807276e-02
0.35915 2.10879360e-02
0.36039 1.67624604e-02
0.36164 1.47360312e-02
0.36289 1.44350244e-02
0.36415 1.94019048e-02
0.36541 1.75664484e-02
0.36668 1.47940380e-02
0.36795 1.61125920e-02
0.36922 1.44927432e-02
0.37050 1.63254564e-02
0.37178 1.62457128e-02
0.37307 1.60280424e-02
0.37436 1.52363160e-02
0.37565 1.53230292e-02
0.37695 1.42935552e-02
0.37826 1.55499192e-02
0.37957 1.49399208e-02
0.38088 1.54350756e-02
0.38220 1.29809916e-02
0.38352 1.23426288e-02
0.38485 1.36083600e-02
0.38618 1.54913724e-02
0.38752 1.42236648e-02
0.38886 1.33249500e-02
0.39021 1.20633732e-02
0.39156 1.19065140e-02
0.39291 1.52462484e-02
0.39427 1.35237204e-02
0.39564 1.14177204e-02
0.39701 1.18383012e-02
0.39838 1.27705500e-02
0.39976 1.26902376e-02
0.40115 1.35298332e-02
0.40253 1.07851176e-02
0.40393 1.33270092e-02
0.40533 1.14128388e-02
0.40673 1.14090228e-02
0.40814 1.61789508e-02
0.40955 1.17165168e-02
0.41097 1.13131008e-02
0.41239 1.07613756e-02
0.41382 1.09738692e-02
0.41525 1.27248084e-02
0.41669 1.14448572e-02
0.41813 1.17983808e-02
0.41958 1.02846816e-02
0.42103 1.15091172e-02
0.42249 1.30520052e-02
0.42395 1.13542596e-02
0.42542 1.15268724e-02
0.42689 1.20887064e-02
0.42837 9.77317920e-03
0.42985 1.01208816e-02
0.43134 1.18817604e-02
0.43283 1.19402784e-02
0.43433 1.02600360e-02
0.43583 1.00787616e-02
0.43734 9.59191920e-03
0.43886 1.14708204e-02
0.44037 9.20335320e-03
0.44190 9.72486360e-03
0.44343 1.65678084e-02
0.44496 8.50350240e-03
0.44650 1.25541828e-02
0.44805 1.25335368e-02
0.44960 1.53466704e-02
0.45116 9.92538720e-03
0.45272 9.99835920e-03
0.45429 8.27951400e-03
0.45586 8.67789360e-03
0.45744 1.25498592e-02
0.45902 1.19177784e-02
0.46061 7.76404440e-03
0.46220 9.02733480e-03
0.46380 9.77380200e-03
0.46541 7.89894000e-03
0.46702 1.11046608e-02
0.46864 7.71081840e-03
0.47026 1.75779324e-02
0.47189 8.00928000e-03
0.47352 1.56803076e-02
0.47516 7.29005040e-03
0.47680 1.01571408e-02
0.47845 1.32448572e-02
0.48011 9.70980480e-03
0.48177 7.74001800e-03
0.48344 7.07481360e-03
0.48511 8.60055480e-03
0.48679 1.00859832e-02
0.48848 7.60458960e-03
0.49017 9.70489080e-03
0.49186 6.83407080e-03
0.49357 1.56530628e-02
0.49528 6.53621040e-03
0.49699 9.65907720e-03
0.49871 1.06847676e-02
0.50044 7.57410480e-03
0.50217 8.68324680e-03
0.50391 6.76777320e-03
0.50565 7.68881880e-03
0.50740 7.27432200e-03
0.50916 1.30977000e-02
0.51092 8.77245480e-03
0.51269 6.39604080e-03
0.51446 6.86251080e-03
0.51625 6.97607280e-03
0.51803 1.18738260e-02
0.51983 7.88852880e-03
0.52163 7.52247720e-03
0.52343 8.02295280e-03
0.52524 6.38159400e-03
0.52706 7.96878720e-03
0.52889 9.80948880e-03
0.53072 6.38495640e-03
0.53255 8.09949240e-03
0.53440 7.09995960e-03
0.53625 7.21800360e-03
0.53810 8.60572440e-03
0.53997 1.30070304e-02
0.54183 5.93583480e-03
0.54371 6.87564000e-03
0.54559 1.32527808e-02
0.54748 7.65629640e-03
0.54938 7.68041280e-03
0.55128 6.24025440e-03
0.55319 7.67939400e-03
0.55510 6.78118680e-03
0.55702 9.84525480e-03
0.55895 1.00051560e-02
0.56089 9.86895360e-03
0.56283 5.32060560e-03
0.56478 6.13510200e-03
0.56673 1.09082772e-02
0.56869 9.12394080e-03
0.57066 5.80579200e-03
0.57264 1.24141428e-02
0.57462 5.54202360e-03
0.57661 8.74483560e-03
0.57860 7.02684360e-03
0.58061 6.49850040e-03
0.58262 8.01091080e-03
0.58463 1.15539552e-02
0.58666 6.34305240e-03
0.58869 6.20069040e-03
0.59073 6.29509680e-03
0.59277 6.85584360e-03
0.59482 6.07447800e-03
0.59688 1.18129356e-02
0.59895 9.20571840e-03
0.60102 9.27275400e-03
0.60310 6.26344560e-03
0.60519 5.50728360e-03
0.60728 5.11331760e-03
0.60939 4.93141680e-03
0.61150 8.30976480e-03
0.61361 8.55452520e-03
0.61574 7.03100160e-03
0.61787 5.07276000e-03
0.62001 4.57977240e-03
0.62215 5.08573440e-03
0.62431 7.39857240e-03
0.62647 6.24097440e-03
0.62864 8.05764240e-03
0.63081 8.16064560e-03
0.63300 5.60529000e-03
0.63519 5.23568880e-03
0.63739 7.39461600e-03
0.63959 6.15159000e-03
0.64181 6.75950760e-03
0.64403 5.62706640e-03
0.64626 5.68611360e-03
0.64849 5.53652640e-03
0.65074 6.74516880e-03
0.65299 6.71235120e-03
0.65525 4.69304640e-03
0.65752 4.87805400e-03
0.65980 6.89957280e-03
0.66208 5.97024000e-03
0.66437 7.94187720e-03
0.66667 5.20590960e-03
0.66898 6.72180840e-03
0.67130 5.08277880e-03
0.67362 5.59577520e-03
0.67595 5.60727720e-03
0.67829 6.20726400e-03
0.68064 6.28120440e-03
0.68299 4.87186200e-03
0.68536 6.79296600e-03
0.68773 5.12401320e-03
0.69011 4.32148320e-03
0.69250 4.61047320e-03
0.69490 6.49425600e-03
0.69730 6.13011600e-03
0.69972 4.48092720e-03
0.70214 4.93110720e-03
0.70457 4.91246280e-03
0.70701 4.79633400e-03
0.70946 5.84406720e-03
0.71191 6.55626600e-03
0.71438 4.47813000e-03
0.71685 4.34179440e-03
0.71933 5.29186320e-03
0.72182 4.95993240e-03
0.72432 5.11199640e-03
0.72683 5.32013760e-03
0.72934 5.54006520e-03
0.73187 4.63859640e-03
0.73440 4.79669400e-03
0.73694 5.24153880e-03
0.73949 4.51043280e-03
0.74205 4.85613360e-03
0.74462 4.77364680e-03
0.74720 5.11596360e-03
0.74979 4.83821640e-03
0.75238 4.47041160e-03
0.75499 3.85990920e-03
0.75760 3.86961120e-03
0.76022 4.50668520e-03
0.76285 4.85723520e-03
0.76549 5.28828120e-03
0.76814 4.24936440e-03
0.77080 3.83370840e-03
0.77347 3.85175520e-03
0.77615 4.16491200e-03
0.77884 4.89512880e-03
0.78153 5.18105160e-03
0.78424 4.40439120e-03
0.78695 3.92633280e-03
0.78968 3.74286960e-03
0.79241 3.69373320e-03
0.79515 4.02218640e-03
0.79790 4.91761440e-03
0.80067 4.68672840e-03
0.80344 3.83763960e-03
0.80622 3.56833440e-03
0.80901 3.64772880e-03
0.81181 3.96623160e-03
0.81462 4.22755200e-03
0.81744 4.48587720e-03
0.82027 4.12296120e-03
0.82311 3.76925400e-03
0.82596 3.76804800e-03
0.82882 3.85916760e-03
0.83169 3.89751120e-03
0.83457 4.09679280e-03
0.83745 4.22805600e-03
0.84035 4.00830840e-03
0.84326 3.86461080e-03
0.84618 3.89675880e-03
0.84911 3.83412240e-03
0.85205 3.79407600e-03
0.85500 3.81118680e-03
0.85796 3.89134440e-03
0.86093 3.84669000e-03
0.86391 3.84983640e-03
0.86690 3.79783440e-03
0.86990 3.66394320e-03
0.87291 3.64244040e-03
0.87593 3.69593640e-03
0.87897 3.70793520e-03
0.88201 3.71510280e-03
0.88506 3.78434520e-03
0.88813 3.70981800e-03
0.89120 3.55323060e-03
0.89428 3.48073596e-03
0.89738 3.46883148e-03
0.90049 3.50160480e-03
0.90360 3.59698212e-03
0.90673 3.61110960e-03
0.90987 3.48801696e-03
0.91302 3.39387264e-03
0.91618 3.38409144e-03
0.91935 3.45877128e-03
0.92253 3.58629732e-03
0.92573 3.65401440e-03
0.92893 3.59595180e-03
0.93215 3.48433236e-03
0.93537 3.42493236e-03
0.93861 3.44922732e-03
0.94186 3.52315584e-03
0.94512 3.57432732e-03
0.94839 3.53002464e-03
0.95168 3.43345176e-03
0.95497 3.36980988e-03
0.95828 3.38039208e-03
0.96159 3.44311560e-03
0.96492 3.48693552e-03
0.96826 3.45669408e-03
0.97161 3.39177132e-03
0.97498 3.35797308e-03
0.97835 3.36794472e-03
0.98174 3.40337124e-03
0.98514 3.44274264e-03
0.98855 3.45824748e-03
0.99197 3.44614788e-03
0.99540 3.41270388e-03
0.99885 3.38699592e-03
1.00231 3.37431132e-03
1.00578 3.38040828e-03
1.00926 3.39468984e-03
1.01275 3.40075800e-03
1.01626 3.39262956e-03
1.01978 3.37315464e-03
1.02330 3.35660652e-03
1.02685 3.35684412e-03
1.03040 3.37036176e-03
1.03397 3.38216508e-03
1.03755 3.37838760e-03
1.04114 3.35371788e-03
1.04474 3.32367264e-03
1.04836 3.31147728e-03
1.05199 3.31261740e-03
1.05563 3.32304444e-03
1.05928 3.33193608e-03
1.06295 3.32956980e-03
1.06663 3.31657740e-03
1.07032 3.30271884e-03
1.07403 3.29610348e-03
1.07775 3.29869116e-03
1.08148 3.30694056e-03
1.08522 3.31295400e-03
1.08898 3.31025868e-03
1.09275 3.30049368e-03
1.09653 3.29200452e-03
1.10032 3.28187988e-03
1.10413 3.27149928e-03
1.10796 3.26093508e-03
1.11179 3.24314748e-03
1.11564 3.21899148e-03
1.11950 3.19586868e-03
1.12338 3.17991528e-03
1.12726 3.17073600e-03
1.13117 3.16296936e-03
1.13508 3.15227376e-03
1.13901 3.13979076e-03
1.14295 3.13054668e-03
1.14691 3.12813288e-03
1.15088 3.13151400e-03
1.15487 3.13630452e-03
1.15886 3.15113256e-03
1.16287 3.16630548e-03
1.16690 3.18036996e-03
1.17094 3.19468464e-03
1.17499 3.20834448e-03
1.17906 3.21890400e-03
1.18314 3.22454052e-03
1.18724 3.22556040e-03
1.19135 3.22389072e-03
1.19547 3.22130520e-03
1.19961 3.21823908e-03
1.20376 3.21400692e-03
1.20793 3.20785956e-03
1.21211 3.19985064e-03
1.21630 3.19151124e-03
1.22052 3.19550004e-03
1.22474 3.20013720e-03
1.22898 3.20524056e-03
1.23323 3.21040800e-03
1.23750 3.21566220e-03
1.24179 3.22156944e-03
1.24609 3.22874388e-03
1.25040 3.23733924e-03
1.25473 3.24707256e-03
1.25907 3.25768428e-03
1.26343 3.26926908e-03
1.26780 3.28213152e-03
1.27219 3.29640660e-03
1.27659 3.31190460e-03
1.28101 3.32346924e-03
1.28545 3.32431884e-03
1.28990 3.32616816e-03
1.29436 3.32926488e-03
1.29884 3.33365400e-03
1.30334 3.33917676e-03
1.30785 3.34566864e-03
1.31238 3.35311056e-03
1.31692 3.36158280e-03
1.32148 3.37107420e-03
1.32605 3.38135004e-03
1.33064 3.39197688e-03
1.33525 3.40245936e-03
1.33987 3.41235864e-03
1.34451 3.42132048e-03
1.34916 3.43550016e-03
1.35383 3.45351276e-03
1.35852 3.46990356e-03
1.36322 3.48457824e-03
1.36794 3.49757604e-03
1.37268 3.50904060e-03
1.37743 3.51916524e-03
1.38220 3.52814904e-03
1.38698 3.53617596e-03
1.39178 3.54341700e-03
1.39660 3.55003344e-03
1.40144 3.55617504e-03
1.40629 3.56197212e-03
1.41115 3.56752872e-03
1.41604 3.57292224e-03
1.42094 3.57612048e-03
1.42586 3.57868116e-03
1.43080 3.58122456e-03
1.43575 3.58378488e-03
1.44072 3.58638624e-03
1.44571 3.58904844e-03
1.45071 3.59179380e-03
1.45573 3.59464932e-03
1.46077 3.59764776e-03
1.46583 3.60082080e-03
1.47090 3.60420480e-03
1.47599 3.60784080e-03
1.48110 3.61179360e-03
1.48623 3.61612080e-03
1.49137 3.62083320e-03
1.49654 3.62391120e-03
1.50172 3.62761200e-03
1.50692 3.63202920e-03
1.51213 3.63726720e-03
1.51737 3.64342680e-03
1.52262 3.65060520e-03
1.52789 3.65888520e-03
1.53318 3.66834240e-03
1.53849 3.67901640e-03
1.54381 3.69092880e-03
1.54916 3.70406520e-03
1.55452 3.71836440e-03
1.55990 3.73372920e-03
1.56530 3.75001920e-03
1.57072 3.76931520e-03
1.57615 3.79502640e-03
1.58161 3.82112640e-03
1.58709 3.84737400e-03
1.59258 3.87352080e-03
1.59809 3.89934000e-03
1.60362 3.92461920e-03
1.60918 3.94918200e-03
1.61475 3.97288440e-03
1.62034 3.99561120e-03
1.62594 4.01727960e-03
1.63157 4.03784280e-03
1.63722 4.05726840e-03
1.64289 4.07556000e-03
1.64857 4.09272120e-03
1.65428 4.11182280e-03
1.66001 4.13249040e-03
1.66575 4.15217520e-03
1.67152 4.17091680e-03
1.67731 4.18876560e-03
1.68311 4.20577920e-03
1.68894 4.22201160e-03
1.69478 4.23752760e-03
1.70065 4.25238480e-03
1.70654 4.26666240e-03
1.71245 4.28043240e-03
1.71837 4.29377040e-03
1.72432 4.30676640e-03
1.73029 4.31949960e-03
1.73628 4.33206720e-03
1.74229 4.34044800e-03
1.74832 4.34767320e-03
1.75437 4.35501000e-03
1.76045 4.36255920e-03
1.76654 4.37042880e-03
1.77266 4.37872680e-03
1.77879 4.38756480e-03
1.78495 4.39704360e-03
1.79113 4.40727480e-03
1.79733 4.41836280e-03
1.80355 4.43040840e-03
1.80979 4.44350880e-03
1.81606 4.45775400e-03
1.82234 4.47323400e-03
1.82865 4.49010000e-03
1.83498 4.51164960e-03
1.84133 4.53466440e-03
1.84771 4.55919480e-03
1.85410 4.58527680e-03
1.86052 4.61292480e-03
1.86696 4.64214240e-03
1.87342 4.67290800e-03
1.87991 4.70518560e-03
1.88642 4.73891760e-03
1.89295 4.77401760e-03
1.89950 4.81038840e-03
1.90607 4.84790760e-03
1.91267 4.88643120e-03
1.91929 4.92580080e-03
1.92594 4.96553400e-03
1.93260 5.00492160e-03
1.93929 5.04459000e-03
1.94601 5.08434840e-03
1.95274 5.12400600e-03
1.95950 5.16336480e-03
1.96629 5.20225200e-03
1.97309 5.24049480e-03
1.97992 5.27793120e-03
1.98678 5.31442440e-03
1.99365 5.34984840e-03
2.00055 5.38409160e-03
2.00748 5.41707120e-03
2.01443 5.44871160e-03
2.02140 5.47895520e-03
2.02840 5.50882080e-03
2.03542 5.53818240e-03
2.04247 5.56610760e-03
2.04954 5.59260000e-03
2.05663 5.61768840e-03
2.06375 5.64140160e-03
2.07090 5.66378640e-03
2.07806 5.68490040e-03
2.08526 5.70481200e-03
2.09247 5.72358600e-03
2.09972 5.74131600e-03
2.10699 5.75808120e-03
2.11428 5.77397520e-03
2.12160 5.78910600e-03
2.12894 5.80356720e-03
2.13631 5.82124320e-03
2.14371 5.83959240e-03
2.15113 5.85762480e-03
2.15857 5.87545920e-03
2.16605 5.89320360e-03
2.17354 5.91096960e-03
2.18107 5.92887600e-03
2.18862 5.94703800e-03
2.19619 5.96556000e-03
2.20380 5.98456080e-03
2.21143 6.00414480e-03
2.21908 6.02442000e-03
2.22676 6.04549080e-03
2.23447 6.06746160e-03
2.24220 6.09041880e-03
2.24997 6.11388720e-03
2.25775 6.13852920e-03
2.26557 6.16443840e-03
2.27341 6.19168680e-03
2.28128 6.22035000e-03
2.28918 6.25050000e-03
2.29710 6.28219440e-03
2.30505 6.31549080e-03
2.31303 6.35043240e-03
2.32104 6.38706600e-03
2.32908 6.42541680e-03
2.33714 6.46550640e-03
2.34523 6.50735280e-03
2.35335 6.55095240e-03
2.36149 6.59675520e-03
2.36967 6.64552440e-03
2.37787 6.69602520e-03
2.38610 6.74822160e-03
2.39436 6.80205960e-03
2.40265 6.85748160e-03
2.41097 6.91441200e-03
2.41931 6.97277160e-03
2.42769 7.03246680e-03
2.43609 7.09339680e-03
2.44452 7.15544640e-03
2.45298 7.21849680e-03
2.46148 7.28242200e-03
2.47000 7.34708880e-03
2.47855 7.41236400e-03
2.48713 7.47898920e-03
2.49574 7.54679160e-03
2.50438 7.61479920e-03
2.51304 7.68286800e-03
2.52174 7.75085760e-03
2.53047 7.81863480e-03
2.53923 7.88606280e-03
2.54802 7.95301920e-03
2.55684 8.01938880e-03
2.56569 8.08505640e-03
2.57457 8.14993200e-03
2.58349 8.21391840e-03
2.59243 8.27694360e-03
2.60140 8.33893560e-03
2.61041 8.39984040e-03
2.61944 8.45920440e-03
2.62851 8.51726160e-03
2.63761 8.57412360e-03
2.64674 8.62977960e-03
2.65590 8.68422960e-03
2.66510 8.73749160e-03
2.67432 8.78958360e-03
2.68358 8.84053800e-03
2.69287 8.89039080e-03
2.70219 8.93918880e-03
2.71154 8.98699320e-03
2.72093 9.03385800e-03
2.73035 9.07985160e-03
2.73980 9.12504600e-03
2.74928 9.16954560e-03
2.75880 9.21663720e-03
2.76835 9.26319960e-03
2.77793 9.30932280e-03
2.78755 9.35508600e-03
2.79720 9.40058640e-03
2.80688 9.44591400e-03
2.81660 9.49115520e-03
2.82635 9.53640720e-03
2.83613 9.58176000e-03
2.84595 9.62730720e-03
2.85580 9.67313520e-03
2.86569 9.71933760e-03
2.87561 9.76600080e-03
2.88556 9.81321480e-03
2.89555 9.86095080e-03
2.90557 9.90908280e-03
2.91563 9.95801760e-03
2.92572 1.00078308e-02
2.93585 1.00586052e-02
2.94601 1.01104128e-02
2.95621 1.01633256e-02
2.96644 1.02174192e-02
2.97671 1.02727548e-02
2.98702 1.03293972e-02
2.99736 1.03874112e-02
3.00773 1.04468544e-02
3.01814 1.05077772e-02
3.02859 1.05702372e-02
3.03907 1.06342812e-02
3.04960 1.07007624e-02
3.06015 1.07697312e-02
3.07074 1.08404424e-02
3.08137 1.09129176e-02
3.09204 1.09872000e-02
3.10274 1.10633076e-02
3.11348 1.11412656e-02
3.12426 1.12210956e-02
3.13508 1.13028084e-02
3.14593 1.13864184e-02
3.15682 1.14719292e-02
3.16775 1.15593408e-02
3.17871 1.16486496e-02
3.18972 1.17398520e-02
3.20076 1.18329372e-02
3.21184 1.19315052e-02
3.22295 1.20331836e-02
3.23411 1.21367592e-02
3.24531 1.22422104e-02
3.25654 1.23494976e-02
3.26781 1.24585884e-02
3.27912 1.25694360e-02
3.29047 1.26819972e-02
3.30187 1.27962144e-02
3.31330 1.29120408e-02
3.32476 1.30294116e-02
3.33627 1.31482656e-02
3.34782 1.32685344e-02
3.35941 1.33901496e-02
3.37104 1.35130356e-02
3.38271 1.36324944e-02
3.39442 1.37529576e-02
3.40617 1.38743676e-02
3.41796 1.39966416e-02
3.42979 1.41196896e-02
3.44166 1.42434288e-02
3.45358 1.43677692e-02
3.46553 1.44926244e-02
3.47753 1.46179008e-02
3.48957 1.47435156e-02
3.50164 1.48693788e-02
3.51377 1.49954040e-02
3.52593 1.51215084e-02
3.53814 1.52476092e-02
3.55038 1.53752760e-02
3.56267 1.55079900e-02
3.57500 1.56405672e-02
3.58738 1.57729248e-02
3.59980 1.59050016e-02
3.61226 1.60367220e-02
3.62476 1.61680284e-02
3.63731 1.62988560e-02
3.64990 1.64291508e-02
3.66254 1.65588624e-02
3.67521 1.66879368e-02
3.68794 1.68163344e-02
3.70070 1.69440120e-02
3.71351 1.70709372e-02
3.72637 1.71970776e-02
3.73927 1.73246328e-02
3.75221 1.74536820e-02
3.76520 1.75819284e-02
3.77823 1.77093612e-02
3.79131 1.78359660e-02
3.80443 1.79617320e-02
3.81760 1.80866628e-02
3.83082 1.82107548e-02
3.84408 1.83340152e-02
3.85739 1.84564440e-02
3.87074 1.85780592e-02
3.88414 1.86988716e-02
3.89758 1.88188992e-02
3.91107 1.89381564e-02
3.92461 1.90566684e-02
3.93820 1.91751084e-02
3.95183 1.92930804e-02
3.96551 1.94103900e-02
3.97924 1.95270732e-02
3.99301 1.96431588e-02
4.00683 1.97586792e-02
4.02070 1.98736776e-02
4.03462 1.99881864e-02
4.04859 2.01022416e-02
4.06260 2.02158900e-02
4.07667 2.03291640e-02
4.09078 2.04421104e-02
4.10494 2.05547688e-02
4.11915 2.06671824e-02
4.13341 2.07793908e-02
4.14771 2.08945944e-02
4.16207 2.10097692e-02
4.17648 2.11249116e-02
4.19094 2.12400648e-02
4.20545 2.13552792e-02
4.22000 2.14705944e-02
4.23461 2.15860572e-02
4.24927 2.17017108e-02
4.26398 2.18176020e-02
4.27874 2.19337704e-02
4.29355 2.20502628e-02
4.30841 2.21671224e-02
4.32332 2.22843888e-02
4.33829 2.24021052e-02
4.35331 2.25215316e-02
4.36838 2.26455372e-02
4.38350 2.27701872e-02
4.39867 2.28955320e-02
4.41390 2.30216004e-02
4.42918 2.31484428e-02
4.44451 2.32760916e-02
4.45990 2.34045936e-02
4.47533 2.35339812e-02
4.49083 2.36642904e-02
4.50637 2.37955680e-02
4.52197 2.39278428e-02
4.53762 2.40611544e-02
4.55333 2.41955352e-02
4.56909 2.43310248e-02
4.58491 2.44715436e-02
4.60078 2.46175344e-02
4.61670 2.47648680e-02
4.63269 2.49135804e-02
4.64872 2.50637004e-02
4.66481 2.52152676e-02
4.68096 2.53683108e-02
4.69717 2.55228660e-02
4.71343 2.56789656e-02
4.72974 2.58366384e-02
4.74611 2.59959204e-02
4.76254 2.61568368e-02
4.77903 2.63194236e-02
4.79557 2.64837060e-02
4.81217 2.66497128e-02
4.82883 2.68046532e-02
4.84555 2.69564112e-02
4.86232 2.71097784e-02
4.87915 2.72647872e-02
4.89604 2.74214520e-02
4.91299 2.75798016e-02
4.92999 2.77398576e-02
4.94706 2.79016452e-02
4.96418 2.80651824e-02
4.98137 2.82304980e-02
4.99861 2.83976064e-02
5.01591 2.85657228e-02
5.03328 2.89720332e-02
5.05070 2.95006824e-02
5.06818 2.99659392e-02
5.08573 3.03317064e-02
5.10333 3.07242396e-02
5.12100 3.12911784e-02
5.13873 3.17387124e-02
5.15651 3.20469156e-02
5.17436 3.25058328e-02
5.19228 3.30061248e-02
5.21025 3.34752624e-02
5.22828 3.37260348e-02
5.24638 3.42719244e-02
5.26454 3.46916664e-02
5.28277 3.50470332e-02
5.30105 3.55045896e-02
5.31940 3.59639388e-02
5.33782 3.62756520e-02
5.35629 3.68506440e-02
5.37484 3.72331080e-02
5.39344 3.74505840e-02
5.41211 3.79886040e-02
5.43084 3.84070320e-02
5.44965 3.86498880e-02
5.46851 3.92823000e-02
5.48744 3.95796960e-02
5.50643 3.99130920e-02
5.52550 4.04871120e-02
5.54462 4.07496960e-02
5.56381 4.12772040e-02
5.58308 4.18272480e-02
5.60240 4.20926760e-02
5.62179 4.25905200e-02
5.64125 4.31718840e-02
5.66078 4.33977120e-02
5.68038 4.38179760e-02
5.70004 4.41392760e-02
5.71977 4.47460920e-02
5.73957 4.50198360e-02
5.75944 4.57977240e-02
5.77938 4.64553000e-02
5.79938 4.72096440e-02
5.81946 4.83923880e-02
5.83960 4.89451680e-02
5.85982 5.01716520e-02
5.88010 5.22175320e-02
5.90045 5.30146080e-02
5.92088 5.43162600e-02
5.94137 5.57969400e-02
5.96194 5.68600200e-02
5.98258 5.81292360e-02
6.00329 5.92013880e-02
6.02407 6.01528680e-02
6.04492 6.19713360e-02
6.06585 6.22725840e-02
6.08684 6.29339400e-02
6.10791 6.38431200e-02
6.12906 6.39150840e-02
6.15027 6.43121280e-02
6.17156 6.45000480e-02
6.19293 6.49539000e-02
6.21436 6.50477880e-02
6.23588 6.55687080e-02
6.25746 6.60812040e-02
6.27912 6.71677200e-02
6.30086 6.86956320e-02
6.32267 7.01946000e-02
6.34455 7.26120360e-02
6.36652 7.43763240e-02
6.38856 7.63062840e-02
6.41067 7.90776360e-02
6.43286 8.05247640e-02
6.45513 8.22899880e-02
6.47747 8.44775280e-02
6.49990 8.64501120e-02
6.52240 8.80397640e-02
6.54497 8.94698640e-02
6.56763 9.11396880e-02
6.59037 9.24801480e-02
6.61318 9.34352640e-02
6.63607 9.49924080e-02
6.65904 9.52173360e-02
6.68209 9.63797040e-02
6.70522 9.69576120e-02
6.72843 9.77142960e-02
6.75172 9.85556160e-02
6.77510 9.96571800e-02
6.79855 1.00650312e-01
6.82208 1.01742480e-01
6.84570 1.02593304e-01
6.86939 1.03933296e-01
6.89317 1.04593572e-01
6.91704 1.05534144e-01
6.94098 1.06267896e-01
6.96500 1.07063280e-01
6.98911 1.07174412e-01
7.01331 1.07214192e-01
7.03759 1.07263908e-01
7.06195 1.06878852e-01
7.08639 1.06272792e-01
7.11092 1.05627636e-01
7.13554 1.04971320e-01
7.16024 1.04729004e-01
7.18502 1.04512716e-01
7.20990 1.04535972e-01
7.23485 1.04517036e-01
7.25990 1.04983956e-01
7.28503 1.05538212e-01
7.31025 1.06050636e-01
7.33555 1.06862436e-01
7.36094 1.07753472e-01
7.38642 1.08988740e-01
7.41199 1.10272680e-01
7.43765 1.11513168e-01
7.46340 1.13052384e-01
7.48923 1.14559920e-01
7.51516 1.16318520e-01
7.54117 1.18124244e-01
7.56727 1.19759400e-01
7.59347 1.21482360e-01
7.61975 1.23231456e-01
7.64613 1.25242200e-01
7.67260 1.27308132e-01
7.69916 1.29407688e-01
7.72581 1.31440068e-01
7.75255 1.33438140e-01
7.77939 1.35468036e-01
7.80632 1.37718360e-01
7.83334 1.40094432e-01
7.86046 1.42483428e-01
7.88767 1.44917352e-01
7.91497 1.47309084e-01
7.94237 1.49729184e-01
7.96986 1.52246700e-01
7.99745 1.54831752e-01
8.02513 1.57554072e-01
8.05291 1.60365600e-01
8.08079 1.63297188e-01
8.10876 1.66261896e-01
8.13683 1.69283880e-01
8.16500 1.72414836e-01
8.19326 1.75628736e-01
8.22162 1.78975872e-01
8.25008 1.82445948e-01
8.27864 1.86043248e-01
8.30730 1.89763920e-01
8.33605 1.93681296e-01
8.36491 1.97726724e-01
8.39386 2.01907404e-01
8.42292 2.06200836e-01
8.45208 2.10530988e-01
8.48133 2.14970472e-01
8.51069 2.19470796e-01
8.54016 2.24058924e-01
8.56972 2.28672540e-01
8.59938 2.33227512e-01
8.62915 2.37836700e-01
8.65902 2.43007488e-01
8.68899 2.48515596e-01
8.71907 2.54248128e-01
8.74925 2.60108640e-01
8.77954 2.66247216e-01
8.80993 2.72602404e-01
8.84043 2.79390312e-01
8.87103 2.86250400e-01
8.90174 2.93427792e-01
8.93255 3.00927096e-01
8.96347 3.08649960e-01
8.99450 3.16438992e-01
9.02563 3.24282456e-01
9.05688 3.32003880e-01
9.08823 3.39521256e-01
9.11969 3.46755024e-01
9.15126 3.53780964e-01
9.18294 3.60612720e-01
9.21472 3.67412400e-01
9.24662 3.74387400e-01
9.27863 3.81387240e-01
9.31075 3.88442520e-01
9.34298 3.95568360e-01
9.37532 4.02561360e-01
9.40777 4.09541040e-01
9.44034 4.16379240e-01
9.47302 4.23074520e-01
9.50581 4.29783120e-01
9.53871 4.36449600e-01
9.57173 4.43216160e-01
9.60487 4.50168480e-01
9.63811 4.57025040e-01
9.67148 4.63666320e-01
9.70495 4.70079360e-01
9.73855 4.76209080e-01
9.77226 4.82071680e-01
9.80609 4.87576440e-01
9.84003 4.92832800e-01
9.87409 4.97786040e-01
9.90827 5.02447680e-01
9.94257 5.06731680e-01
9.97699 5.10664680e-01
10.01153 5.14151640e-01
10.04618 5.17183560e-01
10.08096 5.19803640e-01
10.11585 5.22065160e-01
10.15087 5.23799280e-01
10.18601 5.24822400e-01
10.22127 5.25492000e-01
10.25665 5.26049640e-01
10.29215 5.26418640e-01
10.32778 5.26699080e-01
10.36353 5.27047560e-01
10.39941 5.27659200e-01
10.43540 5.27627160e-01
10.47153 5.26865040e-01
10.50777 5.25992040e-01
10.54415 5.25017160e-01
10.58065 5.23859400e-01
10.61727 5.22545760e-01
10.65403 5.21072640e-01
10.69091 5.19379200e-01
10.72791 5.17573800e-01
10.76505 5.15733840e-01
10.80231 5.13801000e-01
10.83971 5.11841520e-01
10.87723 5.09596920e-01
10.91488 5.07252240e-01
10.95266 5.04826560e-01
10.99058 5.02541640e-01
11.02862 5.00121000e-01
11.06680 4.97670120e-01
11.10511 4.95087120e-01
11.14355 4.92423120e-01
11.18212 4.89731040e-01
11.22083 4.86914040e-01
11.25967 4.83782400e-01
11.29865 4.80247200e-01
11.33776 4.76695440e-01
11.37701 4.73166000e-01
11.41639 4.69984320e-01
11.45591 4.66925040e-01
11.49556 4.64042160e-01
11.53536 4.61256480e-01
11.57529 4.58563680e-01
11.61536 4.55688720e-01
11.65556 4.52448720e-01
11.69591 4.49127360e-01
11.73640 4.45487040e-01
11.77702 4.41513000e-01
11.81779 4.37199120e-01
11.85870 4.32747000e-01
11.89975 4.27623480e-01
11.94094 4.21754400e-01
11.98227 4.15130400e-01
12.02375 4.07837880e-01
12.06537 3.99913200e-01
12.10714 3.91403520e-01
12.14905 3.82303440e-01
12.19110 3.72633480e-01
12.23330 3.62393280e-01
12.27565 3.51568692e-01
12.31814 3.40499124e-01
12.36078 3.28914972e-01
12.40357 3.17125836e-01
12.44651 3.04900272e-01
12.48959 2.92568904e-01
12.53283 2.79639000e-01
12.57621 2.66144832e-01
12.61974 2.52647892e-01
12.66343 2.39464548e-01
12.70726 2.26613880e-01
12.75125 2.14555356e-01
12.79539 2.03158332e-01
12.83968 1.91959452e-01
12.88413 1.81301832e-01
12.92873 1.71731268e-01
12.97348 1.63073412e-01
13.01839 1.55470284e-01
13.06345 1.49292720e-01
13.10867 1.43801208e-01
13.15405 1.39292928e-01
13.19959 1.35993168e-01
13.24528 1.33412760e-01
13.29113 1.31083812e-01
13.33713 1.29868308e-01
13.38330 1.29081600e-01
13.42963 1.28395116e-01
13.47612 1.28357676e-01
13.52277 1.28500164e-01
13.56958 1.28401020e-01
13.61655 1.28848716e-01
13.66368 1.29318480e-01
13.71098 1.29189564e-01
13.75844 1.29657384e-01
13.80607 1.29688452e-01
13.85386 1.29557016e-01
13.90182 1.29849696e-01
13.94994 1.29500712e-01
13.99823 1.29131568e-01
14.04668 1.29158064e-01
14.09531 1.28650356e-01
14.14410 1.28459520e-01
14.19306 1.28631168e-01
14.24219 1.28352348e-01
14.29149 1.28814804e-01
14.34096 1.29416724e-01
14.39060 1.29883356e-01
14.44042 1.31250276e-01
14.49041 1.32522984e-01
14.54057 1.34609580e-01
14.59090 1.37383704e-01
14.64141 1.40222664e-01
14.69209 1.44149652e-01
14.74295 1.48230648e-01
14.79398 1.52803368e-01
14.84519 1.58390532e-01
14.89658 1.63852740e-01
14.94814 1.70889120e-01
14.99989 1.77140556e-01
15.05181 1.82804004e-01
15.10392 1.89749844e-01
15.15620 1.96408008e-01
15.20866 2.03413284e-01
15.26131 2.10327588e-01
15.31414 2.17080864e-01
15.36715 2.24027316e-01
15.42034 2.30372964e-01
15.47372 2.36975976e-01
15.52729 2.43153288e-01
15.58103 2.49379992e-01
15.63497 2.55471552e-01
15.68909 2.61095688e-01
15.74340 2.66814432e-01
15.79790 2.72179476e-01
15.85258 2.77649964e-01
15.90746 2.82716208e-01
15.96252 2.87718732e-01
16.01778 2.92655448e-01
16.07323 2.97359064e-01
16.12886 3.02088888e-01
16.18470 3.06393120e-01
16.24072 3.10956732e-01
16.29694 3.15254808e-01
16.35335 3.19228920e-01
16.40996 3.22546932e-01
16.46677 3.25983924e-01
16.52377 3.29196132e-01
16.58097 3.32261244e-01
16.63836 3.35218104e-01
16.69596 3.38294988e-01
16.75375 3.41399700e-01
16.81175 3.44307816e-01
16.86994 3.47375232e-01
16.92834 3.50213868e-01
16.98694 3.53137752e-01
17.04574 3.56041116e-01
17.10474 3.58794972e-01
17.16395 3.61230120e-01
17.22337 3.63663360e-01
17.28299 3.66147360e-01
17.34281 3.68398800e-01
17.40285 3.70713960e-01
17.46309 3.72628080e-01
17.52354 3.74669280e-01
17.58420 3.76461720e-01
17.64507 3.78016560e-01
17.70615 3.79463400e-01
17.76744 3.80982960e-01
17.82894 3.82280760e-01
17.89066 3.83666400e-01
17.95259 3.84467040e-01
18.01473 3.85459920e-01
18.07709 3.86286840e-01
18.13967 3.86842320e-01
18.20246 3.87328680e-01
18.26547 3.87881640e-01
18.32870 3.88018440e-01
18.39214 3.87830520e-01
18.45581 3.87623520e-01
18.51969 3.87462960e-01
18.58380 3.87156960e-01
18.64813 3.86617320e-01
18.71268 3.85876800e-01
18.77746 3.85065360e-01
18.84246 3.84015960e-01
18.90768 3.82933800e-01
18.97313 3.81706560e-01
19.03881 3.80477520e-01
19.10472 3.78915120e-01
19.17085 3.78076680e-01
19.23721 3.75919920e-01
19.30380 3.74609160e-01
19.37062 3.73136400e-01
19.43768 3.71558880e-01
19.50496 3.69857880e-01
19.57248 3.68528760e-01
19.64023 3.66933240e-01
19.70822 3.65674320e-01
19.77644 3.63837960e-01
19.84490 3.61738440e-01
19.91359 3.59990172e-01
19.98252 3.58194888e-01
20.05169 3.56505552e-01
20.12110 3.54970944e-01
20.19076 3.53918088e-01
20.26065 3.52673172e-01
20.33078 3.52107720e-01
20.40116 3.51624744e-01
20.47178 3.51435096e-01
20.54264 3.51470700e-01
20.61375 3.51925776e-01
20.68511 3.52497024e-01
20.75671 3.53145168e-01
20.82856 3.54252312e-01
20.90066 3.54991932e-01
20.97301 3.55934268e-01
21.04561 3.56803920e-01
21.11846 3.57940620e-01
21.19157 3.58918776e-01
21.26492 3.59678700e-01
21.33853 3.60708120e-01
21.41240 3.61642680e-01
21.48652 3.62793240e-01
21.56090 3.63588480e-01
21.63553 3.64725360e-01
21.71043 3.65890320e-01
21.78558 3.66935400e-01
21.86099 3.68061120e-01
21.93666 3.68699040e-01
22.01260 3.69682920e-01
22.08880 3.70622520e-01
22.16526 3.71587680e-01
22.24199 3.72637080e-01
22.31898 3.73671000e-01
22.39624 3.74928120e-01
22.47377 3.75783480e-01
22.55156 3.76762320e-01
22.62962 3.77695440e-01
22.70796 3.78658440e-01
22.78656 3.79793520e-01
22.86544 3.80677680e-01
22.94459 3.81623040e-01
23.02402 3.82545720e-01
23.10372 3.83364720e-01
23.18369 3.84242760e-01
23.26394 3.84707880e-01
23.34447 3.85447320e-01
23.42528 3.86098920e-01
23.50637 3.86404560e-01
23.58774 3.86685720e-01
23.66939 3.86710560e-01
23.75133 3.86795520e-01
23.83354 3.86888400e-01
23.91604 3.86196480e-01
23.99883 3.85662960e-01
24.08191 3.85056720e-01
24.16527 3.84528240e-01
24.24892 3.84146280e-01
24.33286 3.83541840e-01
24.41709 3.83072400e-01
24.50161 3.82548600e-01
24.58642 3.82069440e-01
24.67153 3.81895920e-01
24.75693 3.81600720e-01
24.84263 3.81358440e-01
24.92863 3.81029400e-01
25.01492 3.80337840e-01
25.10151 3.80027880e-01
25.18840 3.79503000e-01
25.27559 3.78378720e-01
25.36309 3.77484120e-01
25.45088 3.76266240e-01
25.53898 3.75079320e-01
25.62739 3.74403960e-01
25.71610 3.73454640e-01
25.80512 3.72565080e-01
25.89444 3.72151080e-01
25.98408 3.71692440e-01
26.07403 3.71127240e-01
26.16428 3.70224000e-01
26.25485 3.68970480e-01
26.34574 3.68147880e-01
26.43694 3.67301880e-01
26.52845 3.66368760e-01
26.62028 3.65848200e-01
26.71243 3.65157360e-01
26.80489 3.64214880e-01
26.89768 3.63543480e-01
26.99079 3.62772360e-01
27.08422 3.61564920e-01
27.17798 3.60950040e-01
27.27205 3.60149040e-01
27.36646 3.58538940e-01
27.46119 3.57609096e-01
27.55625 3.57088464e-01
27.65164 3.57122772e-01
27.74736 3.56737824e-01
27.84341 3.55001292e-01
27.93979 3.53837988e-01
28.03650 3.53432952e-01
28.13355 3.52090800e-01
28.23094 3.50935884e-01
28.32867 3.50013024e-01
28.42673 3.48429528e-01
28.52513 3.47345064e-01
28.62387 3.46514472e-01
28.72295 3.44780892e-01
28.82238 3.43347516e-01
28.92215 3.42260208e-01
29.02227 3.40984764e-01
29.12273 3.40406316e-01
29.22354 3.40214004e-01
29.32470 3.39150384e-01
29.42621 3.37838796e-01
29.52807 3.36469356e-01
29.63029 3.34499904e-01
29.73286 3.33279756e-01
29.83578 3.33065304e-01
29.93906 3.31802028e-01
30.04269 3.30093540e-01
30.14669 3.29550912e-01
30.25104 3.28202820e-01
30.35576 3.26620296e-01
30.46084 3.26153376e-01
30.56628 3.24863064e-01
30.67209 3.22379748e-01
30.77826 3.21174540e-01
30.88481 3.20723100e-01
30.99172 3.19470588e-01
31.09900 3.18419316e-01
31.20665 3.17758428e-01
31.31467 3.16565064e-01
31.42307 3.15564048e-01
31.53184 3.15201132e-01
31.64099 3.13963992e-01
31.75052 3.12166044e-01
31.86043 3.11628420e-01
31.97072 3.11358924e-01
32.08139 3.10522500e-01
32.19244 3.09687768e-01
32.30388 3.08856060e-01
32.41570 3.08024640e-01
32.52791 3.07192140e-01
32.64051 3.06356436e-01
32.75349 3.05515908e-01
32.86687 3.04668000e-01
32.98064 3.03811164e-01
33.09481 3.02934960e-01
33.20937 3.02907960e-01
33.32433 3.02365872e-01
33.43968 3.01452840e-01
33.55544 3.00628188e-01
33.67159 2.99705148e-01
33.78815 2.98271880e-01
33.90511 2.96991720e-01
34.02247 2.96253504e-01
34.14024 2.95086132e-01
34.25842 2.93202684e-01
34.37701 2.91872772e-01
34.49601 2.91248064e-01
34.61542 2.89923300e-01
34.73525 2.87880588e-01
34.85549 2.86309764e-01
34.97614 2.85302232e-01
35.09721 2.84358348e-01
35.21871 2.83462272e-01
35.34062 2.82522996e-01
35.46295 2.81235348e-01
35.58571 2.79714096e-01
35.70889 2.78250372e-01
35.83250 2.76940764e-01
35.95654 2.75749632e-01
36.08101 2.74556844e-01
36.20590 2.73331512e-01
36.33123 2.72258676e-01
36.45700 2.71605528e-01
36.58320 2.71085616e-01
36.70983 2.70222300e-01
36.83691 2.69082468e-01
36.96442 2.67893964e-01
37.09238 2.66917176e-01
37.22077 2.65926744e-01
37.34962 2.64865140e-01
37.47890 2.63771316e-01
37.60864 2.62654308e-01
37.73883 2.61549828e-01
37.86946 2.60459676e-01
38.00055 2.59391880e-01
38.13209 2.58346620e-01
38.26409 2.57332968e-01
38.39654 2.56362444e-01
38.52946 2.55460644e-01
38.66283 2.54639844e-01
38.79667 2.53909800e-01
38.93096 2.53239444e-01
39.06573 2.52595692e-01
39.20096 2.51955576e-01
39.33665 2.51259840e-01
39.47282 2.50483428e-01
39.60946 2.49600024e-01
39.74657 2.48626152e-01
39.88416 2.47583700e-01
40.02222 2.46479112e-01
40.16076 2.45352492e-01
40.29978 2.44229076e-01
40.43928 2.43120492e-01
40.57926 2.42048916e-01
40.71973 2.41020396e-01
40.86069 2.40002064e-01
41.00213 2.38977216e-01
41.14406 2.37937212e-01
41.28648 2.36882412e-01
41.42940 2.35808460e-01
41.57281 2.34711324e-01
41.71672 2.33587620e-01
41.86113 2.32449300e-01
42.00603 2.31303204e-01
42.15144 2.30156280e-01
42.29735 2.29002516e-01
42.44377 2.27854512e-01
42.59069 2.26706328e-01
42.73812 2.25557496e-01
42.88606 2.24421048e-01
43.03451 2.23305516e-01
43.18348 2.22205896e-01
43.33297 2.21136912e-01
43.48297 2.20114296e-01
43.63349 2.19149856e-01
43.78453 2.18232072e-01
43.93609 2.17361268e-01
44.08818 2.16536112e-01
44.24079 2.15745840e-01
44.39394 2.14980048e-01
44.54761 2.14233660e-01
44.70182 2.13493068e-01
44.85655 2.12749416e-01
45.01183 2.11997412e-01
45.16764 2.11245696e-01
45.32399 2.10495960e-01
45.48089 2.09748456e-01
45.63832 2.09008656e-01
45.79630 2.08277820e-01
45.95483 2.07552132e-01
46.11391 2.06833428e-01
46.27353 2.06118288e-01
46.43371 2.05396092e-01
46.59445 2.04664536e-01
46.75574 2.03925492e-01
46.91759 2.03182200e-01
47.08000 2.02431528e-01
47.24297 2.01678552e-01
47.40650 2.00930256e-01
47.57060 2.00185812e-01
47.73527 1.99438452e-01
47.90051 1.98689616e-01
48.06633 1.97941428e-01
48.23271 1.97190828e-01
48.39967 1.96432956e-01
48.56721 1.95663564e-01
48.73533 1.94881464e-01
48.90403 1.94086080e-01
49.07332 1.93273632e-01
49.24319 1.92448440e-01
49.41365 1.91612988e-01
49.58470 1.90768212e-01
49.75634 1.89915804e-01
49.92858 1.89059148e-01
50.10141 1.88197956e-01
50.27484 1.87334964e-01
50.44887 1.86467976e-01
50.62350 1.85597136e-01
50.79874 1.84719564e-01
50.97458 1.83835764e-01
51.15104 1.82945880e-01
51.32810 1.82047464e-01
51.50578 1.81139364e-01
51.68407 1.80222768e-01
51.86298 1.79297604e-01
52.04250 1.78366788e-01
52.22265 1.77431688e-01
52.40343 1.76494896e-01
52.58482 1.75555476e-01
52.76685 1.74616740e-01
52.94951 1.73681856e-01
53.13280 1.72750932e-01
53.31672 1.71826668e-01
53.50128 1.70912088e-01
53.68648 1.70008992e-01
53.87232 1.69114572e-01
54.05880 1.68227280e-01
54.24593 1.67344416e-01
54.43371 1.66466304e-01
54.62214 1.65590136e-01
54.81122 1.64715156e-01
55.00095 1.63841940e-01
55.19134 1.62977148e-01
55.38239 1.62121644e-01
55.57410 1.61279244e-01
55.76647 1.60449588e-01
55.95951 1.59632892e-01
56.15322 1.58832900e-01
56.34760 1.58046696e-01
56.54265 1.57278240e-01
56.73838 1.56523788e-01
56.93479 1.55780424e-01
57.13187 1.55045304e-01
57.32964 1.54314540e-01
57.52809 1.53583380e-01
57.72723 1.52851356e-01
57.92705 1.52114112e-01
58.12757 1.51368480e-01
58.32879 1.50618420e-01
58.53070 1.49862636e-01
58.73331 1.49104980e-01
58.93662 1.48345848e-01
59.14063 1.47588516e-01
59.34535 1.46838528e-01
59.55078 1.46096892e-01
59.75692 1.45367280e-01
59.96377 1.44649908e-01
60.17134 1.43943696e-01
60.37963 1.43248572e-01
60.58864 1.42563024e-01
60.79837 1.41885756e-01
61.00883 1.41214644e-01
61.22002 1.40547600e-01
61.43194 1.39880628e-01
61.64459 1.39214628e-01
61.85797 1.38548448e-01
62.07210 1.37880792e-01
62.28697 1.37213496e-01
62.50258 1.36546524e-01
62.71894 1.35883728e-01
62.93605 1.35227196e-01
63.15390 1.34576244e-01
63.37252 1.33933212e-01
63.59189 1.33295148e-01
63.81201 1.32661152e-01
64.03290 1.32030288e-01
64.25456 1.31399856e-01
64.47698 1.30766652e-01
64.70017 1.30126788e-01
64.92414 1.29477672e-01
65.14888 1.28814660e-01
65.37440 1.28135412e-01
65.60070 1.27440936e-01
65.82778 1.26728712e-01
66.05565 1.26001728e-01
66.28430 1.25264988e-01
66.51375 1.24520076e-01
66.74400 1.23773436e-01
66.97504 1.23028920e-01
67.20688 1.22288112e-01
67.43952 1.21555080e-01
67.67297 1.20831804e-01
67.90722 1.20119472e-01
68.14229 1.19418840e-01
68.37817 1.18730484e-01
68.61486 1.18054224e-01
68.85238 1.17387900e-01
69.09072 1.16728308e-01
69.32988 1.16074872e-01
69.56987 1.15425072e-01
69.81069 1.14779268e-01
70.05235 1.14137496e-01
70.29484 1.13494860e-01
70.53817 1.12853736e-01
70.78235 1.12211856e-01
71.02737 1.11566628e-01
71.27323 1.10921544e-01
71.51995 1.10277360e-01
71.76752 1.09630080e-01
72.01595 1.08983736e-01
72.26524 1.08340308e-01
72.51539 1.07699724e-01
72.76641 1.07065260e-01
73.01830 1.06436448e-01
73.27106 1.05812532e-01
73.52469 1.05192360e-01
73.77920 1.04577372e-01
74.03460 1.03969332e-01
74.29087 1.03366764e-01
74.54804 1.02765996e-01
74.80609 1.02171564e-01
75.06504 1.01584548e-01
75.32488 1.01003076e-01
75.58563 1.00428336e-01
75.84727 9.98609760e-02
76.10982 9.92987280e-02
76.37328 9.87418440e-02
76.63766 9.81929160e-02
76.90295 9.76508280e-02
77.16915 9.71175600e-02
77.43628 9.66040200e-02
77.70433 9.60942600e-02
77.97331 9.55872720e-02
78.24322 9.50839560e-02
78.51407 9.45839160e-02
78.78585 9.40886280e-02
79.05857 9.35979480e-02
79.33224 9.31114440e-02
79.60686 9.26295120e-02
79.88242 9.21849120e-02
80.15894 9.17691840e-02
80.43642 9.13030920e-02
80.71486 9.08393040e-02
80.99426 9.03799080e-02
81.27463 8.99261280e-02
81.55596 8.94774240e-02
81.83828 8.90333280e-02
82.12157 8.85944520e-02
82.40584 8.81623440e-02
82.69109 8.77386240e-02
82.97733 8.73234000e-02
83.26457 8.69144400e-02
83.55279 8.65092240e-02
83.84202 8.61072120e-02
84.13225 8.57095920e-02
84.42348 8.53180560e-02
84.71572 8.49335760e-02
85.00897 8.45548560e-02
85.30323 8.41802760e-02
85.59852 8.38077120e-02
85.89482 8.34368760e-02
86.19215 8.30673360e-02
86.49052 8.26983360e-02
86.78991 8.23289040e-02
87.09034 8.19567000e-02
87.39181 8.15826960e-02
87.69432 8.12075760e-02
87.99789 8.08312320e-02
88.30250 8.04531960e-02
88.60816 8.00729640e-02
88.91489 7.96891320e-02
89.22267 7.93030680e-02
89.53153 7.89156000e-02
89.84145 7.85270520e-02
90.15244 7.81359480e-02
90.46451 7.77404160e-02
90.77766 7.73432280e-02
91.09190 7.69455360e-02
91.40722 7.65482040e-02
91.72363 7.61511960e-02
92.04114 7.57528920e-02
92.35975 7.53547320e-02
92.67946 7.49574720e-02
93.00028 7.45617960e-02
93.32221 7.41680640e-02
93.64525 7.37768520e-02
93.96941 7.33880160e-02
94.29469 7.30014120e-02
94.62110 7.26159240e-02
94.94864 7.22318040e-02
95.27731 7.18501320e-02
95.60712 7.14713760e-02
95.93807 7.10949960e-02
96.27017 7.07188320e-02
96.60342 7.03433520e-02
96.93782 6.99688080e-02
97.27338 6.95947680e-02
97.61010 6.92210160e-02
97.94798 6.88471920e-02
98.28704 6.84728640e-02
98.62727 6.80965200e-02
98.96867 6.77202840e-02
99.31126 6.73445160e-02
99.65504 6.69695040e-02
100.00000 6.65954280e-02
