        2000  3.000000 3.710000
0.10000 7.93202007e-01
0.10035 7.93062214e-01
0.10069 7.92918414e-01
0.10104 7.92770756e-01
0.10139 7.90141999e-01
0.10174 7.51745873e-01
0.10210 7.38336449e-01
0.10245 7.34713857e-01
0.10280 7.34558779e-01
0.10316 7.34380550e-01
0.10352 7.34110908e-01
0.10387 7.33833103e-01
0.10423 7.33546839e-01
0.10459 7.33252414e-01
0.10496 7.32949678e-01
0.10532 7.32638631e-01
0.10568 7.32319126e-01
0.10605 7.31991310e-01
0.10642 7.31655036e-01
0.10679 7.31310451e-01
0.10716 7.30957259e-01
0.10753 7.30595757e-01
0.10790 7.30225796e-01
0.10827 7.29847227e-01
0.10865 7.29460200e-01
0.10902 7.29064714e-01
0.10940 7.28660472e-01
0.10978 7.28247920e-01
0.11016 7.27826613e-01
0.11054 7.27396846e-01
0.11092 7.26958473e-01
0.11131 7.26511492e-01
0.11169 7.26055904e-01
0.11208 7.25591560e-01
0.11247 7.25118610e-01
0.11286 7.24480786e-01
0.11325 7.23820406e-01
0.11364 7.23145335e-01
0.11403 7.22455423e-01
0.11443 7.21750968e-01
0.11482 7.21031674e-01
0.11522 7.20297539e-01
0.11562 7.19548712e-01
0.11602 7.18785046e-01
0.11642 7.18006688e-01
0.11682 7.17213490e-01
0.11723 7.16405452e-01
0.11763 7.15582574e-01
0.11804 7.14745004e-01
0.11845 7.13892446e-01
0.11886 7.13025345e-01
0.11927 7.12143256e-01
0.11968 7.11246474e-01
0.12010 7.10334853e-01
0.12051 7.09408540e-01
0.12093 7.08467388e-01
0.12135 7.07511543e-01
0.12177 7.06540859e-01
0.12219 7.05555483e-01
0.12262 7.04555564e-01
0.12304 7.03540953e-01
0.12347 7.02511650e-01
0.12389 7.03365841e-01
0.12432 7.08333976e-01
0.12475 7.12987800e-01
0.12518 7.16084760e-01
0.12562 7.17395874e-01
0.12605 7.18678940e-01
0.12649 7.19175190e-01
0.12693 7.18955112e-01
0.12737 7.18733551e-01
0.12781 7.18671223e-01
0.12825 7.18725538e-01
0.12869 7.18780000e-01
0.12914 7.18779110e-01
0.12959 7.18742752e-01
0.13003 7.18706394e-01
0.13048 7.18558884e-01
0.13094 7.18339846e-01
0.13139 7.18119324e-01
0.13184 7.17951928e-01
0.13230 7.17822969e-01
0.13276 7.17693416e-01
0.13322 7.17532105e-01
0.13368 7.17340817e-01
0.13414 7.17148491e-01
0.13461 7.16950525e-01
0.13507 7.16632652e-01
0.13554 7.16312108e-01
0.13601 7.15988893e-01
0.13648 7.15492050e-01
0.13695 7.14971166e-01
0.13743 7.14444643e-01
0.13790 7.13840506e-01
0.13838 7.13203128e-01
0.13886 7.12558034e-01
0.13934 7.11686184e-01
0.13982 7.10606870e-01
0.14031 7.09508710e-01
0.14079 7.08292721e-01
0.14128 7.06814805e-01
0.14177 7.05306319e-01
0.14226 7.03766818e-01
0.14275 7.02179680e-01
0.14324 7.00561526e-01
0.14374 6.98912505e-01
0.14424 6.96763525e-01
0.14474 6.94368349e-01
0.14524 6.91916039e-01
0.14574 6.88720096e-01
0.14625 6.84165107e-01
0.14675 6.79444503e-01
0.14726 6.74560807e-01
0.14777 6.71279386e-01
0.14828 6.67986242e-01
0.14879 6.64627505e-01
0.14931 6.59550296e-01
0.14983 6.52878974e-01
0.15034 6.45996627e-01
0.15087 6.38941394e-01
0.15139 6.32118259e-01
0.15191 6.25130103e-01
0.15244 6.17984346e-01
0.15297 6.10442658e-01
0.15349 6.02548817e-01
0.15403 5.94505240e-01
0.15456 5.86321425e-01
0.15509 5.77060820e-01
0.15563 5.66871231e-01
0.15617 5.56527157e-01
0.15671 5.46046556e-01
0.15725 5.34969980e-01
0.15780 5.23756134e-01
0.15834 5.12452357e-01
0.15889 5.01121275e-01
0.15944 4.89843172e-01
0.15999 4.78533608e-01
0.16055 4.67210688e-01
0.16110 4.56985631e-01
0.16166 4.47517118e-01
0.16222 4.38071012e-01
0.16278 4.28656368e-01
0.16335 4.12923594e-01
0.16391 3.96332177e-01
0.16448 3.80008919e-01
0.16505 3.65084776e-01
0.16562 3.60655184e-01
0.16619 3.55593706e-01
0.16677 3.51469670e-01
0.16734 3.43183162e-01
0.16792 3.18721203e-01
0.16851 2.93852034e-01
0.16909 2.71615333e-01
0.16967 2.53341357e-01
0.17026 2.46608449e-01
0.17085 2.40149932e-01
0.17144 2.32310257e-01
0.17204 2.26847060e-01
0.17263 2.22617511e-01
0.17323 2.18349824e-01
0.17383 2.12582110e-01
0.17443 2.02605178e-01
0.17503 1.83186147e-01
0.17564 1.65813553e-01
0.17625 1.48374787e-01
0.17686 1.35483843e-01
0.17747 1.30438629e-01
0.17808 1.25554443e-01
0.17870 1.20827977e-01
0.17932 1.14320697e-01
0.17994 9.97310476e-02
0.18056 8.68145046e-02
0.18119 7.54211984e-02
0.18182 6.54049404e-02
0.18244 5.94366338e-02
0.18308 5.70372135e-02
0.18371 5.47279463e-02
0.18435 5.25058492e-02
0.18498 4.94408253e-02
0.18562 4.35655654e-02
0.18627 3.83527780e-02
0.18691 3.37349558e-02
0.18756 2.96493702e-02
0.18821 2.63061557e-02
0.18886 2.33498941e-02
0.18951 2.07158238e-02
0.19017 1.83690410e-02
0.19083 1.72305608e-02
0.19149 1.69850181e-02
0.19215 1.67423693e-02
0.19282 1.65033859e-02
0.19348 1.62885027e-02
0.19415 1.62874788e-02
0.19483 1.62873600e-02
0.19550 1.62860690e-02
0.19618 1.62851637e-02
0.19686 1.60214272e-02
0.19754 1.55754110e-02
0.19822 1.51416378e-02
0.19891 1.47188581e-02
0.19960 1.43077708e-02
0.20029 1.20598551e-02
0.20098 1.01455945e-02
0.20168 8.52950518e-03
0.20237 7.16738610e-03
0.20307 6.40782444e-03
0.20378 6.48933166e-03
0.20448 6.57166992e-03
0.20519 6.65534971e-03
0.20590 6.74140242e-03
0.20661 5.15646964e-03
0.20733 3.26548116e-03
0.20805 2.06476934e-03
0.20877 1.30398843e-03
0.20949 8.22620526e-04
0.21021 7.97595240e-04
0.21094 8.69484356e-04
0.21167 9.52149537e-04
0.21240 1.03253203e-03
0.21314 1.12556161e-03
0.21388 2.23772063e-04
0.21462 2.23787200e-04
0.21536 2.23801892e-04
0.21611 2.23817177e-04
0.21685 2.23832165e-04
0.21760 2.23847154e-04
0.21836 2.23862290e-04
0.21911 2.23877576e-04
0.21987 2.23892712e-04
0.22063 2.23907701e-04
0.22140 2.23922689e-04
0.22216 3.00652316e-04
0.22293 1.43876575e-03
0.22370 1.37626412e-02
0.22448 1.62881466e-01
0.22526 5.64828060e-01
0.22604 1.61862106e-01
0.22682 3.46701132e-02
0.22760 6.44912565e-03
0.22839 1.43401235e-03
0.22918 3.53171224e-04
0.22998 4.91867942e-04
0.23077 2.50131020e-04
0.23157 2.82731532e-04
0.23237 5.01250828e-04
0.23318 8.19672263e-04
0.23398 3.73701622e-04
0.23479 2.45961573e-04
0.23561 3.20351525e-04
0.23642 2.65798795e-04
0.23724 2.44363454e-04
0.23806 4.46567951e-04
0.23889 2.50617178e-04
0.23971 2.36508345e-04
0.24054 9.38014288e-04
0.24137 2.49632396e-04
0.24221 1.53485668e-03
0.24305 3.95042136e-04
0.24389 2.37819756e-04
0.24473 6.16163626e-04
0.24558 2.30209210e-04
0.24643 2.34955339e-04
0.24728 2.91589528e-04
0.24814 1.33071274e-03
0.24900 5.97167388e-04
0.24986 4.97232008e-04
0.25073 3.29227329e-04
0.25159 5.50307120e-04
0.25246 3.07642698e-04
0.25334 4.43263083e-04
0.25422 3.67569289e-04
0.25510 4.92253633e-04
0.25598 5.95420274e-04
0.25687 4.99835834e-04
0.25775 2.45272107e-04
0.25865 4.56469793e-04
0.25954 4.50235064e-04
0.26044 2.65740919e-04
0.26134 2.31481888e-04
0.26225 3.53292764e-04
0.26315 2.26733534e-04
0.26406 2.26737986e-04
0.26498 2.28992182e-04
0.26590 2.30399756e-04
0.26682 3.31298845e-04
0.26774 3.01807610e-03
0.26867 2.83148536e-02
0.26960 4.37267426e-02
0.27053 5.04687327e-02
0.27147 5.43588458e-02
0.27241 6.02639192e-02
0.27335 6.62513102e-02
0.27430 7.12331427e-02
0.27525 7.90021498e-02
0.27620 8.42797732e-02
0.27715 9.03246691e-02
0.27811 9.57291003e-02
0.27908 1.01845139e-01
0.28004 1.09124263e-01
0.28101 1.12362603e-01
0.28198 1.14714061e-01
0.28296 1.18624416e-01
0.28394 1.22807990e-01
0.28492 1.24353442e-01
0.28591 1.30703686e-01
0.28690 1.34465581e-01
0.28789 1.36325775e-01
0.28889 1.39791880e-01
0.28989 1.42957846e-01
0.29089 1.50242386e-01
0.29190 1.54650905e-01
0.29291 1.57885728e-01
0.29392 1.60009035e-01
0.29494 1.63692768e-01
0.29596 1.67937899e-01
0.29699 1.72931410e-01
0.29801 1.73974514e-01
0.29905 1.77521868e-01
0.30008 1.83756300e-01
0.30112 1.84781892e-01
0.30216 1.88387864e-01
0.30321 1.94408600e-01
0.30426 1.96519442e-01
0.30531 1.99767176e-01
0.30637 2.02023895e-01
0.30743 2.04889202e-01
0.30849 2.08437743e-01
0.30956 2.11931821e-01
0.31063 2.16122192e-01
0.31171 2.15311631e-01
0.31279 2.18299220e-01
0.31387 2.22021240e-01
0.31496 2.22726437e-01
0.31605 2.25033612e-01
0.31714 2.28448889e-01
0.31824 2.30530199e-01
0.31934 2.31752867e-01
0.32044 2.35256739e-01
0.32155 2.37781468e-01
0.32267 2.38417214e-01
0.32378 2.42201414e-01
0.32490 2.44511557e-01
0.32603 2.45615950e-01
0.32716 2.49601677e-01
0.32829 2.51248472e-01
0.32943 2.53110595e-01
0.33057 2.57361364e-01
0.33171 2.58894040e-01
0.33286 2.61007404e-01
0.33401 2.65338013e-01
0.33517 2.66861784e-01
0.33633 2.68641842e-01
0.33749 2.73027210e-01
0.33866 2.74890076e-01
0.33983 2.76461483e-01
0.34101 2.80438900e-01
0.34219 2.83195282e-01
0.34337 2.84950260e-01
0.34456 2.87279992e-01
0.34576 2.89295560e-01
0.34695 2.90260754e-01
0.34815 2.91730062e-01
0.34936 2.94303318e-01
0.35057 2.95570654e-01
0.35178 2.96721200e-01
0.35300 2.98282516e-01
0.35422 3.00188862e-01
0.35545 3.01461392e-01
0.35668 3.01918316e-01
0.35791 3.03598056e-01
0.35915 3.06208560e-01
0.36039 3.06346424e-01
0.36164 3.08063560e-01
0.36289 3.11570400e-01
0.36415 3.11302835e-01
0.36541 3.11764211e-01
0.36668 3.15802175e-01
0.36795 3.16576081e-01
0.36922 3.17059420e-01
0.37050 3.20033356e-01
0.37178 3.22417253e-01
0.37307 3.22503474e-01
0.37436 3.24139880e-01
0.37565 3.26473470e-01
0.37695 3.27162046e-01
0.37826 3.28411723e-01
0.37957 3.30776328e-01
0.38088 3.32577162e-01
0.38220 3.35110499e-01
0.38352 3.36254514e-01
0.38485 3.36519854e-01
0.38618 3.38848250e-01
0.38752 3.40130722e-01
0.38886 3.40533925e-01
0.39021 3.40956717e-01
0.39156 3.43107330e-01
0.39291 3.42846146e-01
0.39427 3.42907880e-01
0.39564 3.44405533e-01
0.39701 3.46439652e-01
0.39838 3.46110500e-01
0.39976 3.46326274e-01
0.40115 3.47808493e-01
0.40253 3.48895226e-01
0.40393 3.49114858e-01
0.40533 3.50111810e-01
0.40673 3.51272149e-01
0.40814 3.51393095e-01
0.40955 3.52471518e-01
0.41097 3.54088781e-01
0.41239 3.54323402e-01
0.41382 3.53792426e-01
0.41525 3.56139076e-01
0.41669 3.58453967e-01
0.41813 3.57404334e-01
0.41958 3.56276197e-01
0.42103 3.59550346e-01
0.42249 3.62277493e-01
0.42395 3.60523405e-01
0.42542 3.59688952e-01
0.42689 3.63208555e-01
0.42837 3.65327410e-01
0.42985 3.63509065e-01
0.43134 3.63421954e-01
0.43283 3.66266782e-01
0.43433 3.67812071e-01
0.43583 3.67482030e-01
0.43734 3.67586206e-01
0.43886 3.68698464e-01
0.44037 3.69666032e-01
0.44190 3.71492836e-01
0.44343 3.71568669e-01
0.44496 3.71133412e-01
0.44650 3.72049188e-01
0.44805 3.73311330e-01
0.44960 3.73013788e-01
0.45116 3.73205818e-01
0.45272 3.73796746e-01
0.45429 3.73575482e-01
0.45586 3.74809873e-01
0.45744 3.76577466e-01
0.45902 3.75436270e-01
0.46061 3.74590390e-01
0.46220 3.76484864e-01
0.46380 3.78088326e-01
0.46541 3.77693434e-01
0.46702 3.77626060e-01
0.46864 3.76500891e-01
0.47026 3.78470901e-01
0.47189 3.80780154e-01
0.47352 3.78739654e-01
0.47516 3.78834333e-01
0.47680 3.80180321e-01
0.47845 3.81378651e-01
0.48011 3.82189954e-01
0.48177 3.81386368e-01
0.48344 3.80657872e-01
0.48511 3.82852708e-01
0.48679 3.83480440e-01
0.48848 3.82919636e-01
0.49017 3.84214723e-01
0.49186 3.84022694e-01
0.49357 3.85353248e-01
0.49528 3.85253820e-01
0.49699 3.84509594e-01
0.49871 3.86297666e-01
0.50044 3.86898537e-01
0.50217 3.87245496e-01
0.50391 3.86897202e-01
0.50565 3.86936528e-01
0.50740 3.88782475e-01
0.50916 3.89421040e-01
0.51092 3.88655593e-01
0.51269 3.88172254e-01
0.51446 3.89000178e-01
0.51625 3.90811548e-01
0.51803 3.91329910e-01
0.51983 3.90100119e-01
0.52163 3.88821356e-01
0.52343 3.88923307e-01
0.52524 3.90153988e-01
0.52706 3.91349202e-01
0.52889 3.90641630e-01
0.53072 3.89279170e-01
0.53255 3.89588732e-01
0.53440 3.90170460e-01
0.53625 3.90930268e-01
0.53810 3.91004468e-01
0.53997 3.90099080e-01
0.54183 3.90133360e-01
0.54371 3.90002175e-01
0.54559 3.90376143e-01
0.54748 3.91448778e-01
0.54938 3.91282422e-01
0.55128 3.91210002e-01
0.55319 3.91494337e-01
0.55510 3.90035862e-01
0.55702 3.89779575e-01
0.55895 3.91564678e-01
0.56089 3.92401061e-01
0.56283 3.92338139e-01
0.56478 3.92016853e-01
0.56673 3.90826537e-01
0.56869 3.90001581e-01
0.57066 3.91539005e-01
0.57264 3.93459153e-01
0.57462 3.92971362e-01
0.57661 3.91401884e-01
0.57860 3.90901034e-01
0.58061 3.90719689e-01
0.58262 3.92353128e-01
0.58463 3.94716694e-01
0.58666 3.93826443e-01
0.58869 3.91638433e-01
0.59073 3.91040233e-01
0.59277 3.90923887e-01
0.59482 3.92445729e-01
0.59688 3.94780803e-01
0.59895 3.93923645e-01
0.60102 3.92527349e-01
0.60310 3.92451517e-01
0.60519 3.92134831e-01
0.60728 3.92939604e-01
0.60939 3.94424346e-01
0.61150 3.93271724e-01
0.61361 3.92602588e-01
0.61574 3.93439119e-01
0.61787 3.93067080e-01
0.62001 3.93387030e-01
0.62215 3.94010310e-01
0.62431 3.92587896e-01
0.62647 3.92134238e-01
0.62864 3.93147364e-01
0.63081 3.92249396e-01
0.63300 3.91939388e-01
0.63519 3.91616470e-01
0.63739 3.90288438e-01
0.63959 3.90688822e-01
0.64181 3.92299258e-01
0.64403 3.92143587e-01
0.64626 3.91775555e-01
0.64849 3.90422740e-01
0.65074 3.88856972e-01
0.65299 3.88449466e-01
0.65525 3.89294010e-01
0.65752 3.90611060e-01
0.65980 3.90704552e-01
0.66208 3.89475206e-01
0.66437 3.88359832e-01
0.66667 3.87066971e-01
0.66898 3.87414376e-01
0.67130 3.88880716e-01
0.67362 3.89099458e-01
0.67595 3.88738994e-01
0.67829 3.87315986e-01
0.68064 3.86078182e-01
0.68299 3.85798003e-01
0.68536 3.86104746e-01
0.68773 3.87273989e-01
0.69011 3.87892075e-01
0.69250 3.87461122e-01
0.69490 3.86625184e-01
0.69730 3.85649158e-01
0.69972 3.85255898e-01
0.70214 3.84663485e-01
0.70457 3.84954349e-01
0.70701 3.85871312e-01
0.70946 3.85972670e-01
0.71191 3.85923846e-01
0.71438 3.86034552e-01
0.71685 3.85804829e-01
0.71933 3.84125238e-01
0.72182 3.83141198e-01
0.72432 3.84081015e-01
0.72683 3.84861747e-01
0.72934 3.85194163e-01
0.73187 3.86085602e-01
0.73440 3.86252107e-01
0.73694 3.83705266e-01
0.73949 3.81814650e-01
0.74205 3.82272464e-01
0.74462 3.83741327e-01
0.74720 3.84840526e-01
0.74979 3.85912419e-01
0.75238 3.86163215e-01
0.75499 3.84188160e-01
0.75760 3.81413525e-01
0.76022 3.79950598e-01
0.76285 3.81118209e-01
0.76549 3.82937593e-01
0.76814 3.84425006e-01
0.77080 3.85868790e-01
0.77347 3.85636395e-01
0.77615 3.82410773e-01
0.77884 3.80045574e-01
0.78153 3.79006180e-01
0.78424 3.79214088e-01
0.78695 3.80822002e-01
0.78968 3.82134600e-01
0.79241 3.82520144e-01
0.79515 3.81703202e-01
0.79790 3.79401666e-01
0.80067 3.77911433e-01
0.80344 3.77073567e-01
0.80622 3.76806002e-01
0.80901 3.78037870e-01
0.81181 3.79143450e-01
0.81462 3.79203107e-01
0.81744 3.78303061e-01
0.82027 3.77128772e-01
0.82311 3.76140279e-01
0.82596 3.74726472e-01
0.82882 3.73559010e-01
0.83169 3.73854771e-01
0.83457 3.74706587e-01
0.83745 3.74976823e-01
0.84035 3.74583266e-01
0.84326 3.75116171e-01
0.84618 3.75062598e-01
0.84911 3.73777603e-01
0.85205 3.72010456e-01
0.85500 3.70696967e-01
0.85796 3.70399425e-01
0.86093 3.70041781e-01
0.86391 3.69719456e-01
0.86690 3.70477038e-01
0.86990 3.71613040e-01
0.87291 3.72158856e-01
0.87593 3.70849522e-01
0.87897 3.68808726e-01
0.88201 3.67853178e-01
0.88506 3.67148278e-01
0.88813 3.66213358e-01
0.89120 3.65595717e-01
0.89428 3.66931169e-01
0.89738 3.68931007e-01
0.90049 3.69028951e-01
0.90360 3.67389576e-01
0.90673 3.65413037e-01
0.90987 3.64031730e-01
0.91302 3.63142814e-01
0.91618 3.62025362e-01
0.91935 3.61338121e-01
0.92253 3.62797784e-01
0.92573 3.65476404e-01
0.92893 3.66001591e-01
0.93215 3.64868260e-01
0.93537 3.63242538e-01
0.93861 3.61806620e-01
0.94186 3.60773459e-01
0.94512 3.59378796e-01
0.94839 3.58265796e-01
0.95168 3.58564080e-01
0.95497 3.60292050e-01
0.95828 3.61767294e-01
0.96159 3.61350142e-01
0.96492 3.60482298e-01
0.96826 3.59645619e-01
0.97161 3.59015216e-01
0.97498 3.58878540e-01
0.97835 3.57491000e-01
0.98174 3.56727927e-01
0.98514 3.57216163e-01
0.98855 3.57724581e-01
0.99197 3.57736453e-01
0.99540 3.57770140e-01
0.99885 3.57447518e-01
1.00231 3.57017455e-01
1.00578 3.56880482e-01
1.00926 3.57301493e-01
1.01275 3.56658179e-01
1.01626 3.55900745e-01
1.01978 3.55660189e-01
1.02330 3.54388104e-01
1.02685 3.54028976e-01
1.03040 3.54934068e-01
1.03397 3.55302248e-01
1.03755 3.55432395e-01
1.04114 3.55542804e-01
1.04474 3.55612849e-01
1.04836 3.56021543e-01
1.05199 3.56123939e-01
1.05563 3.54612782e-01
1.05928 3.51999161e-01
1.06295 3.49450984e-01
1.06663 3.48775616e-01
1.07032 3.49863982e-01
1.07403 3.51035600e-01
1.07775 3.51689153e-01
1.08148 3.51804312e-01
1.08522 3.52203804e-01
1.08898 3.53567600e-01
1.09275 3.54313459e-01
1.09653 3.52811502e-01
1.10032 3.49158785e-01
1.10413 3.45271298e-01
1.10796 3.43578203e-01
1.11179 3.44308479e-01
1.11564 3.45911644e-01
1.11950 3.47097954e-01
1.12338 3.47471180e-01
1.12726 3.47392231e-01
1.13117 3.48807077e-01
1.13508 3.51062757e-01
1.13901 3.50923854e-01
1.14295 3.48222232e-01
1.14691 3.43988826e-01
1.15088 3.40476346e-01
1.15487 3.39076934e-01
1.15886 3.39645751e-01
1.16287 3.41107491e-01
1.16690 3.41763716e-01
1.17094 3.41595579e-01
1.17499 3.42071498e-01
1.17906 3.43437965e-01
1.18314 3.45511706e-01
1.18724 3.45868312e-01
1.19135 3.43569447e-01
1.19547 3.39939880e-01
1.19961 3.36620320e-01
1.20376 3.34770218e-01
1.20793 3.34269813e-01
1.21211 3.34569729e-01
1.21630 3.34770366e-01
1.22052 3.34552515e-01
1.22474 3.35096104e-01
1.22898 3.36418348e-01
1.23323 3.37861835e-01
1.23750 3.39118041e-01
1.24179 3.39137333e-01
1.24609 3.37277584e-01
1.25040 3.34616920e-01
1.25473 3.32249050e-01
1.25907 3.30537404e-01
1.26343 3.29325273e-01
1.26780 3.28156178e-01
1.27219 3.26807519e-01
1.27659 3.26301475e-01
1.28101 3.26886319e-01
1.28545 3.28029444e-01
1.28990 3.29006065e-01
1.29436 3.29980311e-01
1.29884 3.30857652e-01
1.30334 3.31010058e-01
1.30785 3.30340478e-01
1.31238 3.28997309e-01
1.31692 3.27450833e-01
1.32148 3.25705204e-01
1.32605 3.23555036e-01
1.33064 3.20988606e-01
1.33525 3.19062226e-01
1.33987 3.18436275e-01
1.34451 3.18785312e-01
1.34916 3.19273696e-01
1.35383 3.19791909e-01
1.35852 3.20476923e-01
1.36322 3.21663826e-01
1.36794 3.23500722e-01
1.37268 3.24221055e-01
1.37743 3.23768584e-01
1.38220 3.22636292e-01
1.38698 3.20689729e-01
1.39178 3.17634766e-01
1.39660 3.14425171e-01
1.40144 3.11823571e-01
1.40629 3.10218773e-01
1.41115 3.10091594e-01
1.41604 3.10324286e-01
1.42094 3.10257209e-01
1.42586 3.10935990e-01
1.43080 3.12181660e-01
1.43575 3.14718113e-01
1.44072 3.17326688e-01
1.44571 3.18319187e-01
1.45071 3.18171529e-01
1.45573 3.16859080e-01
1.46077 3.14009503e-01
1.46583 3.10378303e-01
1.47090 3.06308878e-01
1.47599 3.03356460e-01
1.48110 3.02139432e-01
1.48623 3.01318632e-01
1.49137 3.00992003e-01
1.49654 3.01027322e-01
1.50172 3.01052996e-01
1.50692 3.02513697e-01
1.51213 3.05486742e-01
1.51737 3.08448510e-01
1.52262 3.10451019e-01
1.52789 3.11444112e-01
1.53318 3.11153842e-01
1.53849 3.08816393e-01
1.54381 3.05021805e-01
1.54916 3.00925817e-01
1.55452 2.96299447e-01
1.55990 2.93150399e-01
1.56530 2.90429040e-01
1.57072 2.88777199e-01
1.57615 2.87066444e-01
1.58161 2.84841334e-01
1.58709 2.83851210e-01
1.59258 2.83895433e-01
1.59809 2.85322447e-01
1.60362 2.86928135e-01
1.60918 2.87592077e-01
1.61475 2.86960041e-01
1.62034 2.83859520e-01
1.62594 2.79265204e-01
1.63157 2.75094422e-01
1.63722 2.71136149e-01
1.64289 2.67573956e-01
1.64857 2.65105767e-01
1.65428 2.63452146e-01
1.66001 2.62718011e-01
1.66575 2.62117139e-01
1.67152 2.60011492e-01
1.67731 2.57877203e-01
1.68311 2.56592504e-01
1.68894 2.57019599e-01
1.69478 2.60030338e-01
1.70065 2.62053921e-01
1.70654 2.61166786e-01
1.71245 2.57484240e-01
1.71837 2.53667837e-01
1.72432 2.49864196e-01
1.73029 2.46958376e-01
1.73628 2.45520232e-01
1.74229 2.42431137e-01
1.74832 2.40406516e-01
1.75437 2.40868040e-01
1.76045 2.41558545e-01
1.76654 2.41660941e-01
1.77266 2.40122033e-01
1.77879 2.36017586e-01
1.78495 2.33567650e-01
1.79113 2.33087131e-01
1.79733 2.35082369e-01
1.80355 2.39183848e-01
1.80979 2.38477464e-01
1.81606 2.33960317e-01
1.82234 2.30175226e-01
1.82865 2.26676400e-01
1.83498 2.25249682e-01
1.84133 2.23743125e-01
1.84771 2.22018569e-01
1.85410 2.21139002e-01
1.86052 2.20160304e-01
1.86696 2.20690982e-01
1.87342 2.22707590e-01
1.87991 2.24670774e-01
1.88642 2.22264616e-01
1.89295 2.17765722e-01
1.89950 2.15511080e-01
1.90607 2.14584471e-01
1.91267 2.14556126e-01
1.91929 2.14806922e-01
1.92594 2.15502028e-01
1.93260 2.13680121e-01
1.93929 2.09195176e-01
1.94601 2.06795845e-01
1.95274 2.05986768e-01
1.95950 2.03404163e-01
1.96629 2.02784742e-01
1.97309 2.02583660e-01
1.97992 2.01097137e-01
1.98678 2.00708626e-01
1.99365 2.01003348e-01
2.00055 2.01738967e-01
2.00748 2.04150467e-01
2.01443 2.02909101e-01
2.02140 2.01043861e-01
2.02840 1.99825052e-01
2.03542 1.98313450e-01
2.04247 1.96505492e-01
2.04954 1.94952932e-01
2.05663 1.92427015e-01
2.06375 1.88309509e-01
2.07090 1.87598970e-01
2.07806 1.87543913e-01
2.08526 1.86187092e-01
2.09247 1.86261737e-01
2.09972 1.84787383e-01
2.10699 1.83538004e-01
2.11428 1.83452822e-01
2.12160 1.82710080e-01
2.12894 1.81927270e-01
2.13631 1.81342277e-01
2.14371 1.80331080e-01
2.15113 1.77730518e-01
2.15857 1.76911647e-01
2.16605 1.80386581e-01
2.17354 1.82081458e-01
2.18107 1.81927567e-01
2.18862 1.80701486e-01
2.19619 1.78670038e-01
2.20380 1.75513422e-01
2.21143 1.70554488e-01
2.21908 1.65581900e-01
2.22676 1.63034911e-01
2.23447 1.62383138e-01
2.24220 1.63818166e-01
2.24997 1.64725039e-01
2.25775 1.64364130e-01
2.26557 1.64375260e-01
2.27341 1.63643351e-01
2.28128 1.62655601e-01
2.28918 1.61884663e-01
2.29710 1.60767359e-01
2.30505 1.58837714e-01
2.31303 1.55007065e-01
2.32104 1.49470261e-01
2.32908 1.47418022e-01
2.33714 1.50046795e-01
2.34523 1.55044462e-01
2.35335 1.58340871e-01
2.36149 1.59048442e-01
2.36967 1.57973284e-01
2.37787 1.55519638e-01
2.38610 1.51780255e-01
2.39436 1.47245344e-01
2.40265 1.43202023e-01
2.41097 1.40345293e-01
2.41931 1.38913797e-01
2.42769 1.38927183e-01
2.43609 1.39472850e-01
2.44452 1.40405291e-01
2.45298 1.41184109e-01
2.46148 1.41320459e-01
2.47000 1.41108915e-01
2.47855 1.40444039e-01
2.48713 1.39170663e-01
2.49574 1.36981837e-01
2.50438 1.33118747e-01
2.51304 1.27493972e-01
2.52174 1.23008923e-01
2.53047 1.21336811e-01
2.53923 1.21875147e-01
2.54802 1.24278203e-01
2.55684 1.28067464e-01
2.56569 1.31518847e-01
2.57457 1.33064997e-01
2.58349 1.32679706e-01
2.59243 1.30877818e-01
2.60140 1.28181212e-01
2.61041 1.25153021e-01
2.61944 1.22311473e-01
2.62851 1.19982661e-01
2.63761 1.18297728e-01
2.64674 1.17185099e-01
2.65590 1.16597717e-01
2.66510 1.16449332e-01
2.67432 1.16550971e-01
2.68358 1.16761328e-01
2.69287 1.16840692e-01
2.70219 1.16565262e-01
2.71154 1.15727425e-01
2.72093 1.14039731e-01
2.73035 1.11129518e-01
2.73980 1.06883690e-01
2.74928 1.02372612e-01
2.75880 9.91328472e-02
2.76835 9.74159334e-02
2.77793 9.68277055e-02
2.78755 9.70958346e-02
2.79720 9.81439542e-02
2.80688 9.99510655e-02
2.81660 1.02273644e-01
2.82635 1.04431707e-01
2.83613 1.05694442e-01
2.84595 1.05846805e-01
2.85580 1.05113634e-01
2.86569 1.03840407e-01
2.87561 1.02331817e-01
2.88556 1.00804855e-01
2.89555 9.93890153e-02
2.90557 9.81457350e-02
2.91563 9.70901954e-02
2.92572 9.62140567e-02
2.93585 9.54888110e-02
2.94601 9.48701908e-02
2.95621 9.42952298e-02
2.96644 9.36718460e-02
2.97671 9.28754425e-02
2.98702 9.17403903e-02
2.99736 9.00682784e-02
3.00773 8.76913408e-02
3.01814 8.46626007e-02
3.02859 8.14601435e-02
3.03907 7.87346143e-02
3.04960 7.67850390e-02
3.06015 7.55420257e-02
3.07074 7.48370515e-02
3.08137 7.45421362e-02
3.09204 7.45921173e-02
3.10274 7.39271963e-02
3.11348 7.31123022e-02
3.12426 7.27059236e-02
3.13508 7.24610488e-02
3.14593 7.19946870e-02
3.15682 7.10242252e-02
3.16775 6.95212003e-02
3.17871 6.74514061e-02
3.18972 6.49335924e-02
3.20076 6.23820176e-02
3.21184 5.98536971e-02
3.22295 5.73830300e-02
3.23411 5.49868152e-02
3.24531 5.26688072e-02
3.25654 5.04231739e-02
3.26781 4.75836141e-02
3.27912 4.48027614e-02
3.29047 4.21061108e-02
3.30187 3.94654515e-02
3.31330 3.68545167e-02
3.32476 3.42578432e-02
3.33627 3.16857596e-02
3.34782 2.89012413e-02
3.35941 2.56893459e-02
3.37104 2.28839181e-02
3.38271 2.04871988e-02
3.39442 1.84538071e-02
3.40617 1.67192931e-02
3.41796 1.52232282e-02
3.42979 1.39177756e-02
3.44166 5.77622811e-03
3.45358 8.74860146e-04
3.46553 2.95781234e-04
3.47753 2.99906902e-04
3.48957 3.04177112e-04
3.50164 3.08618724e-04
3.51377 3.13220608e-04
3.52593 3.17913758e-04
3.53814 3.22570847e-04
3.55038 3.27035461e-04
3.56267 3.31174486e-04
3.57500 3.34919211e-04
3.58738 3.38275277e-04
3.59980 3.41300708e-04
3.61226 3.44075640e-04
3.62476 3.46676795e-04
3.63731 3.49268452e-04
3.64990 3.53037070e-04
3.66254 3.56666192e-04
3.67521 3.60125100e-04
3.68794 3.63357103e-04
3.70070 3.66291862e-04
3.71351 3.68863485e-04
3.72637 3.71037100e-04
3.73927 3.72844464e-04
3.75221 3.73958057e-04
3.76520 3.74652421e-04
3.77823 3.75509876e-04
3.79131 3.76690546e-04
3.80443 3.78307364e-04
3.81760 3.80405740e-04
3.83082 3.82969202e-04
3.84408 3.85941209e-04
3.85739 3.89248303e-04
3.87074 3.92817620e-04
3.88414 3.96586534e-04
3.89758 4.00506669e-04
3.91107 4.04544781e-04
3.92461 4.08680541e-04
3.93820 4.12904598e-04
3.95183 4.17214728e-04
3.96551 4.21611078e-04
3.97924 4.26091719e-04
3.99301 4.30647154e-04
4.00683 4.35254380e-04
4.02070 4.39873330e-04
4.03462 4.44444644e-04
4.04859 4.48892489e-04
4.06260 4.53131683e-04
4.07667 4.57077194e-04
4.09078 4.60655860e-04
4.10494 4.63814257e-04
4.11915 4.66521667e-04
4.13341 4.68831661e-04
4.14771 4.71285900e-04
4.16207 4.73123983e-04
4.17648 4.74379447e-04
4.19094 4.75086721e-04
4.20545 4.75279493e-04
4.22000 4.74993674e-04
4.23461 4.74273489e-04
4.24927 4.73178000e-04
4.26398 4.71788383e-04
4.27874 4.70208220e-04
4.29355 4.68572110e-04
4.30841 4.66993727e-04
4.32332 4.65567603e-04
4.33829 4.64382926e-04
4.35331 4.63514044e-04
4.36838 4.63014826e-04
4.38350 4.62915398e-04
4.39867 4.63223180e-04
4.41390 4.63927635e-04
4.42918 4.65004277e-04
4.44451 4.66420903e-04
4.45990 4.68142046e-04
4.47533 4.70131200e-04
4.49083 4.72354380e-04
4.50637 4.74779978e-04
4.52197 4.77380243e-04
4.53762 4.80130540e-04
4.55333 4.83009204e-04
4.56909 4.85996941e-04
4.58491 4.89075499e-04
4.60078 4.92655500e-04
4.61670 4.96348434e-04
4.63269 5.00049679e-04
4.64872 5.03720204e-04
4.66481 5.07313117e-04
4.68096 5.10773508e-04
4.69717 5.14038456e-04
4.71343 5.17039253e-04
4.72974 5.19703181e-04
4.74611 5.21958713e-04
4.76254 5.23736545e-04
4.77903 5.25002248e-04
4.79557 5.25855697e-04
4.81217 5.26271662e-04
4.82883 5.26234265e-04
4.84555 5.25737125e-04
4.86232 5.24782913e-04
4.87915 5.23383650e-04
4.89604 5.21559220e-04
4.91299 5.19337524e-04
4.92999 5.16753880e-04
4.94706 5.13849543e-04
4.96418 5.09624002e-04
4.98137 5.04822074e-04
4.99861 4.99817878e-04
5.01591 4.94738443e-04
5.03328 4.89705754e-04
5.05070 4.84831407e-04
5.06818 4.80210231e-04
5.08573 4.75916277e-04
5.10333 4.71999556e-04
5.12100 1.05376985e-03
5.13873 3.95355556e-03
5.15651 1.29483333e-02
5.17436 1.34505931e-02
5.19228 1.39989104e-02
5.21025 1.45983069e-02
5.22828 1.52537244e-02
5.24638 1.59700660e-02
5.26454 1.67523269e-02
5.28277 1.76055527e-02
5.30105 1.85349522e-02
5.31940 1.95458530e-02
5.33782 2.06437459e-02
5.35629 2.18342107e-02
5.37484 2.31228421e-02
5.39344 2.39534221e-02
5.41211 2.47877417e-02
5.43084 2.56726658e-02
5.44965 2.66071851e-02
5.46851 2.75896228e-02
5.48744 2.86176934e-02
5.50643 2.96884143e-02
5.52550 3.07980308e-02
5.54462 3.19421206e-02
5.56381 3.31155194e-02
5.58308 3.43124989e-02
5.60240 3.55268264e-02
5.62179 3.66799538e-02
5.64125 3.75310130e-02
5.66078 3.83601831e-02
5.68038 3.91617509e-02
5.70004 3.99306558e-02
5.71977 4.06626982e-02
5.73957 4.13545983e-02
5.75944 4.20041451e-02
5.77938 4.26102107e-02
5.79938 4.31728100e-02
5.81946 4.36930262e-02
5.83960 4.41729666e-02
5.85982 4.46157032e-02
5.88010 4.50250794e-02
5.90045 4.51304434e-02
5.92088 4.51733162e-02
5.94137 4.51954426e-02
5.96194 4.52045247e-02
5.98258 4.52080566e-02
6.00329 4.52130725e-02
6.02407 4.52261169e-02
6.04492 4.52530960e-02
6.06585 4.52992781e-02
6.08684 4.53692487e-02
6.10791 4.54669256e-02
6.12906 4.55956032e-02
6.15027 4.57579528e-02
6.17156 4.59560965e-02
6.19293 4.60739854e-02
6.21436 4.62144312e-02
6.23588 4.63853138e-02
6.25746 4.65870488e-02
6.27912 4.68197696e-02
6.30086 4.70833726e-02
6.32267 4.73776052e-02
6.34455 4.77019186e-02
6.36652 4.80556597e-02
6.38856 4.84379678e-02
6.41067 4.88478040e-02
6.43286 4.92839665e-02
6.45513 4.97451343e-02
6.47747 5.02298087e-02
6.49990 5.06868362e-02
6.52240 5.10374757e-02
6.54497 5.14031185e-02
6.56763 5.17818650e-02
6.59037 5.21717266e-02
6.61318 5.25706703e-02
6.63607 5.29766037e-02
6.65904 5.33874046e-02
6.68209 5.38009657e-02
6.70522 5.42151501e-02
6.72843 5.46278802e-02
6.75172 5.50370932e-02
6.77510 5.54408302e-02
6.79855 5.58371918e-02
6.82208 5.62243970e-02
6.84570 5.66007988e-02
6.86939 5.69648834e-02
6.89317 5.73153151e-02
6.91704 5.76184221e-02
6.94098 5.78994620e-02
6.96500 5.81629611e-02
6.98911 5.84083998e-02
7.01331 5.86354073e-02
7.03759 5.88438945e-02
7.06195 5.90339207e-02
7.08639 5.92057679e-02
7.11092 5.93599110e-02
7.13554 5.94969880e-02
7.16024 5.96177708e-02
7.18502 5.97232090e-02
7.20990 5.98143563e-02
7.23485 5.98923702e-02
7.25990 5.99584972e-02
7.28503 6.00140433e-02
7.31025 6.00246539e-02
7.33555 5.99809798e-02
7.36094 5.99308651e-02
7.38642 5.98756752e-02
7.41199 5.98167752e-02
7.43765 5.97555008e-02
7.46340 5.96931283e-02
7.48923 5.96309190e-02
7.51516 5.95700157e-02
7.54117 5.95115461e-02
7.56727 5.94565490e-02
7.59347 5.94059892e-02
7.61975 5.93607568e-02
7.64613 5.93216683e-02
7.67260 5.92894506e-02
7.69916 5.92647420e-02
7.72581 5.92481361e-02
7.75255 5.92387869e-02
7.77939 5.91813264e-02
7.80632 5.91330370e-02
7.83334 5.90941859e-02
7.86046 5.90649511e-02
7.88767 5.90454810e-02
7.91497 5.90358202e-02
7.94237 5.90359983e-02
7.96986 5.90459411e-02
7.99745 5.90655892e-02
8.02513 5.90947647e-02
8.05291 5.91333190e-02
8.08079 5.91809851e-02
8.10876 5.92375106e-02
8.13683 5.93026137e-02
8.16500 5.93759382e-02
8.19326 5.94571130e-02
8.22162 5.95457671e-02
8.25008 5.96414851e-02
8.27864 6.34258632e-02
8.30730 7.16680734e-02
8.33605 8.09552274e-02
8.36491 9.14030474e-02
8.39386 1.03136590e-01
8.42292 1.16290469e-01
8.45208 1.31009063e-01
8.48133 1.47446367e-01
8.51069 1.65765768e-01
8.54016 1.86139752e-01
8.56972 2.08748641e-01
8.59938 2.33779566e-01
8.62915 2.61424111e-01
8.65902 2.91876088e-01
8.68899 3.25326784e-01
8.71907 3.61961253e-01
8.74925 4.01950898e-01
8.77954 4.45445899e-01
8.80993 4.92565570e-01
8.84043 5.43386634e-01
8.87103 5.76813882e-01
8.90174 6.02471204e-01
8.93255 6.28913561e-01
8.96347 6.56134424e-01
8.99450 6.84122961e-01
9.02563 7.12864628e-01
9.05688 7.42339984e-01
9.08823 7.72524990e-01
9.11969 8.03390409e-01
9.15126 8.34901368e-01
9.18294 8.67017948e-01
9.21472 8.99693698e-01
9.24662 9.32877126e-01
9.27863 9.66510205e-01
9.31075 1.00052987e+00
9.34298 1.03486666e+00
9.37532 1.06944668e+00
9.40777 1.10419068e+00
9.44034 1.13901526e+00
9.47302 1.17383302e+00
9.50581 1.20855357e+00
9.53871 1.23760198e+00
9.57173 1.25984803e+00
9.60487 1.28192980e+00
9.63811 1.30381955e+00
9.67148 1.32548951e+00
9.70495 1.34691179e+00
9.73855 1.36805894e+00
9.77226 1.38890320e+00
9.80609 1.40941742e+00
9.84003 1.42957489e+00
9.87409 1.44934860e+00
9.90827 1.46718524e+00
9.94257 1.47908173e+00
9.97699 1.49076852e+00
10.01153 1.50223391e+00
10.04618 1.51347076e+00
10.08096 1.52446720e+00
10.11585 1.53521581e+00
10.15087 1.54570620e+00
10.18601 1.55592948e+00
10.22127 1.56587822e+00
10.25665 1.57554351e+00
10.29215 1.58491794e+00
10.32778 1.59133920e+00
10.36353 1.59515012e+00
10.39941 1.59885715e+00
10.43540 1.60245733e+00
10.47153 1.60594770e+00
10.50777 1.60932677e+00
10.54415 1.61259157e+00
10.58065 1.61573913e+00
10.61727 1.61374909e+00
10.65403 1.61149192e+00
10.69091 1.60916353e+00
10.72791 1.60676242e+00
10.76505 1.60429156e+00
10.80231 1.60174946e+00
10.83971 1.59913614e+00
10.87723 1.59645307e+00
10.91488 1.59369876e+00
10.95266 1.59087323e+00
10.99058 1.58797646e+00
11.02862 1.58500698e+00
11.06680 1.58196329e+00
11.10511 1.57884392e+00
11.14355 1.57564739e+00
11.18212 1.57237368e+00
11.22083 1.56901836e+00
11.25967 1.56095876e+00
11.29865 1.54070661e+00
11.33776 1.51963678e+00
11.37701 1.49783682e+00
11.41639 1.47539102e+00
11.45591 1.45238546e+00
11.49556 1.42890398e+00
11.53536 1.40502775e+00
11.57529 1.38083380e+00
11.61536 1.35639410e+00
11.65556 1.33177469e+00
11.69591 1.30703552e+00
11.73640 1.28222957e+00
11.77702 1.25740329e+00
11.81779 1.23259660e+00
11.85870 1.20784259e+00
11.89975 1.18316842e+00
11.94094 1.15859590e+00
11.98227 1.13414166e+00
12.02375 1.10981786e+00
12.06537 1.08563311e+00
12.10714 1.06159290e+00
12.14905 1.03770021e+00
12.19110 1.01395606e+00
12.23330 9.90360311e-01
12.27565 9.66911924e-01
12.31814 9.43609710e-01
12.36078 9.20452039e-01
12.40357 9.07302908e-01
12.44651 8.98818287e-01
12.48959 8.89176739e-01
12.53283 8.78402008e-01
12.57621 8.66540990e-01
12.61974 8.53662096e-01
12.66343 8.39850953e-01
12.70726 8.25207286e-01
12.75125 8.09841060e-01
12.79539 7.93868174e-01
12.83968 7.77407201e-01
12.88413 7.60575822e-01
12.92873 7.43488304e-01
12.97348 7.26252979e-01
13.01839 7.08970315e-01
13.06345 6.91732023e-01
13.10867 6.74620019e-01
13.15405 6.57706129e-01
13.19959 6.41051790e-01
13.24528 6.24709092e-01
13.29113 6.08720476e-01
13.33713 5.93119629e-01
13.38330 5.77932818e-01
13.42963 5.63178742e-01
13.47612 5.48870014e-01
13.52277 5.35013609e-01
13.56958 5.21612050e-01
13.61655 5.08663557e-01
13.66368 4.96163528e-01
13.71098 4.84103950e-01
13.75844 4.73515610e-01
13.80607 4.77264788e-01
13.85386 4.81245173e-01
13.90182 4.85455132e-01
13.94994 4.89892738e-01
13.99823 4.94556059e-01
14.04668 4.99443020e-01
14.09531 5.04551244e-01
14.14410 5.09878804e-01
14.19306 5.15423177e-01
14.24219 5.21182284e-01
14.29149 5.27154048e-01
14.34096 5.33336096e-01
14.39060 5.39726496e-01
14.44042 5.46323173e-01
14.49041 5.53124345e-01
14.54057 5.60128232e-01
14.59090 5.67332903e-01
14.64141 5.74737024e-01
14.69209 5.82338963e-01
14.74295 5.90137234e-01
14.79398 5.98130652e-01
14.84519 6.06318177e-01
14.89658 6.14698622e-01
14.94814 6.23271096e-01
14.99989 6.32034561e-01
15.05181 6.40988572e-01
15.10392 6.50132386e-01
15.15620 6.59465559e-01
15.20866 6.68987497e-01
15.26131 6.78698051e-01
15.31414 6.88597073e-01
15.36715 6.98684563e-01
15.42034 7.08960224e-01
15.47372 7.19424353e-01
15.52729 7.30540404e-01
15.58103 7.41853232e-01
15.63497 7.53299621e-01
15.68909 7.64880164e-01
15.74340 7.76595156e-01
15.79790 7.88444896e-01
15.85258 8.00429532e-01
15.90746 8.12549508e-01
15.96252 8.24804677e-01
16.01778 8.37195484e-01
16.07323 8.49721779e-01
16.12886 8.62383712e-01
16.18470 8.75181135e-01
16.24072 8.88114046e-01
16.29694 9.01182299e-01
16.35335 9.14385595e-01
16.40996 9.27723639e-01
16.46677 9.41196133e-01
16.52377 9.54802632e-01
16.58097 9.68542840e-01
16.63836 9.82415865e-01
16.69596 9.96421412e-01
16.75375 1.01055844e+00
16.81175 1.02482636e+00
16.86994 1.03922413e+00
16.92834 1.05375085e+00
16.98694 1.06840535e+00
17.04574 1.08318659e+00
17.10474 1.09809322e+00
17.16395 1.11312377e+00
17.22337 1.12827689e+00
17.28299 1.14355066e+00
17.34281 1.15894360e+00
17.40285 1.17445363e+00
17.46309 1.19007881e+00
17.52354 1.20581693e+00
17.58420 1.22166560e+00
17.64507 1.23762246e+00
17.70615 1.24526937e+00
17.76744 1.24791519e+00
17.82894 1.25055151e+00
17.89066 1.25317805e+00
17.95259 1.25579449e+00
18.01473 1.25840054e+00
18.07709 1.26099591e+00
18.13967 1.26358014e+00
18.20246 1.26615310e+00
18.26547 1.26871434e+00
18.32870 1.27126355e+00
18.39214 1.27380045e+00
18.45581 1.27632459e+00
18.51969 1.27883552e+00
18.58380 1.28133324e+00
18.64813 1.28381701e+00
18.71268 1.28628653e+00
18.77746 1.28874166e+00
18.84246 1.29118180e+00
18.90768 1.29360666e+00
18.97313 1.29601578e+00
19.03881 1.29840888e+00
19.10472 1.30078551e+00
19.17085 1.30314507e+00
19.23721 1.30548756e+00
19.30380 1.30781225e+00
19.37062 1.31011868e+00
19.43768 1.31240671e+00
19.50496 1.31467575e+00
19.57248 1.31692549e+00
19.64023 1.31915520e+00
19.70822 1.32136473e+00
19.77644 1.32355348e+00
19.84490 1.32572116e+00
19.91359 1.32786717e+00
19.98252 1.32999107e+00
20.05169 1.33209257e+00
20.12110 1.33417106e+00
20.19076 1.33622595e+00
20.26065 1.33825695e+00
20.33078 1.34026362e+00
20.40116 1.34224550e+00
20.47178 1.34420186e+00
20.54264 1.34613239e+00
20.61375 1.34803666e+00
20.68511 1.34560869e+00
20.75671 1.34282916e+00
20.82856 1.34000867e+00
20.90066 1.33714737e+00
20.97301 1.33424526e+00
21.04561 1.33130219e+00
21.11846 1.32831846e+00
21.19157 1.32529407e+00
21.26492 1.32222886e+00
21.33853 1.31912315e+00
21.41240 1.31597692e+00
21.48652 1.31279018e+00
21.56090 1.30956337e+00
21.63553 1.30629619e+00
21.71043 1.30298910e+00
21.78558 1.29964209e+00
21.86099 1.29625545e+00
21.93666 1.29282934e+00
22.01260 1.28936390e+00
22.08880 1.28585944e+00
22.16526 1.28231609e+00
22.24199 1.27873416e+00
22.31898 1.27511379e+00
22.39624 1.27145544e+00
22.47377 1.26775909e+00
22.55156 1.26402534e+00
22.62962 1.26025450e+00
22.70796 1.25644656e+00
22.78656 1.25260211e+00
22.86544 1.24872145e+00
22.94459 1.24480487e+00
23.02402 1.24085283e+00
23.10372 1.23686562e+00
23.18369 1.23284354e+00
23.26394 1.22878717e+00
23.34447 1.22469697e+00
23.42528 1.22057308e+00
23.50637 1.21641610e+00
23.58774 1.21222647e+00
23.66939 1.20800449e+00
23.75133 1.20375076e+00
23.83354 1.19946585e+00
23.91604 1.19514994e+00
23.99883 1.19080375e+00
24.08191 1.18642773e+00
24.16527 1.18202218e+00
24.24892 1.17758784e+00
24.33286 1.17312515e+00
24.41709 1.16863457e+00
24.50161 1.16411668e+00
24.58642 1.15957193e+00
24.67153 1.15500106e+00
24.75693 1.15036994e+00
24.84263 1.14509269e+00
24.92863 1.13980282e+00
25.01492 1.13450079e+00
25.10151 1.12918747e+00
25.18840 1.12386318e+00
25.27559 1.11852864e+00
25.36309 1.11318446e+00
25.45088 1.10783123e+00
25.53898 1.10246954e+00
25.62739 1.09709998e+00
25.71610 1.09172315e+00
25.80512 1.08633949e+00
25.89444 1.08094990e+00
25.98408 1.07555467e+00
26.07403 1.07015440e+00
26.16428 1.06474982e+00
26.25485 1.05934138e+00
26.34574 1.05392968e+00
26.43694 1.04851515e+00
26.52845 1.04309855e+00
26.62028 1.03768032e+00
26.71243 1.03226105e+00
26.80489 1.02684119e+00
26.89768 1.02142132e+00
26.99079 1.01600190e+00
27.08422 1.01058367e+00
27.17798 1.00516692e+00
27.27205 9.99752250e-01
27.36646 9.94340102e-01
27.46119 9.88930922e-01
27.55625 9.83525452e-01
27.65164 9.78123989e-01
27.74736 9.72726978e-01
27.84341 9.67335012e-01
27.93979 9.61948537e-01
28.03650 9.56567850e-01
28.13355 9.51193544e-01
28.23094 9.45826213e-01
28.32867 9.40466005e-01
28.42673 9.35113514e-01
28.52513 9.29769184e-01
28.62387 9.24433314e-01
28.72295 9.19106348e-01
28.82238 9.13788879e-01
28.92215 9.08481056e-01
29.02227 9.03183324e-01
29.12273 8.97896278e-01
29.22354 8.92620064e-01
29.32470 8.87354980e-01
29.42621 8.82101769e-01
29.52807 8.76860429e-01
29.63029 8.71631407e-01
29.73286 8.66415147e-01
29.83578 8.61211946e-01
29.93906 8.56021953e-01
30.04269 8.50845761e-01
30.14669 8.45683518e-01
30.25104 8.40535671e-01
30.35576 8.35402218e-01
30.46084 8.30283902e-01
30.56628 8.25180574e-01
30.67209 8.20092829e-01
30.77826 8.15020814e-01
30.88481 8.09964677e-01
30.99172 8.04838644e-01
31.09900 7.99530970e-01
31.20665 7.94247040e-01
31.31467 7.88986705e-01
31.42307 7.83750262e-01
31.53184 7.78537861e-01
31.64099 7.73349797e-01
31.75052 7.68186070e-01
31.86043 7.63046682e-01
31.97072 7.57932076e-01
32.08139 7.52842104e-01
32.19244 7.47776915e-01
32.30388 7.42736658e-01
32.41570 7.37721480e-01
32.52791 7.32731530e-01
32.64051 7.27766659e-01
32.75349 7.22827165e-01
32.86687 7.17912899e-01
32.98064 7.13024306e-01
33.09481 7.08161090e-01
33.20937 7.03323398e-01
33.32433 6.98511380e-01
33.43968 6.93725035e-01
33.55544 6.88964511e-01
33.67159 6.84229661e-01
33.78815 6.79520632e-01
33.90511 6.74837276e-01
34.02247 6.70179891e-01
34.14024 6.65548327e-01
34.25842 6.60942733e-01
34.37701 6.56362960e-01
34.49601 6.51809010e-01
34.61542 6.47281029e-01
34.73525 6.42779018e-01
34.85549 6.38302829e-01
34.97614 6.33852461e-01
35.09721 6.29428064e-01
35.21871 6.25029488e-01
35.34062 6.20656733e-01
35.46295 6.16309800e-01
35.58571 6.11988689e-01
35.70889 6.07693251e-01
35.83250 6.03423486e-01
35.95654 5.99179543e-01
36.08101 5.94961125e-01
36.20590 5.90768380e-01
36.33123 5.86601159e-01
36.45700 5.82459464e-01
36.58320 5.78343293e-01
36.70983 5.74252350e-01
36.83691 5.70186932e-01
36.96442 5.66146594e-01
37.09238 5.62131632e-01
37.22077 5.58141749e-01
37.34962 5.54176946e-01
37.47890 5.50237223e-01
37.60864 5.46322431e-01
37.73883 5.42432422e-01
37.86946 5.38567344e-01
38.00055 5.34726900e-01
38.13209 5.30911091e-01
38.26409 5.27119916e-01
38.39654 5.23353079e-01
38.52946 5.19610728e-01
38.66283 5.15892714e-01
38.79667 5.12198890e-01
38.93096 5.08529255e-01
39.06573 5.04883512e-01
39.20096 5.01261810e-01
39.33665 4.97664000e-01
39.47282 4.94089935e-01
39.60946 4.90539465e-01
39.74657 4.87012590e-01
39.88416 4.83509163e-01
40.02222 4.80029035e-01
40.16076 4.76572205e-01
40.29978 4.73138674e-01
40.43928 4.69727997e-01
40.57926 4.66340470e-01
40.71973 4.62975649e-01
40.86069 4.59633532e-01
41.00213 4.56314270e-01
41.14406 4.53017267e-01
41.28648 4.49742821e-01
41.42940 4.46268183e-01
41.57281 4.42746058e-01
41.71672 4.39251386e-01
41.86113 4.35784168e-01
42.00603 4.32344256e-01
42.15144 4.28931353e-01
42.29735 4.25545310e-01
42.44377 4.22185831e-01
42.59069 4.18852916e-01
42.73812 4.15546267e-01
42.88606 4.12265736e-01
43.03451 4.09011176e-01
43.18348 4.05782289e-01
43.33297 4.02578926e-01
43.48297 3.99401089e-01
43.63349 3.96248331e-01
43.78453 3.93120652e-01
43.93609 3.90017757e-01
44.08818 3.86939496e-01
44.24079 3.83885720e-01
44.39394 3.80856283e-01
44.54761 3.77850886e-01
44.70182 3.74869382e-01
44.85655 3.71911770e-01
45.01183 3.68977753e-01
45.16764 3.66067036e-01
45.32399 3.63179617e-01
45.48089 3.60315200e-01
45.63832 3.57473637e-01
45.79630 3.54654927e-01
45.95483 3.51858626e-01
46.11391 3.49084733e-01
46.27353 3.46332952e-01
46.43371 3.43603282e-01
46.59445 3.40895576e-01
46.75574 3.38209388e-01
46.91759 3.35544866e-01
47.08000 3.32901565e-01
47.24297 3.30279634e-01
47.40650 3.27678627e-01
47.57060 3.25098396e-01
47.73527 3.22539090e-01
47.90051 3.20000114e-01
48.06633 3.17481618e-01
48.23271 3.14983452e-01
48.39967 3.12505172e-01
48.56721 3.10046926e-01
48.73533 3.07608417e-01
48.90403 3.05189349e-01
49.07332 3.02789869e-01
49.24319 3.00409682e-01
49.41365 2.98048638e-01
49.58470 2.95706589e-01
49.75634 2.93383238e-01
49.92858 2.91078735e-01
50.10141 2.88792633e-01
50.27484 2.86524932e-01
50.44887 2.84275634e-01
50.62350 2.82044291e-01
50.79874 2.79830905e-01
50.97458 2.77635327e-01
51.15104 2.75457409e-01
51.32810 2.73297002e-01
51.50578 2.71154106e-01
51.68407 2.69028276e-01
51.86298 2.66919660e-01
52.04250 2.64827962e-01
52.22265 2.62753182e-01
52.40343 2.60694874e-01
52.58482 2.58653335e-01
52.76685 2.56628120e-01
52.94951 2.54619229e-01
53.13280 2.52626514e-01
53.31672 2.50649678e-01
53.50128 2.48688868e-01
53.68648 2.46743790e-01
53.87232 2.44814441e-01
54.05880 2.42900526e-01
54.24593 2.41001897e-01
54.43371 2.39118701e-01
54.62214 2.37250493e-01
54.81122 2.35397422e-01
55.00095 2.33559192e-01
55.19134 2.31735652e-01
55.38239 2.29926805e-01
55.57410 2.28132500e-01
55.76647 2.26352591e-01
55.95951 2.24586928e-01
56.15322 2.22835511e-01
56.34760 2.21098192e-01
56.54265 2.19374674e-01
56.73838 2.17665106e-01
56.93479 2.15969043e-01
57.13187 2.14286780e-01
57.32964 2.12618022e-01
57.52809 2.10962472e-01
57.72723 2.09320278e-01
57.92705 2.07691291e-01
58.12757 2.06075363e-01
58.32879 2.04472198e-01
58.53070 2.02882092e-01
58.73331 2.01304600e-01
58.93662 1.99739722e-01
59.14063 1.98187310e-01
59.34535 1.96647511e-01
59.55078 1.95119882e-01
59.75692 1.93604421e-01
59.96377 1.92101129e-01
60.17134 1.90610006e-01
60.37963 1.89130606e-01
60.58864 1.87663078e-01
60.79837 1.86207274e-01
61.00883 1.84763046e-01
61.22002 1.83330392e-01
61.43194 1.81909165e-01
61.64459 1.80499365e-01
61.85797 1.79100695e-01
62.07210 1.77713155e-01
62.28697 1.76336745e-01
62.50258 1.74971317e-01
62.71894 1.73616722e-01
62.93605 1.72272811e-01
63.15390 1.70939734e-01
63.37252 1.69617193e-01
63.59189 1.68305337e-01
63.81201 1.67003721e-01
64.03290 1.65712641e-01
64.25456 1.64431652e-01
64.47698 1.63160903e-01
64.70017 1.61900245e-01
64.92414 1.60649678e-01
65.14888 1.59409054e-01
65.37440 1.58178076e-01
65.60070 1.56957041e-01
65.82778 1.55745652e-01
66.05565 1.54543908e-01
66.28430 1.53351663e-01
66.51375 1.52168915e-01
66.74400 1.50995516e-01
66.97504 1.49831318e-01
67.20688 1.48676469e-01
67.43952 1.47530643e-01
67.67297 1.46393958e-01
67.90722 1.45266252e-01
68.14229 1.44147479e-01
68.37817 1.43037536e-01
68.61486 1.41936379e-01
68.85238 1.40843932e-01
69.09072 1.39760107e-01
69.32988 1.38684831e-01
69.56987 1.37618057e-01
69.81069 1.36559713e-01
70.05235 1.35509709e-01
70.29484 1.34467985e-01
70.53817 1.33434483e-01
70.78235 1.32409113e-01
71.02737 1.31391846e-01
71.27323 1.30382578e-01
71.51995 1.29381264e-01
71.76752 1.28387830e-01
72.01595 1.27402231e-01
72.26524 1.26424364e-01
72.51539 1.25454199e-01
72.76641 1.24491677e-01
73.01830 1.23536708e-01
73.27106 1.22589248e-01
73.52469 1.21649223e-01
73.77920 1.20716588e-01
74.03460 1.19791285e-01
74.29087 1.18873223e-01
74.54804 1.17962388e-01
74.80609 1.17058677e-01
75.06504 1.16162074e-01
75.32488 1.15272490e-01
75.58563 1.14389866e-01
75.84727 1.13514173e-01
76.10982 1.12645335e-01
76.37328 1.11783294e-01
76.63766 1.10928006e-01
76.90295 1.10079410e-01
77.16915 1.09237463e-01
77.43628 1.08402089e-01
77.70433 1.07573246e-01
77.97331 1.06750872e-01
78.24322 1.05934939e-01
78.51407 1.05125373e-01
78.78585 1.04322128e-01
79.05857 1.03525161e-01
79.33224 1.02734411e-01
79.60686 1.01949821e-01
79.88242 1.01171359e-01
80.15894 1.00398966e-01
80.43642 9.96325842e-02
80.71486 9.88721826e-02
80.99426 9.81177170e-02
81.27463 9.73691132e-02
81.55596 9.66263267e-02
81.83828 9.58893426e-02
82.12157 9.51580868e-02
82.40584 9.44325147e-02
82.69109 9.37125818e-02
82.97733 9.29982584e-02
83.26457 9.22894703e-02
83.55279 9.15862027e-02
83.84202 9.08883962e-02
84.13225 9.01960063e-02
84.42348 8.95089885e-02
84.71572 8.88273131e-02
85.00897 8.81509208e-02
85.30323 8.74797669e-02
85.59852 8.68138368e-02
85.89482 8.61530561e-02
86.19215 8.54973952e-02
86.49052 8.48468096e-02
86.78991 8.42012844e-02
87.09034 8.35607455e-02
87.39181 8.29251632e-02
87.69432 8.22944928e-02
87.99789 8.16687197e-02
88.30250 8.10477844e-02
88.60816 8.04316425e-02
88.91489 7.98202642e-02
89.22267 7.92136198e-02
89.53153 7.86116649e-02
89.84145 7.80143549e-02
90.15244 7.74216601e-02
90.46451 7.68335361e-02
90.77766 7.62499531e-02
91.09190 7.56708814e-02
91.40722 7.50962766e-02
91.72363 7.45260942e-02
92.04114 7.39603192e-02
92.35975 7.33988923e-02
92.67946 7.28418135e-02
93.00028 7.22890087e-02
93.32221 7.17404778e-02
93.64525 7.11961614e-02
93.96941 7.06560299e-02
94.29469 7.01200685e-02
94.62110 6.95882326e-02
94.94864 6.90604925e-02
95.27731 6.85368037e-02
95.60712 6.80171366e-02
95.93807 6.75014763e-02
96.27017 6.69897782e-02
96.60342 6.64820128e-02
96.93782 6.59781503e-02
97.27338 6.54781462e-02
97.61010 6.49819856e-02
97.94798 6.44896538e-02
98.28704 6.40010764e-02
98.62727 6.35162685e-02
98.96867 6.30351705e-02
99.31126 6.25577677e-02
99.65504 6.20840156e-02
100.00000 6.16138992e-02
