        2000  3.000000 2.710000
0.10000 7.36171717e-04
0.10035 7.23790486e-04
0.10069 7.12147892e-04
0.10104 7.10082872e-04
0.10139 7.21272354e-04
0.10174 1.00614322e-03
0.10210 7.31260330e-04
0.10245 7.29041382e-04
0.10280 7.10251326e-04
0.10316 7.22813910e-04
0.10352 7.15009327e-04
0.10387 6.92081643e-04
0.10423 6.94950232e-04
0.10459 9.38561780e-04
0.10496 6.90010010e-04
0.10532 6.76012210e-04
0.10568 7.39246049e-04
0.10605 7.07612978e-04
0.10642 6.76264348e-04
0.10679 8.18743357e-04
0.10716 6.80696608e-04
0.10753 6.67578365e-04
0.10790 7.86578692e-04
0.10827 6.67348123e-04
0.10865 9.46838011e-04
0.10902 6.81858981e-04
0.10940 6.62600420e-04
0.10978 7.14655834e-04
0.11016 6.49398818e-04
0.11054 6.62027851e-04
0.11092 6.84385351e-04
0.11131 6.53451568e-04
0.11169 6.64216014e-04
0.11208 6.38138009e-04
0.11247 8.42290114e-04
0.11286 6.43478768e-04
0.11325 6.63927670e-04
0.11364 6.41300579e-04
0.11403 9.57189778e-04
0.11443 6.15045774e-04
0.11482 7.09907914e-04
0.11522 6.32784892e-04
0.11562 6.43239963e-04
0.11602 6.20269353e-04
0.11642 6.33304995e-04
0.11682 6.42006588e-04
0.11723 6.29189914e-04
0.11763 1.15014676e-03
0.11804 5.99476173e-04
0.11845 6.97770908e-04
0.11886 6.33098276e-04
0.11927 6.17760110e-04
0.11968 1.13413717e-03
0.12010 5.87048005e-04
0.12051 6.26616281e-04
0.12093 6.27253348e-04
0.12135 5.91343138e-04
0.12177 6.02259452e-04
0.12219 6.40682482e-04
0.12262 6.01617290e-04
0.12304 5.85921729e-04
0.12347 6.98381092e-04
0.12389 5.99866630e-04
0.12432 5.95616483e-04
0.12475 5.96199566e-04
0.12518 5.89855023e-04
0.12562 5.95977021e-04
0.12605 5.85578209e-04
0.12649 7.24689989e-04
0.12693 5.97912286e-04
0.12737 5.84882281e-04
0.12781 5.64326281e-04
0.12825 6.16932367e-04
0.12869 6.18987740e-04
0.12914 5.81331964e-04
0.12959 5.43341016e-04
0.13003 5.59805567e-04
0.13048 5.88208752e-04
0.13094 6.48967386e-04
0.13139 5.64579937e-04
0.13184 6.11209714e-04
0.13230 5.46920710e-04
0.13276 5.28772924e-04
0.13322 5.76843662e-04
0.13368 5.57619356e-04
0.13414 1.14382162e-03
0.13461 6.01548239e-04
0.13507 6.76187818e-04
0.13554 5.23000949e-04
0.13601 5.37633431e-04
0.13648 5.43002266e-04
0.13695 5.12407559e-04
0.13743 1.41750778e-03
0.13790 5.43016250e-04
0.13838 5.10586872e-04
0.13886 5.67986949e-04
0.13934 5.42369752e-04
0.13982 5.23052222e-04
0.14031 6.08784590e-04
0.14079 5.31128239e-04
0.14128 6.22811224e-04
0.14177 5.93451735e-04
0.14226 5.17971514e-04
0.14275 6.94467093e-04
0.14324 5.67415789e-04
0.14374 5.01888314e-04
0.14424 5.81889140e-04
0.14474 5.37481888e-04
0.14524 4.88541890e-04
0.14574 5.21723238e-04
0.14625 5.08472314e-04
0.14675 4.78957595e-04
0.14726 9.01697108e-04
0.14777 4.85032440e-04
0.14828 4.83604270e-04
0.14879 5.50161544e-04
0.14931 4.86089990e-04
0.14983 5.54099283e-04
0.15034 4.92111285e-04
0.15087 5.40646301e-04
0.15139 5.16057495e-04
0.15191 4.65858214e-04
0.15244 4.81304455e-04
0.15297 4.81810466e-04
0.15349 4.75091076e-04
0.15403 5.21297226e-04
0.15456 4.63550812e-04
0.15509 4.98645095e-04
0.15563 4.66281299e-04
0.15617 4.59890360e-04
0.15671 4.90984358e-04
0.15725 6.14692823e-04
0.15780 5.18013356e-04
0.15834 4.51468981e-04
0.15889 4.60156266e-04
0.15944 4.70015029e-04
0.15999 6.71806724e-04
0.16055 4.83076145e-04
0.16110 4.39840480e-04
0.16166 4.82994411e-04
0.16222 4.47406474e-04
0.16278 4.93232466e-04
0.16335 4.47708910e-04
0.16391 4.49603200e-04
0.16448 4.80293083e-04
0.16505 4.30177270e-04
0.16562 4.60662819e-04
0.16619 1.75760302e-03
0.16677 4.98797397e-04
0.16734 4.28356042e-04
0.16792 4.56959116e-04
0.16851 4.39631268e-04
0.16909 4.27276920e-04
0.16967 4.44058324e-04
0.17026 4.86865700e-04
0.17085 4.41816937e-04
0.17144 4.36517911e-04
0.17204 4.86967271e-04
0.17263 4.13063186e-04
0.17323 4.65751332e-04
0.17383 4.12518802e-04
0.17443 4.30365886e-04
0.17503 4.26191944e-04
0.17564 5.44496452e-04
0.17625 4.17845252e-04
0.17686 6.39788832e-04
0.17747 4.08059226e-04
0.17808 4.54321527e-04
0.17870 4.10054978e-04
0.17932 4.16029010e-04
0.17994 4.13569089e-04
0.18056 4.05932201e-04
0.18119 4.12225580e-04
0.18182 4.02062538e-04
0.18244 4.07544651e-04
0.18308 4.02137117e-04
0.18371 4.08169035e-04
0.18435 4.10110370e-04
0.18498 6.19733965e-04
0.18562 4.44904602e-04
0.18627 4.12163466e-04
0.18691 5.87467079e-04
0.18756 3.92217975e-04
0.18821 7.43169154e-04
0.18886 3.87263553e-04
0.18951 6.77172632e-04
0.19017 3.83886026e-04
0.19083 1.44028804e-03
0.19149 3.80502970e-04
0.19215 5.39048485e-04
0.19282 3.78403912e-04
0.19348 4.58474223e-04
0.19415 3.79967799e-04
0.19483 4.14961379e-04
0.19550 3.90159134e-04
0.19618 3.95719295e-04
0.19686 4.59790524e-04
0.19754 4.24627515e-04
0.19822 1.09913481e-03
0.19891 4.06537290e-04
0.19960 3.96979336e-04
0.20029 4.07055442e-04
0.20098 4.67811690e-04
0.20168 3.78911441e-04
0.20237 3.62598650e-04
0.20307 3.95509216e-04
0.20378 3.55808149e-04
0.20448 3.71331463e-04
0.20519 3.72290803e-04
0.20590 4.15062082e-04
0.20661 3.63950832e-04
0.20733 4.79666314e-04
0.20805 3.69904160e-04
0.20877 3.94786621e-04
0.20949 3.47561077e-04
0.21021 3.61262946e-04
0.21094 3.45238824e-04
0.21167 3.52888395e-04
0.21240 3.42793862e-04
0.21314 3.55137695e-04
0.21388 3.65116999e-04
0.21462 3.77657253e-04
0.21536 3.71614495e-04
0.21611 4.31484140e-04
0.21685 3.82162899e-04
0.21760 4.76378000e-04
0.21836 3.36835764e-04
0.21911 4.54794585e-04
0.21987 3.32323398e-04
0.22063 4.16604181e-04
0.22140 3.39138831e-04
0.22216 3.71808748e-04
0.22293 5.81507789e-04
0.22370 1.20153270e-03
0.22448 3.99870148e-04
0.22526 3.28514547e-04
0.22604 3.36592406e-04
0.22682 3.18904778e-04
0.22760 3.32254455e-04
0.22839 3.15605082e-04
0.22918 3.40727108e-04
0.22998 3.15424380e-04
0.23077 3.34099748e-04
0.23157 3.43943336e-04
0.23237 4.26517578e-04
0.23318 3.89653773e-04
0.23398 5.40166848e-04
0.23479 3.27498297e-04
0.23561 3.10621392e-04
0.23642 3.15538308e-04
0.23724 3.13067005e-04
0.23806 3.07883425e-04
0.23889 3.68864929e-04
0.23971 3.37467845e-04
0.24054 3.72416655e-04
0.24137 3.47905572e-04
0.24221 3.00272228e-04
0.24305 3.10658140e-04
0.24389 3.30978262e-04
0.24473 3.39366362e-04
0.24558 3.79096480e-04
0.24643 8.39902278e-04
0.24728 3.19603308e-04
0.24814 2.89488596e-04
0.24900 3.09847416e-04
0.24986 3.07522020e-04
0.25073 3.03565853e-04
0.25159 3.45939522e-04
0.25246 2.94675861e-04
0.25334 2.96845920e-04
0.25422 2.91195570e-04
0.25510 2.99370990e-04
0.25598 3.37507302e-04
0.25687 3.20147259e-04
0.25775 2.87971754e-04
0.25865 2.91414538e-04
0.25954 2.86324833e-04
0.26044 3.19142716e-04
0.26134 3.00674175e-04
0.26225 2.76226181e-04
0.26315 3.12085551e-04
0.26406 4.03856232e-04
0.26498 2.83185027e-04
0.26590 2.84539485e-04
0.26682 2.72561285e-04
0.26774 3.01870260e-04
0.26867 3.17630211e-04
0.26960 2.66926978e-04
0.27053 2.92020169e-04
0.27147 3.89284562e-04
0.27241 2.70345698e-04
0.27335 2.79733788e-04
0.27430 2.78912875e-04
0.27525 3.26749144e-04
0.27620 2.81682061e-04
0.27715 2.64789547e-04
0.27811 2.71333330e-04
0.27908 2.97308138e-04
0.28004 2.59453449e-04
0.28101 2.73569622e-04
0.28198 3.02417247e-04
0.28296 2.60903624e-04
0.28394 2.58883048e-04
0.28492 3.08254262e-04
0.28591 2.73285397e-04
0.28690 2.54409055e-04
0.28789 3.40592475e-04
0.28889 3.05411797e-04
0.28989 2.51159873e-04
0.29089 3.05803229e-04
0.29190 3.23770529e-04
0.29291 2.47674163e-04
0.29392 2.83610280e-04
0.29494 3.15336901e-04
0.29596 2.44098806e-04
0.29699 2.72182427e-04
0.29801 3.01890640e-04
0.29905 2.41693301e-04
0.30008 2.68779968e-04
0.30112 3.76883602e-04
0.30216 4.09238401e-04
0.30321 5.69825088e-04
0.30426 7.67531512e-04
0.30531 8.80374177e-04
0.30637 1.26170879e-03
0.30743 1.57632353e-03
0.30849 1.92483278e-03
0.30956 4.14677046e-03
0.31063 3.26563022e-03
0.31171 4.49886775e-03
0.31279 6.07553491e-03
0.31387 6.80350703e-03
0.31496 1.12578495e-02
0.31605 1.13082230e-02
0.31714 1.53332884e-02
0.31824 2.06894516e-02
0.31934 2.35963928e-02
0.32044 2.78476998e-02
0.32155 2.70557728e-02
0.32267 2.59640764e-02
0.32378 2.69041646e-02
0.32490 2.22466502e-02
0.32603 2.47083058e-02
0.32716 2.15729550e-02
0.32829 1.99615456e-02
0.32943 1.95306231e-02
0.33057 1.84342113e-02
0.33171 1.82215739e-02
0.33286 1.59998725e-02
0.33401 2.65846881e-02
0.33517 1.62758481e-02
0.33633 1.42623289e-02
0.33749 1.38168158e-02
0.33866 1.34227384e-02
0.33983 1.37212828e-02
0.34101 1.15739222e-02
0.34219 2.30846038e-02
0.34337 1.14874082e-02
0.34456 1.86766262e-02
0.34576 1.00316135e-02
0.34695 1.03102004e-02
0.34815 1.04691614e-02
0.34936 9.74973556e-03
0.35057 9.18050874e-03
0.35178 8.66392203e-03
0.35300 9.25671827e-03
0.35422 8.01983958e-03
0.35545 7.83656337e-03
0.35668 7.40851670e-03
0.35791 8.01676753e-03
0.35915 6.83631104e-03
0.36039 7.63806671e-03
0.36164 6.50220706e-03
0.36289 7.11025085e-03
0.36415 6.16083270e-03
0.36541 8.76722832e-03
0.36668 6.44655559e-03
0.36795 6.39024504e-03
0.36922 5.65802364e-03
0.37050 8.26738399e-03
0.37178 2.31684621e-02
0.37307 5.66651786e-03
0.37436 5.24522776e-03
0.37565 6.62063515e-03
0.37695 1.63759663e-02
0.37826 4.99877820e-03
0.37957 4.94663996e-03
0.38088 5.24318768e-03
0.38220 1.20611043e-02
0.38352 4.56112295e-03
0.38485 4.91164953e-03
0.38618 4.66106233e-03
0.38752 5.31324009e-03
0.38886 4.22059194e-03
0.39021 4.70233346e-03
0.39156 4.23970394e-03
0.39291 4.30835475e-03
0.39427 3.93696984e-03
0.39564 4.25412114e-03
0.39701 3.96648391e-03
0.39838 4.25740024e-03
0.39976 3.73841682e-03
0.40115 3.90063416e-03
0.40253 3.92394558e-03
0.40393 4.56037824e-03
0.40533 3.85625954e-03
0.40673 3.72068691e-03
0.40814 4.65190036e-03
0.40955 3.87168269e-03
0.41097 4.89366055e-03
0.41239 3.61214708e-03
0.41382 3.83596164e-03
0.41525 3.74674736e-03
0.41669 4.29358091e-03
0.41813 3.73193124e-03
0.41958 3.58721182e-03
0.42103 3.90285203e-03
0.42249 3.71787610e-03
0.42395 4.76092583e-03
0.42542 3.53173162e-03
0.42689 3.79201845e-03
0.42837 3.58322270e-03
0.42985 4.01293548e-03
0.43134 4.06136643e-03
0.43283 3.47332895e-03
0.43433 4.59652422e-03
0.43583 3.52444822e-03
0.43734 3.96268341e-03
0.43886 3.53569364e-03
0.44037 3.51191393e-03
0.44190 3.54214669e-03
0.44343 4.42845761e-03
0.44496 4.19179765e-03
0.44650 3.40971441e-03
0.44805 3.72492318e-03
0.44960 3.40541744e-03
0.45116 3.49368430e-03
0.45272 4.33397075e-03
0.45429 3.35781791e-03
0.45586 4.71353552e-03
0.45744 3.36887580e-03
0.45902 3.46265697e-03
0.46061 4.15686683e-03
0.46220 3.37519768e-03
0.46380 5.13854265e-03
0.46541 3.39495792e-03
0.46702 3.42711912e-03
0.46864 3.93356934e-03
0.47026 7.02005012e-03
0.47189 4.76237731e-03
0.47352 3.51467271e-03
0.47516 3.36386013e-03
0.47680 3.72860228e-03
0.47845 5.21779498e-03
0.48011 4.30960352e-03
0.48177 3.55182248e-03
0.48344 3.28828040e-03
0.48511 3.52936525e-03
0.48679 1.22272056e-02
0.48848 3.74680481e-03
0.49017 3.47104496e-03
0.49186 3.24491931e-03
0.49357 3.37372886e-03
0.49528 4.13602910e-03
0.49699 3.39280076e-03
0.49871 3.58599991e-03
0.50044 3.26708494e-03
0.50217 3.25865142e-03
0.50391 3.44960453e-03
0.50565 3.32018577e-03
0.50740 3.78712202e-03
0.50916 8.86636554e-03
0.51092 3.17053523e-03
0.51269 3.26450502e-03
0.51446 5.23083008e-03
0.51625 3.31717550e-03
0.51803 3.68100818e-03
0.51983 3.39001054e-03
0.52163 3.13316000e-03
0.52343 3.28367231e-03
0.52524 3.32240580e-03
0.52706 3.35415724e-03
0.52889 3.73878538e-03
0.53072 3.17640726e-03
0.53255 3.11043827e-03
0.53440 3.55269510e-03
0.53625 3.22717965e-03
0.53810 3.34079261e-03
0.53997 4.16404616e-03
0.54183 3.11511031e-03
0.54371 3.08010362e-03
0.54559 4.62191259e-03
0.54748 3.20896737e-03
0.54938 3.28957686e-03
0.55128 1.63956192e-02
0.55319 3.09963188e-03
0.55510 3.04367688e-03
0.55702 5.81175218e-03
0.55895 3.17231516e-03
0.56089 3.26926162e-03
0.56283 4.02259717e-03
0.56478 3.17893840e-03
0.56673 3.02588519e-03
0.56869 4.86443482e-03
0.57066 3.16846913e-03
0.57264 3.21287302e-03
0.57462 3.67670361e-03
0.57661 3.48330067e-03
0.57860 3.02543641e-03
0.58061 3.65968698e-03
0.58262 3.24454100e-03
0.58463 3.15879768e-03
0.58666 3.45868194e-03
0.58869 4.15554544e-03
0.59073 3.08464232e-03
0.59277 3.20135444e-03
0.59482 3.85653162e-03
0.59688 3.14744495e-03
0.59895 1.32624040e-02
0.60102 3.69612456e-03
0.60310 3.42956245e-03
0.60519 3.06617530e-03
0.60728 4.47621323e-03
0.60939 3.21527408e-03
0.61150 3.23191673e-03
0.61361 3.35170198e-03
0.61574 3.79206614e-03
0.61787 3.24341147e-03
0.62001 3.32020094e-03
0.62215 4.26192378e-03
0.62431 3.14359350e-03
0.62647 3.43601442e-03
0.62864 3.37766270e-03
0.63081 3.65080685e-03
0.63300 3.24174861e-03
0.63519 3.49331791e-03
0.63739 3.75130774e-03
0.63959 3.19234965e-03
0.64181 3.20416200e-03
0.64403 3.34033299e-03
0.64626 3.52727855e-03
0.64849 3.31611318e-03
0.65074 3.47161732e-03
0.65299 3.70890058e-03
0.65525 3.38942844e-03
0.65752 3.16083668e-03
0.65980 3.26031103e-03
0.66208 3.40869545e-03
0.66437 3.42261726e-03
0.66667 3.35518921e-03
0.66898 3.77361538e-03
0.67130 3.44011953e-03
0.67362 3.10459768e-03
0.67595 3.14888450e-03
0.67829 3.28392055e-03
0.68064 3.42344327e-03
0.68299 3.29847216e-03
0.68536 3.64972394e-03
0.68773 3.37572668e-03
0.69011 3.20611536e-03
0.69250 3.01946574e-03
0.69490 3.12703106e-03
0.69730 3.27558350e-03
0.69972 3.52220976e-03
0.70214 3.33712218e-03
0.70457 3.56789061e-03
0.70701 7.60600199e-03
0.70946 3.01352325e-03
0.71191 2.99296844e-03
0.71438 3.09975870e-03
0.71685 3.48936998e-03
0.71933 3.30990728e-03
0.72182 3.32818677e-03
0.72432 3.56031562e-03
0.72683 8.67775821e-03
0.72934 3.05914339e-03
0.73187 2.97540331e-03
0.73440 3.07576111e-03
0.73694 3.69115984e-03
0.73949 3.31989200e-03
0.74205 3.28086258e-03
0.74462 3.51427055e-03
0.74720 6.09750434e-03
0.74979 3.14308402e-03
0.75238 2.94750765e-03
0.75499 3.03364229e-03
0.75760 3.50620992e-03
0.76022 3.44707339e-03
0.76285 3.25207480e-03
0.76549 3.43309304e-03
0.76814 4.34482268e-03
0.77080 3.49981324e-03
0.77347 2.96602346e-03
0.77615 7.00708874e-03
0.77884 3.24009551e-03
0.78153 4.43819518e-03
0.78424 3.21914613e-03
0.78695 3.31483406e-03
0.78968 3.66811508e-03
0.79241 5.56169398e-03
0.79515 3.18419255e-03
0.79790 3.90218862e-03
0.80067 3.03075343e-03
0.80344 4.94560366e-03
0.80622 3.34705054e-03
0.80901 3.18691881e-03
0.81181 3.33396666e-03
0.81462 3.86152886e-03
0.81744 4.64479583e-03
0.82027 3.19235398e-03
0.82311 2.98004825e-03
0.82596 3.09286772e-03
0.82882 6.29694624e-03
0.83169 3.29398874e-03
0.83457 3.15033923e-03
0.83745 3.33638181e-03
0.84035 3.70380903e-03
0.84326 4.66221571e-03
0.84618 5.49667024e-02
0.84911 3.00450112e-03
0.85205 3.05936886e-03
0.85500 4.71050249e-03
0.85796 3.52426611e-03
0.86093 3.11255532e-03
0.86391 3.88075035e-03
0.86690 3.43751468e-03
0.86990 4.12653434e-03
0.87291 4.41948318e-03
0.87593 3.16504694e-03
0.87897 3.02209986e-03
0.88201 3.42518526e-03
0.88506 5.10763564e-03
0.88813 3.17411026e-03
0.89120 2.89552877e-02
0.89428 3.18818709e-03
0.89738 3.48055706e-03
0.90049 4.71820756e-03
0.90360 3.70041936e-03
0.90673 3.19738916e-03
0.90987 3.10896945e-03
0.91302 3.70320091e-03
0.91618 4.47051573e-03
0.91935 3.18293619e-03
0.92253 3.02988190e-03
0.92573 3.11482739e-03
0.92893 3.37033811e-03
0.93215 3.80393378e-03
0.93537 3.71585119e-03
0.93861 3.31777929e-03
0.94186 3.16864040e-03
0.94512 3.50824242e-03
0.94839 4.56931366e-03
0.95168 4.08628326e-03
0.95497 3.02253780e-03
0.95828 3.02823855e-03
0.96159 3.23155684e-03
0.96492 3.48124649e-03
0.96826 3.59705129e-03
0.97161 3.49170926e-03
0.97498 3.26325192e-03
0.97835 3.27132338e-03
0.98174 3.85037125e-03
0.98514 4.41391792e-03
0.98855 3.21084594e-03
0.99197 2.98873542e-03
0.99540 3.04944159e-03
0.99885 4.22576154e-03
1.00231 3.30634309e-03
1.00578 3.44169241e-03
1.00926 3.41784333e-03
1.01275 3.29470201e-03
1.01626 3.33313523e-03
1.01978 3.83117903e-03
1.02330 3.96148667e-03
1.02685 3.19204721e-03
1.03040 2.96221536e-03
1.03397 3.37789034e-03
1.03755 3.10166980e-03
1.04114 3.11882952e-03
1.04474 3.24069496e-03
1.04836 3.30323309e-03
1.05199 3.28690372e-03
1.05563 3.32042967e-03
1.05928 3.96984756e-03
1.06295 3.83747707e-03
1.06663 3.37966702e-03
1.07032 3.04038152e-03
1.07403 3.74747255e-03
1.07775 3.02529007e-03
1.08148 2.92458647e-03
1.08522 3.00389625e-03
1.08898 3.09777282e-03
1.09275 3.16518136e-03
1.09653 3.22239054e-03
1.10032 3.56221804e-03
1.10413 3.71316829e-03
1.10796 3.59697650e-03
1.11179 3.31658364e-03
1.11564 3.21677759e-03
1.11950 5.70104868e-03
1.12338 2.87091872e-03
1.12726 2.83017874e-03
1.13117 2.87903571e-03
1.13508 2.95383279e-03
1.13901 3.03472412e-03
1.14295 3.15188935e-03
1.14691 5.85000220e-03
1.15088 3.43154726e-03
1.15487 3.43935856e-03
1.15886 3.37585892e-03
1.16287 3.42143570e-03
1.16690 7.29820561e-03
1.17094 2.89424748e-03
1.17499 2.76052524e-03
1.17906 2.76060112e-03
1.18314 2.80772043e-03
1.18724 2.88375219e-03
1.19135 3.00848916e-03
1.19547 3.86594725e-03
1.19961 3.60288863e-03
1.20376 3.25492897e-03
1.20793 3.32307029e-03
1.21211 3.38292335e-03
1.21630 5.14992465e-03
1.22052 3.66232760e-03
1.22474 2.81822873e-03
1.22898 2.69179639e-03
1.23323 2.67074728e-03
1.23750 2.70219195e-03
1.24179 2.78132178e-03
1.24609 2.98672569e-03
1.25040 8.24071868e-03
1.25473 3.33183118e-03
1.25907 3.12842183e-03
1.26343 3.21115705e-03
1.26780 3.37642477e-03
1.27219 4.70996591e-03
1.27659 4.88493652e-03
1.28101 2.97422175e-03
1.28545 2.72309472e-03
1.28990 2.63685168e-03
1.29436 2.61852666e-03
1.29884 2.65616531e-03
1.30334 2.78704096e-03
1.30785 3.52917013e-03
1.31238 7.50195642e-03
1.31692 3.08185753e-03
1.32148 2.98972403e-03
1.32605 3.07922232e-03
1.33064 3.27918889e-03
1.33525 4.06657288e-03
1.33987 8.47373423e-03
1.34451 3.50601806e-03
1.34916 2.90500076e-03
1.35383 2.72008770e-03
1.35852 2.63678556e-03
1.36322 2.60970398e-03
1.36794 2.63892971e-03
1.37268 2.78643284e-03
1.37743 3.71022956e-03
1.38220 8.73934567e-03
1.38698 3.09245580e-03
1.39178 2.87372953e-03
1.39660 2.92276210e-03
1.40144 3.09198968e-03
1.40629 3.62992142e-03
1.41115 6.70658768e-03
1.41604 4.13797813e-03
1.42094 3.02381800e-03
1.42586 2.74863593e-03
1.43080 2.63134604e-03
1.43575 2.58915134e-03
1.44072 2.62546426e-03
1.44571 2.85744243e-03
1.45071 4.71730892e-03
1.45573 5.49049902e-03
1.46077 2.95157916e-03
1.46583 2.77039940e-03
1.47090 2.82699612e-03
1.47599 3.02655293e-03
1.48110 3.58757388e-03
1.48623 5.36482657e-03
1.49137 4.39353330e-03
1.49654 3.13391771e-03
1.50172 2.77301834e-03
1.50692 2.63001272e-03
1.51213 2.56885453e-03
1.51737 2.57722409e-03
1.52262 2.70583310e-03
1.52789 3.25641947e-03
1.53318 6.74970920e-03
1.53849 4.58464900e-03
1.54381 2.93948605e-03
1.54916 2.70517078e-03
1.55452 2.71337449e-03
1.55990 2.83627191e-03
1.56530 3.10943774e-03
1.57072 3.72430422e-03
1.57615 4.76333665e-03
1.58161 4.27558760e-03
1.58709 3.30879835e-03
1.59258 2.89521441e-03
1.59809 2.71433708e-03
1.60362 2.63104686e-03
1.60918 2.62089954e-03
1.61475 2.71945031e-03
1.62034 3.10775212e-03
1.62594 4.74281219e-03
1.63157 6.21316930e-03
1.63722 3.40940656e-03
1.64289 2.75400606e-03
1.64857 2.61474892e-03
1.65428 2.63493408e-03
1.66001 2.75734804e-03
1.66575 3.00741491e-03
1.67152 3.46257784e-03
1.67731 4.04535250e-03
1.68311 3.98724468e-03
1.68894 3.37186655e-03
1.69478 2.95311844e-03
1.70065 2.74481483e-03
1.70654 2.65371438e-03
1.71245 2.64315297e-03
1.71837 2.73215262e-03
1.72432 3.02962824e-03
1.73029 3.93079213e-03
1.73628 5.67378716e-03
1.74229 4.29680364e-03
1.74832 3.06688749e-03
1.75437 2.68466150e-03
1.76045 2.57981810e-03
1.76654 2.59399574e-03
1.77266 2.69070697e-03
1.77879 2.87398210e-03
1.78495 3.15741558e-03
1.79113 3.48925616e-03
1.79733 3.62726129e-03
1.80355 3.39782402e-03
1.80979 3.06178618e-03
1.81606 2.83279552e-03
1.82234 2.71796632e-03
1.82865 2.69520990e-03
1.83498 2.77326658e-03
1.84133 3.01954162e-03
1.84771 3.61957139e-03
1.85410 4.67188065e-03
1.86052 4.56997923e-03
1.86696 3.45588848e-03
1.87342 2.87387804e-03
1.87991 2.64758978e-03
1.88642 2.58009019e-03
1.89295 2.59823093e-03
1.89950 2.67761875e-03
1.90607 2.80614863e-03
1.91267 2.97420007e-03
1.91929 3.14533548e-03
1.92594 3.24348952e-03
1.93260 3.20643514e-03
1.93929 3.06838558e-03
1.94601 2.91841309e-03
1.95274 2.81329870e-03
1.95950 2.77232566e-03
1.96629 2.80703318e-03
1.97309 2.94335702e-03
1.97992 3.23527822e-03
1.98678 3.73657944e-03
1.99365 4.24265784e-03
2.00055 4.10232104e-03
2.00748 3.50632483e-03
2.01443 3.02032969e-03
2.02140 2.74124955e-03
2.02840 2.60075556e-03
2.03542 2.54386616e-03
2.04247 2.54094586e-03
2.04954 2.57684361e-03
2.05663 2.64288631e-03
2.06375 2.73143610e-03
2.07090 2.83118470e-03
2.07806 2.92367158e-03
2.08526 2.98512462e-03
2.09247 2.99776731e-03
2.09972 2.96370153e-03
2.10699 2.90502244e-03
2.11428 2.84955416e-03
2.12160 2.81926612e-03
2.12894 2.82965300e-03
2.13631 2.89508541e-03
2.14371 3.03380923e-03
2.15113 3.26586870e-03
2.15857 3.58509369e-03
2.16605 3.87810322e-03
2.17354 3.90408020e-03
2.18107 3.59882363e-03
2.18862 3.19764932e-03
2.19619 2.87955278e-03
2.20380 2.66267148e-03
2.21143 2.53149989e-03
2.21908 2.46634932e-03
2.22676 2.44588123e-03
2.23447 2.45711364e-03
2.24220 2.49124013e-03
2.24997 2.54067703e-03
2.25775 2.59718270e-03
2.26557 2.65127213e-03
2.27341 2.69352970e-03
2.28128 2.71779613e-03
2.28918 2.72444538e-03
2.29710 2.72103729e-03
2.30505 2.71976142e-03
2.31303 2.73399000e-03
2.32104 2.77632888e-03
2.32908 2.85803104e-03
2.33714 2.98697718e-03
2.34523 3.15908494e-03
2.35335 3.33864412e-03
2.36149 3.44355581e-03
2.36967 3.39115850e-03
2.37787 3.19270520e-03
2.38610 2.94294943e-03
2.39436 2.72037280e-03
2.40265 2.55522648e-03
2.41097 2.44566010e-03
2.41931 2.37381258e-03
2.42769 2.33102493e-03
2.43609 2.31040725e-03
2.44452 2.30674766e-03
2.45298 2.31599418e-03
2.46148 2.33476364e-03
2.47000 2.36001651e-03
2.47855 2.38891812e-03
2.48713 2.41893082e-03
2.49574 2.44809584e-03
2.50438 2.47543432e-03
2.51304 2.50130832e-03
2.52174 2.52757472e-03
2.53047 2.55742917e-03
2.53923 2.59499519e-03
2.54802 2.64468683e-03
2.55684 2.71033821e-03
2.56569 2.79378344e-03
2.57457 2.89246755e-03
2.58349 2.99605351e-03
2.59243 3.08385426e-03
2.60140 3.12810314e-03
2.61041 3.10696730e-03
2.61944 3.01983864e-03
2.62851 2.88914943e-03
2.63761 2.74513894e-03
2.64674 2.61084977e-03
2.65590 2.49776256e-03
2.66510 2.40872605e-03
2.67432 2.34216303e-03
2.68358 2.29490280e-03
2.69287 2.26360446e-03
2.70219 2.24528486e-03
2.71154 2.23744538e-03
2.72093 2.23803182e-03
2.73035 2.24534990e-03
2.73980 2.25799910e-03
2.74928 2.27482712e-03
2.75880 2.29492556e-03
2.76835 2.31764837e-03
2.77793 2.34265300e-03
2.78755 2.36994378e-03
2.79720 2.39989036e-03
2.80688 2.43503906e-03
2.81660 2.47557199e-03
2.82635 2.52190649e-03
2.83613 2.57487723e-03
2.84595 2.63451024e-03
2.85580 2.69930200e-03
2.86569 2.76540107e-03
2.87561 2.82602919e-03
2.88556 2.87180218e-03
2.89555 2.89267026e-03
2.90557 2.88138040e-03
2.91563 2.83683017e-03
2.92572 2.76493712e-03
2.93585 2.67625183e-03
2.94601 2.58207391e-03
2.95621 2.49147210e-03
2.96644 2.41019378e-03
2.97671 2.34101182e-03
2.98702 2.28462648e-03
2.99736 2.24053369e-03
3.00773 2.20711289e-03
3.01814 2.18325513e-03
3.02859 2.16789377e-03
3.03907 2.15990360e-03
3.04960 2.15829603e-03
3.06015 2.16222445e-03
3.07074 2.17098208e-03
3.08137 2.18398792e-03
3.09204 2.20078775e-03
3.10274 2.22103578e-03
3.11348 2.24449354e-03
3.12426 2.27101360e-03
3.13508 2.30052550e-03
3.14593 2.33300431e-03
3.15682 2.36842510e-03
3.16775 2.40670222e-03
3.17871 2.44759720e-03
3.18972 2.49059840e-03
3.20076 2.53479633e-03
3.21184 2.57873736e-03
3.22295 2.62033911e-03
3.23411 2.65689918e-03
3.24531 2.68527288e-03
3.25654 2.70228084e-03
3.26781 2.70528135e-03
3.27912 2.69279150e-03
3.29047 2.66491969e-03
3.30187 2.62342417e-03
3.31330 2.57136074e-03
3.32476 2.51246051e-03
3.33627 2.45047522e-03
3.34782 2.38868072e-03
3.35941 2.32961681e-03
3.37104 2.27504500e-03
3.38271 2.22603519e-03
3.39442 2.18311855e-03
3.40617 2.14644141e-03
3.41796 2.11590079e-03
3.42979 2.09124196e-03
3.44166 2.07213863e-03
3.45358 2.05823199e-03
3.46553 2.04916650e-03
3.47753 2.04460720e-03
3.48957 2.04424297e-03
3.50164 2.04884780e-03
3.51377 2.06384711e-03
3.52593 2.08238351e-03
3.53814 2.10429874e-03
3.55038 2.12944537e-03
3.56267 2.15768249e-03
3.57500 2.18886375e-03
3.58738 2.22282222e-03
3.59980 2.25935627e-03
3.61226 2.29821008e-03
3.62476 2.33904653e-03
3.63731 2.38142442e-03
3.64990 2.42477358e-03
3.66254 2.46836990e-03
3.67521 2.51132556e-03
3.68794 2.55259128e-03
3.70070 2.59098222e-03
3.71351 2.62522903e-03
3.72637 2.65407210e-03
3.73927 2.67636348e-03
3.75221 2.69118935e-03
3.76520 2.69798711e-03
3.77823 2.69661802e-03
3.79131 2.68739643e-03
3.80443 2.67105622e-03
3.81760 2.64866836e-03
3.83082 2.62152175e-03
3.84408 2.59099414e-03
3.85739 2.55844271e-03
3.87074 2.52511404e-03
3.88414 2.49208673e-03
3.89758 2.46024748e-03
3.91107 2.43029331e-03
3.92461 2.40274128e-03
3.93820 2.37796104e-03
3.95183 2.35619216e-03
3.96551 2.33758096e-03
3.97924 2.32219792e-03
3.99301 2.31006145e-03
4.00683 2.32562769e-03
4.02070 2.37019093e-03
4.03462 2.41905982e-03
4.04859 2.47238828e-03
4.06260 2.53033025e-03
4.07667 2.59303423e-03
4.09078 2.66065198e-03
4.10494 2.73333202e-03
4.11915 2.81121742e-03
4.13341 2.89444585e-03
4.14771 2.98313765e-03
4.16207 3.07739036e-03
4.17648 3.17727229e-03
4.19094 3.28280945e-03
4.20545 3.39396931e-03
4.22000 3.51065541e-03
4.23461 3.63268346e-03
4.24927 3.75977487e-03
4.26398 3.89153724e-03
4.27874 4.02746108e-03
4.29355 4.16690792e-03
4.30841 4.30911572e-03
4.32332 4.45321184e-03
4.33829 4.59822719e-03
4.35331 4.74313197e-03
4.36838 4.88687688e-03
4.38350 5.02844186e-03
4.39867 5.16688817e-03
4.41390 5.30141474e-03
4.42918 5.43140151e-03
4.44451 5.55645067e-03
4.45990 5.67640502e-03
4.47533 5.79135238e-03
4.49083 5.90161578e-03
4.50637 6.09194775e-03
4.52197 6.41018739e-03
4.53762 6.74018409e-03
4.55333 7.08346738e-03
4.56909 7.44177599e-03
4.58491 7.81703511e-03
4.60078 8.21133144e-03
4.61670 8.62689042e-03
4.63269 9.06606544e-03
4.64872 9.53133233e-03
4.66481 1.00252851e-02
4.68096 1.05506403e-02
4.69717 1.11102520e-02
4.71343 1.17071133e-02
4.72974 1.23443752e-02
4.74611 1.30253657e-02
4.76254 1.37536077e-02
4.77903 1.45328303e-02
4.79557 1.53669574e-02
4.81217 1.62602060e-02
4.82883 1.72169769e-02
4.84555 1.82419639e-02
4.86232 1.93401426e-02
4.87915 2.05167054e-02
4.89604 2.17771698e-02
4.91299 2.31272592e-02
4.92999 2.45730117e-02
4.94706 2.61206385e-02
4.96418 2.77765894e-02
4.98137 2.95474769e-02
4.99861 3.14400433e-02
5.01591 3.21900196e-02
5.03328 3.28533083e-02
5.05070 3.35347216e-02
5.06818 3.42321563e-02
5.08573 3.49432495e-02
5.10333 3.56654103e-02
5.12100 3.63958203e-02
5.13873 3.71314878e-02
5.15651 3.78693449e-02
5.17436 3.86062372e-02
5.19228 3.93390646e-02
5.21025 4.00648460e-02
5.22828 4.07807738e-02
5.24638 4.14843440e-02
5.26454 4.21734102e-02
5.28277 4.28462599e-02
5.30105 4.35016463e-02
5.31940 4.41388757e-02
5.33782 4.47577421e-02
5.35629 4.53586358e-02
5.37484 4.59424349e-02
5.39344 4.65104942e-02
5.41211 4.70646242e-02
5.43084 4.76069819e-02
5.44965 4.81400281e-02
5.46851 4.86664727e-02
5.48744 4.91891775e-02
5.50643 4.93806661e-02
5.52550 4.89279335e-02
5.54462 4.84804908e-02
5.56381 4.80414708e-02
5.58308 4.76136485e-02
5.60240 4.71993112e-02
5.62179 4.68003775e-02
5.64125 4.64183542e-02
5.66078 4.60543687e-02
5.68038 4.57092448e-02
5.70004 4.53834486e-02
5.71977 4.50772294e-02
5.73957 4.47905548e-02
5.75944 4.45231970e-02
5.77938 4.42747442e-02
5.79938 4.40446436e-02
5.81946 4.38321796e-02
5.83960 4.36365609e-02
5.85982 4.34568771e-02
5.88010 4.32921633e-02
5.90045 4.31413680e-02
5.92088 4.30033965e-02
5.94137 4.28771105e-02
5.96194 4.27613393e-02
5.98258 4.26549122e-02
6.00329 4.25962353e-02
6.02407 4.27551172e-02
6.04492 4.29201020e-02
6.06585 4.30897805e-02
6.08684 4.32627544e-02
6.10791 4.34375819e-02
6.12906 4.36128755e-02
6.15027 4.37872369e-02
6.17156 4.39593111e-02
6.19293 4.41277864e-02
6.21436 4.42914053e-02
6.23588 4.44489756e-02
6.25746 4.45993914e-02
6.27912 4.47416447e-02
6.30086 4.48748358e-02
6.32267 4.49981842e-02
6.34455 4.51110177e-02
6.36652 4.52128053e-02
6.38856 4.53031784e-02
6.41067 4.53818660e-02
6.43286 4.54487704e-02
6.45513 4.55039244e-02
6.47747 4.55474903e-02
6.49990 4.55797610e-02
6.52240 4.57873904e-02
6.54497 4.59853179e-02
6.56763 4.61734028e-02
6.59037 4.63524796e-02
6.61318 4.65234914e-02
6.63607 4.66874464e-02
6.65904 4.68453960e-02
6.68209 4.69984677e-02
6.70522 4.71477887e-02
6.72843 4.72944864e-02
6.75172 4.74397099e-02
6.77510 4.75845540e-02
6.79855 4.77301026e-02
6.82208 4.78773966e-02
6.84570 4.80274222e-02
6.86939 4.81811008e-02
6.89317 4.83393106e-02
6.91704 4.85028212e-02
6.94098 4.86723913e-02
6.96500 4.88486497e-02
6.98911 4.90321926e-02
7.01331 4.94786922e-02
7.03759 5.01544253e-02
7.06195 5.08545592e-02
7.08639 5.15797769e-02
7.11092 5.23305336e-02
7.13554 5.31071654e-02
7.16024 5.39098132e-02
7.18502 5.47385095e-02
7.20990 5.55931351e-02
7.23485 5.64734298e-02
7.25990 5.73790685e-02
7.28503 5.83095849e-02
7.31025 5.92644697e-02
7.33555 6.02431157e-02
7.36094 6.12447968e-02
7.38642 6.22689816e-02
7.41199 6.33148790e-02
7.43765 6.43817410e-02
7.46340 6.54688196e-02
7.48923 6.65754101e-02
7.51516 7.15519999e-02
7.54117 7.99576178e-02
7.56727 8.92996924e-02
7.59347 9.96693881e-02
7.61975 1.11165284e-01
7.64613 1.23893612e-01
7.67260 1.37968593e-01
7.69916 1.53512178e-01
7.72581 1.70654012e-01
7.75255 1.89530462e-01
7.77939 2.10283751e-01
7.80632 2.33060108e-01
7.83334 2.58007176e-01
7.86046 2.85271077e-01
7.88767 3.14992080e-01
7.91497 3.47299400e-01
7.94237 3.82305120e-01
7.96986 4.20096612e-01
7.99745 4.60729051e-01
8.02513 4.95248164e-01
8.05291 5.30713500e-01
8.08079 5.67955296e-01
8.10876 6.06907752e-01
8.13683 6.47472550e-01
8.16500 6.89518308e-01
8.19326 7.32881885e-01
8.22162 7.64166450e-01
8.25008 7.91805849e-01
8.27864 8.19797872e-01
8.30730 8.48086045e-01
8.33605 8.76613022e-01
8.36491 9.05320161e-01
8.39386 9.34148816e-01
8.42292 9.58660766e-01
8.45208 9.82037659e-01
8.48133 1.00542832e+00
8.51069 1.02880532e+00
8.54016 1.05214189e+00
8.56972 1.07541168e+00
8.59938 1.09858956e+00
8.62915 1.11847662e+00
8.65902 1.13821409e+00
8.68899 1.15785400e+00
8.71907 1.17738443e+00
8.74925 1.19679020e+00
8.77954 1.21605830e+00
8.80993 1.23512803e+00
8.84043 1.25392459e+00
8.87103 1.27252928e+00
8.90174 1.29092801e+00
8.93255 1.30910561e+00
8.96347 1.32704364e+00
8.99450 1.34472476e+00
9.02563 1.36398853e+00
9.05688 1.38317316e+00
9.08823 1.40182338e+00
9.11969 1.41989800e+00
9.15126 1.43735473e+00
9.18294 1.45414914e+00
9.21472 1.46973815e+00
9.24662 1.48405670e+00
9.27863 1.49766849e+00
9.31075 1.51054750e+00
9.34298 1.52266770e+00
9.37532 1.53400309e+00
9.40777 1.54433144e+00
9.44034 1.55329829e+00
9.47302 1.56161690e+00
9.50581 1.56928620e+00
9.53871 1.57630836e+00
9.57173 1.58268661e+00
9.60487 1.58831366e+00
9.63811 1.59282526e+00
9.67148 1.59698891e+00
9.70495 1.60081001e+00
9.73855 1.60428965e+00
9.77226 1.60743216e+00
9.80609 1.61020070e+00
9.84003 1.61258225e+00
9.87409 1.61485106e+00
9.90827 1.61700822e+00
9.94257 1.61905373e+00
9.97699 1.62098975e+00
10.01153 1.62283364e+00
10.04618 1.62463633e+00
10.08096 1.62638916e+00
10.11585 1.62809646e+00
10.15087 1.62976256e+00
10.18601 1.63139290e+00
10.22127 1.63300589e+00
10.25665 1.63458420e+00
10.29215 1.63612239e+00
10.32778 1.63762915e+00
10.36353 1.63911206e+00
10.39941 1.64058088e+00
10.43540 1.64188494e+00
10.47153 1.64312178e+00
10.50777 1.64430117e+00
10.54415 1.64543178e+00
10.58065 1.64652120e+00
10.61727 1.64748163e+00
10.65403 1.64823826e+00
10.69091 1.64888649e+00
10.72791 1.64943391e+00
10.76505 1.64989028e+00
10.80231 1.65019596e+00
10.83971 1.64921169e+00
10.87723 1.64780358e+00
10.91488 1.64596728e+00
10.95266 1.64369738e+00
10.99058 1.64098522e+00
11.02862 1.63671642e+00
11.06680 1.63132678e+00
11.10511 1.62512088e+00
11.14355 1.61807813e+00
11.18212 1.61018336e+00
11.22083 1.59953956e+00
11.25967 1.58592452e+00
11.29865 1.57082765e+00
11.33776 1.55428148e+00
11.37701 1.53633802e+00
11.41639 1.51403147e+00
11.45591 1.48556672e+00
11.49556 1.45520496e+00
11.53536 1.42328008e+00
11.57529 1.39014870e+00
11.61536 1.35376858e+00
11.65556 1.31339500e+00
11.69591 1.27354932e+00
11.73640 1.23463914e+00
11.77702 1.19693437e+00
11.81779 1.16217158e+00
11.85870 1.13113557e+00
11.89975 1.10151636e+00
11.94094 1.07278678e+00
11.98227 1.04434641e+00
12.02375 1.03144952e+00
12.06537 1.02928792e+00
12.10714 1.02563029e+00
12.14905 1.02027739e+00
12.19110 1.01309686e+00
12.23330 1.00402660e+00
12.27565 9.93073972e-01
12.31814 9.80310522e-01
12.36078 9.65864271e-01
12.40357 9.49908875e-01
12.44651 9.32651161e-01
12.48959 9.14318445e-01
12.53283 9.07481223e-01
12.57621 9.04214806e-01
12.61974 9.00715871e-01
12.66343 8.97045447e-01
12.70726 8.93260336e-01
12.75125 8.89411919e-01
12.79539 8.85547134e-01
12.83968 8.81707497e-01
12.88413 8.77930191e-01
12.92873 8.74247192e-01
12.97348 8.70686469e-01
13.01839 8.66619193e-01
13.06345 8.61695556e-01
13.10867 8.56837827e-01
13.15405 8.52056195e-01
13.19959 8.47359765e-01
13.24528 8.42756559e-01
13.29113 8.38253298e-01
13.33713 8.33855835e-01
13.38330 8.29568940e-01
13.42963 8.25396841e-01
13.47612 8.21342464e-01
13.52277 8.16837468e-01
13.56958 8.11884022e-01
13.61655 8.07092850e-01
13.66368 8.02464279e-01
13.71098 7.97997765e-01
13.75844 7.93692009e-01
13.80607 7.89545600e-01
13.85386 7.85556264e-01
13.90182 7.81721505e-01
13.94994 7.78038615e-01
13.99823 7.74504450e-01
14.04668 7.69761950e-01
14.09531 7.65123297e-01
14.14410 7.60636404e-01
14.19306 7.56297044e-01
14.24219 7.52101205e-01
14.29149 7.48044335e-01
14.34096 7.44122315e-01
14.39060 7.40330808e-01
14.44042 7.36665370e-01
14.49041 7.33121774e-01
14.54057 7.31819132e-01
14.59090 7.31192363e-01
14.64141 7.30736432e-01
14.69209 7.30442885e-01
14.74295 7.30304025e-01
14.79398 7.30312155e-01
14.84519 7.30460338e-01
14.89658 7.30741744e-01
14.94814 7.31149762e-01
14.99989 7.31675935e-01
15.05181 7.40739693e-01
15.10392 7.50082797e-01
15.15620 7.59680316e-01
15.20866 7.69525746e-01
15.26131 7.79613342e-01
15.31414 7.89938008e-01
15.36715 8.00495084e-01
15.42034 8.11280559e-01
15.47372 8.22291072e-01
15.52729 8.37013418e-01
15.58103 8.55443044e-01
15.63497 8.74252612e-01
15.68909 8.93442339e-01
15.74340 9.13013309e-01
15.79790 9.32966388e-01
15.85258 9.53302987e-01
15.90746 9.74024840e-01
15.96252 9.95133788e-01
16.01778 1.01650582e+00
16.07323 1.03796176e+00
16.12886 1.05974756e+00
16.18470 1.08186311e+00
16.24072 1.10430766e+00
16.29694 1.12708033e+00
16.35335 1.15018037e+00
16.40996 1.17360561e+00
16.46677 1.19735280e+00
16.52377 1.21992926e+00
16.58097 1.24063583e+00
16.63836 1.26151584e+00
16.69596 1.28256278e+00
16.75375 1.30376691e+00
16.81175 1.32511954e+00
16.86994 1.34660984e+00
16.92834 1.36822697e+00
16.98694 1.38995792e+00
17.04574 1.40726072e+00
17.10474 1.42326490e+00
17.16395 1.43924631e+00
17.22337 1.45519520e+00
17.28299 1.47110182e+00
17.34281 1.48695640e+00
17.40285 1.50274812e+00
17.46309 1.51846612e+00
17.52354 1.53241503e+00
17.58420 1.54361166e+00
17.64507 1.55469231e+00
17.70615 1.56565264e+00
17.76744 1.57648613e+00
17.82894 1.58718846e+00
17.89066 1.59775313e+00
17.95259 1.60817362e+00
18.01473 1.61740280e+00
18.07709 1.62313390e+00
18.13967 1.62874035e+00
18.20246 1.63421889e+00
18.26547 1.63956843e+00
18.32870 1.64478680e+00
18.39214 1.64987185e+00
18.45581 1.65482248e+00
18.51969 1.65872921e+00
18.58380 1.66047987e+00
18.64813 1.66212322e+00
18.71268 1.66365924e+00
18.77746 1.66508470e+00
18.84246 1.66639960e+00
18.90768 1.66760175e+00
18.97313 1.66869117e+00
19.03881 1.66834971e+00
19.10472 1.66698821e+00
19.17085 1.66551830e+00
19.23721 1.66393783e+00
19.30380 1.66224788e+00
19.37062 1.66044735e+00
19.43768 1.65853409e+00
19.50496 1.65641054e+00
19.57248 1.65293848e+00
19.64023 1.64935153e+00
19.70822 1.64564967e+00
19.77644 1.64183074e+00
19.84490 1.63789582e+00
19.91359 1.63384382e+00
19.98252 1.62967584e+00
20.05169 1.62455611e+00
20.12110 1.61902880e+00
20.19076 1.61337682e+00
20.26065 1.60760018e+00
20.33078 1.60169997e+00
20.40116 1.59567835e+00
20.47178 1.58953424e+00
20.54264 1.58326980e+00
20.61375 1.57688613e+00
20.68511 1.57038321e+00
20.75671 1.56376431e+00
20.82856 1.55702942e+00
20.90066 1.55017962e+00
20.97301 1.54321709e+00
21.04561 1.53617000e+00
21.11846 1.52903186e+00
21.19157 1.52179074e+00
21.26492 1.51444773e+00
21.33853 1.50700498e+00
21.41240 1.49946468e+00
21.48652 1.49182898e+00
21.56090 1.48409790e+00
21.63553 1.47627684e+00
21.71043 1.46836472e+00
21.78558 1.46036588e+00
21.86099 1.45228250e+00
21.93666 1.44411564e+00
22.01260 1.43597805e+00
22.08880 1.42832284e+00
22.16526 1.42059826e+00
22.24199 1.41280755e+00
22.31898 1.40495289e+00
22.39624 1.39703535e+00
22.47377 1.38905711e+00
22.55156 1.38102034e+00
22.62962 1.37292828e+00
22.70796 1.36478093e+00
22.78656 1.35658264e+00
22.86544 1.34833340e+00
22.94459 1.34003755e+00
23.02402 1.33194115e+00
23.10372 1.32436941e+00
23.18369 1.31676082e+00
23.26394 1.30911536e+00
23.34447 1.30143739e+00
23.42528 1.29372582e+00
23.50637 1.28598389e+00
23.58774 1.27821378e+00
23.66939 1.27041548e+00
23.75133 1.26259225e+00
23.83354 1.25474518e+00
23.91604 1.24687534e+00
23.99883 1.23898598e+00
24.08191 1.23115300e+00
24.16527 1.22330267e+00
24.24892 1.21543608e+00
24.33286 1.20755432e+00
24.41709 1.19965738e+00
24.50161 1.19174960e+00
24.58642 1.18383098e+00
24.67153 1.17590369e+00
24.75693 1.16796772e+00
24.84263 1.16002634e+00
24.92863 1.15208062e+00
25.01492 1.14410346e+00
25.10151 1.13599514e+00
25.18840 1.12789008e+00
25.27559 1.11978826e+00
25.36309 1.11169295e+00
25.45088 1.10360414e+00
25.53898 1.09552400e+00
25.62739 1.08745254e+00
25.71610 1.07939289e+00
25.80512 1.07134506e+00
25.89444 1.06331056e+00
25.98408 1.05529059e+00
26.07403 1.04742974e+00
26.16428 1.03961443e+00
26.25485 1.03181494e+00
26.34574 1.02403225e+00
26.43694 1.01626734e+00
26.52845 1.00852130e+00
26.62028 1.00079509e+00
26.71243 9.93089581e-01
26.80489 9.85405864e-01
26.89768 9.77744802e-01
26.99079 9.70107264e-01
27.08422 9.62208372e-01
27.17798 9.54307205e-01
27.27205 9.46436064e-01
27.36646 9.38595926e-01
27.46119 9.30787440e-01
27.55625 9.23011583e-01
27.65164 9.15268896e-01
27.74736 9.07560138e-01
27.84341 8.99886069e-01
27.93979 8.92247338e-01
28.03650 8.84681776e-01
28.13355 8.77221255e-01
28.23094 8.69797806e-01
28.32867 8.62412080e-01
28.42673 8.55064512e-01
28.52513 8.47755533e-01
28.62387 8.40485796e-01
28.72295 8.33255624e-01
28.82238 8.26065560e-01
28.92215 8.18915822e-01
29.02227 8.11724132e-01
29.12273 8.04287133e-01
29.22354 7.96896746e-01
29.32470 7.89553514e-01
29.42621 7.82257652e-01
29.52807 7.75009377e-01
29.63029 7.67809124e-01
29.73286 7.60657109e-01
29.83578 7.53553548e-01
29.93906 7.46498660e-01
30.04269 7.39359978e-01
30.14669 7.32084603e-01
30.25104 7.24863971e-01
30.35576 7.17698189e-01
30.46084 7.10587366e-01
30.56628 7.03531718e-01
30.67209 6.96531138e-01
30.77826 6.89585624e-01
30.88481 6.82695395e-01
30.99172 6.75860342e-01
31.09900 6.69080464e-01
31.20665 6.62355761e-01
31.31467 6.55686126e-01
31.42307 6.49071558e-01
31.53184 6.42512057e-01
31.64099 6.36007407e-01
31.75052 6.29557607e-01
31.86043 6.23162440e-01
31.97072 6.16822016e-01
32.08139 6.10227068e-01
32.19244 6.03582907e-01
32.30388 5.97001835e-01
32.41570 5.90483526e-01
32.52791 5.84027656e-01
32.64051 5.77634115e-01
32.75349 5.71302471e-01
32.86687 5.65032507e-01
32.98064 5.58823788e-01
33.09481 5.52676208e-01
33.20937 5.46589222e-01
33.32433 5.40562616e-01
33.43968 5.34595955e-01
33.55544 5.28688914e-01
33.67159 5.22841276e-01
33.78815 5.17052499e-01
33.90511 5.11322258e-01
34.02247 5.05642206e-01
34.14024 4.99988496e-01
34.25842 4.94395490e-01
34.37701 4.88862645e-01
34.49601 4.83389638e-01
34.61542 4.77975816e-01
34.73525 4.72620640e-01
34.85549 4.67323890e-01
34.97614 4.62084702e-01
35.09721 4.56902856e-01
35.21871 4.51777704e-01
35.34062 4.46708812e-01
35.46295 4.41695637e-01
35.58571 4.36737638e-01
35.70889 4.31834272e-01
35.83250 4.26985215e-01
35.95654 4.22189708e-01
36.08101 4.17475934e-01
36.20590 4.12829368e-01
36.33123 4.08234400e-01
36.45700 4.03690380e-01
36.58320 3.99196767e-01
36.70983 3.94753234e-01
36.83691 3.90359132e-01
36.96442 3.86014134e-01
37.09238 3.81717484e-01
37.22077 3.77468962e-01
37.34962 3.73267920e-01
37.47890 3.69114032e-01
37.60864 3.65006540e-01
37.73883 3.60945225e-01
37.86946 3.56929547e-01
38.00055 3.52959614e-01
38.13209 3.49180790e-01
38.26409 3.45444459e-01
38.39654 3.41749970e-01
38.52946 3.38096998e-01
38.66283 3.34485002e-01
38.79667 3.30913547e-01
38.93096 3.27382092e-01
39.06573 3.23890420e-01
39.20096 3.20437880e-01
39.33665 3.17024038e-01
39.47282 3.13648462e-01
39.60946 3.10310826e-01
39.74657 3.07010697e-01
39.88416 3.03747532e-01
40.02222 3.00569027e-01
40.16076 2.97675289e-01
40.29978 2.94812011e-01
40.43928 2.91978869e-01
40.57926 2.89175645e-01
40.71973 2.86401797e-01
40.86069 2.83657109e-01
41.00213 2.80941364e-01
41.14406 2.78254020e-01
41.28648 2.75594859e-01
41.42940 2.72963558e-01
41.57281 2.70359790e-01
41.71672 2.67783338e-01
41.86113 2.65233662e-01
42.00603 2.62710652e-01
42.15144 2.60213983e-01
42.29735 2.57743330e-01
42.44377 2.55298368e-01
42.59069 2.52878880e-01
42.73812 2.50484541e-01
42.88606 2.48115026e-01
43.03451 2.45770008e-01
43.18348 2.43449381e-01
43.33297 2.41152710e-01
43.48297 2.38879888e-01
43.63349 2.36630479e-01
43.78453 2.34404268e-01
43.93609 2.32201038e-01
44.08818 2.30020464e-01
44.24079 2.27862328e-01
44.39394 2.25726415e-01
44.54761 2.23612506e-01
44.70182 2.21520170e-01
44.85655 2.19449296e-01
45.01183 2.17408774e-01
45.16764 2.15498116e-01
45.32399 2.13606211e-01
45.48089 2.11732842e-01
45.63832 2.09877793e-01
45.79630 2.08040846e-01
45.95483 2.06221678e-01
46.11391 2.04420286e-01
46.27353 2.02636456e-01
46.43371 2.00869970e-01
46.59445 1.99120502e-01
46.75574 1.97388053e-01
46.91759 1.95672298e-01
47.08000 1.93973236e-01
47.24297 1.92290435e-01
47.40650 1.90624002e-01
47.57060 1.88973503e-01
47.73527 1.87338940e-01
47.90051 1.85719986e-01
48.06633 1.84116641e-01
48.23271 1.82528690e-01
48.39967 1.80955806e-01
48.56721 1.79398098e-01
48.73533 1.77855132e-01
48.90403 1.76327017e-01
49.07332 1.74813320e-01
49.24319 1.73314148e-01
49.41365 1.71829068e-01
49.58470 1.70358188e-01
49.75634 1.68901292e-01
49.92858 1.67458054e-01
50.10141 1.66012432e-01
50.27484 1.64569086e-01
50.44887 1.63139615e-01
50.62350 1.61723694e-01
50.79874 1.60321324e-01
50.97458 1.58932178e-01
51.15104 1.57556256e-01
51.32810 1.56193343e-01
51.50578 1.54843330e-01
51.68407 1.53505999e-01
51.86298 1.52181459e-01
52.04250 1.50869277e-01
52.22265 1.49569561e-01
52.40343 1.48281986e-01
52.58482 1.47006660e-01
52.76685 1.45743150e-01
52.94951 1.44491672e-01
53.13280 1.43251792e-01
53.31672 1.42023512e-01
53.50128 1.40806830e-01
53.68648 1.39601422e-01
53.87232 1.38407288e-01
54.05880 1.37224319e-01
54.24593 1.36052298e-01
54.43371 1.34891226e-01
54.62214 1.33740993e-01
54.81122 1.32601384e-01
55.00095 1.31472723e-01
55.19134 1.30436744e-01
55.38239 1.29409871e-01
55.57410 1.28391995e-01
55.76647 1.27383116e-01
55.95951 1.26382910e-01
56.15322 1.25391483e-01
56.34760 1.24408729e-01
56.54265 1.23434538e-01
56.73838 1.22468802e-01
56.93479 1.21511522e-01
57.13187 1.20562480e-01
57.32964 1.19621676e-01
57.52809 1.18689003e-01
57.72723 1.17764459e-01
57.92705 1.16847829e-01
58.12757 1.15939112e-01
58.32879 1.15038199e-01
58.53070 1.14145092e-01
58.73331 1.13259680e-01
58.93662 1.12381857e-01
59.14063 1.11511514e-01
59.34535 1.10648650e-01
59.55078 1.09793157e-01
59.75692 1.08944927e-01
59.96377 1.08103938e-01
60.17134 1.07173606e-01
60.37963 1.06231621e-01
60.58864 1.05298513e-01
60.79837 1.04374187e-01
61.00883 1.03458553e-01
61.22002 1.02551527e-01
61.43194 1.01653000e-01
61.64459 1.00762916e-01
61.85797 9.98811584e-02
62.07210 9.90076603e-02
62.28697 9.81423248e-02
62.50258 9.72850868e-02
62.71894 9.64358378e-02
62.93605 9.55945237e-02
63.15390 9.47610470e-02
63.37252 9.39353208e-02
63.59189 9.31172910e-02
63.81201 9.23068601e-02
64.03290 9.15039522e-02
64.25456 9.07084913e-02
64.47698 8.99204124e-02
64.70017 8.91396289e-02
64.92414 8.83660757e-02
65.14888 8.77018330e-02
65.37440 8.70948906e-02
65.60070 8.64926418e-02
65.82778 8.58950435e-02
66.05565 8.53007080e-02
66.28430 8.47123236e-02
66.51375 8.41284704e-02
66.74400 8.35491049e-02
66.97504 8.29741946e-02
67.20688 8.24036963e-02
67.43952 8.18375556e-02
67.67297 8.12757509e-02
67.90722 8.07182389e-02
68.14229 8.01649870e-02
68.37817 7.96159518e-02
68.61486 7.90710900e-02
68.85238 7.85303692e-02
69.09072 7.79937566e-02
69.32988 7.74612091e-02
69.56987 7.69327049e-02
69.81069 7.64081898e-02
70.05235 7.58711004e-02
70.29484 7.52786835e-02
70.53817 7.46912097e-02
70.78235 7.41086464e-02
71.02737 7.35309503e-02
71.27323 7.29580672e-02
71.51995 7.23899644e-02
71.76752 7.18265880e-02
72.01595 7.12678944e-02
72.26524 7.07138403e-02
72.51539 7.01643932e-02
72.76641 6.96194989e-02
73.01830 6.90791249e-02
73.27106 6.85432278e-02
73.52469 6.80117643e-02
73.77920 6.74847018e-02
74.03460 6.69619862e-02
74.29087 6.64435849e-02
74.54804 6.59294654e-02
74.80609 6.54195734e-02
75.06504 6.48813674e-02
75.32488 6.42516176e-02
75.58563 6.36281767e-02
75.84727 6.30110013e-02
76.10982 6.24000264e-02
76.37328 6.17951652e-02
76.63766 6.11963745e-02
76.90295 6.06035891e-02
77.16915 6.00167332e-02
77.43628 5.94357525e-02
77.70433 5.88605821e-02
77.97331 5.82911678e-02
78.24322 5.77274552e-02
78.51407 5.71693578e-02
78.78585 5.66168430e-02
79.05857 5.60698458e-02
79.33224 5.55283011e-02
79.60686 5.49921655e-02
79.88242 5.44613632e-02
80.15894 5.39941050e-02
80.43642 5.35738924e-02
80.71486 5.31571595e-02
80.99426 5.27438736e-02
81.27463 5.23340024e-02
81.55596 5.19275241e-02
81.83828 5.15243953e-02
82.12157 5.11245944e-02
82.40584 5.07280889e-02
82.69109 5.03348354e-02
82.97733 4.99448339e-02
83.26457 4.95580302e-02
83.55279 4.91744026e-02
83.84202 4.87939294e-02
84.13225 4.84165782e-02
84.42348 4.80423163e-02
84.71572 4.76711222e-02
85.00897 4.73029633e-02
85.30323 4.69378070e-02
85.59852 4.65756426e-02
85.89482 4.62164267e-02
86.19215 4.58601484e-02
86.49052 4.55067753e-02
86.78991 4.51562747e-02
87.09034 4.48086359e-02
87.39181 4.44638155e-02
87.69432 4.41218027e-02
87.99789 4.37825649e-02
88.30250 4.34460804e-02
88.60816 4.31123277e-02
88.91489 4.27812741e-02
89.22267 4.24528980e-02
89.53153 4.21271885e-02
89.84145 4.18041131e-02
90.15244 4.14836394e-02
90.46451 4.11657564e-02
90.77766 4.08504424e-02
91.09190 4.05376651e-02
91.40722 4.02274134e-02
91.72363 3.99196550e-02
92.04114 3.96143789e-02
92.35975 3.93115527e-02
92.67946 3.90111546e-02
93.00028 3.87131738e-02
93.32221 3.84175887e-02
93.64525 3.81243776e-02
93.96941 3.78335078e-02
94.29469 3.75449687e-02
94.62110 3.72587385e-02
94.94864 3.69747956e-02
95.27731 3.66931290e-02
95.60712 3.64137063e-02
95.93807 3.61365167e-02
96.27017 3.58615384e-02
96.60342 3.55887498e-02
96.93782 3.53181400e-02
97.27338 3.50496766e-02
97.61010 3.47833595e-02
97.94798 3.45191562e-02
98.28704 3.42570558e-02
98.62727 3.39970259e-02
98.96867 3.37390664e-02
99.31126 3.34831557e-02
99.65504 3.32292720e-02
100.00000 3.29774046e-02
