        2000  3.000000 3.710000
0.10000 7.35696265e-01
0.10035 7.35567008e-01
0.10069 7.35434042e-01
0.10104 7.35297366e-01
0.10139 7.35156979e-01
0.10174 7.35013031e-01
0.10210 7.34865373e-01
0.10245 7.34713857e-01
0.10280 7.34558779e-01
0.10316 7.34380550e-01
0.10352 7.34110908e-01
0.10387 7.33833103e-01
0.10423 7.33546839e-01
0.10459 7.33252414e-01
0.10496 7.32949678e-01
0.10532 7.32638631e-01
0.10568 7.32319126e-01
0.10605 7.31991310e-01
0.10642 7.31655036e-01
0.10679 7.31310451e-01
0.10716 7.30957259e-01
0.10753 7.30595757e-01
0.10790 7.30225796e-01
0.10827 7.29847227e-01
0.10865 7.29460200e-01
0.10902 7.29064714e-01
0.10940 7.28660472e-01
0.10978 7.28247920e-01
0.11016 7.27826613e-01
0.11054 7.27396846e-01
0.11092 7.26958473e-01
0.11131 7.26511492e-01
0.11169 7.26055904e-01
0.11208 7.25591560e-01
0.11247 7.25118610e-01
0.11286 7.24480786e-01
0.11325 7.23820406e-01
0.11364 7.23145335e-01
0.11403 7.22455423e-01
0.11443 7.21750968e-01
0.11482 7.21031674e-01
0.11522 7.20297539e-01
0.11562 7.19548712e-01
0.11602 7.18785046e-01
0.11642 7.18006688e-01
0.11682 7.17213490e-01
0.11723 7.16405452e-01
0.11763 7.15582574e-01
0.11804 7.14745004e-01
0.11845 7.13892446e-01
0.11886 7.13025345e-01
0.11927 7.12143256e-01
0.11968 7.11246474e-01
0.12010 7.10334853e-01
0.12051 7.09408540e-01
0.12093 7.08467388e-01
0.12135 7.07511543e-01
0.12177 7.06540859e-01
0.12219 7.05555483e-01
0.12262 7.04555564e-01
0.12304 7.03540953e-01
0.12347 7.02511650e-01
0.12389 7.03365841e-01
0.12432 7.08333976e-01
0.12475 7.12987800e-01
0.12518 7.16084760e-01
0.12562 7.17395874e-01
0.12605 7.18678940e-01
0.12649 7.19175190e-01
0.12693 7.18955112e-01
0.12737 7.18733551e-01
0.12781 7.18671223e-01
0.12825 7.18725538e-01
0.12869 7.18780000e-01
0.12914 7.18779110e-01
0.12959 7.18742752e-01
0.13003 7.18706394e-01
0.13048 7.18558884e-01
0.13094 7.18339846e-01
0.13139 7.18119324e-01
0.13184 7.17951928e-01
0.13230 7.17822969e-01
0.13276 7.17693416e-01
0.13322 7.17532105e-01
0.13368 7.17340817e-01
0.13414 7.17148491e-01
0.13461 7.16950525e-01
0.13507 7.16632652e-01
0.13554 7.16312108e-01
0.13601 7.15988893e-01
0.13648 7.15492050e-01
0.13695 7.14971166e-01
0.13743 7.14444643e-01
0.13790 7.13840506e-01
0.13838 7.13203128e-01
0.13886 7.12558034e-01
0.13934 7.11686184e-01
0.13982 7.10606870e-01
0.14031 7.09508710e-01
0.14079 7.08292721e-01
0.14128 7.06814805e-01
0.14177 7.05306319e-01
0.14226 7.03766818e-01
0.14275 7.02179680e-01
0.14324 7.00561526e-01
0.14374 6.98912505e-01
0.14424 6.96763525e-01
0.14474 6.94368349e-01
0.14524 6.91916039e-01
0.14574 6.88720096e-01
0.14625 6.84165107e-01
0.14675 6.79444503e-01
0.14726 6.74560807e-01
0.14777 6.71279386e-01
0.14828 6.67986242e-01
0.14879 6.64627505e-01
0.14931 6.59550296e-01
0.14983 6.52878974e-01
0.15034 6.45996627e-01
0.15087 6.38941394e-01
0.15139 6.32118259e-01
0.15191 6.25130103e-01
0.15244 6.17984346e-01
0.15297 6.10442658e-01
0.15349 6.02548817e-01
0.15403 5.94505240e-01
0.15456 5.86321425e-01
0.15509 5.77060820e-01
0.15563 5.66871231e-01
0.15617 5.56527157e-01
0.15671 5.46046556e-01
0.15725 5.34969980e-01
0.15780 5.23756134e-01
0.15834 5.12452357e-01
0.15889 5.01121275e-01
0.15944 4.89843172e-01
0.15999 4.78533608e-01
0.16055 4.67210688e-01
0.16110 4.56985631e-01
0.16166 4.47517118e-01
0.16222 4.38071012e-01
0.16278 4.28656368e-01
0.16335 4.12923594e-01
0.16391 3.96234678e-01
0.16448 3.79768214e-01
0.16505 3.64160689e-01
0.16562 3.59090603e-01
0.16619 3.54051088e-01
0.16677 3.49043330e-01
0.16734 3.39637886e-01
0.16792 3.14042596e-01
0.16851 2.89531962e-01
0.16909 2.66109099e-01
0.16967 2.50106534e-01
0.17026 2.42907650e-01
0.17085 2.28730107e-01
0.17144 2.20875295e-01
0.17204 2.13133564e-01
0.17263 2.02558135e-01
0.17323 2.01689550e-01
0.17383 1.95978227e-01
0.17443 1.82022691e-01
0.17503 1.53982660e-01
0.17564 1.49409120e-01
0.17625 1.35498653e-01
0.17686 1.54185522e-01
0.17747 1.76920106e-01
0.17808 1.69207312e-01
0.17870 1.62271245e-01
0.17932 1.53070000e-01
0.17994 1.36426480e-01
0.18056 1.21201990e-01
0.18119 1.07672867e-01
0.18182 9.53276190e-02
0.18244 8.69606786e-02
0.18308 8.24697087e-02
0.18371 7.77481846e-02
0.18435 7.34832725e-02
0.18498 6.81299948e-02
0.18562 6.01646990e-02
0.18627 5.29305106e-02
0.18691 4.65966948e-02
0.18756 4.06538535e-02
0.18821 3.55664492e-02
0.18886 3.10052862e-02
0.18951 2.70621053e-02
0.19017 2.34181433e-02
0.19083 2.12218084e-02
0.19149 2.00125562e-02
0.19215 1.89394758e-02
0.19282 1.79976552e-02
0.19348 1.70858856e-02
0.19415 1.65826464e-02
0.19483 1.61689368e-02
0.19550 1.58316236e-02
0.19618 1.55582708e-02
0.19686 1.51096873e-02
0.19754 1.45460315e-02
0.19822 1.40281570e-02
0.19891 1.35483130e-02
0.19960 3.13551392e-02
0.20029 1.27440103e-03
0.20098 9.84763702e-04
0.20168 1.23125343e-02
0.20237 1.08165540e-02
0.20307 9.97985993e-03
0.20378 1.00273702e-02
0.20448 1.00738936e-02
0.20519 1.01193723e-02
0.20590 1.01637498e-02
0.20661 8.39366427e-03
0.20733 6.17602810e-03
0.20805 4.60755140e-03
0.20877 3.48702752e-03
0.20949 2.65540430e-03
0.21021 2.58722786e-03
0.21094 2.69062259e-03
0.21167 2.79821111e-03
0.21240 2.91021156e-03
0.21314 3.02686138e-03
0.21388 6.09130357e-04
0.21462 2.04053116e-04
0.21536 2.00742461e-04
0.21611 2.03215547e-04
0.21685 2.05712822e-04
0.21760 2.08039289e-04
0.21836 2.09940293e-04
0.21911 2.11232115e-04
0.21987 2.08032908e-04
0.22063 2.76754276e-04
0.22140 1.56486613e-02
0.22216 3.42019409e-02
0.22293 5.16641838e-02
0.22370 1.24197889e-02
0.22448 1.57902794e-01
0.22526 6.25727413e-01
0.22604 1.75325251e-01
0.22682 4.53384260e-02
0.22760 6.79845925e-03
0.22839 6.85614233e-03
0.22918 2.52458080e-04
0.22998 2.09706860e-04
0.23077 2.12270024e-04
0.23157 2.04034121e-04
0.23237 2.10300014e-04
0.23318 2.03693098e-04
0.23398 2.14163015e-04
0.23479 2.11655945e-04
0.23561 2.18441684e-04
0.23642 2.12857243e-04
0.23724 2.10203554e-04
0.23806 2.06888002e-04
0.23889 2.05302348e-04
0.23971 2.05402814e-04
0.24054 2.07073205e-04
0.24137 2.12193747e-04
0.24221 2.11698091e-04
0.24305 2.15829398e-04
0.24389 2.17621180e-04
0.24473 2.11402626e-04
0.24558 2.15867537e-04
0.24643 2.11087128e-04
0.24728 2.07357836e-04
0.24814 2.03735095e-04
0.24900 2.04428568e-04
0.24986 2.05861074e-04
0.25073 2.09786847e-04
0.25159 2.13590339e-04
0.25246 2.14692061e-04
0.25334 2.16382337e-04
0.25422 2.11187446e-04
0.25510 2.13035175e-04
0.25598 2.04026553e-04
0.25687 2.10365014e-04
0.25775 2.03174737e-04
0.25865 2.12641321e-04
0.25954 2.09484853e-04
0.26044 2.17651899e-04
0.26134 2.15219326e-04
0.26225 2.16683589e-04
0.26315 2.14404165e-04
0.26406 2.09189389e-04
0.26498 2.06533622e-04
0.26590 2.03561170e-04
0.26682 3.95081313e-04
0.26774 2.97166845e-03
0.26867 3.33113183e-02
0.26960 4.79495240e-02
0.27053 5.08130059e-02
0.27147 6.81481886e-02
0.27241 7.16925000e-02
0.27335 7.84572398e-02
0.27430 9.00374706e-02
0.27525 8.18826086e-02
0.27620 9.82464986e-02
0.27715 1.04024408e-01
0.27811 1.05702753e-01
0.27908 1.19163716e-01
0.28004 1.16425172e-01
0.28101 1.34069695e-01
0.28198 1.26723375e-01
0.28296 1.26004437e-01
0.28394 1.46652813e-01
0.28492 1.36638825e-01
0.28591 1.37136039e-01
0.28690 1.59389168e-01
0.28789 1.49616880e-01
0.28889 1.51247351e-01
0.28989 1.76934946e-01
0.29089 1.58870807e-01
0.29190 1.76977982e-01
0.29291 1.76529220e-01
0.29392 1.73641356e-01
0.29494 1.97436406e-01
0.29596 1.85479521e-01
0.29699 1.91484378e-01
0.29801 2.09315974e-01
0.29905 2.01032880e-01
0.30008 2.01305342e-01
0.30112 2.20043068e-01
0.30216 2.15835780e-01
0.30321 2.10969892e-01
0.30426 2.31900376e-01
0.30531 2.09548962e-01
0.30637 2.26293676e-01
0.30743 2.42271162e-01
0.30849 2.28305535e-01
0.30956 2.43932797e-01
0.31063 2.42124394e-01
0.31171 2.33481875e-01
0.31279 2.48354672e-01
0.31387 2.54139749e-01
0.31496 2.42990605e-01
0.31605 2.52278813e-01
0.31714 2.67771476e-01
0.31824 2.53312270e-01
0.31934 2.54498877e-01
0.32044 2.78850575e-01
0.32155 2.63039148e-01
0.32267 2.55794854e-01
0.32378 2.82307701e-01
0.32490 2.76448721e-01
0.32603 2.59855968e-01
0.32716 2.82513680e-01
0.32829 2.88611288e-01
0.32943 2.68785048e-01
0.33057 2.84099038e-01
0.33171 3.00349728e-01
0.33286 2.85573095e-01
0.33401 2.88140415e-01
0.33517 3.06824568e-01
0.33633 3.07601442e-01
0.33749 2.88307216e-01
0.33866 3.06011782e-01
0.33983 3.26785704e-01
0.34101 2.97994620e-01
0.34219 3.04914660e-01
0.34337 3.27866204e-01
0.34456 3.19565005e-01
0.34576 3.11718652e-01
0.34695 3.24460573e-01
0.34815 3.38626688e-01
0.34936 3.17328914e-01
0.35057 3.19553578e-01
0.35178 3.46221652e-01
0.35300 3.23467332e-01
0.35422 3.16999169e-01
0.35545 3.40158770e-01
0.35668 3.43115492e-01
0.35791 3.28676468e-01
0.35915 3.30364073e-01
0.36039 3.55545179e-01
0.36164 3.43599869e-01
0.36289 3.26585512e-01
0.36415 3.48807374e-01
0.36541 3.54948166e-01
0.36668 3.39740134e-01
0.36795 3.41142959e-01
0.36922 3.61815376e-01
0.37050 3.62240690e-01
0.37178 3.36692443e-01
0.37307 3.54221599e-01
0.37436 3.69725986e-01
0.37565 3.58117396e-01
0.37695 3.48079026e-01
0.37826 3.64499190e-01
0.37957 3.81793280e-01
0.38088 3.53873601e-01
0.38220 3.58970251e-01
0.38352 3.74414090e-01
0.38485 3.86707992e-01
0.38618 3.59107521e-01
0.38752 3.64033956e-01
0.38886 3.81439346e-01
0.39021 3.87772168e-01
0.39156 3.64574280e-01
0.39291 3.65337798e-01
0.39427 3.84577413e-01
0.39564 3.92437864e-01
0.39701 3.71036210e-01
0.39838 3.65697816e-01
0.39976 3.85184814e-01
0.40115 3.98222793e-01
0.40253 3.78609804e-01
0.40393 3.67543616e-01
0.40533 3.83610587e-01
0.40673 4.01947484e-01
0.40814 3.86042121e-01
0.40955 3.71810116e-01
0.41097 3.81806636e-01
0.41239 4.02788170e-01
0.41382 3.93305114e-01
0.41525 3.78427272e-01
0.41669 3.79299567e-01
0.41813 4.01102940e-01
0.41958 4.02056262e-01
0.42103 3.89808661e-01
0.42249 3.76403689e-01
0.42395 3.96559229e-01
0.42542 4.08516707e-01
0.42689 4.05882014e-01
0.42837 3.79011671e-01
0.42985 3.91728215e-01
0.43134 4.06930311e-01
0.43283 4.17652656e-01
0.43433 3.91518674e-01
0.43583 3.88589852e-01
0.43734 4.00643197e-01
0.43886 4.16586551e-01
0.44037 4.11804806e-01
0.44190 3.88516988e-01
0.44343 3.96859145e-01
0.44496 4.10324071e-01
0.44650 4.28166796e-01
0.44805 3.99622502e-01
0.44960 3.96056301e-01
0.45116 3.99166914e-01
0.45272 4.19077890e-01
0.45429 4.26010990e-01
0.45586 3.97020308e-01
0.45744 3.97316662e-01
0.45902 4.02982723e-01
0.46061 4.27575126e-01
0.46220 4.19463285e-01
0.46380 4.03382512e-01
0.46541 3.96108390e-01
0.46702 4.07362304e-01
0.46864 4.32348115e-01
0.47026 4.16307262e-01
0.47189 4.10460302e-01
0.47352 3.96875469e-01
0.47516 4.11519581e-01
0.47680 4.33708349e-01
0.47845 4.17876444e-01
0.48011 4.12923000e-01
0.48177 3.97154016e-01
0.48344 4.13531440e-01
0.48511 4.33999213e-01
0.48679 4.23622343e-01
0.48848 4.16048452e-01
0.49017 3.97281788e-01
0.49186 4.12380301e-01
0.49357 4.32211290e-01
0.49528 4.30343231e-01
0.49699 4.22624502e-01
0.49871 3.99541772e-01
0.50044 4.10264266e-01
0.50217 4.28019287e-01
0.50391 4.34383718e-01
0.50565 4.31303972e-01
0.50740 4.04169774e-01
0.50916 4.08682470e-01
0.51092 4.23665973e-01
0.51269 4.35464812e-01
0.51446 4.41089468e-01
0.51625 4.11726006e-01
0.51803 4.05298208e-01
0.51983 4.17454097e-01
0.52163 4.30257010e-01
0.52343 4.45397224e-01
0.52524 4.30038417e-01
0.52706 4.05326256e-01
0.52889 4.10990535e-01
0.53072 4.17649540e-01
0.53255 4.34719398e-01
0.53440 4.50359126e-01
0.53625 4.22129291e-01
0.53810 4.06950345e-01
0.53997 4.11119050e-01
0.54183 4.17521026e-01
0.54371 4.38987531e-01
0.54559 4.47426890e-01
0.54748 4.18888532e-01
0.54938 4.12499466e-01
0.55128 4.09961530e-01
0.55319 4.17772118e-01
0.55510 4.41585124e-01
0.55702 4.45191541e-01
0.55895 4.18659105e-01
0.56089 4.16738809e-01
0.56283 4.08516559e-01
0.56478 4.16724711e-01
0.56673 4.41308952e-01
0.56869 4.47128903e-01
0.57066 4.22256766e-01
0.57264 4.20147706e-01
0.57462 4.06712312e-01
0.57661 4.12068216e-01
0.57860 4.35989999e-01
0.58061 4.50300953e-01
0.58262 4.29702588e-01
0.58463 4.25753812e-01
0.58666 4.08908186e-01
0.58869 4.05857973e-01
0.59073 4.25164368e-01
0.59277 4.47848940e-01
0.59482 4.37882396e-01
0.59688 4.31475523e-01
0.59895 4.18643523e-01
0.60102 4.03490102e-01
0.60310 4.13793960e-01
0.60519 4.37535288e-01
0.60728 4.43067640e-01
0.60939 4.35484697e-01
0.61150 4.32579025e-01
0.61361 4.07429974e-01
0.61574 4.05401346e-01
0.61787 4.23153102e-01
0.62001 4.39922451e-01
0.62215 4.40183338e-01
0.62431 4.42060746e-01
0.62647 4.17717062e-01
0.62864 4.00570036e-01
0.63081 4.08513888e-01
0.63300 4.27000669e-01
0.63519 4.38084517e-01
0.63739 4.45125355e-01
0.63959 4.36863778e-01
0.64181 4.07143859e-01
0.64403 3.98202165e-01
0.64626 4.11427128e-01
0.64849 4.22938813e-01
0.65074 4.36824601e-01
0.65299 4.51377298e-01
0.65525 4.29900405e-01
0.65752 4.03643103e-01
0.65980 3.99680971e-01
0.66208 4.09459938e-01
0.66437 4.18072035e-01
0.66667 4.35839373e-01
0.66898 4.51304731e-01
0.67130 4.26118728e-01
0.67362 4.03092390e-01
0.67595 4.02216534e-01
0.67829 4.06066772e-01
0.68064 4.13290735e-01
0.68299 4.33468980e-01
0.68536 4.51735388e-01
0.68773 4.26823034e-01
0.69011 4.04136236e-01
0.69250 4.02734598e-01
0.69490 4.02822896e-01
0.69730 4.06112776e-01
0.69972 4.25834245e-01
0.70214 4.52215758e-01
0.70457 4.34311150e-01
0.70701 4.10152966e-01
0.70946 4.03450331e-01
0.71191 4.03579736e-01
0.71438 3.97198833e-01
0.71685 4.10833380e-01
0.71933 4.40133772e-01
0.72182 4.45246004e-01
0.72432 4.21700118e-01
0.72683 4.07892240e-01
0.72934 4.11483372e-01
0.73187 3.96215980e-01
0.73440 3.96111654e-01
0.73694 4.15539440e-01
0.73949 4.42481757e-01
0.74205 4.35059828e-01
0.74462 4.16671287e-01
0.74720 4.13171422e-01
0.74979 4.10919600e-01
0.75238 3.92647850e-01
0.75499 3.95706077e-01
0.75760 4.15839357e-01
0.76022 4.37910740e-01
0.76285 4.31180949e-01
0.76549 4.16105438e-01
0.76814 4.17700441e-01
0.77080 4.10332975e-01
0.77347 3.89612922e-01
0.77615 3.91688889e-01
0.77884 4.09023196e-01
0.78153 4.30270960e-01
0.78424 4.31707620e-01
0.78695 4.19223322e-01
0.78968 4.20418684e-01
0.79241 4.15201682e-01
0.79515 3.87863434e-01
0.79790 3.82593602e-01
0.80067 3.93747939e-01
0.80344 4.13995042e-01
0.80622 4.27608219e-01
0.80901 4.22399230e-01
0.81181 4.22001815e-01
0.81462 4.26831493e-01
0.81744 3.97056666e-01
0.82027 3.79084684e-01
0.82311 3.79494416e-01
0.82596 3.92335616e-01
0.82882 4.11321467e-01
0.83169 4.17500695e-01
0.83457 4.19169304e-01
0.83745 4.29879629e-01
0.84035 4.18662518e-01
0.84326 3.88882794e-01
0.84618 3.75290244e-01
0.84911 3.76562477e-01
0.85205 3.89505035e-01
0.85500 4.02809392e-01
0.85796 4.08901805e-01
0.86093 4.17846467e-01
0.86391 4.33020960e-01
0.86690 4.13333920e-01
0.86990 3.85897134e-01
0.87291 3.71916222e-01
0.87593 3.72042065e-01
0.87897 3.85000204e-01
0.88201 3.92635830e-01
0.88506 4.00228864e-01
0.88813 4.14510286e-01
0.89120 4.34605724e-01
0.89428 4.16214364e-01
0.89738 3.89459773e-01
0.90049 3.70874602e-01
0.90360 3.66156076e-01
0.90673 3.76700638e-01
0.90987 3.81641912e-01
0.91302 3.86489250e-01
0.91618 4.02124377e-01
0.91935 4.29631801e-01
0.92253 4.26805672e-01
0.92573 4.02123635e-01
0.92893 3.79713603e-01
0.93215 3.66664494e-01
0.93537 3.68726067e-01
0.93861 3.77553196e-01
0.94186 3.71138012e-01
0.94512 3.79774150e-01
0.94839 4.02220986e-01
0.95168 4.32858017e-01
0.95497 4.17876295e-01
0.95828 3.96184964e-01
0.96159 3.77994240e-01
0.96492 3.68511184e-01
0.96826 3.75527536e-01
0.97161 3.75730992e-01
0.97498 3.64588526e-01
0.97835 3.71518064e-01
0.98174 3.93717814e-01
0.98514 4.26447286e-01
0.98855 4.16177709e-01
0.99197 3.94599607e-01
0.99540 3.78861935e-01
0.99885 3.70239895e-01
1.00231 3.77537465e-01
1.00578 3.81893450e-01
1.00926 3.62683219e-01
1.01275 3.62147198e-01
1.01626 3.77030679e-01
1.01978 4.07377589e-01
1.02330 4.23383716e-01
1.02685 4.01972119e-01
1.03040 3.84287884e-01
1.03397 3.73157588e-01
1.03755 3.72054976e-01
1.04114 3.86291581e-01
1.04474 3.75725798e-01
1.04836 3.55899410e-01
1.05199 3.55027263e-01
1.05563 3.68319451e-01
1.05928 3.93981966e-01
1.06295 4.15425024e-01
1.06663 4.04062036e-01
1.07032 3.86263682e-01
1.07403 3.75305529e-01
1.07775 3.72381901e-01
1.08148 3.83938254e-01
1.08522 3.87971172e-01
1.08898 3.59505826e-01
1.09275 3.46242873e-01
1.09653 3.49559910e-01
1.10032 3.63921617e-01
1.10413 3.86791689e-01
1.10796 4.01842417e-01
1.11179 3.92715372e-01
1.11564 3.79342009e-01
1.11950 3.72516500e-01
1.12338 3.75090646e-01
1.12726 3.90773410e-01
1.13117 3.89144274e-01
1.13508 3.58908220e-01
1.13901 3.43527747e-01
1.14295 3.42939934e-01
1.14691 3.50316008e-01
1.15088 3.66741959e-01
1.15487 3.83081392e-01
1.15886 3.84694204e-01
1.16287 3.75412674e-01
1.16690 3.68683624e-01
1.17094 3.70253845e-01
1.17499 3.83628395e-01
1.17906 3.94544550e-01
1.18314 3.73117520e-01
1.18724 3.49280621e-01
1.19135 3.38981958e-01
1.19547 3.36650149e-01
1.19961 3.43910322e-01
1.20376 3.56849466e-01
1.20793 3.68856214e-01
1.21211 3.72052304e-01
1.21630 3.67872470e-01
1.22052 3.64945725e-01
1.22474 3.69478158e-01
1.22898 3.80633683e-01
1.23323 3.89659371e-01
1.23750 3.73033080e-01
1.24179 3.50523026e-01
1.24609 3.32304255e-01
1.25040 3.26512203e-01
1.25473 3.29398583e-01
1.25907 3.37638196e-01
1.26343 3.48073239e-01
1.26780 3.56394769e-01
1.27219 3.60007715e-01
1.27659 3.61832887e-01
1.28101 3.65496289e-01
1.28545 3.70908734e-01
1.28990 3.82908358e-01
1.29436 3.86010512e-01
1.29884 3.69297258e-01
1.30334 3.39383974e-01
1.30785 3.22495608e-01
1.31238 3.16259840e-01
1.31692 3.16680554e-01
1.32148 3.21580277e-01
1.32605 3.29127456e-01
1.33064 3.37398530e-01
1.33525 3.45543909e-01
1.33987 3.54181828e-01
1.34451 3.56265512e-01
1.34916 3.62913981e-01
1.35383 3.76234662e-01
1.35852 3.90029629e-01
1.36322 3.78134924e-01
1.36794 3.46635836e-01
1.37268 3.25325596e-01
1.37743 3.13290060e-01
1.38220 3.07909818e-01
1.38698 3.07284608e-01
1.39178 3.10188945e-01
1.39660 3.15928166e-01
1.40144 3.24978340e-01
1.40629 3.37137494e-01
1.41115 3.38097642e-01
1.41604 3.42443982e-01
1.42094 3.53923464e-01
1.42586 3.74229629e-01
1.43080 3.90282057e-01
1.43575 3.67511561e-01
1.44072 3.43763258e-01
1.44571 3.24451669e-01
1.45071 3.11061834e-01
1.45573 3.03189362e-01
1.46077 2.99767258e-01
1.46583 3.00075930e-01
1.47090 3.04321802e-01
1.47599 3.14998886e-01
1.48110 3.25997997e-01
1.48623 3.21449685e-01
1.49137 3.24885739e-01
1.49654 3.35935454e-01
1.50172 3.58250808e-01
1.50692 3.85390348e-01
1.51213 3.67274418e-01
1.51737 3.49236546e-01
1.52262 3.32755688e-01
1.52789 3.16940848e-01
1.53318 3.04384130e-01
1.53849 2.96047018e-01
1.54381 2.91861693e-01
1.54916 2.91692220e-01
1.55452 2.97047976e-01
1.55990 3.13409522e-01
1.56530 3.08798140e-01
1.57072 2.99836858e-01
1.57615 3.03078359e-01
1.58161 3.15575420e-01
1.58709 3.45107465e-01
1.59258 3.73690195e-01
1.59809 3.42691216e-01
1.60362 3.24860511e-01
1.60918 3.12701950e-01
1.61475 2.99154663e-01
1.62034 2.85473222e-01
1.62594 2.73956640e-01
1.63157 2.65938884e-01
1.63722 2.62592761e-01
1.64289 2.67487290e-01
1.64857 2.90250811e-01
1.65428 2.87650250e-01
1.66001 2.64106738e-01
1.66575 2.60610137e-01
1.67152 2.67669674e-01
1.67731 2.87790784e-01
1.68311 3.34266103e-01
1.68894 3.46328352e-01
1.69478 3.02483720e-01
1.70065 2.85603517e-01
1.70654 2.78007663e-01
1.71245 2.70406318e-01
1.71837 2.61375733e-01
1.72432 2.52269760e-01
1.73029 2.44964177e-01
1.73628 2.41610040e-01
1.74229 2.47002451e-01
1.74832 2.75699004e-01
1.75437 2.89462659e-01
1.76045 2.44211492e-01
1.76654 2.29035514e-01
1.77266 2.28570726e-01
1.77879 2.38113439e-01
1.78495 2.64386324e-01
1.79113 3.18667185e-01
1.79733 3.18440727e-01
1.80355 2.66821419e-01
1.80979 2.45839143e-01
1.81606 2.38717279e-01
1.82234 2.34898947e-01
1.82865 2.30945422e-01
1.83498 2.26395182e-01
1.84133 2.22294148e-01
1.84771 2.20765628e-01
1.85410 2.26400821e-01
1.86052 2.53035504e-01
1.86696 3.04705565e-01
1.87342 2.53196222e-01
1.87991 2.14226975e-01
1.88642 2.03234097e-01
1.89295 2.03402234e-01
1.89950 2.12560295e-01
1.90607 2.36117014e-01
1.91267 2.82103800e-01
1.91929 3.01682805e-01
1.92594 2.52479004e-01
1.93260 2.18876941e-01
1.93929 2.05303386e-01
1.94601 1.99888567e-01
1.95274 1.97313679e-01
1.95950 1.95559294e-01
1.96629 1.94265543e-01
1.97309 1.94331878e-01
1.97992 1.98391805e-01
1.98678 2.13603992e-01
1.99365 2.59207312e-01
2.00055 3.02440090e-01
2.00748 2.32932498e-01
2.01443 1.93072704e-01
2.02140 1.80113377e-01
2.02840 1.77942285e-01
2.03542 1.82859370e-01
2.04247 1.96168328e-01
2.04954 2.21917657e-01
2.05663 2.55682218e-01
2.06375 2.56826679e-01
2.07090 2.20486339e-01
2.07806 1.92061803e-01
2.08526 1.77674274e-01
2.09247 1.70996423e-01
2.09972 1.68045192e-01
2.10699 1.66988139e-01
2.11428 1.67244871e-01
2.12160 1.69266969e-01
2.12894 1.74992241e-01
2.13631 1.89690816e-01
2.14371 2.26372031e-01
2.15113 2.83800160e-01
2.15857 2.51003018e-01
2.16605 1.91104623e-01
2.17354 1.64702185e-01
2.18107 1.54713826e-01
2.18862 1.52445978e-01
2.19619 1.55433715e-01
2.20380 1.63694401e-01
2.21143 1.78143218e-01
2.21908 1.97428689e-01
2.22676 2.10509555e-01
2.23447 2.02213550e-01
2.24220 1.80700002e-01
2.24997 1.62428697e-01
2.25775 1.51237111e-01
2.26557 1.45279712e-01
2.27341 1.42616481e-01
2.28128 1.42142343e-01
2.28918 1.43504418e-01
2.29710 1.47117869e-01
2.30505 1.54560232e-01
2.31303 1.69682044e-01
2.32104 1.99984285e-01
2.32908 2.44065912e-01
2.33714 2.42100947e-01
2.34523 1.91488237e-01
2.35335 1.56933742e-01
2.36149 1.40167822e-01
2.36967 1.32540477e-01
2.37787 1.29909523e-01
2.38610 1.30699531e-01
2.39436 1.34422916e-01
2.40265 1.40891212e-01
2.41097 1.49358070e-01
2.41931 1.57271946e-01
2.42769 1.60065130e-01
2.43609 1.54924703e-01
2.44452 1.44655022e-01
2.45298 1.34244925e-01
2.46148 1.26362170e-01
2.47000 1.21396305e-01
2.47855 1.18928992e-01
2.48713 1.18543449e-01
2.49574 1.20105819e-01
2.50438 1.23909578e-01
2.51304 1.30892154e-01
2.52174 1.42989989e-01
2.53047 1.63085219e-01
2.53923 1.90569641e-01
2.54802 2.06027875e-01
2.55684 1.86585398e-01
2.56569 1.55164962e-01
2.57457 1.32955552e-01
2.58349 1.20133673e-01
2.59243 1.13118865e-01
2.60140 1.09588725e-01
2.61041 1.08337357e-01
2.61944 1.08747639e-01
2.62851 1.10450440e-01
2.63761 1.13090787e-01
2.64674 1.16129173e-01
2.65590 1.18712892e-01
2.66510 1.19790795e-01
2.67432 1.18608225e-01
2.68358 1.15267504e-01
2.69287 1.10709724e-01
2.70219 1.06098135e-01
2.71154 1.02277043e-01
2.72093 9.96681557e-02
2.73035 9.84297726e-02
2.73980 9.86461991e-02
2.74928 1.00469278e-01
2.75880 1.04222344e-01
2.76835 1.10474525e-01
2.77793 1.19987900e-01
2.78755 1.33096042e-01
2.79720 1.47511707e-01
2.80688 1.55472892e-01
2.81660 1.49230892e-01
2.82635 1.33052517e-01
2.83613 1.16739557e-01
2.84595 1.04556437e-01
2.85580 9.64212676e-02
2.86569 9.12359193e-02
2.87561 8.80660656e-02
2.88556 8.62846275e-02
2.89555 8.54866214e-02
2.90557 8.53963496e-02
2.91563 8.57999086e-02
2.92572 8.64999114e-02
2.93585 8.72891174e-02
2.94601 8.79459804e-02
2.95621 8.82574423e-02
2.96644 8.80666889e-02
2.97671 8.73258019e-02
2.98702 8.61215359e-02
2.99736 8.46534296e-02
3.00773 8.31766270e-02
3.01814 8.19432152e-02
3.02859 8.11691460e-02
3.03907 8.10317572e-02
3.04960 8.16871955e-02
3.06015 8.32934029e-02
3.07074 8.60233248e-02
3.08137 9.00449500e-02
3.09204 9.54194637e-02
3.10274 1.01132997e-01
3.11348 1.05527967e-01
3.12426 1.05400224e-01
3.13508 9.87704841e-02
3.14593 8.80629047e-02
3.15682 7.72347503e-02
3.16775 6.83346681e-02
3.17871 6.16848938e-02
3.18972 5.66631713e-02
3.20076 5.26739864e-02
3.21184 4.94641241e-02
3.22295 4.68388539e-02
3.23411 4.46526696e-02
3.24531 4.27965121e-02
3.25654 4.11870250e-02
3.26781 3.92134534e-02
3.27912 3.73725514e-02
3.29047 3.56607278e-02
3.30187 3.40427671e-02
3.31330 3.24940202e-02
3.32476 3.09999883e-02
3.33627 2.95558189e-02
3.34782 2.78859034e-02
3.35941 2.56703507e-02
3.37104 2.36436371e-02
3.38271 2.18076174e-02
3.39442 2.01623957e-02
3.40617 1.87051670e-02
3.41796 1.74297729e-02
3.42979 1.63264634e-02
3.44166 6.96482604e-03
3.45358 1.08740055e-03
3.46553 2.09229605e-04
3.47753 2.15361048e-04
3.48957 2.21569956e-04
3.50164 2.26767814e-04
3.51377 2.29673189e-04
3.52593 2.29300557e-04
3.53814 2.25533868e-04
3.55038 2.19296913e-04
3.56267 2.12102184e-04
3.57500 2.05366308e-04
3.58738 1.99998680e-04
3.59980 1.96373565e-04
3.61226 1.94496898e-04
3.62476 1.94186000e-04
3.63731 1.95262197e-04
3.64990 1.98451165e-04
3.66254 2.02710393e-04
3.67521 2.07732101e-04
3.68794 2.13268311e-04
3.70070 2.19119872e-04
3.71351 2.25126955e-04
3.72637 2.31162977e-04
3.73927 2.37130438e-04
3.75221 2.42238069e-04
3.76520 2.46564077e-04
3.77823 2.50731298e-04
3.79131 2.54732607e-04
3.80443 2.58576018e-04
3.81760 2.62284683e-04
3.83082 2.65897036e-04
3.84408 2.69463830e-04
3.85739 2.73046502e-04
3.87074 2.76711982e-04
3.88414 2.80527346e-04
3.89758 2.84551954e-04
3.91107 2.88828100e-04
3.92461 2.93368992e-04
3.93820 2.98144207e-04
3.95183 3.03064706e-04
3.96551 3.07968584e-04
3.97924 3.12613504e-04
3.99301 3.16684710e-04
4.00683 3.19826189e-04
4.02070 3.21701223e-04
4.03462 3.22072520e-04
4.04859 3.20879978e-04
4.06260 3.18280752e-04
4.07667 3.14627440e-04
4.09078 3.10392846e-04
4.10494 3.06068174e-04
4.11915 3.02079033e-04
4.13341 2.98757544e-04
4.14771 2.96682912e-04
4.16207 2.95838071e-04
4.17648 2.96179094e-04
4.19094 2.97590675e-04
4.20545 2.99927382e-04
4.22000 3.03038142e-04
4.23461 3.06781236e-04
4.24927 3.11029631e-04
4.26398 3.15673809e-04
4.27874 3.20191847e-04
4.29355 3.24139435e-04
4.30841 3.28244624e-04
4.32332 3.32471650e-04
4.33829 3.36790684e-04
4.35331 3.41177388e-04
4.36838 3.45612025e-04
4.38350 3.50079755e-04
4.39867 3.54568855e-04
4.41390 3.59071163e-04
4.42918 3.63581187e-04
4.44451 3.68095367e-04
4.45990 3.72611179e-04
4.47533 3.77126842e-04
4.49083 3.81639390e-04
4.50637 3.86144072e-04
4.52197 3.90632726e-04
4.53762 3.95091850e-04
4.55333 3.99500814e-04
4.56909 4.03829938e-04
4.58491 4.08038562e-04
4.60078 4.12826985e-04
4.61670 4.17378413e-04
4.63269 4.21435818e-04
4.64872 4.24861483e-04
4.66481 4.27517250e-04
4.68096 4.29280687e-04
4.69717 4.30063794e-04
4.71343 4.29831251e-04
4.72974 4.28612887e-04
4.74611 4.26507981e-04
4.76254 4.23685710e-04
4.77903 4.20594835e-04
4.79557 4.17230904e-04
4.81217 4.13743800e-04
4.82883 4.10275989e-04
4.84555 4.06953907e-04
4.86232 4.03882324e-04
4.87915 4.01141821e-04
4.89604 3.98788494e-04
4.91299 3.96856919e-04
4.92999 3.95362680e-04
4.94706 3.94306517e-04
4.96418 3.94010014e-04
4.98137 3.94379233e-04
4.99861 3.95287441e-04
5.01591 3.96666374e-04
5.03328 3.98449103e-04
5.05070 4.00572558e-04
5.06818 4.02978568e-04
5.08573 4.05613410e-04
5.10333 4.08425441e-04
5.12100 1.03870117e-03
5.13873 3.96235272e-03
5.15651 1.31879489e-02
5.17436 1.39158360e-02
5.19228 1.47018292e-02
5.21025 1.55500792e-02
5.22828 1.64649652e-02
5.24638 1.74510386e-02
5.26454 1.85129148e-02
5.28277 1.96552684e-02
5.30105 2.08826699e-02
5.31940 2.21994380e-02
5.33782 2.36094902e-02
5.35629 2.51161509e-02
5.37484 2.67220022e-02
5.39344 2.77789218e-02
5.41211 2.88124388e-02
5.43084 2.98721780e-02
5.44965 3.09521442e-02
5.46851 3.20455108e-02
5.48744 3.31448432e-02
5.50643 3.42423354e-02
5.52550 3.53301668e-02
5.54462 3.64009024e-02
5.56381 3.74478348e-02
5.58308 3.84653987e-02
5.60240 3.94495133e-02
5.62179 4.03193154e-02
5.64125 4.08240535e-02
5.66078 4.12810810e-02
5.68038 4.16942266e-02
5.70004 4.20686694e-02
5.71977 4.24105830e-02
5.73957 4.27267789e-02
5.75944 4.30244842e-02
5.77938 4.33109704e-02
5.79938 4.35933756e-02
5.81946 4.38784668e-02
5.83960 4.41725659e-02
5.85982 4.44814308e-02
5.88010 4.48101665e-02
5.90045 4.48969063e-02
5.92088 4.49827112e-02
5.94137 4.51041469e-02
5.96194 4.52635434e-02
5.98258 4.54625032e-02
6.00329 4.57020060e-02
6.02407 4.59825414e-02
6.04492 4.63041687e-02
6.06585 4.66666060e-02
6.08684 4.70692597e-02
6.10791 4.75112988e-02
6.12906 4.79916548e-02
6.15027 4.85090959e-02
6.17156 4.90622420e-02
6.19293 4.94971876e-02
6.21436 4.99481158e-02
6.23588 5.04232333e-02
6.25746 5.09211153e-02
6.27912 5.14402778e-02
6.30086 5.19791182e-02
6.32267 5.25359447e-02
6.34455 5.31089468e-02
6.36652 5.36962398e-02
6.38856 5.42958055e-02
6.41067 5.49055514e-02
6.43286 5.55232961e-02
6.45513 5.61467542e-02
6.47747 5.67736106e-02
6.49990 5.73464494e-02
6.52240 5.77780412e-02
6.54497 5.82035930e-02
6.56763 5.86209086e-02
6.59037 5.90278956e-02
6.61318 5.94225209e-02
6.63607 5.98028553e-02
6.65904 6.01671031e-02
6.68209 6.05136319e-02
6.70522 6.08409726e-02
6.72843 6.11478638e-02
6.75172 6.14332667e-02
6.77510 6.16963651e-02
6.79855 6.19366098e-02
6.82208 6.21536448e-02
6.84570 6.23474552e-02
6.86939 6.25181894e-02
6.89317 6.26662778e-02
6.91704 6.27535964e-02
6.94098 6.28128525e-02
6.96500 6.28515849e-02
6.98911 6.28711440e-02
7.01331 6.28730732e-02
7.03759 6.28589752e-02
7.06195 6.28306011e-02
7.08639 6.27897466e-02
7.11092 6.27382666e-02
7.13554 6.26780162e-02
7.16024 6.26108504e-02
7.18502 6.25386093e-02
7.20990 6.24631034e-02
7.23485 6.23860392e-02
7.25990 6.23091235e-02
7.28503 6.22338996e-02
7.31025 6.21252411e-02
7.33555 6.19735911e-02
7.36094 6.18278326e-02
7.38642 6.16891380e-02
7.41199 6.15585460e-02
7.43765 6.14369767e-02
7.46340 6.13252612e-02
7.48923 6.12241266e-02
7.51516 6.11341962e-02
7.54117 6.10560339e-02
7.56727 6.09899811e-02
7.59347 6.09365422e-02
7.61975 6.08959103e-02
7.64613 6.08682931e-02
7.67260 6.08538092e-02
7.69916 6.08525033e-02
7.72581 6.08643753e-02
7.75255 6.08879412e-02
7.77939 6.08654290e-02
7.80632 6.08554120e-02
7.83334 6.08576528e-02
7.86046 6.08718398e-02
7.88767 6.08976614e-02
7.91497 6.09347021e-02
7.94237 6.09825908e-02
7.96986 6.10408378e-02
7.99745 6.11090127e-02
8.02513 6.11865814e-02
8.05291 6.12730392e-02
8.08079 6.13678075e-02
8.10876 6.14703667e-02
8.13683 6.15800937e-02
8.16500 6.16964096e-02
8.19326 6.18186912e-02
8.22162 6.19463300e-02
8.25008 6.20786880e-02
8.27864 6.60369612e-02
8.30730 7.46053398e-02
8.33605 8.42294656e-02
8.36491 9.50195257e-02
8.39386 1.07093958e-01
8.42292 1.20579734e-01
8.45208 1.35612417e-01
8.48133 1.52336162e-01
8.51069 1.70903079e-01
8.54016 1.91473545e-01
8.56972 2.14213619e-01
8.59938 2.39294852e-01
8.62915 2.66890722e-01
8.65902 2.97173671e-01
8.68899 3.30310352e-01
8.71907 3.66455695e-01
8.74925 4.05745337e-01
8.77954 4.48286720e-01
8.80993 4.94148701e-01
8.84043 5.43349089e-01
8.87103 5.75506033e-01
8.90174 6.00072169e-01
8.93255 6.25317977e-01
8.96347 6.51229656e-01
8.99450 6.77789546e-01
9.02563 7.04975832e-01
9.05688 7.32762100e-01
9.08823 7.61117333e-01
9.11969 7.90006064e-01
9.15126 8.19388077e-01
9.18294 8.49218258e-01
9.21472 8.79447338e-01
9.24662 9.10021300e-01
9.27863 9.40882118e-01
9.31075 9.71968060e-01
9.34298 1.00321413e+00
9.37532 1.03455250e+00
9.40777 1.06591313e+00
9.44034 1.09722434e+00
9.47302 1.12841357e+00
9.50581 1.15940824e+00
9.53871 1.18563586e+00
9.57173 1.20621271e+00
9.60487 1.22660139e+00
9.63811 1.24677711e+00
9.67148 1.26671613e+00
9.70495 1.28639412e+00
9.73855 1.30578778e+00
9.77226 1.32487409e+00
9.80609 1.34363052e+00
9.84003 1.36203509e+00
9.87409 1.38006628e+00
9.90827 1.39645839e+00
9.94257 1.40796800e+00
9.97699 1.41927831e+00
10.01153 1.43038085e+00
10.04618 1.44126763e+00
10.08096 1.45193091e+00
10.11585 1.46236283e+00
10.15087 1.47255569e+00
10.18601 1.48250264e+00
10.22127 1.49219613e+00
10.25665 1.50162992e+00
10.29215 1.51079659e+00
10.32778 1.51738258e+00
10.36353 1.52169954e+00
10.39941 1.52593636e+00
10.43540 1.53009156e+00
10.47153 1.53416365e+00
10.50777 1.53815116e+00
10.54415 1.54205260e+00
10.58065 1.54586944e+00
10.61727 1.54516900e+00
10.65403 1.54426969e+00
10.69091 1.54334516e+00
10.72791 1.54239392e+00
10.76505 1.54142338e+00
10.80231 1.54043504e+00
10.83971 1.53942740e+00
10.87723 1.53840196e+00
10.91488 1.53736167e+00
10.95266 1.53630655e+00
10.99058 1.53523658e+00
11.02862 1.53415030e+00
11.06680 1.53305214e+00
11.10511 1.53193617e+00
11.14355 1.53080684e+00
11.18212 1.52965823e+00
11.22083 1.52849329e+00
11.25967 1.52323102e+00
11.29865 1.50723796e+00
11.33776 1.49051624e+00
11.37701 1.47312525e+00
11.41639 1.45512314e+00
11.45591 1.43656691e+00
11.49556 1.41751146e+00
11.53536 1.39800903e+00
11.57529 1.37810903e+00
11.61536 1.35785629e+00
11.65556 1.33729235e+00
11.69591 1.31645388e+00
11.73640 1.29537306e+00
11.77702 1.27407811e+00
11.81779 1.25259276e+00
11.85870 1.23093689e+00
11.89975 1.20912714e+00
11.94094 1.18717670e+00
11.98227 1.16509612e+00
12.02375 1.14289399e+00
12.06537 1.12057701e+00
12.10714 1.09815065e+00
12.14905 1.07561997e+00
12.19110 1.05298912e+00
12.23330 1.03026299e+00
12.27565 1.00744649e+00
12.31814 9.84545702e-01
12.36078 9.61567594e-01
12.40357 9.46366389e-01
12.44651 9.34508487e-01
12.48959 9.21372861e-01
12.53283 9.07042615e-01
12.57621 8.91623855e-01
12.61974 8.75241534e-01
12.66343 8.58033366e-01
12.70726 8.40144785e-01
12.75125 8.21723893e-01
12.79539 8.02917013e-01
12.83968 7.83864382e-01
12.88413 7.64697928e-01
12.92873 7.45538004e-01
12.97348 7.26492645e-01
13.01839 7.07656827e-01
13.06345 6.89111576e-01
13.10867 6.70924710e-01
13.15405 6.53151436e-01
13.19959 6.35835530e-01
13.24528 6.19009493e-01
13.29113 6.02696623e-01
13.33713 5.86912057e-01
13.38330 5.71663215e-01
13.42963 5.56951581e-01
13.47612 5.42773890e-01
13.52277 5.29122129e-01
13.56958 5.15985464e-01
13.61655 5.03349946e-01
13.66368 4.91200142e-01
13.71098 4.79518836e-01
13.75844 4.69312774e-01
13.80607 4.73248045e-01
13.85386 4.77418827e-01
13.90182 4.81821113e-01
13.94994 4.86450896e-01
13.99823 4.91303873e-01
14.04668 4.96376334e-01
14.09531 5.01664419e-01
14.14410 5.07164420e-01
14.19306 5.12872923e-01
14.24219 5.18786514e-01
14.29149 5.24902227e-01
14.34096 5.31216944e-01
14.39060 5.37727845e-01
14.44042 5.44432557e-01
14.49041 5.51328260e-01
14.54057 5.58413024e-01
14.59090 5.65684476e-01
14.64141 5.73140834e-01
14.69209 5.80780466e-01
14.74295 5.88601443e-01
14.79398 5.96602726e-01
14.84519 6.04782682e-01
14.89658 6.13138196e-01
14.94814 6.21672680e-01
14.99989 6.30383018e-01
15.05181 6.39268616e-01
15.10392 6.48328733e-01
15.15620 6.57563368e-01
15.20866 6.66971780e-01
15.26131 6.76554264e-01
15.31414 6.86310526e-01
15.36715 6.96240712e-01
15.42034 7.06345268e-01
15.47372 7.16624342e-01
15.52729 7.27498500e-01
15.58103 7.38554746e-01
15.63497 7.49735795e-01
15.68909 7.61041946e-01
15.74340 7.72473346e-01
15.79790 7.84030145e-01
15.85258 7.95712341e-01
15.90746 8.07520381e-01
15.96252 8.19453967e-01
16.01778 8.31513396e-01
16.07323 8.43698223e-01
16.12886 8.56008597e-01
16.18470 8.68444368e-01
16.24072 8.81005241e-01
16.29694 8.93690918e-01
16.35335 9.06501252e-01
16.40996 9.19435499e-01
16.46677 9.32493512e-01
16.52377 9.45674548e-01
16.58097 9.58978163e-01
16.63836 9.72403614e-01
16.69596 9.85950011e-01
16.75375 9.99616761e-01
16.81175 1.01340268e+00
16.86994 1.02730687e+00
16.92834 1.04132814e+00
16.98694 1.05546547e+00
17.04574 1.06971721e+00
17.10474 1.08408218e+00
17.16395 1.09855860e+00
17.22337 1.11314499e+00
17.28299 1.12783926e+00
17.34281 1.14263978e+00
17.40285 1.15754419e+00
17.46309 1.17255040e+00
17.52354 1.18765588e+00
17.58420 1.20285783e+00
17.64507 1.21815372e+00
17.70615 1.22549640e+00
17.76744 1.22805170e+00
17.82894 1.23059142e+00
17.89066 1.23311511e+00
17.95259 1.23562262e+00
18.01473 1.23811337e+00
18.07709 1.24058690e+00
18.13967 1.24304262e+00
18.20246 1.24548039e+00
18.26547 1.24789961e+00
18.32870 1.25029983e+00
18.39214 1.25268046e+00
18.45581 1.25504121e+00
18.51969 1.25738148e+00
18.58380 1.25970097e+00
18.64813 1.26199894e+00
18.71268 1.26427510e+00
18.77746 1.26652885e+00
18.84246 1.26875960e+00
18.90768 1.27096720e+00
18.97313 1.27315076e+00
19.03881 1.27530998e+00
19.10472 1.27744427e+00
19.17085 1.27955318e+00
19.23721 1.28163612e+00
19.30380 1.28369250e+00
19.37062 1.28572202e+00
19.43768 1.28772393e+00
19.50496 1.28969780e+00
19.57248 1.29164288e+00
19.64023 1.29355902e+00
19.70822 1.29544533e+00
19.77644 1.29730152e+00
19.84490 1.29912684e+00
19.91359 1.30092085e+00
19.98252 1.30268280e+00
20.05169 1.30441255e+00
20.12110 1.30610906e+00
20.19076 1.30777218e+00
20.26065 1.30940117e+00
20.33078 1.31099543e+00
20.40116 1.31255437e+00
20.47178 1.31407755e+00
20.54264 1.31556452e+00
20.61375 1.31701438e+00
20.68511 1.31430861e+00
20.75671 1.31125572e+00
20.82856 1.30815312e+00
20.90066 1.30500096e+00
20.97301 1.30179953e+00
21.04561 1.29854882e+00
21.11846 1.29524915e+00
21.19157 1.29190065e+00
21.26492 1.28850363e+00
21.33853 1.28505822e+00
21.41240 1.28156474e+00
21.48652 1.27802362e+00
21.56090 1.27443486e+00
21.63553 1.27079906e+00
21.71043 1.26711652e+00
21.78558 1.26338737e+00
21.86099 1.25961237e+00
21.93666 1.25579152e+00
22.01260 1.25192540e+00
22.08880 1.24801447e+00
22.16526 1.24405916e+00
22.24199 1.24005978e+00
22.31898 1.23601707e+00
22.39624 1.23193117e+00
22.47377 1.22780283e+00
22.55156 1.22363265e+00
22.62962 1.21942090e+00
22.70796 1.21516821e+00
22.78656 1.21087514e+00
22.86544 1.20654231e+00
22.94459 1.20217030e+00
23.02402 1.19775955e+00
23.10372 1.19331096e+00
23.18369 1.18882483e+00
23.26394 1.18430204e+00
23.34447 1.17974305e+00
23.42528 1.17514858e+00
23.50637 1.17051925e+00
23.58774 1.16585592e+00
23.66939 1.16115892e+00
23.75133 1.15642926e+00
23.83354 1.15166740e+00
23.91604 1.14687408e+00
23.99883 1.14205019e+00
24.08191 1.13719632e+00
24.16527 1.13231307e+00
24.24892 1.12740133e+00
24.33286 1.12246184e+00
24.41709 1.11749518e+00
24.50161 1.11250227e+00
24.58642 1.10748368e+00
24.67153 1.10244030e+00
24.75693 1.09734603e+00
24.84263 1.09174764e+00
24.92863 1.08613915e+00
25.01492 1.08052103e+00
25.10151 1.07489414e+00
25.18840 1.06925925e+00
25.27559 1.06361708e+00
25.36309 1.05796823e+00
25.45088 1.05231360e+00
25.53898 1.04665377e+00
25.62739 1.04098949e+00
25.71610 1.03532150e+00
25.80512 1.02965055e+00
25.89444 1.02397721e+00
25.98408 1.01830210e+00
26.07403 1.01262610e+00
26.16428 1.00694980e+00
26.25485 1.00127380e+00
26.34574 9.95598682e-01
26.43694 9.89925350e-01
26.52845 9.84254096e-01
26.62028 9.78585810e-01
26.71243 9.72921085e-01
26.80489 9.67260367e-01
26.89768 9.61604398e-01
26.99079 9.55953771e-01
27.08422 9.50308932e-01
27.17798 9.44670622e-01
27.27205 9.39039287e-01
27.36646 9.33415521e-01
27.46119 9.27799916e-01
27.55625 9.22192919e-01
27.65164 9.16595123e-01
27.74736 9.11003559e-01
27.84341 9.05425648e-01
27.93979 8.99858422e-01
28.03650 8.94302475e-01
28.13355 8.88758102e-01
28.23094 8.83225750e-01
28.32867 8.77706161e-01
28.42673 8.72199482e-01
28.52513 8.66706308e-01
28.62387 8.61226934e-01
28.72295 8.55761956e-01
28.82238 8.50311669e-01
28.92215 8.44876519e-01
29.02227 8.39456803e-01
29.12273 8.34053114e-01
29.22354 8.28665600e-01
29.32470 8.23294707e-01
29.42621 8.17940880e-01
29.52807 8.12604416e-01
29.63029 8.07285464e-01
29.73286 8.01984616e-01
29.83578 7.96702021e-01
29.93906 7.91438124e-01
30.04269 7.86193075e-01
30.14669 7.80967169e-01
30.25104 7.75760852e-01
30.35576 7.70574272e-01
30.46084 7.65407726e-01
30.56628 7.60261510e-01
30.67209 7.55135774e-01
30.77826 7.50030814e-01
30.88481 7.44946927e-01
30.99172 7.39823862e-01
31.09900 7.34584600e-01
31.20665 7.29372941e-01
31.31467 7.24188884e-01
31.42307 7.19032577e-01
31.53184 7.13904170e-01
31.64099 7.08803662e-01
31.75052 7.03731350e-01
31.86043 6.98687086e-01
31.97072 6.93671017e-01
32.08139 6.88683145e-01
32.19244 6.83723617e-01
32.30388 6.78792433e-01
32.41570 6.73889742e-01
32.52791 6.69015544e-01
32.64051 6.64169691e-01
32.75349 6.59352330e-01
32.86687 6.54563462e-01
32.98064 6.49803235e-01
33.09481 6.45071501e-01
33.20937 6.40368408e-01
33.32433 6.35693660e-01
33.43968 6.31047553e-01
33.55544 6.26430087e-01
33.67159 6.21840965e-01
33.78815 6.17280336e-01
33.90511 6.12748200e-01
34.02247 6.08244557e-01
34.14024 6.03769258e-01
34.25842 5.99322304e-01
34.37701 5.94903694e-01
34.49601 5.90513280e-01
34.61542 5.86151062e-01
34.73525 5.81817188e-01
34.85549 5.77511214e-01
34.97614 5.73233436e-01
35.09721 5.68983556e-01
35.21871 5.64761576e-01
35.34062 5.60567347e-01
35.46295 5.56401017e-01
35.58571 5.52262290e-01
35.70889 5.48151313e-01
35.83250 5.44067790e-01
35.95654 5.40011573e-01
36.08101 5.35982810e-01
36.20590 5.31981352e-01
36.33123 5.28006903e-01
36.45700 5.24059612e-01
36.58320 5.20139329e-01
36.70983 5.16245758e-01
36.83691 5.12379196e-01
36.96442 5.08539049e-01
37.09238 5.04725614e-01
37.22077 5.00938595e-01
37.34962 4.97177842e-01
37.47890 4.93443356e-01
37.60864 4.89734988e-01
37.73883 4.86052591e-01
37.86946 4.82396163e-01
38.00055 4.78765409e-01
38.13209 4.75160328e-01
38.26409 4.71580771e-01
38.39654 4.68026591e-01
38.52946 4.64497639e-01
38.66283 4.60993915e-01
38.79667 4.57515271e-01
38.93096 4.54061409e-01
39.06573 4.50632330e-01
39.20096 4.47228034e-01
39.33665 4.43848076e-01
39.47282 4.40492604e-01
39.60946 4.37161469e-01
39.74657 4.33854375e-01
39.88416 4.30571322e-01
40.02222 4.27312012e-01
40.16076 4.24076596e-01
40.29978 4.20864626e-01
40.43928 4.17676252e-01
40.57926 4.14511028e-01
40.71973 4.11369104e-01
40.86069 4.08250329e-01
41.00213 4.05154408e-01
41.14406 4.02081193e-01
41.28648 3.99030682e-01
41.42940 3.95832069e-01
41.57281 3.92602736e-01
41.71672 3.89399968e-01
41.86113 3.86223614e-01
42.00603 3.83073676e-01
42.15144 3.79949856e-01
42.29735 3.76851857e-01
42.44377 3.73779532e-01
42.59069 3.70732732e-01
42.73812 3.67711308e-01
42.88606 3.64714815e-01
43.03451 3.61743402e-01
43.18348 3.58796623e-01
43.33297 3.55874330e-01
43.48297 3.52976226e-01
43.63349 3.50102460e-01
43.78453 3.47252438e-01
43.93609 3.44426309e-01
44.08818 3.41623626e-01
44.24079 3.38844391e-01
44.39394 3.36088158e-01
44.54761 3.33355075e-01
44.70182 3.30644698e-01
44.85655 3.27957025e-01
45.01183 3.25291613e-01
45.16764 3.22648609e-01
45.32399 3.20027568e-01
45.48089 3.17428490e-01
45.63832 3.14851079e-01
45.79630 3.12295186e-01
45.95483 3.09760514e-01
46.11391 3.07247212e-01
46.27353 3.04754834e-01
46.43371 3.02283232e-01
46.59445 2.99832406e-01
46.75574 2.97401910e-01
46.91759 2.94991894e-01
47.08000 2.92601912e-01
47.24297 2.90231816e-01
47.40650 2.87881605e-01
47.57060 2.85551132e-01
47.73527 2.83239950e-01
47.90051 2.80948209e-01
48.06633 2.78675611e-01
48.23271 2.76422009e-01
48.39967 2.74187105e-01
48.56721 2.71971048e-01
48.73533 2.69773392e-01
48.90403 2.67594138e-01
49.07332 2.65433137e-01
49.24319 2.63290093e-01
49.41365 2.61165005e-01
49.58470 2.59057576e-01
49.75634 2.56967808e-01
49.92858 2.54895402e-01
50.10141 2.52840358e-01
50.27484 2.50802530e-01
50.44887 2.48781618e-01
50.62350 2.46777625e-01
50.79874 2.44790252e-01
50.97458 2.42819500e-01
51.15104 2.40865220e-01
51.32810 2.38927116e-01
51.50578 2.37005336e-01
51.68407 2.35099435e-01
51.86298 2.33209413e-01
52.04250 2.31335121e-01
52.22265 2.29476559e-01
52.40343 2.27633431e-01
52.58482 2.25805588e-01
52.76685 2.23992882e-01
52.94951 2.22195462e-01
53.13280 2.20412881e-01
53.31672 2.18644992e-01
53.50128 2.16891942e-01
53.68648 2.15153436e-01
53.87232 2.13429325e-01
54.05880 2.11719609e-01
54.24593 2.10024139e-01
54.43371 2.08342618e-01
54.62214 2.06675048e-01
54.81122 2.05021426e-01
55.00095 2.03381458e-01
55.19134 2.01754994e-01
55.38239 2.00142183e-01
55.57410 1.98542579e-01
55.76647 1.96956332e-01
55.95951 1.95383143e-01
56.15322 1.93823014e-01
56.34760 1.92275796e-01
56.54265 1.90741340e-01
56.73838 1.89219646e-01
56.93479 1.87710418e-01
57.13187 1.86213804e-01
57.32964 1.84729359e-01
57.52809 1.83257379e-01
57.72723 1.81797420e-01
57.92705 1.80349630e-01
58.12757 1.78913711e-01
58.32879 1.77489516e-01
58.53070 1.76077194e-01
58.73331 1.74676594e-01
58.93662 1.73287422e-01
59.14063 1.71909676e-01
59.34535 1.70543209e-01
59.55078 1.69188169e-01
59.75692 1.67844110e-01
59.96377 1.66511181e-01
60.17134 1.65189234e-01
60.37963 1.63878120e-01
60.58864 1.62577691e-01
60.79837 1.61288095e-01
61.00883 1.60008887e-01
61.22002 1.58740364e-01
61.43194 1.57482228e-01
61.64459 1.56234333e-01
61.85797 1.54996677e-01
62.07210 1.53769112e-01
62.28697 1.52551638e-01
62.50258 1.51344108e-01
62.71894 1.50146520e-01
62.93605 1.48958726e-01
63.15390 1.47780653e-01
63.37252 1.46612181e-01
63.59189 1.45453266e-01
63.81201 1.44303804e-01
64.03290 1.43163721e-01
64.25456 1.42032957e-01
64.47698 1.40911410e-01
64.70017 1.39799018e-01
64.92414 1.38695679e-01
65.14888 1.37601333e-01
65.37440 1.36515920e-01
65.60070 1.35439323e-01
65.82778 1.34371496e-01
66.05565 1.33312365e-01
66.28430 1.32259779e-01
66.51375 1.31217832e-01
66.74400 1.30184360e-01
66.97504 1.29159287e-01
67.20688 1.28142539e-01
67.43952 1.27134043e-01
67.67297 1.26133723e-01
67.90722 1.25141520e-01
68.14229 1.24157361e-01
68.37817 1.23181171e-01
68.61486 1.22212891e-01
68.85238 1.21252461e-01
69.09072 1.20299807e-01
69.32988 1.19354855e-01
69.56987 1.18417546e-01
69.81069 1.17487820e-01
70.05235 1.16565618e-01
70.29484 1.15650851e-01
70.53817 1.14743488e-01
70.78235 1.13843442e-01
71.02737 1.12950653e-01
71.27323 1.12065076e-01
71.51995 1.11186652e-01
71.76752 1.10315292e-01
72.01595 1.09450966e-01
72.26524 1.08593600e-01
72.51539 1.07743134e-01
72.76641 1.06899510e-01
73.01830 1.06062682e-01
73.27106 1.05232592e-01
73.52469 1.04409165e-01
73.77920 1.03592356e-01
74.03460 1.02782122e-01
74.29087 1.01978388e-01
74.54804 1.01181109e-01
74.80609 1.00390226e-01
75.06504 9.96056942e-02
75.32488 9.88274549e-02
75.58563 9.80554484e-02
75.84727 9.72896450e-02
76.10982 9.65299558e-02
76.37328 9.57763657e-02
76.63766 9.50288007e-02
76.90295 9.42872311e-02
77.16915 9.35515826e-02
77.43628 9.28218256e-02
77.70433 9.20979007e-02
77.97331 9.13797634e-02
78.24322 9.06673544e-02
78.51407 8.99606439e-02
78.78585 8.92595726e-02
79.05857 8.85641109e-02
79.33224 8.78741844e-02
79.60686 8.71897636e-02
79.88242 8.65107891e-02
80.15894 8.58372460e-02
80.43642 8.51690602e-02
80.71486 8.45061871e-02
80.99426 8.38485970e-02
81.27463 8.31962454e-02
81.55596 8.25490879e-02
81.83828 8.19070798e-02
82.12157 8.12701767e-02
82.40584 8.06383340e-02
82.69109 8.00115072e-02
82.97733 7.93896667e-02
83.26457 7.87727531e-02
83.55279 7.81607515e-02
83.84202 7.75536026e-02
84.13225 7.69512618e-02
84.42348 7.63537144e-02
84.71572 7.57608860e-02
85.00897 7.51727768e-02
85.30323 7.45893126e-02
85.59852 7.40104784e-02
85.89482 7.34362297e-02
86.19215 7.28665221e-02
86.49052 7.23013259e-02
86.78991 7.17405965e-02
87.09034 7.11843191e-02
87.39181 7.06324195e-02
87.69432 7.00848977e-02
87.99789 6.95416943e-02
88.30250 6.90027797e-02
88.60816 6.84681242e-02
88.91489 6.79376981e-02
89.22267 6.74114420e-02
89.53153 6.68893560e-02
89.84145 6.63713806e-02
90.15244 6.58574862e-02
90.46451 6.53476432e-02
90.77766 6.48418366e-02
91.09190 6.43399924e-02
91.40722 6.38421104e-02
91.72363 6.33481461e-02
92.04114 6.28580848e-02
92.35975 6.23718670e-02
92.67946 6.18894780e-02
93.00028 6.14108880e-02
93.32221 6.09360525e-02
93.64525 6.04649567e-02
93.96941 5.99975561e-02
94.29469 5.95338358e-02
94.62110 5.90737661e-02
94.94864 5.86172877e-02
95.27731 5.81644154e-02
95.60712 5.77150899e-02
95.93807 5.72692814e-02
96.27017 5.68269752e-02
96.60342 5.63881416e-02
96.93782 5.59527508e-02
97.27338 5.55207733e-02
97.61010 5.50921792e-02
97.94798 5.46669390e-02
98.28704 5.42450378e-02
98.62727 5.38264460e-02
98.96867 5.34111189e-02
99.31126 5.29990418e-02
99.65504 5.25901998e-02
100.00000 5.21845484e-02
