        2000  0.100000 2.700000
0.10000 1.50410592e+00
0.10035 1.50488172e+00
0.10069 1.50564888e+00
0.10104 1.50640812e+00
0.10139 1.50716124e+00
0.10174 1.50790824e+00
0.10210 1.50864948e+00
0.10245 1.50938568e+00
0.10280 1.51011684e+00
0.10316 1.51079652e+00
0.10352 1.51125948e+00
0.10387 1.51170768e+00
0.10423 1.51214112e+00
0.10459 1.51255944e+00
0.10496 1.51296300e+00
0.10532 1.51335252e+00
0.10568 1.51372836e+00
0.10605 1.51409160e+00
0.10642 1.51444260e+00
0.10679 1.51478208e+00
0.10716 1.51511004e+00
0.10753 1.51542540e+00
0.10790 1.51572708e+00
0.10827 1.51601328e+00
0.10865 1.51628184e+00
0.10902 1.51653096e+00
0.10940 1.51675776e+00
0.10978 1.51696116e+00
0.11016 1.51713936e+00
0.11054 1.51729200e+00
0.11092 1.51741872e+00
0.11131 1.51751988e+00
0.11169 1.51759620e+00
0.11208 1.51764948e+00
0.11247 1.51768044e+00
0.11286 1.51719084e+00
0.11325 1.51663752e+00
0.11364 1.51604676e+00
0.11403 1.51541820e+00
0.11443 1.51475184e+00
0.11482 1.51404768e+00
0.11522 1.51330464e+00
0.11562 1.51252236e+00
0.11602 1.51170120e+00
0.11642 1.51084008e+00
0.11682 1.50993972e+00
0.11723 1.50900048e+00
0.11763 1.50802308e+00
0.11804 1.50700824e+00
0.11845 1.50595632e+00
0.11886 1.50486804e+00
0.11927 1.50374376e+00
0.11968 1.50258420e+00
0.12010 1.50138828e+00
0.12051 1.50015636e+00
0.12093 1.49888808e+00
0.12135 1.49758236e+00
0.12177 1.49623920e+00
0.12219 1.49485752e+00
0.12262 1.49343696e+00
0.12304 1.49197752e+00
0.12347 1.49047812e+00
0.12389 1.49328432e+00
0.12432 1.50565896e+00
0.12475 1.51754148e+00
0.12518 1.52715564e+00
0.12562 1.53412884e+00
0.12605 1.54093788e+00
0.12649 1.54394748e+00
0.12693 1.54350108e+00
0.12737 1.54302228e+00
0.12781 1.54284300e+00
0.12825 1.54288116e+00
0.12869 1.54289520e+00
0.12914 1.54239912e+00
0.12959 1.54155276e+00
0.13003 1.54065960e+00
0.13048 1.54035144e+00
0.13094 1.54041372e+00
0.13139 1.54045116e+00
0.13184 1.53872388e+00
0.13230 1.53564984e+00
0.13276 1.53246060e+00
0.13322 1.52808012e+00
0.13368 1.52251272e+00
0.13414 1.51673076e+00
0.13461 1.51079112e+00
0.13507 1.50613992e+00
0.13554 1.50135480e+00
0.13601 1.49643828e+00
0.13648 1.49049684e+00
0.13695 1.48429476e+00
0.13743 1.47792996e+00
0.13790 1.47244500e+00
0.13838 1.46721996e+00
0.13886 1.46189052e+00
0.13934 1.45366308e+00
0.13982 1.44273636e+00
0.14031 1.43151516e+00
0.14079 1.41939612e+00
0.14128 1.40548356e+00
0.14177 1.39122108e+00
0.14226 1.37659896e+00
0.14275 1.36042560e+00
0.14324 1.34390844e+00
0.14374 1.32707016e+00
0.14424 1.31025780e+00
0.14474 1.29331332e+00
0.14524 1.27612620e+00
0.14574 1.25796024e+00
0.14625 1.23821100e+00
0.14675 1.21824540e+00
0.14726 1.19809260e+00
0.14777 1.17586620e+00
0.14828 1.15342740e+00
0.14879 1.13087304e+00
0.14931 1.10907288e+00
0.14983 1.08794052e+00
0.15034 1.06678980e+00
0.15087 1.04554296e+00
0.15139 1.02294324e+00
0.15191 1.00040904e+00
0.15244 9.77967360e-01
0.15297 9.51410520e-01
0.15349 9.21712320e-01
0.15403 8.92337400e-01
0.15456 8.63332560e-01
0.15509 8.35382160e-01
0.15563 8.08373880e-01
0.15617 7.81809120e-01
0.15671 7.55713800e-01
0.15725 7.32915000e-01
0.15780 7.10677080e-01
0.15834 6.88847400e-01
0.15889 6.68783520e-01
0.15944 6.52276800e-01
0.15999 6.36033240e-01
0.16055 6.20055360e-01
0.16110 6.03204480e-01
0.16166 5.85905760e-01
0.16222 5.68949040e-01
0.16278 5.52335400e-01
0.16335 5.43063240e-01
0.16391 5.35132440e-01
0.16448 5.27283720e-01
0.16505 5.17537800e-01
0.16562 4.74773040e-01
0.16619 4.34706480e-01
0.16677 3.97277640e-01
0.16734 3.64796280e-01
0.16792 3.43005912e-01
0.16851 3.22268436e-01
0.16909 3.02556348e-01
0.16967 2.82020148e-01
0.17026 2.58883920e-01
0.17085 2.37361824e-01
0.17144 2.17378476e-01
0.17204 2.01016116e-01
0.17263 1.89357156e-01
0.17323 1.78293492e-01
0.17383 1.67802696e-01
0.17443 1.54227528e-01
0.17503 1.35693144e-01
0.17564 1.19181204e-01
0.17625 1.04505156e-01
0.17686 9.37153800e-02
0.17747 8.89923240e-02
0.17808 8.44944480e-02
0.17870 8.02143720e-02
0.17932 7.58995200e-02
0.17994 7.07154840e-02
0.18056 6.58658520e-02
0.18119 6.13290240e-02
0.18182 5.70873240e-02
0.18244 5.18359680e-02
0.18308 4.57444440e-02
0.18371 4.03472880e-02
0.18435 3.55692636e-02
0.18498 3.23387856e-02
0.18562 3.28561128e-02
0.18627 3.33816300e-02
0.18691 3.39077952e-02
0.18756 3.44304900e-02
0.18821 3.16588608e-02
0.18886 2.87952624e-02
0.18951 2.61651564e-02
0.19017 2.37553308e-02
0.19083 2.20066776e-02
0.19149 2.07552708e-02
0.19215 1.95702444e-02
0.19282 1.84491756e-02
0.19348 1.74348216e-02
0.19415 1.69191828e-02
0.19483 1.64179332e-02
0.19550 1.59308172e-02
0.19618 1.54575468e-02
0.19686 1.46811420e-02
0.19754 1.37254248e-02
0.19822 1.28306952e-02
0.19891 1.19932596e-02
0.19960 1.12096080e-02
0.20029 1.04182884e-02
0.20098 9.68167080e-03
0.20168 8.99652240e-03
0.20237 8.35934400e-03
0.20307 7.84235880e-03
0.20378 7.50063240e-03
0.20448 7.17365520e-03
0.20519 6.86080440e-03
0.20590 6.56147880e-03
0.20661 6.29350200e-03
0.20733 6.04821240e-03
0.20805 5.81240880e-03
0.20877 5.58573120e-03
0.20949 5.36783040e-03
0.21021 5.19522840e-03
0.21094 5.03789040e-03
0.21167 4.88528280e-03
0.21240 4.73726520e-03
0.21314 4.59369720e-03
0.21388 3.99377160e-03
0.21462 3.42603576e-03
0.21536 2.93874840e-03
0.21611 2.52057744e-03
0.21685 2.16176976e-03
0.21760 2.02221216e-03
0.21836 1.90742400e-03
0.21911 1.79913492e-03
0.21987 1.69697808e-03
0.22063 1.60060788e-03
0.22140 3.42190116e-03
0.22216 8.58492000e-03
0.22293 2.37066768e-02
0.22370 4.96908720e-02
0.22448 5.89229640e-02
0.22526 1.44693432e-01
0.22604 1.33709364e-01
0.22682 1.23791472e-01
0.22760 1.14858756e-01
0.22839 1.06824204e-01
0.22918 9.95952960e-02
0.22998 9.66408120e-02
0.23077 9.49873680e-02
0.23157 9.35188200e-02
0.23237 9.21770640e-02
0.23318 9.09044280e-02
0.23398 8.85364920e-02
0.23479 8.47070640e-02
0.23561 8.09731440e-02
0.23642 7.73155800e-02
0.23724 7.37253720e-02
0.23806 7.02003600e-02
0.23889 6.63670800e-02
0.23971 6.26286600e-02
0.24054 5.90054040e-02
0.24137 5.55007680e-02
0.24221 5.21181360e-02
0.24305 4.83933240e-02
0.24389 4.41974160e-02
0.24473 4.02964200e-02
0.24558 3.66786360e-02
0.24643 3.33322524e-02
0.24728 3.02450904e-02
0.24814 3.69497160e-02
0.24900 5.06229840e-02
0.24986 6.91560720e-02
0.25073 9.41417640e-02
0.25159 1.27597032e-01
0.25246 1.72001664e-01
0.25334 1.76463792e-01
0.25422 1.77375852e-01
0.25510 1.78233480e-01
0.25598 1.79058492e-01
0.25687 1.79872848e-01
0.25775 1.80195840e-01
0.25865 1.61783676e-01
0.25954 1.45138824e-01
0.26044 1.30135392e-01
0.26134 1.16645508e-01
0.26225 1.04542596e-01
0.26315 9.37035360e-02
0.26406 9.22379760e-02
0.26498 9.08756640e-02
0.26590 8.95821480e-02
0.26682 8.83593360e-02
0.26774 8.72089200e-02
0.26867 8.61322680e-02
0.26960 8.50218840e-02
0.27053 8.40002400e-02
0.27147 8.30908080e-02
0.27241 8.22923640e-02
0.27335 8.16032880e-02
0.27430 8.10213480e-02
0.27525 8.05177800e-02
0.27620 8.00969400e-02
0.27715 7.97765760e-02
0.27811 7.95510000e-02
0.27908 7.94137320e-02
0.28004 7.93572120e-02
0.28101 7.94503440e-02
0.28198 7.96082040e-02
0.28296 7.98163200e-02
0.28394 8.00655480e-02
0.28492 8.03460240e-02
0.28591 8.06472720e-02
0.28690 8.09582400e-02
0.28789 8.12676240e-02
0.28889 8.14927680e-02
0.28989 8.16757200e-02
0.29089 8.18407440e-02
0.29190 8.19809280e-02
0.29291 8.20897920e-02
0.29392 8.21612880e-02
0.29494 8.21899080e-02
0.29596 8.21433600e-02
0.29699 8.20149840e-02
0.29801 8.18018280e-02
0.29905 8.15019840e-02
0.30008 8.11152720e-02
0.30112 8.06429880e-02
0.30216 8.00940600e-02
0.30321 7.96092480e-02
0.30426 7.90709400e-02
0.30531 7.84814760e-02
0.30637 7.78436640e-02
0.30743 7.71606720e-02
0.30849 7.64358480e-02
0.30956 7.56728640e-02
0.31063 7.47757440e-02
0.31171 7.38417240e-02
0.31279 7.28794800e-02
0.31387 7.18941240e-02
0.31496 7.08905880e-02
0.31605 6.98735880e-02
0.31714 6.88475880e-02
0.31824 6.78167640e-02
0.31934 6.67850760e-02
0.32044 6.57560520e-02
0.32155 6.47330760e-02
0.32267 6.37191000e-02
0.32378 6.27168240e-02
0.32490 6.17286600e-02
0.32603 6.07568400e-02
0.32716 5.98031280e-02
0.32829 5.88692880e-02
0.32943 5.79566160e-02
0.33057 5.70664080e-02
0.33171 5.61996360e-02
0.33286 5.53570920e-02
0.33401 5.45394600e-02
0.33517 5.37472800e-02
0.33633 5.29808400e-02
0.33749 5.22404640e-02
0.33866 5.15262600e-02
0.33983 5.08382640e-02
0.34101 5.01764040e-02
0.34219 4.95405360e-02
0.34337 4.89304800e-02
0.34456 4.83571440e-02
0.34576 4.78103400e-02
0.34695 4.72861440e-02
0.34815 4.67842320e-02
0.34936 4.63043160e-02
0.35057 4.58458920e-02
0.35178 4.54086000e-02
0.35300 4.49919000e-02
0.35422 4.45953600e-02
0.35545 4.42184040e-02
0.35668 4.38605280e-02
0.35791 4.35211560e-02
0.35915 4.31996760e-02
0.36039 4.28954760e-02
0.36164 4.26079440e-02
0.36289 4.23363960e-02
0.36415 4.20801840e-02
0.36541 4.18386240e-02
0.36668 4.16109960e-02
0.36795 4.13965800e-02
0.36922 4.11946560e-02
0.37050 4.10044320e-02
0.37178 4.08251160e-02
0.37307 4.06559880e-02
0.37436 4.04962200e-02
0.37565 4.03449840e-02
0.37695 4.02014880e-02
0.37826 4.00648320e-02
0.37957 3.99342240e-02
0.38088 3.98088360e-02
0.38220 3.96877680e-02
0.38352 3.95701560e-02
0.38485 3.94552080e-02
0.38618 3.93420960e-02
0.38752 3.92314680e-02
0.38886 3.91209840e-02
0.39021 3.90098520e-02
0.39156 3.88973160e-02
0.39291 3.87825480e-02
0.39427 3.86648640e-02
0.39564 3.85435080e-02
0.39701 3.84178320e-02
0.39838 3.82871520e-02
0.39976 3.81509280e-02
0.40115 3.80085480e-02
0.40253 3.78595440e-02
0.40393 3.77034120e-02
0.40533 3.75397560e-02
0.40673 3.73682160e-02
0.40814 3.71885040e-02
0.40955 3.70003680e-02
0.41097 3.68035920e-02
0.41239 3.65980680e-02
0.41382 3.63837240e-02
0.41525 3.61605600e-02
0.41669 3.59285472e-02
0.41813 3.56878080e-02
0.41958 3.54384612e-02
0.42103 3.51806904e-02
0.42249 3.49147080e-02
0.42395 3.46407804e-02
0.42542 3.43591956e-02
0.42689 3.40702848e-02
0.42837 3.37744044e-02
0.42985 3.34719288e-02
0.43134 3.31632576e-02
0.43283 3.28488120e-02
0.43433 3.25290168e-02
0.43583 3.22043112e-02
0.43734 3.18751452e-02
0.43886 3.15419616e-02
0.44037 3.12052068e-02
0.44190 3.08653344e-02
0.44343 3.05187444e-02
0.44496 3.01675788e-02
0.44650 2.98147536e-02
0.44805 2.94606792e-02
0.44960 2.91057480e-02
0.45116 2.87503416e-02
0.45272 2.83948344e-02
0.45429 2.80395720e-02
0.45586 2.76848928e-02
0.45744 2.73311136e-02
0.45902 2.69785368e-02
0.46061 2.66274504e-02
0.46220 2.62781172e-02
0.46380 2.59307928e-02
0.46541 2.55857040e-02
0.46702 2.52430740e-02
0.46864 2.49031008e-02
0.47026 2.45659680e-02
0.47189 2.42318484e-02
0.47352 2.39008932e-02
0.47516 2.35732428e-02
0.47680 2.32490268e-02
0.47845 2.29283568e-02
0.48011 2.26113336e-02
0.48177 2.22980472e-02
0.48344 2.19885732e-02
0.48511 2.16829836e-02
0.48679 2.13813288e-02
0.48848 2.10836592e-02
0.49017 2.07900108e-02
0.49186 2.05004196e-02
0.49357 2.02149000e-02
0.49528 1.99334736e-02
0.49699 1.96561476e-02
0.49871 1.93829184e-02
0.50044 1.91137860e-02
0.50217 1.88487432e-02
0.50391 1.85877684e-02
0.50565 1.83308508e-02
0.50740 1.80779580e-02
0.50916 1.78290720e-02
0.51092 1.75841568e-02
0.51269 1.73431764e-02
0.51446 1.71061020e-02
0.51625 1.68722676e-02
0.51803 1.66414752e-02
0.51983 1.64144844e-02
0.52163 1.61912412e-02
0.52343 1.59716988e-02
0.52524 1.57558176e-02
0.52706 1.55435364e-02
0.52889 1.53348120e-02
0.53072 1.51295868e-02
0.53255 1.49278104e-02
0.53440 1.47294324e-02
0.53625 1.45343952e-02
0.53810 1.43426484e-02
0.53997 1.41541344e-02
0.54183 1.39688028e-02
0.54371 1.37865960e-02
0.54559 1.36074600e-02
0.54748 1.34313444e-02
0.54938 1.32581916e-02
0.55128 1.30879476e-02
0.55319 1.29205620e-02
0.55510 1.27559844e-02
0.55702 1.25941572e-02
0.55895 1.24350336e-02
0.56089 1.22785560e-02
0.56283 1.21246812e-02
0.56478 1.19733552e-02
0.56673 1.18245312e-02
0.56869 1.16781552e-02
0.57066 1.15341876e-02
0.57264 1.13925744e-02
0.57462 1.12532688e-02
0.57661 1.11162312e-02
0.57860 1.09814112e-02
0.58061 1.08487692e-02
0.58262 1.07182584e-02
0.58463 1.05898356e-02
0.58666 1.04634612e-02
0.58869 1.03390920e-02
0.59073 1.02166884e-02
0.59277 1.00962144e-02
0.59482 9.97762320e-03
0.59688 9.86088600e-03
0.59895 9.74595960e-03
0.60102 9.63280800e-03
0.60310 9.52139520e-03
0.60519 9.41169240e-03
0.60728 9.30365640e-03
0.60939 9.19725840e-03
0.61150 9.09246240e-03
0.61361 8.98924320e-03
0.61574 8.88756120e-03
0.61787 8.78692320e-03
0.62001 8.68654800e-03
0.62215 8.58765600e-03
0.62431 8.49021480e-03
0.62647 8.39419920e-03
0.62864 8.29957680e-03
0.63081 8.20632600e-03
0.63300 8.11441800e-03
0.63519 8.02382760e-03
0.63739 7.93452600e-03
0.63959 7.84649160e-03
0.64181 7.75969920e-03
0.64403 7.67412360e-03
0.64626 7.58974320e-03
0.64849 7.50653640e-03
0.65074 7.42447800e-03
0.65299 7.34354640e-03
0.65525 7.26372360e-03
0.65752 7.18498800e-03
0.65980 7.10731800e-03
0.66208 7.03069560e-03
0.66437 6.95510280e-03
0.66667 6.88051440e-03
0.66898 6.80691960e-03
0.67130 6.73429680e-03
0.67362 6.66262800e-03
0.67595 6.59189520e-03
0.67829 6.52208400e-03
0.68064 6.45318000e-03
0.68299 6.38516520e-03
0.68536 6.31802160e-03
0.68773 6.25173840e-03
0.69011 6.18629400e-03
0.69250 6.12168120e-03
0.69490 6.05788560e-03
0.69730 5.99488560e-03
0.69972 5.93267400e-03
0.70214 5.87124000e-03
0.70457 5.81056200e-03
0.70701 5.75063640e-03
0.70946 5.69144520e-03
0.71191 5.63297400e-03
0.71438 5.57521920e-03
0.71685 5.51816280e-03
0.71933 5.46179760e-03
0.72182 5.40610920e-03
0.72432 5.35108680e-03
0.72683 5.29672320e-03
0.72934 5.24300760e-03
0.73187 5.18992560e-03
0.73440 5.13747000e-03
0.73694 5.08563000e-03
0.73949 5.03439840e-03
0.74205 4.98376440e-03
0.74462 4.93372080e-03
0.74720 4.88425680e-03
0.74979 4.83536160e-03
0.75238 4.78703160e-03
0.75499 4.73925600e-03
0.75760 4.69202400e-03
0.76022 4.64533200e-03
0.76285 4.59917280e-03
0.76549 4.55353200e-03
0.76814 4.50840960e-03
0.77080 4.46379480e-03
0.77347 4.41968040e-03
0.77615 4.37495400e-03
0.77884 4.32875520e-03
0.78153 4.28309280e-03
0.78424 4.23796320e-03
0.78695 4.19335560e-03
0.78968 4.14926280e-03
0.79241 4.10567760e-03
0.79515 4.06259640e-03
0.79790 4.02000480e-03
0.80067 3.97790640e-03
0.80344 3.93628680e-03
0.80622 3.89513880e-03
0.80901 3.85446240e-03
0.81181 3.81425040e-03
0.81462 3.77449200e-03
0.81744 3.73518360e-03
0.82027 3.69631800e-03
0.82311 3.65789160e-03
0.82596 3.61989720e-03
0.82882 3.58232976e-03
0.83169 3.54518388e-03
0.83457 3.50845416e-03
0.83745 3.47213484e-03
0.84035 3.43622088e-03
0.84326 3.40070688e-03
0.84618 3.36558816e-03
0.84911 3.33085932e-03
0.85205 3.29651568e-03
0.85500 3.26255220e-03
0.85796 3.22896420e-03
0.86093 3.19574700e-03
0.86391 3.16289628e-03
0.86690 3.13040700e-03
0.86990 3.09827484e-03
0.87291 3.06649548e-03
0.87593 3.03506460e-03
0.87897 3.00397788e-03
0.88201 2.97323136e-03
0.88506 2.94282036e-03
0.88813 2.91274128e-03
0.89120 2.88298980e-03
0.89428 2.85356196e-03
0.89738 2.82445416e-03
0.90049 2.79566244e-03
0.90360 2.76718284e-03
0.90673 2.73901140e-03
0.90987 2.71114524e-03
0.91302 2.68358004e-03
0.91618 2.65631256e-03
0.91935 2.62933920e-03
0.92253 2.60265636e-03
0.92573 2.57626080e-03
0.92893 2.55014892e-03
0.93215 2.52431748e-03
0.93537 2.49876360e-03
0.93861 2.47348332e-03
0.94186 2.44847376e-03
0.94512 2.42373204e-03
0.94839 2.39925492e-03
0.95168 2.37503880e-03
0.95497 2.35108152e-03
0.95828 2.32737948e-03
0.96159 2.30393016e-03
0.96492 2.28073032e-03
0.96826 2.25777708e-03
0.97161 2.23506756e-03
0.97498 2.21259960e-03
0.97835 2.19036960e-03
0.98174 2.16837540e-03
0.98514 2.14661412e-03
0.98855 2.12508324e-03
0.99197 2.10377988e-03
0.99540 2.08270152e-03
0.99885 2.06184600e-03
1.00231 2.04121044e-03
1.00578 2.02079232e-03
1.00926 2.00058948e-03
1.01275 1.98059904e-03
1.01626 1.96081920e-03
1.01978 1.94124708e-03
1.02330 1.92188052e-03
1.02685 1.90271736e-03
1.03040 1.88375544e-03
1.03397 1.86257844e-03
1.03755 1.84123656e-03
1.04114 1.82014920e-03
1.04474 1.79931312e-03
1.04836 1.77872544e-03
1.05199 1.75838292e-03
1.05563 1.73828232e-03
1.05928 1.71842076e-03
1.06295 1.69879536e-03
1.06663 1.67940288e-03
1.07032 1.66024080e-03
1.07403 1.64130588e-03
1.07775 1.62259560e-03
1.08148 1.60410708e-03
1.08522 1.58583780e-03
1.08898 1.56778452e-03
1.09275 1.54994472e-03
1.09653 1.53231588e-03
1.10032 1.51489584e-03
1.10413 1.49768100e-03
1.10796 1.48066956e-03
1.11179 1.46385900e-03
1.11564 1.44724644e-03
1.11950 1.43082972e-03
1.12338 1.41460668e-03
1.12726 1.39857408e-03
1.13117 1.38273048e-03
1.13508 1.36707336e-03
1.13901 1.35160020e-03
1.14295 1.33630848e-03
1.14691 1.32119676e-03
1.15088 1.30626216e-03
1.15487 1.29150288e-03
1.15886 1.27691640e-03
1.16287 1.26250092e-03
1.16690 1.24825428e-03
1.17094 1.23417468e-03
1.17499 1.22025960e-03
1.17906 1.20650724e-03
1.18314 1.19291580e-03
1.18724 1.17948276e-03
1.19135 1.16620668e-03
1.19547 1.15308576e-03
1.19961 1.14011784e-03
1.20376 1.12730112e-03
1.20793 1.11463380e-03
1.21211 1.10211372e-03
1.21630 1.08973980e-03
1.22052 1.07750952e-03
1.22474 1.06542180e-03
1.22898 1.05347412e-03
1.23323 1.04166576e-03
1.23750 1.02999420e-03
1.24179 1.01845836e-03
1.24609 1.00705608e-03
1.25040 9.95786280e-04
1.25473 9.84647160e-04
1.25907 9.73636920e-04
1.26343 9.62754120e-04
1.26780 9.51997320e-04
1.27219 9.41365080e-04
1.27659 9.30855960e-04
1.28101 9.20467800e-04
1.28545 9.10199880e-04
1.28990 9.00050760e-04
1.29436 8.90018640e-04
1.29884 8.80102080e-04
1.30334 8.70300000e-04
1.30785 8.60610600e-04
1.31238 8.51033160e-04
1.31692 8.41565880e-04
1.32148 8.32207680e-04
1.32605 8.22957120e-04
1.33064 8.13812760e-04
1.33525 8.04773520e-04
1.33987 7.95837960e-04
1.34451 7.87005360e-04
1.34916 7.78273920e-04
1.35383 7.69642560e-04
1.35852 7.61110200e-04
1.36322 7.52675760e-04
1.36794 7.44338160e-04
1.37268 7.36095600e-04
1.37743 7.27947360e-04
1.38220 7.19892720e-04
1.38698 7.11929880e-04
1.39178 7.04058120e-04
1.39660 6.96276360e-04
1.40144 6.88583160e-04
1.40629 6.80978160e-04
1.41115 6.73459560e-04
1.41604 6.66027000e-04
1.42094 6.58679040e-04
1.42586 6.51414960e-04
1.43080 6.44233320e-04
1.43575 6.37133400e-04
1.44072 6.30114480e-04
1.44571 6.23175480e-04
1.45071 6.16314960e-04
1.45573 6.09532560e-04
1.46077 6.02827560e-04
1.46583 5.96198160e-04
1.47090 5.89644360e-04
1.47599 5.83164720e-04
1.48110 5.76758520e-04
1.48623 5.70424680e-04
1.49137 5.64162840e-04
1.49654 5.57971920e-04
1.50172 5.51851200e-04
1.50692 5.45799600e-04
1.51213 5.39816400e-04
1.51737 5.33900520e-04
1.52262 5.28051960e-04
1.52789 5.22269280e-04
1.53318 5.16551760e-04
1.53849 5.10898680e-04
1.54381 5.05309680e-04
1.54916 4.92163920e-04
1.55452 4.53698280e-04
1.55990 4.18240440e-04
1.56530 3.85555320e-04
1.57072 3.55425840e-04
1.57615 3.27651984e-04
1.58161 3.02049540e-04
1.58709 2.78448660e-04
1.59258 2.56692780e-04
1.59809 2.36637612e-04
1.60362 2.18150100e-04
1.60918 2.01107664e-04
1.61475 1.85397300e-04
1.62034 1.70914824e-04
1.62594 1.57564224e-04
1.63157 1.45257012e-04
1.63722 1.33911576e-04
1.64289 1.23452712e-04
1.64857 1.13811084e-04
1.65428 1.04922864e-04
1.66001 9.67291200e-05
1.66575 8.91755640e-05
1.67152 8.22121560e-05
1.67731 7.57927440e-05
1.68311 6.98748120e-05
1.68894 6.44191920e-05
1.69478 5.93897400e-05
1.70065 5.47531200e-05
1.70654 5.04786960e-05
1.71245 4.65381000e-05
1.71837 4.29052680e-05
1.72432 3.95561520e-05
1.73029 3.64685760e-05
1.73628 3.36221244e-05
1.74229 3.09979440e-05
1.74832 2.85786756e-05
1.75437 2.63483064e-05
1.76045 2.42920800e-05
1.76654 2.23963992e-05
1.77266 2.06487144e-05
1.77879 1.90374696e-05
1.78495 1.75520124e-05
1.79113 1.61825112e-05
1.79733 1.49199156e-05
1.80355 1.37558700e-05
1.80979 1.26826848e-05
1.81606 1.16932644e-05
1.82234 1.07810640e-05
1.82865 9.94005360e-06
1.83498 9.16468200e-06
1.84133 8.44981560e-06
1.84771 7.79073480e-06
1.85410 7.18308360e-06
1.86052 6.62284800e-06
1.86696 6.10632720e-06
1.87342 5.63010480e-06
1.87991 5.19103800e-06
1.88642 4.78622520e-06
1.89295 4.41299520e-06
1.89950 4.06888200e-06
1.90607 3.75161400e-06
1.91267 3.45909240e-06
1.91929 3.18938976e-06
1.92594 2.94072372e-06
1.93260 2.71145340e-06
1.93929 2.50006500e-06
1.94601 2.30516316e-06
1.95274 2.12546160e-06
1.95950 1.95977448e-06
1.96629 1.80700812e-06
1.97309 1.66615488e-06
1.97992 1.53628524e-06
1.98678 1.41654204e-06
1.99365 1.30613580e-06
2.00055 1.20433788e-06
2.00748 1.11047688e-06
2.01443 1.02393396e-06
2.02140 9.44137800e-07
2.02840 8.70562800e-07
2.03542 8.02723680e-07
2.04247 7.40172600e-07
2.04954 6.82497720e-07
2.05663 6.29318520e-07
2.06375 5.80284360e-07
2.07090 5.35146480e-07
2.07806 5.00454360e-07
2.08526 4.79493360e-07
2.09247 4.69365120e-07
2.09972 4.62846240e-07
2.10699 4.56417000e-07
2.11428 4.50077040e-07
2.12160 4.43824200e-07
2.12894 4.37658120e-07
2.13631 4.31577360e-07
2.14371 4.25580480e-07
2.15113 4.19666400e-07
2.15857 4.13834040e-07
2.16605 4.08082680e-07
2.17354 4.02410520e-07
2.18107 3.96816840e-07
2.18862 3.91300560e-07
2.19619 3.85860600e-07
2.20380 3.80495520e-07
2.21143 3.75204960e-07
2.21908 3.69987480e-07
2.22676 3.64842360e-07
2.23447 3.59768052e-07
2.24220 3.54764124e-07
2.24997 3.49829424e-07
2.25775 3.44963016e-07
2.26557 3.40163928e-07
2.27341 3.35431260e-07
2.28128 3.30764076e-07
2.28918 3.26161512e-07
2.29710 3.21622632e-07
2.30505 3.17146608e-07
2.31303 3.12732576e-07
2.32104 3.08379636e-07
2.32908 3.04086996e-07
2.33714 2.99853792e-07
2.34523 2.95679196e-07
2.35335 2.91562488e-07
2.36149 2.87502768e-07
2.36967 2.83499280e-07
2.37787 2.79551304e-07
2.38610 2.75658012e-07
2.39436 2.71818684e-07
2.40265 2.68032600e-07
2.41097 2.64298968e-07
2.41931 2.60617104e-07
2.42769 2.56986252e-07
2.43609 2.53405800e-07
2.44452 2.49874956e-07
2.45298 2.46393108e-07
2.46148 2.42959536e-07
2.47000 2.39573592e-07
2.47855 2.36234628e-07
2.48713 2.32941996e-07
2.49574 2.29695012e-07
2.50438 2.26493136e-07
2.51304 2.23335648e-07
2.52174 2.20222008e-07
2.53047 2.17151604e-07
2.53923 2.14123788e-07
2.54802 2.11138020e-07
2.55684 2.08193724e-07
2.56569 2.05290288e-07
2.57457 2.02427208e-07
2.58349 1.99603836e-07
2.59243 1.96819704e-07
2.60140 1.94074272e-07
2.61041 1.91366964e-07
2.61944 1.88697240e-07
2.62851 1.86064632e-07
2.63761 1.83468600e-07
2.64674 1.80908640e-07
2.65590 1.78384284e-07
2.66510 1.75894992e-07
2.67432 1.73440296e-07
2.68358 1.71019728e-07
2.69287 1.68632820e-07
2.70219 1.66279104e-07
2.71154 1.63958112e-07
2.72093 1.61669376e-07
2.73035 1.59412500e-07
2.73980 1.57186980e-07
2.74928 1.54992456e-07
2.75880 1.52828424e-07
2.76835 1.50694524e-07
2.77793 1.48590288e-07
2.78755 1.46515320e-07
2.79720 1.44469260e-07
2.80688 1.42451640e-07
2.81660 1.40462136e-07
2.82635 1.38500280e-07
2.83613 1.36565748e-07
2.84595 1.34658180e-07
2.85580 1.32777108e-07
2.86569 1.30922280e-07
2.87561 1.29093228e-07
2.88556 1.27289664e-07
2.89555 1.25511228e-07
2.90557 1.23757524e-07
2.91563 1.22028264e-07
2.92572 1.20323088e-07
2.93585 1.18641672e-07
2.94601 1.16983692e-07
2.95621 1.15348788e-07
2.96644 1.13736636e-07
2.97671 1.12146984e-07
2.98702 1.10579472e-07
2.99736 1.09033776e-07
3.00773 1.07509644e-07
3.01814 1.06006752e-07
3.02859 1.04524812e-07
3.03907 1.03063536e-07
3.04960 1.01622600e-07
3.06015 1.00201752e-07
3.07074 9.88007400e-08
3.08137 9.74192400e-08
3.09204 9.60570000e-08
3.10274 9.47339280e-08
3.11348 9.34406280e-08
3.12426 9.21649320e-08
3.13508 9.09065880e-08
3.14593 8.96654160e-08
3.15682 8.84410920e-08
3.16775 8.72334720e-08
3.17871 8.60422680e-08
3.18972 8.48673000e-08
3.20076 8.37083160e-08
3.21184 8.25651360e-08
3.22295 8.14375080e-08
3.23411 8.03252520e-08
3.24531 7.92281520e-08
3.25654 7.81459920e-08
3.26781 7.70785560e-08
3.27912 7.60257000e-08
3.29047 7.49871360e-08
3.30187 7.39627560e-08
3.31330 7.29523440e-08
3.32476 7.19556840e-08
3.33627 7.09725960e-08
3.34782 7.00029360e-08
3.35941 6.90464520e-08
3.37104 6.81030360e-08
3.38271 6.71724720e-08
3.39442 6.62545800e-08
3.40617 6.53492160e-08
3.41796 6.44561640e-08
3.42979 6.35753160e-08
3.44166 6.27064560e-08
3.45358 6.18494760e-08
3.46553 6.10041600e-08
3.47753 6.01703640e-08
3.48957 5.93479440e-08
3.50164 5.85367560e-08
3.51377 5.77365840e-08
3.52593 5.69473560e-08
3.53814 5.61114000e-08
3.55038 5.51927520e-08
3.56267 5.42889720e-08
3.57500 5.33998080e-08
3.58738 5.25250440e-08
3.59980 5.16644640e-08
3.61226 5.08177800e-08
3.62476 4.99848480e-08
3.63731 4.91756400e-08
3.64990 4.85032680e-08
3.66254 4.78401120e-08
3.67521 4.71859560e-08
3.68794 4.65407640e-08
3.70070 4.59043560e-08
3.71351 4.52766600e-08
3.72637 4.46574960e-08
3.73927 4.40467920e-08
3.75221 4.33839240e-08
3.76520 4.26785400e-08
3.77823 4.19844960e-08
3.79131 4.13016120e-08
3.80443 4.06297080e-08
3.81760 3.99686400e-08
3.83082 3.93181920e-08
3.84408 3.86782200e-08
3.85739 3.80485800e-08
3.87074 3.75012360e-08
3.88414 3.69883080e-08
3.89758 3.64823640e-08
3.91107 3.59833140e-08
3.92461 3.54910860e-08
3.93820 3.50055828e-08
3.95183 3.45267072e-08
3.96551 3.40543692e-08
3.97924 3.35884860e-08
3.99301 3.31289604e-08
4.00683 3.26757132e-08
4.02070 3.22286544e-08
4.03462 3.17877048e-08
4.04859 3.13527744e-08
4.06260 3.09237876e-08
4.07667 3.05006580e-08
4.09078 3.00833100e-08
4.10494 2.96716644e-08
4.11915 2.92656384e-08
4.13341 2.88594504e-08
4.14771 2.83961412e-08
4.16207 2.79401976e-08
4.17648 2.74915080e-08
4.19094 2.70499572e-08
4.20545 2.66154300e-08
4.22000 2.61878184e-08
4.23461 2.57670144e-08
4.24927 2.53529064e-08
4.26398 2.49453900e-08
4.27874 2.45654676e-08
4.29355 2.42292456e-08
4.30841 2.38976208e-08
4.32332 2.35705284e-08
4.33829 2.32479036e-08
4.35331 2.29296924e-08
4.36838 2.26158264e-08
4.38350 2.23062516e-08
4.39867 2.20009104e-08
4.41390 2.16997416e-08
4.42918 2.13886836e-08
4.44451 2.10479076e-08
4.45990 2.07125136e-08
4.47533 2.03824188e-08
4.49083 2.00575404e-08
4.50637 1.97377956e-08
4.52197 1.94231016e-08
4.53762 1.91133864e-08
4.55333 1.88085636e-08
4.56909 1.85085612e-08
4.58491 1.82133036e-08
4.60078 1.79580888e-08
4.61670 1.77122124e-08
4.63269 1.74696984e-08
4.64872 1.72305000e-08
4.66481 1.69945740e-08
4.68096 1.67618700e-08
4.69717 1.65323520e-08
4.71343 1.63059732e-08
4.72974 1.60826868e-08
4.74611 1.58624568e-08
4.76254 1.56452400e-08
4.77903 1.54309896e-08
4.79557 1.52196732e-08
4.81217 1.50112440e-08
4.82883 1.48056696e-08
4.84555 1.46029032e-08
4.86232 1.44029124e-08
4.87915 1.42056576e-08
4.89604 1.40111028e-08
4.91299 1.38192048e-08
4.92999 1.36299348e-08
4.94706 1.34432532e-08
4.96418 1.31934024e-08
4.98137 1.29318552e-08
4.99861 1.26753120e-08
5.01591 1.24237152e-08
5.03328 1.21770648e-08
5.05070 1.19355084e-08
5.06818 2.59793568e-08
5.08573 7.13780640e-08
5.10333 1.96110288e-07
5.12100 5.38809480e-07
5.13873 1.48036788e-06
5.15651 3.67776720e-06
5.17436 3.88161720e-06
5.19228 4.09676400e-06
5.21025 4.32383400e-06
5.22828 4.56348600e-06
5.24638 4.81642560e-06
5.26454 5.08337640e-06
5.28277 5.36512680e-06
5.30105 5.66249040e-06
5.31940 5.97633120e-06
5.33782 6.30756720e-06
5.35629 6.65715600e-06
5.37484 7.02612000e-06
5.39344 7.24696920e-06
5.41211 7.45957800e-06
5.43084 7.67842560e-06
5.44965 7.90369200e-06
5.46851 8.13556080e-06
5.48744 8.37423360e-06
5.50643 8.61990120e-06
5.52550 8.87277600e-06
5.54462 9.13306320e-06
5.56381 9.40098600e-06
5.58308 9.67676400e-06
5.60240 9.96062760e-06
5.62179 1.02321432e-05
5.64125 1.04246784e-05
5.66078 1.06208352e-05
5.68038 1.08206784e-05
5.70004 1.10242764e-05
5.71977 1.12317012e-05
5.73957 1.14430284e-05
5.75944 1.16583264e-05
5.77938 1.18776744e-05
5.79938 1.21011408e-05
5.81946 1.23288084e-05
5.83960 1.25607564e-05
5.85982 1.27970640e-05
5.88010 1.30378140e-05
5.90045 1.32154524e-05
5.92088 1.33869816e-05
5.94137 1.35607320e-05
5.96194 1.37367360e-05
5.98258 1.39150188e-05
6.00329 1.40956092e-05
6.02407 1.42785432e-05
6.04492 1.44638424e-05
6.06585 1.46515428e-05
6.08684 1.48416768e-05
6.10791 1.50342732e-05
6.12906 1.52293608e-05
6.15027 1.54269756e-05
6.17156 1.56271500e-05
6.19293 1.57785696e-05
6.21436 1.59281532e-05
6.23588 1.60791516e-05
6.25746 1.62315792e-05
6.27912 1.63854432e-05
6.30086 1.65407652e-05
6.32267 1.66975524e-05
6.34455 1.68558192e-05
6.36652 1.70155800e-05
6.38856 1.71768528e-05
6.41067 1.73396484e-05
6.43286 1.75039812e-05
6.45513 1.76698656e-05
6.47747 1.78373160e-05
6.49990 1.79885700e-05
6.52240 1.80961164e-05
6.54497 1.82042928e-05
6.56763 1.83131028e-05
6.59037 1.84225500e-05
6.61318 1.85326380e-05
6.63607 1.86433668e-05
6.65904 1.87547436e-05
6.68209 1.88667720e-05
6.70522 1.89794592e-05
6.72843 1.90928016e-05
6.75172 1.92068064e-05
6.77510 1.93214772e-05
6.79855 1.94368176e-05
6.82208 1.95528312e-05
6.84570 1.96695216e-05
6.86939 1.97868960e-05
6.89317 1.99049508e-05
6.91704 2.00095236e-05
6.94098 2.01122820e-05
6.96500 2.02155624e-05
6.98911 2.03193720e-05
7.01331 2.04237036e-05
7.03759 2.05285680e-05
7.06195 2.06339652e-05
7.08639 2.07398988e-05
7.11092 2.08463688e-05
7.13554 2.09533824e-05
7.16024 2.10609360e-05
7.18502 2.11690368e-05
7.20990 2.12776848e-05
7.23485 2.13868872e-05
7.25990 2.14966440e-05
7.28503 2.16069552e-05
7.31025 2.40931692e-05
7.33555 3.07459008e-05
7.36094 3.92352840e-05
7.38642 5.00683320e-05
7.41199 6.38919360e-05
7.43765 8.15314680e-05
7.46340 1.04040180e-04
7.48923 1.32761916e-04
7.51516 1.69411356e-04
7.54117 2.16176328e-04
7.56727 2.75848308e-04
7.59347 3.51989100e-04
7.61975 4.49143200e-04
7.64613 5.73108480e-04
7.67260 7.31283480e-04
7.69916 9.33107040e-04
7.72581 1.19062152e-03
7.75255 1.51533036e-03
7.77939 1.73041704e-03
7.80632 1.97596260e-03
7.83334 2.25627156e-03
7.86046 2.57625648e-03
7.88767 2.94152148e-03
7.91497 3.35846268e-03
7.94237 3.83437800e-03
7.96986 4.37759280e-03
7.99745 4.99760640e-03
8.02513 5.70526200e-03
8.05291 6.51292560e-03
8.08079 7.43470560e-03
8.10876 8.48670480e-03
8.13683 9.68728680e-03
8.16500 1.10574036e-02
8.19326 1.26209664e-02
8.22162 1.44052416e-02
8.25008 1.64413368e-02
8.27864 1.81427184e-02
8.30730 1.93457088e-02
8.33605 2.06282700e-02
8.36491 2.19956436e-02
8.39386 2.34534276e-02
8.42292 2.50075728e-02
8.45208 2.66644332e-02
8.48133 2.84307696e-02
8.51069 3.03137892e-02
8.54016 3.23211636e-02
8.56972 3.44610756e-02
8.59938 3.67422480e-02
8.62915 3.91739400e-02
8.65902 4.17660840e-02
8.68899 4.45292640e-02
8.71907 4.74746760e-02
8.74925 5.06144880e-02
8.77954 5.39615160e-02
8.80993 5.75296560e-02
8.84043 6.13338480e-02
8.87103 6.39245160e-02
8.90174 6.59854080e-02
8.93255 6.81139080e-02
8.96347 7.03125000e-02
8.99450 7.25837040e-02
9.02563 7.49302200e-02
9.05688 7.73547840e-02
9.08823 7.98603480e-02
9.11969 8.24499720e-02
9.15126 8.51269320e-02
9.18294 8.78945400e-02
9.21472 9.07563960e-02
9.24662 9.37162080e-02
9.27863 9.67779000e-02
9.31075 9.99455760e-02
9.34298 1.03223520e-01
9.37532 1.06616232e-01
9.40777 1.10128320e-01
9.44034 1.13764608e-01
9.47302 1.17530136e-01
9.50581 1.21429944e-01
9.53871 1.23968556e-01
9.57173 1.24707060e-01
9.60487 1.25412372e-01
9.63811 1.26082548e-01
9.67148 1.26715788e-01
9.70495 1.27310220e-01
9.73855 1.27864188e-01
9.77226 1.28375928e-01
9.80609 1.28843928e-01
9.84003 1.29266640e-01
9.87409 1.29642588e-01
9.90827 1.29449556e-01
9.94257 1.27317852e-01
9.97699 1.25198640e-01
10.01153 1.23092244e-01
10.04618 1.20998880e-01
10.08096 1.18918872e-01
10.11585 1.16852508e-01
10.15087 1.14800076e-01
10.18601 1.12761828e-01
10.22127 1.10738124e-01
10.25665 1.08729180e-01
10.29215 1.06735320e-01
10.32778 1.04631120e-01
10.36353 1.02443436e-01
10.39941 1.00293948e-01
10.43540 9.81819720e-02
10.47153 9.61068960e-02
10.50777 9.40681440e-02
10.54415 9.20651400e-02
10.58065 9.00973080e-02
10.61727 8.74502640e-02
10.65403 8.48519280e-02
10.69091 8.23285800e-02
10.72791 7.98781320e-02
10.76505 7.74984960e-02
10.80231 7.51876200e-02
10.83971 7.29435600e-02
10.87723 7.07644440e-02
10.91488 6.86484000e-02
10.95266 6.65936640e-02
10.99058 6.45984720e-02
11.02862 6.26611320e-02
11.06680 6.07800240e-02
11.10511 5.89535280e-02
11.14355 5.71800960e-02
11.18212 5.54582160e-02
11.22083 5.37864480e-02
11.25967 5.19404040e-02
11.29865 4.96186200e-02
11.33776 4.73978520e-02
11.37701 4.52740680e-02
11.41639 4.32433440e-02
11.45591 4.13018640e-02
11.49556 3.94459560e-02
11.53536 3.76720200e-02
11.57529 3.59766360e-02
11.61536 3.43564380e-02
11.65556 3.28082328e-02
11.69591 3.13289280e-02
11.73640 2.99155572e-02
11.77702 2.85652548e-02
11.81779 2.72752884e-02
11.85870 2.60430156e-02
11.89975 2.48659164e-02
11.94094 2.37415680e-02
11.98227 2.26676448e-02
12.02375 2.16419256e-02
12.06537 2.06622792e-02
12.10714 1.97266644e-02
12.14905 1.88331300e-02
12.19110 1.79798040e-02
12.23330 1.71648972e-02
12.27565 1.63866996e-02
12.31814 1.56435768e-02
12.36078 1.49339592e-02
12.40357 1.46527344e-02
12.44651 1.46015064e-02
12.48959 1.45500984e-02
12.53283 1.44985104e-02
12.57621 1.44467460e-02
12.61974 1.43948124e-02
12.66343 1.43427168e-02
12.70726 1.42904556e-02
12.75125 1.42380396e-02
12.79539 1.41854688e-02
12.83968 1.41327540e-02
12.88413 1.40798916e-02
12.92873 1.40268924e-02
12.97348 1.39737528e-02
13.01839 1.39204872e-02
13.06345 1.38670920e-02
13.10867 1.38135780e-02
13.15405 1.37599452e-02
13.19959 1.37061972e-02
13.24528 1.36523412e-02
13.29113 1.35983772e-02
13.33713 1.35443160e-02
13.38330 1.34901576e-02
13.42963 1.34359056e-02
13.47612 1.33815672e-02
13.52277 1.33271460e-02
13.56958 1.32726420e-02
13.61655 1.32180660e-02
13.66368 1.31634180e-02
13.71098 1.31087052e-02
13.75844 1.30732848e-02
13.80607 1.33005096e-02
13.85386 1.35313200e-02
13.90182 1.37657700e-02
13.94994 1.40039064e-02
13.99823 1.42457904e-02
14.04668 1.44914688e-02
14.09531 1.47410028e-02
14.14410 1.49944464e-02
14.19306 1.52518572e-02
14.24219 1.55132928e-02
14.29149 1.57788144e-02
14.34096 1.60484760e-02
14.39060 1.63223424e-02
14.44042 1.66004712e-02
14.49041 1.68829308e-02
14.54057 1.71697788e-02
14.59090 1.74610800e-02
14.64141 1.77569028e-02
14.69209 1.80573120e-02
14.74295 1.83623724e-02
14.79398 1.86721524e-02
14.84519 1.89867276e-02
14.89658 1.93061592e-02
14.94814 1.96305228e-02
14.99989 1.99598904e-02
15.05181 2.02943340e-02
15.10392 2.06339292e-02
15.15620 2.09787552e-02
15.20866 2.13288804e-02
15.26131 2.16843876e-02
15.31414 2.20453560e-02
15.36715 2.24118648e-02
15.42034 2.27839968e-02
15.47372 2.31618312e-02
15.52729 2.37730212e-02
15.58103 2.44309104e-02
15.63497 2.51070804e-02
15.68909 2.58020568e-02
15.74340 2.65163652e-02
15.79790 2.72505636e-02
15.85258 2.80052208e-02
15.90746 2.87809200e-02
15.96252 2.95782696e-02
16.01778 3.03978960e-02
16.07323 3.12404436e-02
16.12886 3.21065820e-02
16.18470 3.29970024e-02
16.24072 3.39124248e-02
16.29694 3.48535836e-02
16.35335 3.58212492e-02
16.40996 3.68162280e-02
16.46677 3.78393120e-02
16.52377 3.88914120e-02
16.58097 3.99733560e-02
16.63836 4.10861520e-02
16.69596 4.22307000e-02
16.75375 4.34080080e-02
16.81175 4.46191560e-02
16.86994 4.58652600e-02
16.92834 4.71474000e-02
16.98694 4.84668000e-02
17.04574 4.98247560e-02
17.10474 5.12224920e-02
17.16395 5.26614840e-02
17.22337 5.41431000e-02
17.28299 5.56688880e-02
17.34281 5.72403960e-02
17.40285 5.88593160e-02
17.46309 6.05273760e-02
17.52354 6.22463760e-02
17.58420 6.40182600e-02
17.64507 6.58449720e-02
17.70615 6.65265600e-02
17.76744 6.65012520e-02
17.82894 6.64739640e-02
17.89066 6.64446960e-02
17.95259 6.64134120e-02
18.01473 6.63801120e-02
18.07709 6.63447600e-02
18.13967 6.63073560e-02
18.20246 6.62678640e-02
18.26547 6.62263200e-02
18.32870 6.61826520e-02
18.39214 6.61368600e-02
18.45581 6.60889800e-02
18.51969 6.60389040e-02
18.58380 6.59867400e-02
18.64813 6.59323800e-02
18.71268 6.58758600e-02
18.77746 6.58171440e-02
18.84246 6.57562680e-02
18.90768 6.56931600e-02
18.97313 6.56278560e-02
19.03881 6.55603200e-02
19.10472 6.54905520e-02
19.17085 6.54185520e-02
19.23721 6.53443200e-02
19.30380 6.52678200e-02
19.37062 6.51890880e-02
19.43768 6.51080880e-02
19.50496 6.50247840e-02
19.57248 6.49392480e-02
19.64023 6.48514440e-02
19.70822 6.47613360e-02
19.77644 6.46689240e-02
19.84490 6.45742800e-02
19.91359 6.44772960e-02
19.98252 6.43780440e-02
20.05169 6.42765240e-02
20.12110 6.41726640e-02
20.19076 6.40665360e-02
20.26065 6.39581040e-02
20.33078 6.38474040e-02
20.40116 6.37344000e-02
20.47178 6.36190920e-02
20.54264 6.35015160e-02
20.61375 6.33816360e-02
20.68511 6.30797400e-02
20.75671 6.27654600e-02
20.82856 6.24519720e-02
20.90066 6.21392400e-02
20.97301 6.18272640e-02
21.04561 6.15160800e-02
21.11846 6.12056520e-02
21.19157 6.08959800e-02
21.26492 6.05871000e-02
21.33853 6.02790120e-02
21.41240 5.99716800e-02
21.48652 5.96651400e-02
21.56090 5.93594280e-02
21.63553 5.90544720e-02
21.71043 5.87503080e-02
21.78558 5.84469720e-02
21.86099 5.81444280e-02
21.93666 5.78426760e-02
22.01260 5.75417520e-02
22.08880 5.72416200e-02
22.16526 5.69423160e-02
22.24199 5.66438400e-02
22.31898 5.63461920e-02
22.39624 5.60493360e-02
22.47377 5.57533440e-02
22.55156 5.54581440e-02
22.62962 5.51638080e-02
22.70796 5.48703000e-02
22.78656 5.45776200e-02
22.86544 5.42858040e-02
22.94459 5.39948160e-02
23.02402 5.37046920e-02
23.10372 5.34153960e-02
23.18369 5.31269640e-02
23.26394 5.28393600e-02
23.34447 5.25526560e-02
23.42528 5.22667800e-02
23.50637 5.19817680e-02
23.58774 5.16976560e-02
23.66939 5.14143720e-02
23.75133 5.11319520e-02
23.83354 5.08504320e-02
23.91604 5.05697760e-02
23.99883 5.02900200e-02
24.08191 5.00110920e-02
24.16527 4.97331000e-02
24.24892 4.94559360e-02
24.33286 4.91797080e-02
24.41709 4.89043440e-02
24.50161 4.86298440e-02
24.58642 4.83562800e-02
24.67153 4.80835800e-02
24.75693 4.78120320e-02
24.84263 4.75459560e-02
24.92863 4.72811400e-02
25.01492 4.70175480e-02
25.10151 4.67552160e-02
25.18840 4.64941080e-02
25.27559 4.62342240e-02
25.36309 4.59756000e-02
25.45088 4.57181640e-02
25.53898 4.54619520e-02
25.62739 4.52069640e-02
25.71610 4.49532000e-02
25.80512 4.47006240e-02
25.89444 4.44492360e-02
25.98408 4.41990360e-02
26.07403 4.39500600e-02
26.16428 4.37022360e-02
26.25485 4.34556360e-02
26.34574 4.32101880e-02
26.43694 4.29658920e-02
26.52845 4.27227840e-02
26.62028 4.24808640e-02
26.71243 4.22400600e-02
26.80489 4.20004440e-02
26.89768 4.17619800e-02
26.99079 4.15246320e-02
27.08422 4.12884720e-02
27.17798 4.10534280e-02
27.27205 4.08195000e-02
27.36646 4.05867240e-02
27.46119 4.03550640e-02
27.55625 4.01245200e-02
27.65164 3.98950920e-02
27.74736 3.96667800e-02
27.84341 3.94395840e-02
27.93979 3.92135040e-02
28.03650 3.89885040e-02
28.13355 3.87645840e-02
28.23094 3.85417800e-02
28.32867 3.83200560e-02
28.42673 3.80994120e-02
28.52513 3.78798840e-02
28.62387 3.76613640e-02
28.72295 3.74439600e-02
28.82238 3.72276360e-02
28.92215 3.70123200e-02
29.02227 3.67981200e-02
29.12273 3.65849280e-02
29.22354 3.63728160e-02
29.32470 3.61617120e-02
29.42621 3.59516952e-02
29.52807 3.57426972e-02
29.63029 3.55347324e-02
29.73286 3.53277972e-02
29.83578 3.51218880e-02
29.93906 3.49170012e-02
30.04269 3.47131332e-02
30.14669 3.45102768e-02
30.25104 3.43084320e-02
30.35576 3.41075916e-02
30.46084 3.39077556e-02
30.56628 3.37089132e-02
30.67209 3.35110680e-02
30.77826 3.33142128e-02
30.88481 3.31183440e-02
30.99172 3.29211576e-02
31.09900 3.27196692e-02
31.20665 3.25193220e-02
31.31467 3.23201160e-02
31.42307 3.21220440e-02
31.53184 3.19250988e-02
31.64099 3.17292732e-02
31.75052 3.15345636e-02
31.86043 3.13409628e-02
31.97072 3.11484636e-02
32.08139 3.09570624e-02
32.19244 3.07667556e-02
32.30388 3.05775324e-02
32.41570 3.03893856e-02
32.52791 3.02023188e-02
32.64051 3.00163176e-02
32.75349 2.98313784e-02
32.86687 2.96475012e-02
32.98064 2.94646716e-02
33.09481 2.92828860e-02
33.20937 2.91021444e-02
33.32433 2.89224396e-02
33.43968 2.87437608e-02
33.55544 2.85661044e-02
33.67159 2.83894704e-02
33.78815 2.82138480e-02
33.90511 2.80392336e-02
34.02247 2.78656200e-02
34.14024 2.76930036e-02
34.25842 2.75213808e-02
34.37701 2.73507444e-02
34.49601 2.71810872e-02
34.61542 2.70124092e-02
34.73525 2.68446996e-02
34.85549 2.66779548e-02
34.97614 2.65121712e-02
35.09721 2.63473416e-02
35.21871 2.61834624e-02
35.34062 2.60205300e-02
35.46295 2.58585372e-02
35.58571 2.56974804e-02
35.70889 2.55373524e-02
35.83250 2.53781496e-02
35.95654 2.52198648e-02
36.08101 2.50624980e-02
36.20590 2.49060384e-02
36.33123 2.47504860e-02
36.45700 2.45958372e-02
36.58320 2.44420812e-02
36.70983 2.42892144e-02
36.83691 2.41372368e-02
36.96442 2.39861412e-02
37.09238 2.38359204e-02
37.22077 2.36865708e-02
37.34962 2.35380888e-02
37.47890 2.33904708e-02
37.60864 2.32437096e-02
37.73883 2.30978052e-02
37.86946 2.29527468e-02
38.00055 2.28085308e-02
38.13209 2.26651572e-02
38.26409 2.25226188e-02
38.39654 2.23809084e-02
38.52946 2.22400296e-02
38.66283 2.20999680e-02
38.79667 2.19607236e-02
38.93096 2.18222964e-02
39.06573 2.16846756e-02
39.20096 2.15478576e-02
39.33665 2.14118388e-02
39.47282 2.12766192e-02
39.60946 2.11421880e-02
39.74657 2.10085452e-02
39.88416 2.08756872e-02
40.02222 2.07436032e-02
40.16076 2.06122968e-02
40.29978 2.04817608e-02
40.43928 2.03519880e-02
40.57926 2.02229784e-02
40.71973 2.00947284e-02
40.86069 1.99672308e-02
41.00213 1.98404820e-02
41.14406 1.97144784e-02
41.28648 1.95892164e-02
41.42940 1.94587200e-02
41.57281 1.93270644e-02
41.71672 1.91962692e-02
41.86113 1.90663308e-02
42.00603 1.89372348e-02
42.15144 1.88089848e-02
42.29735 1.86815700e-02
42.44377 1.85549868e-02
42.59069 1.84292316e-02
42.73812 1.83042972e-02
42.88606 1.81801800e-02
43.03451 1.80568728e-02
43.18348 1.79343720e-02
43.33297 1.78126740e-02
43.48297 1.76917716e-02
43.63349 1.75716576e-02
43.78453 1.74523320e-02
43.93609 1.73337876e-02
44.08818 1.72160208e-02
44.24079 1.70990244e-02
44.39394 1.69827912e-02
44.54761 1.68673248e-02
44.70182 1.67526108e-02
44.85655 1.66386528e-02
45.01183 1.65254400e-02
45.16764 1.64129724e-02
45.32399 1.63012392e-02
45.48089 1.61902440e-02
45.63832 1.60799724e-02
45.79630 1.59704280e-02
45.95483 1.58616036e-02
46.11391 1.57534920e-02
46.27353 1.56460932e-02
46.43371 1.55394000e-02
46.59445 1.54334088e-02
46.75574 1.53281124e-02
46.91759 1.52235108e-02
47.08000 1.51195968e-02
47.24297 1.50163668e-02
47.40650 1.49138172e-02
47.57060 1.48119444e-02
47.73527 1.47107412e-02
47.90051 1.46102040e-02
48.06633 1.45103328e-02
48.23271 1.44111168e-02
48.39967 1.43125560e-02
48.56721 1.42146432e-02
48.73533 1.41173820e-02
48.90403 1.40207580e-02
49.07332 1.39247748e-02
49.24319 1.38294216e-02
49.41365 1.37347020e-02
49.58470 1.36406052e-02
49.75634 1.35471312e-02
49.92858 1.34542764e-02
50.10141 1.33620372e-02
50.27484 1.32704064e-02
50.44887 1.31793804e-02
50.62350 1.30889556e-02
50.79874 1.29991320e-02
50.97458 1.29099024e-02
51.15104 1.28212632e-02
51.32810 1.27332144e-02
51.50578 1.26457452e-02
51.68407 1.25588556e-02
51.86298 1.24725456e-02
52.04250 1.23868044e-02
52.22265 1.23016320e-02
52.40343 1.22170284e-02
52.58482 1.21329828e-02
52.76685 1.20494952e-02
52.94951 1.19665620e-02
53.13280 1.18841832e-02
53.31672 1.18023480e-02
53.50128 1.17210564e-02
53.68648 1.16403084e-02
53.87232 1.15600932e-02
54.05880 1.14804144e-02
54.24593 1.14012648e-02
54.43371 1.13226408e-02
54.62214 1.12445424e-02
54.81122 1.11669624e-02
55.00095 1.10898972e-02
55.19134 1.10133468e-02
55.38239 1.09373076e-02
55.57410 1.08617724e-02
55.76647 1.07867448e-02
55.95951 1.07122140e-02
56.15322 1.06381836e-02
56.34760 1.05646428e-02
56.54265 1.04915952e-02
56.73838 1.04190372e-02
56.93479 1.03469580e-02
57.13187 1.02753648e-02
57.32964 1.02042504e-02
57.52809 1.01336076e-02
57.72723 1.00634400e-02
57.92705 9.99373680e-03
58.12757 9.92450520e-03
58.32879 9.85573440e-03
58.53070 9.78742440e-03
58.73331 9.71956800e-03
58.93662 9.65216880e-03
59.14063 9.58522320e-03
59.34535 9.51872400e-03
59.55078 9.45266760e-03
59.75692 9.38705760e-03
59.96377 9.32188320e-03
60.17134 9.25714800e-03
60.37963 9.19284840e-03
60.58864 9.12897720e-03
60.79837 9.06553800e-03
61.00883 9.00252360e-03
61.22002 8.93993040e-03
61.43194 8.87775840e-03
61.64459 8.81600400e-03
61.85797 8.75466360e-03
62.07210 8.69373720e-03
62.28697 8.63322120e-03
62.50258 8.57310840e-03
62.71894 8.51340240e-03
62.93605 8.45409600e-03
63.15390 8.39518920e-03
63.37252 8.33668200e-03
63.59189 8.27856720e-03
63.81201 8.22084120e-03
64.03290 8.16350760e-03
64.25456 8.10655560e-03
64.47698 8.04999240e-03
64.70017 7.99380720e-03
64.92414 7.93800360e-03
65.14888 7.88257440e-03
65.37440 7.82751960e-03
65.60070 7.77283560e-03
65.82778 7.71852240e-03
66.05565 7.66457280e-03
66.28430 7.61099040e-03
66.51375 7.55776800e-03
66.74400 7.50490560e-03
66.97504 7.45240320e-03
67.20688 7.40025360e-03
67.43952 7.34845680e-03
67.67297 7.29700920e-03
67.90722 7.24591080e-03
68.14229 7.19515800e-03
68.37817 7.14474720e-03
68.61486 7.09468200e-03
68.85238 7.04495160e-03
69.09072 6.99555960e-03
69.32988 6.94650240e-03
69.56987 6.89778000e-03
69.81069 6.84938520e-03
70.05235 6.80131800e-03
70.29484 6.75357840e-03
70.53817 6.70616280e-03
70.78235 6.65906760e-03
71.02737 6.61229280e-03
71.27323 6.56583480e-03
71.51995 6.51969360e-03
71.76752 6.47386560e-03
72.01595 6.42834720e-03
72.26524 6.38314200e-03
72.51539 6.33823920e-03
72.76641 6.29364600e-03
73.01830 6.24935520e-03
73.27106 6.20536320e-03
73.52469 6.16167360e-03
73.77920 6.11828280e-03
74.03460 6.07518360e-03
74.29087 6.03237960e-03
74.54804 5.98986720e-03
74.80609 5.94764280e-03
75.06504 5.90571000e-03
75.32488 5.86406160e-03
75.58563 5.82269400e-03
75.84727 5.78161080e-03
76.10982 5.74080840e-03
76.37328 5.70028680e-03
76.63766 5.66003880e-03
76.90295 5.62006440e-03
77.16915 5.58036720e-03
77.43628 5.54093640e-03
77.70433 5.50177920e-03
77.97331 5.46288840e-03
78.24322 5.42426400e-03
78.51407 5.38590240e-03
78.78585 5.34780360e-03
79.05857 5.30996400e-03
79.33224 5.27238720e-03
79.60686 5.23506600e-03
79.88242 5.19800040e-03
80.15894 5.16118680e-03
80.43642 5.12462880e-03
80.71486 5.08831920e-03
80.99426 5.05225800e-03
81.27463 5.01644520e-03
81.55596 4.98087720e-03
81.83828 4.94555400e-03
82.12157 4.91047200e-03
82.40584 4.87563120e-03
82.69109 4.84103160e-03
82.97733 4.80666600e-03
83.26457 4.77254160e-03
83.55279 4.73864760e-03
83.84202 4.70498760e-03
84.13225 4.67155800e-03
84.42348 4.63835880e-03
84.71572 4.60539000e-03
85.00897 4.57264440e-03
85.30323 4.54012920e-03
85.59852 4.50783360e-03
85.89482 4.47576120e-03
86.19215 4.44390840e-03
86.49052 4.41227880e-03
86.78991 4.38086520e-03
87.09034 4.34966760e-03
87.39181 4.31868600e-03
87.69432 4.28791680e-03
87.99789 4.25736000e-03
88.30250 4.22701560e-03
88.60816 4.19688000e-03
88.91489 4.16694960e-03
89.22267 4.13722800e-03
89.53153 4.10771160e-03
89.84145 4.07840040e-03
90.15244 4.04929080e-03
90.46451 4.02038280e-03
90.77766 3.99167280e-03
91.09190 3.96316440e-03
91.40722 3.93485040e-03
91.72363 3.90673440e-03
92.04114 3.87880920e-03
92.35975 3.85108200e-03
92.67946 3.82354560e-03
93.00028 3.79619640e-03
93.32221 3.76904160e-03
93.64525 3.74207040e-03
93.96941 3.71529000e-03
94.29469 3.68869320e-03
94.62110 3.66228000e-03
94.94864 3.63605400e-03
95.27731 3.61000800e-03
95.60712 3.58414020e-03
95.93807 3.55845384e-03
96.27017 3.53294604e-03
96.60342 3.50761500e-03
96.93782 3.48246000e-03
97.27338 3.45747996e-03
97.61010 3.43267344e-03
97.94798 3.40803936e-03
98.28704 3.38357664e-03
98.62727 3.35928384e-03
98.96867 3.33516024e-03
99.31126 3.31120440e-03
99.65504 3.28741560e-03
100.00000 3.26379204e-03
