        2000  3.000000 3.700000
0.10000 1.94932576e-04
0.10035 4.86427012e-03
0.10069 8.83138940e-03
0.10104 8.73599748e-03
0.10139 8.84067048e-03
0.10174 9.01462968e-03
0.10210 1.95303168e-04
0.10245 2.01895532e-04
0.10280 2.01749308e-04
0.10316 2.00811136e-04
0.10352 6.07243852e-04
0.10387 2.00136108e-04
0.10423 1.98861532e-04
0.10459 7.14836300e-04
0.10496 2.00778872e-04
0.10532 1.99741836e-04
0.10568 1.98584032e-04
0.10605 2.00048344e-04
0.10642 2.00586472e-04
0.10679 2.01578960e-04
0.10716 1.94255920e-04
0.10753 9.37414684e-03
0.10790 1.97433924e-04
0.10827 9.14062800e-03
0.10865 2.00215288e-04
0.10902 8.89539792e-03
0.10940 2.01017448e-04
0.10978 8.62780060e-03
0.11016 2.00277744e-04
0.11054 8.32682780e-03
0.11092 2.01113796e-04
0.11131 7.98443128e-03
0.11169 1.98141068e-04
0.11208 7.59800772e-03
0.11247 2.00829488e-04
0.11286 7.17169816e-03
0.11325 1.95212000e-04
0.11364 2.02370612e-04
0.11403 3.31664744e-03
0.11443 2.02166964e-04
0.11482 1.94498788e-04
0.11522 1.94835784e-04
0.11562 1.95254032e-04
0.11602 1.98995620e-04
0.11642 1.93872304e-04
0.11682 1.89048836e-04
0.11723 8.15379804e-02
0.11763 8.19342800e-02
0.11804 8.23256068e-02
0.11845 8.27065884e-02
0.11886 8.30739984e-02
0.11927 8.34268452e-02
0.11968 8.37655580e-02
0.12010 8.40913800e-02
0.12051 8.44058652e-02
0.12093 8.47106860e-02
0.12135 8.50074852e-02
0.12177 6.21636852e-02
0.12219 1.92912376e-04
0.12262 1.99814060e-04
0.12304 2.00421156e-04
0.12347 2.00495156e-04
0.12389 1.99564532e-04
0.12432 1.97947484e-04
0.12475 1.96677496e-04
0.12518 1.96822388e-04
0.12562 1.98668836e-04
0.12605 2.01382712e-04
0.12649 2.03433400e-04
0.12693 2.03531524e-04
0.12737 2.01463224e-04
0.12781 1.98267164e-04
0.12825 1.95633800e-04
0.12869 1.94917480e-04
0.12914 1.96383272e-04
0.12959 1.99132964e-04
0.13003 2.01705500e-04
0.13048 2.02937008e-04
0.13094 2.02543920e-04
0.13139 2.01122528e-04
0.13184 1.99642232e-04
0.13230 1.98812988e-04
0.13276 1.98727888e-04
0.13322 1.98960544e-04
0.13368 1.98982596e-04
0.13414 1.98585216e-04
0.13461 1.98021336e-04
0.13507 1.97802000e-04
0.13554 1.98313784e-04
0.13601 1.99527532e-04
0.13648 2.00988144e-04
0.13695 2.02080680e-04
0.13743 2.02391628e-04
0.13790 2.01928240e-04
0.13838 2.01068952e-04
0.13886 2.00287808e-04
0.13934 1.99839812e-04
0.13982 1.99609228e-04
0.14031 1.99219544e-04
0.14079 1.98332136e-04
0.14128 1.96946264e-04
0.14177 1.95509924e-04
0.14226 1.97117056e-04
0.14275 1.96903492e-04
0.14324 1.97348232e-04
0.14374 1.98909040e-04
0.14424 2.01519168e-04
0.14474 2.04500184e-04
0.14524 2.06813572e-04
0.14574 2.07533740e-04
0.14625 2.06302528e-04
0.14675 2.03533152e-04
0.14726 2.00254952e-04
0.14777 1.97668652e-04
0.14828 1.96618888e-04
0.14879 1.97231016e-04
0.14931 1.98872484e-04
0.14983 2.00452384e-04
0.15034 2.00911628e-04
0.15087 1.99684708e-04
0.15139 5.07994608e-04
0.15191 5.09160256e-04
0.15244 5.10319688e-04
0.15297 5.11472460e-04
0.15349 5.12618424e-04
0.15403 5.13757284e-04
0.15456 5.14889188e-04
0.15509 5.16013544e-04
0.15563 5.17130500e-04
0.15617 5.18239612e-04
0.15671 5.19340732e-04
0.15725 5.20433712e-04
0.15780 5.21518404e-04
0.15834 5.22594512e-04
0.15889 5.23661888e-04
0.15944 5.24720384e-04
0.15999 5.25769556e-04
0.16055 5.26809404e-04
0.16110 5.27839632e-04
0.16166 5.28860092e-04
0.16222 5.29870488e-04
0.16278 5.30870524e-04
0.16335 5.31860052e-04
0.16391 5.32838776e-04
0.16448 5.33806548e-04
0.16505 5.34762924e-04
0.16562 5.35707904e-04
0.16619 5.36641044e-04
0.16677 5.37562048e-04
0.16734 5.38470768e-04
0.16792 5.39366908e-04
0.16851 5.40250172e-04
0.16909 5.41120264e-04
0.16967 5.41976888e-04
0.17026 5.42819748e-04
0.17085 5.43648548e-04
0.17144 5.44462992e-04
0.17204 5.45262636e-04
0.17263 5.46047332e-04
0.17323 5.46816636e-04
0.17383 5.47570252e-04
0.17443 5.48307884e-04
0.17503 5.49028940e-04
0.17564 5.49733420e-04
0.17625 5.50420732e-04
0.17686 5.51090432e-04
0.17747 5.51742372e-04
0.17808 5.52375960e-04
0.17870 5.52990900e-04
0.17932 5.53586748e-04
0.17994 5.54162912e-04
0.18056 5.54719244e-04
0.18119 5.55255152e-04
0.18182 5.55770192e-04
0.18244 5.56263920e-04
0.18308 5.56735744e-04
0.18371 5.57185368e-04
0.18435 5.57612200e-04
0.18498 5.58015648e-04
0.18562 5.58395120e-04
0.18627 5.58750468e-04
0.18691 5.59080656e-04
0.18756 5.59385388e-04
0.18821 5.59663924e-04
0.18886 5.59915820e-04
0.18951 5.60140336e-04
0.19017 5.60336880e-04
0.19083 5.60504712e-04
0.19149 5.60643240e-04
0.19215 5.60751724e-04
0.19282 5.60829572e-04
0.19348 1.13021295e-01
0.19415 3.72381320e-02
0.19483 8.58402516e-04
0.19550 1.92669508e-04
0.19618 2.00431516e-04
0.19686 2.01975452e-04
0.19754 1.99105436e-04
0.19822 2.01748420e-04
0.19891 2.04276556e-04
0.19960 4.39112892e-03
0.20029 2.17989496e-04
0.20098 2.25785396e-04
0.20168 2.06670308e-04
0.20237 2.05572296e-04
0.20307 2.03971232e-04
0.20378 2.02044420e-04
0.20448 2.00022296e-04
0.20519 1.98204560e-04
0.20590 1.96800336e-04
0.20661 1.97027368e-04
0.20733 1.94603868e-04
0.20805 1.92974980e-04
0.20877 1.92299508e-04
0.20949 1.92671136e-04
0.21021 1.94006540e-04
0.21094 1.96091712e-04
0.21167 1.98639976e-04
0.21240 2.01310340e-04
0.21314 2.03776020e-04
0.21388 2.05720740e-04
0.21462 2.06897636e-04
0.21536 2.07191416e-04
0.21611 2.06558568e-04
0.21685 2.05075016e-04
0.21760 2.02902228e-04
0.21836 2.00266348e-04
0.21911 1.97447096e-04
0.21987 1.94720196e-04
0.22063 1.92348792e-04
0.22140 1.90552812e-04
0.22216 1.89488544e-04
0.22293 1.89241236e-04
0.22370 1.89815032e-04
0.22448 1.91152656e-04
0.22526 1.93121648e-04
0.22604 1.95556692e-04
0.22682 1.98248368e-04
0.22760 2.00987700e-04
0.22839 2.03568524e-04
0.22918 2.05806876e-04
0.22998 2.07552980e-04
0.23077 2.08700128e-04
0.23157 2.09188084e-04
0.23237 2.09004120e-04
0.23318 2.08172508e-04
0.23398 2.06774944e-04
0.23479 2.04908368e-04
0.23561 2.02680968e-04
0.23642 2.08437280e-04
0.23724 1.93433188e-04
0.23806 1.91200312e-04
0.23889 3.90299680e-04
0.23971 3.68718024e-04
0.24054 3.51985440e-04
0.24137 3.35607760e-04
0.24221 3.27353504e-04
0.24305 1.95985004e-04
0.24389 1.95048608e-04
0.24473 2.70359148e-04
0.24558 2.56064124e-04
0.24643 2.38835000e-04
0.24728 2.26477740e-04
0.24814 2.13632820e-04
0.24900 1.95284520e-04
0.24986 1.96208928e-04
0.25073 1.97344680e-04
0.25159 1.98565532e-04
0.25246 1.99872520e-04
0.25334 2.01223908e-04
0.25422 2.02580476e-04
0.25510 2.03882876e-04
0.25598 2.05151384e-04
0.25687 2.06352256e-04
0.25775 2.07424072e-04
0.25865 2.08373048e-04
0.25954 2.09188972e-04
0.26044 2.09865776e-04
0.26134 2.10387180e-04
0.26225 2.10786336e-04
0.26315 2.11069016e-04
0.26406 2.11213464e-04
0.26498 2.11246764e-04
0.26590 2.11183420e-04
0.26682 2.11039860e-04
0.26774 2.10819044e-04
0.26867 2.10572476e-04
0.26960 2.10320432e-04
0.27053 2.10049148e-04
0.27147 2.09790888e-04
0.27241 2.09557196e-04
0.27335 2.09355768e-04
0.27430 2.09176392e-04
0.27525 2.09045264e-04
0.27620 2.08957500e-04
0.27715 2.08884536e-04
0.27811 2.08833920e-04
0.27908 2.08801064e-04
0.28004 2.08781676e-04
0.28101 2.08763028e-04
0.28198 2.08761548e-04
0.28296 2.08773684e-04
0.28394 2.08780640e-04
0.28492 2.08790112e-04
0.28591 2.08801508e-04
0.28690 2.08814236e-04
0.28789 2.08821636e-04
0.28889 2.08836436e-04
0.28989 2.08857304e-04
0.29089 2.08872844e-04
0.29190 2.08892232e-04
0.29291 2.08904516e-04
0.29392 2.08920944e-04
0.29494 2.08938556e-04
0.29596 2.08952912e-04
0.29699 2.08968748e-04
0.29801 2.08984436e-04
0.29905 2.09000124e-04
0.30008 2.09015960e-04
0.30112 2.09031204e-04
0.30216 2.09046892e-04
0.30321 2.09062728e-04
0.30426 2.09078712e-04
0.30531 2.09094992e-04
0.30637 2.09111420e-04
0.30743 2.09127848e-04
0.30849 2.09144424e-04
0.30956 2.09161000e-04
0.31063 2.09177428e-04
0.31171 2.09193856e-04
0.31279 2.09209840e-04
0.31387 2.09225824e-04
0.31496 2.09241660e-04
0.31605 2.09257496e-04
0.31714 2.09273332e-04
0.31824 2.09289168e-04
0.31934 2.09305300e-04
0.32044 2.09321580e-04
0.32155 2.09338008e-04
0.32267 2.09354732e-04
0.32378 2.09371604e-04
0.32490 2.09388476e-04
0.32603 2.09405348e-04
0.32716 2.09422220e-04
0.32829 2.09438944e-04
0.32943 2.09455372e-04
0.33057 2.09471652e-04
0.33171 2.09487784e-04
0.33286 2.09503768e-04
0.33401 2.09519752e-04
0.33517 2.09535884e-04
0.33633 2.09552016e-04
0.33749 2.09568444e-04
0.33866 2.09585020e-04
0.33983 2.09601892e-04
0.34101 2.09618912e-04
0.34219 2.09636080e-04
0.34337 2.09653248e-04
0.34456 2.09670564e-04
0.34576 2.09687584e-04
0.34695 2.09704604e-04
0.34815 2.09721476e-04
0.34936 2.09738052e-04
0.35057 2.09754480e-04
0.35178 2.09770760e-04
0.35300 2.09787040e-04
0.35422 2.09803320e-04
0.35545 2.09819600e-04
0.35668 2.09836028e-04
0.35791 2.09852752e-04
0.35915 2.09869624e-04
0.36039 2.09886792e-04
0.36164 2.09904256e-04
0.36289 2.09921720e-04
0.36415 2.09939332e-04
0.36541 2.09956944e-04
0.36668 2.09974408e-04
0.36795 2.09991724e-04
0.36922 2.10008892e-04
0.37050 2.10025912e-04
0.37178 2.10042636e-04
0.37307 2.10059212e-04
0.37436 2.10075640e-04
0.37565 2.10092068e-04
0.37695 2.10108496e-04
0.37826 2.10125072e-04
0.37957 2.10141796e-04
0.38088 2.10158816e-04
0.38220 2.10176132e-04
0.38352 2.10193596e-04
0.38485 2.10211356e-04
0.38618 2.10229116e-04
0.38752 2.10247172e-04
0.38886 2.10265080e-04
0.39021 2.10282988e-04
0.39156 2.10300748e-04
0.39291 4.29724956e-02
0.39427 3.89586320e-02
0.39564 4.18375576e-02
0.39701 3.91344560e-02
0.39838 5.07609364e-02
0.39976 3.63204136e-02
0.40115 4.42780036e-02
0.40253 3.87369280e-02
0.40393 4.69662756e-02
0.40533 3.96330088e-02
0.40673 4.35804796e-02
0.40814 3.62515048e-02
0.40955 3.71940576e-02
0.41097 3.61108604e-02
0.41239 3.40178296e-02
0.41382 4.29848240e-02
0.41525 3.56811128e-02
0.41669 4.60388632e-02
0.41813 3.27839092e-02
0.41958 3.91626204e-02
0.42103 3.28875536e-02
0.42249 3.54091036e-02
0.42395 3.36265768e-02
0.42542 3.26687356e-02
0.42689 3.21578396e-02
0.42837 3.26035564e-02
0.42985 3.96634820e-02
0.43134 3.08143696e-02
0.43283 4.09691676e-02
0.43433 3.13752008e-02
0.43583 3.30130872e-02
0.43734 3.37778920e-02
0.43886 2.91085956e-02
0.44037 3.04703880e-02
0.44190 2.93343844e-02
0.44343 3.21535920e-02
0.44496 3.07532604e-02
0.44650 3.22240696e-02
0.44805 2.82282472e-02
0.44960 2.89258008e-02
0.45116 5.45100280e-02
0.45272 2.78982368e-02
0.45429 3.59842464e-02
0.45586 2.58424872e-02
0.45744 2.68373728e-02
0.45902 2.98968436e-02
0.46061 2.74754748e-02
0.46220 5.59363336e-02
0.46380 2.53069788e-02
0.46541 2.64722420e-02
0.46702 2.85547056e-02
0.46864 2.74245332e-02
0.47026 4.34598004e-02
0.47189 2.32319892e-02
0.47352 2.54008552e-02
0.47516 2.59436008e-02
0.47680 2.54250532e-02
0.47845 4.47850072e-02
0.48011 2.28561876e-02
0.48177 2.35616888e-02
0.48344 2.51175536e-02
0.48511 2.51883716e-02
0.48679 3.56208472e-02
0.48848 2.30797712e-02
0.49017 2.26504528e-02
0.49186 2.47636116e-02
0.49357 2.45951432e-02
0.49528 2.73583180e-02
0.49699 2.44155304e-02
0.49871 2.07812424e-02
0.50044 3.07258656e-02
0.50217 2.24842784e-02
0.50391 2.30720012e-02
0.50565 2.71300576e-02
0.50740 2.20097312e-02
0.50916 2.41056776e-02
0.51092 2.34945116e-02
0.51269 2.20025384e-02
0.51446 2.73952144e-02
0.51625 2.17428280e-02
0.51803 2.00611632e-02
0.51983 2.27315716e-02
0.52163 2.09481272e-02
0.52343 2.23443444e-02
0.52524 2.51137352e-02
0.52706 1.89113660e-02
0.52889 2.19659972e-02
0.53072 2.02976524e-02
0.53255 1.91319600e-02
0.53440 2.14107900e-02
0.53625 2.23353460e-02
0.53810 1.84356496e-02
0.53997 2.72778060e-02
0.54183 1.81364380e-02
0.54371 1.88349980e-02
0.54559 2.14885344e-02
0.54748 2.10582096e-02
0.54938 1.84764532e-02
0.55128 2.47901184e-02
0.55319 1.76487484e-02
0.55510 1.84710068e-02
0.55702 1.94957588e-02
0.55895 1.86630812e-02
0.56089 1.71103836e-02
0.56283 4.68906624e-02
0.56478 1.58089012e-02
0.56673 1.64999724e-02
0.56869 1.85397084e-02
0.57066 1.85420320e-02
0.57264 1.71129292e-02
0.57462 3.68710920e-02
0.57661 1.54232576e-02
0.57860 1.57321336e-02
0.58061 1.75363276e-02
0.58262 1.82366636e-02
0.58463 1.70673304e-02
0.58666 3.75831644e-02
0.58869 1.55270648e-02
0.59073 1.50668736e-02
0.59277 1.62842032e-02
0.59482 1.76120592e-02
0.59688 1.70041344e-02
0.59895 2.06627684e-02
0.60102 1.66865116e-02
0.60310 1.46903424e-02
0.60519 1.51607944e-02
0.60728 1.85563584e-02
0.60939 1.67283808e-02
0.61150 1.71062544e-02
0.61361 2.17125620e-02
0.61574 1.36712972e-02
0.61787 1.31409126e-02
0.62001 1.66141396e-02
0.62215 1.46205855e-02
0.62431 1.49808264e-02
0.62647 1.79417588e-02
0.62864 1.57531052e-02
0.63081 1.30687049e-02
0.63300 1.29970522e-02
0.63519 1.87329816e-02
0.63739 1.40476154e-02
0.63959 1.51714208e-02
0.64181 2.30622480e-02
0.64403 1.48320420e-02
0.64626 1.28258650e-02
0.64849 1.32610398e-02
0.65074 1.43657236e-02
0.65299 1.35122905e-02
0.65525 1.43771048e-02
0.65752 2.18824216e-02
0.65980 1.46201341e-02
0.66208 1.27322091e-02
0.66437 1.38399773e-02
0.66667 1.40247612e-02
0.66898 1.31296039e-02
0.67130 1.38080596e-02
0.67362 1.82373592e-02
0.67595 1.50262920e-02
0.67829 1.27548724e-02
0.68064 1.29903833e-02
0.68299 1.44787453e-02
0.68536 1.16750688e-02
0.68773 1.18733178e-02
0.69011 1.37750097e-02
0.69250 1.52667032e-02
0.69490 1.20231692e-02
0.69730 1.14749151e-02
0.69972 1.98794636e-02
0.70214 1.12465940e-02
0.70457 1.10713664e-02
0.70701 1.20029954e-02
0.70946 1.48220076e-02
0.71191 1.31918468e-02
0.71438 4.18105772e-02
0.71685 1.22503359e-02
0.71933 1.33358626e-02
0.72182 1.08656864e-02
0.72432 1.07908280e-02
0.72683 1.19097420e-02
0.72934 1.39640486e-02
0.73187 1.25690006e-02
0.73440 1.13736979e-02
0.73694 1.37064250e-02
0.73949 1.29965297e-02
0.74205 1.03211944e-02
0.74462 1.04878276e-02
0.74720 1.14451700e-02
0.74979 1.29100607e-02
0.75238 2.71932832e-02
0.75499 1.12698966e-02
0.75760 1.33446834e-02
0.76022 5.67100184e-02
0.76285 1.00605087e-02
0.76549 1.00692170e-02
0.76814 1.07480249e-02
0.77080 1.18995167e-02
0.77347 1.67552132e-02
0.77615 1.12884055e-02
0.77884 1.21364721e-02
0.78153 5.28719640e-02
0.78424 1.00399604e-02
0.78695 9.59548380e-03
0.78968 9.93470720e-03
0.79241 1.07644085e-02
0.79515 6.10379380e-02
0.79790 1.13489508e-02
0.80067 1.13137549e-02
0.80344 1.53363668e-02
0.80622 1.10729293e-02
0.80901 9.48533036e-03
0.81181 9.31263360e-03
0.81462 9.68112548e-03
0.81744 1.12678216e-02
0.82027 1.10038266e-02
0.82311 1.08996272e-02
0.82596 1.16130820e-02
0.82882 1.93218736e-02
0.83169 1.03556236e-02
0.83457 9.24784660e-03
0.83745 9.08557052e-03
0.84035 9.43334240e-03
0.84326 4.46461980e-02
0.84618 1.02725749e-02
0.84911 1.04994486e-02
0.85205 1.17191758e-02
0.85500 1.47375914e-02
0.85796 1.02728694e-02
0.86093 9.14565704e-03
0.86391 8.83055912e-03
0.86690 9.16771052e-03
0.86990 2.26048688e-02
0.87291 9.69933392e-03
0.87593 1.00104965e-02
0.87897 1.10784260e-02
0.88201 2.01337276e-02
0.88506 1.06731754e-02
0.88813 9.25774484e-03
0.89120 8.62781096e-03
0.89428 8.70287064e-03
0.89738 2.20755912e-02
0.90049 9.24691864e-03
0.90360 9.31963104e-03
0.90673 1.00208284e-02
0.90987 1.47742302e-02
0.91302 1.19878032e-02
0.91618 9.93202840e-03
0.91935 8.85507680e-03
0.92253 8.44833728e-03
0.92573 9.23108264e-03
0.92893 1.26410145e-02
0.93215 8.63715864e-03
0.93537 8.89994448e-03
0.93861 9.80866300e-03
0.94186 1.60189428e-02
0.94512 1.50341508e-02
0.94839 9.65176968e-03
0.95168 8.78274328e-03
0.95497 8.43188708e-03
0.95828 9.79432476e-03
0.96159 1.19020742e-02
0.96492 8.30467664e-03
0.96826 8.44896036e-03
0.97161 9.11311036e-03
0.97498 1.22436419e-02
0.97835 1.25178578e-02
0.98174 9.68209636e-03
0.98514 8.83061536e-03
0.98855 8.38632676e-03
0.99197 8.94886144e-03
0.99540 2.01695436e-02
0.99885 8.45675996e-03
1.00231 7.99905220e-03
1.00578 8.28801628e-03
1.00926 9.40867376e-03
1.01275 1.27682205e-02
1.01626 1.07690350e-02
1.01978 9.14805464e-03
1.02330 8.49689016e-03
1.02685 9.07543992e-03
1.03040 1.10687720e-02
1.03397 1.46186482e-02
1.03755 8.92598952e-03
1.04114 8.43246724e-03
1.04474 8.76555900e-03
1.04836 1.05730578e-02
1.05199 1.20146148e-02
1.05563 1.17290030e-02
1.05928 1.00125774e-02
1.06295 9.31007024e-03
1.06663 9.10102172e-03
1.07032 1.04224826e-02
1.07403 1.60869932e-02
1.07775 9.12445012e-03
1.08148 8.14203648e-03
1.08522 8.26672500e-03
1.08898 8.80334192e-03
1.09275 9.76145544e-03
1.09653 1.10708233e-02
1.10032 1.03907056e-02
1.10413 9.45286508e-03
1.10796 9.05764884e-03
1.11179 9.30281972e-03
1.11564 1.28695620e-02
1.11950 1.34032618e-02
1.12338 9.40372316e-03
1.12726 8.73001828e-03
1.13117 9.30836528e-03
1.13508 8.96474924e-03
1.13901 9.73003060e-03
1.14295 1.06440283e-02
1.14691 1.06336964e-02
1.15088 1.00057324e-02
1.15487 9.66122540e-03
1.15886 9.98676028e-03
1.16287 1.20609211e-02
1.16690 1.34191422e-02
1.17094 9.88215684e-03
1.17499 9.54521412e-03
1.17906 8.49326120e-03
1.18314 8.37605852e-03
1.18724 8.72179984e-03
1.19135 9.28693044e-03
1.19547 9.76326104e-03
1.19961 9.76593688e-03
1.20376 9.53334304e-03
1.20793 1.04640455e-02
1.21211 1.11604254e-02
1.21630 1.26441832e-02
1.22052 1.26740836e-02
1.22474 1.08562840e-02
1.22898 9.69135376e-03
1.23323 8.63749164e-03
1.23750 8.59363332e-03
1.24179 8.81081296e-03
1.24609 9.18610840e-03
1.25040 9.58740152e-03
1.25473 9.83953876e-03
1.25907 1.03030304e-02
1.26343 7.31066424e-02
1.26780 1.11487482e-02
1.27219 1.21507334e-02
1.27659 1.32017436e-02
1.28101 1.70475428e-02
1.28545 1.03553069e-02
1.28990 9.11272408e-03
1.29436 8.77171432e-03
1.29884 8.73620764e-03
1.30334 8.88368816e-03
1.30785 9.73757564e-03
1.31238 1.01559050e-02
1.31692 1.06133582e-02
1.32148 3.45680196e-02
1.32605 1.11640263e-02
1.33064 1.14343453e-02
1.33525 1.23988362e-02
1.33987 1.43765217e-02
1.34451 1.61337612e-02
1.34916 1.07179469e-02
1.35383 1.02447628e-02
1.35852 9.73663288e-03
1.36322 9.52097616e-03
1.36794 9.50114564e-03
1.37268 9.62566988e-03
1.37743 9.89724692e-03
1.38220 1.07196637e-02
1.38698 2.31364404e-02
1.39178 1.08616031e-02
1.39660 1.10859311e-02
1.40144 1.18338284e-02
1.40629 1.51048060e-02
1.41115 2.59730084e-02
1.41604 1.30085014e-02
1.42094 1.14571210e-02
1.42586 1.05386996e-02
1.43080 1.00119484e-02
1.43575 9.74303536e-03
1.44072 9.95344992e-03
1.44571 1.03178363e-02
1.45071 1.07984648e-02
1.45573 2.03276076e-02
1.46077 1.22408728e-02
1.46583 1.12021600e-02
1.47090 1.15259026e-02
1.47599 1.28350321e-02
1.48110 1.79326124e-02
1.48623 2.50571252e-02
1.49137 1.41708727e-02
1.49654 1.28182474e-02
1.50172 1.18220639e-02
1.50692 1.12588913e-02
1.51213 1.11750390e-02
1.51737 1.09172822e-02
1.52262 1.08887463e-02
1.52789 1.12851702e-02
1.53318 1.54801636e-02
1.53849 1.84594480e-02
1.54381 1.17218383e-02
1.54916 1.17015667e-02
1.55452 1.27412741e-02
1.55990 1.43440342e-02
1.56530 2.67621740e-02
1.57072 2.20814964e-02
1.57615 1.47528531e-02
1.58161 1.43100667e-02
1.58709 1.34831641e-02
1.59258 1.27138290e-02
1.59809 1.20993404e-02
1.60362 1.16952900e-02
1.60918 1.20747798e-02
1.61475 1.24616400e-02
1.62034 1.62289400e-02
1.62594 4.27327948e-02
1.63157 1.33194258e-02
1.63722 1.23012139e-02
1.64289 1.29992470e-02
1.64857 1.40021483e-02
1.65428 1.71278772e-02
1.66001 3.73651308e-02
1.66575 2.24016648e-02
1.67152 1.64601308e-02
1.67731 1.53584336e-02
1.68311 1.47760003e-02
1.68894 1.42759897e-02
1.69478 1.41844103e-02
1.70065 1.37415025e-02
1.70654 1.35538134e-02
1.71245 1.39724639e-02
1.71837 1.80082848e-02
1.72432 6.89722772e-02
1.73029 1.78052584e-02
1.73628 1.39872299e-02
1.74229 1.36036376e-02
1.74832 1.44061750e-02
1.75437 1.58567792e-02
1.76045 2.03158860e-02
1.76654 3.62320132e-02
1.77266 2.63059344e-02
1.77879 1.83085472e-02
1.78495 1.65777464e-02
1.79113 1.65017188e-02
1.79733 1.62026256e-02
1.80355 1.58585404e-02
1.80979 1.58414020e-02
1.81606 1.59827568e-02
1.82234 1.64536336e-02
1.82865 1.90646940e-02
1.83498 3.88903744e-02
1.84133 3.53581176e-02
1.84771 1.82455140e-02
1.85410 1.59461564e-02
1.86052 1.59134928e-02
1.86696 1.64518872e-02
1.87342 1.79234216e-02
1.87991 2.22644540e-02
1.88642 3.16022180e-02
1.89295 3.24625568e-02
1.89950 2.33558060e-02
1.90607 1.94438404e-02
1.91267 1.81285200e-02
1.91929 1.76893152e-02
1.92594 1.78241580e-02
1.93260 1.77374004e-02
1.93929 1.79108268e-02
1.94601 1.86664556e-02
1.95274 2.02261536e-02
1.95950 2.66771776e-02
1.96629 5.34295244e-02
1.97309 3.55982032e-02
1.97992 2.16861884e-02
1.98678 1.89860024e-02
1.99365 1.83146596e-02
2.00055 1.89017460e-02
2.00748 1.99242040e-02
2.01443 2.24062528e-02
2.02140 2.70626288e-02
2.02840 3.28602624e-02
2.03542 3.22865700e-02
2.04247 2.62694672e-02
2.04954 2.27104964e-02
2.05663 2.12163772e-02
2.06375 2.06451860e-02
2.07090 2.05925720e-02
2.07806 2.06707604e-02
2.08526 2.12501952e-02
2.09247 2.20593260e-02
2.09972 2.44933340e-02
2.10699 3.00299844e-02
2.11428 4.60991880e-02
2.12160 5.14642028e-02
2.12894 3.21839320e-02
2.13631 2.46262232e-02
2.14371 2.22336108e-02
2.15113 2.16968444e-02
2.15857 2.18831764e-02
2.16605 2.31079060e-02
2.17354 2.48482824e-02
2.18107 2.78278776e-02
2.18862 3.15514096e-02
2.19619 3.37534276e-02
2.20380 3.21520528e-02
2.21143 2.92758060e-02
2.21908 2.66800340e-02
2.22676 2.52500284e-02
2.23447 2.45254944e-02
2.24220 2.45160076e-02
2.24997 2.49542504e-02
2.25775 2.58055908e-02
2.26557 2.74718340e-02
2.27341 3.06064888e-02
2.28128 3.69102824e-02
2.28918 4.85557068e-02
2.29710 5.55412032e-02
2.30505 4.34082520e-02
2.31303 3.33245236e-02
2.32104 2.88042188e-02
2.32908 2.69560096e-02
2.33714 2.61251524e-02
2.34523 2.63221256e-02
2.35335 2.70160384e-02
2.36149 2.85265856e-02
2.36967 3.04362148e-02
2.37787 3.25239324e-02
2.38610 3.43603756e-02
2.39436 3.51346376e-02
2.40265 3.44530828e-02
2.41097 3.31397308e-02
2.41931 3.15638268e-02
2.42769 3.04605016e-02
2.43609 2.98878452e-02
2.44452 3.00610940e-02
2.45298 3.06949632e-02
2.46148 3.19291056e-02
2.47000 3.42829716e-02
2.47855 3.77003952e-02
2.48713 4.36301188e-02
2.49574 5.16948016e-02
2.50438 5.83859704e-02
2.51304 5.52724500e-02
2.52174 4.64805544e-02
2.53047 3.96050220e-02
2.53923 3.57237368e-02
2.54802 3.35629072e-02
2.55684 3.26509312e-02
2.56569 3.25595264e-02
2.57457 3.28110820e-02
2.58349 3.34018240e-02
2.59243 3.45230720e-02
2.60140 3.57904996e-02
2.61041 3.69518556e-02
2.61944 3.79737512e-02
2.62851 3.87483684e-02
2.63761 3.89886020e-02
2.64674 3.87546288e-02
2.65590 3.82690260e-02
2.66510 3.77987412e-02
2.67432 3.75646200e-02
2.68358 3.76906864e-02
2.69287 3.81896536e-02
2.70219 3.92395064e-02
2.71154 4.12723012e-02
2.72093 4.43077664e-02
2.73035 4.86022528e-02
2.73980 5.41520012e-02
2.74928 5.99714500e-02
2.75880 6.30696820e-02
2.76835 6.12429328e-02
2.77793 5.59429344e-02
2.78755 5.07289388e-02
2.79720 4.63823564e-02
2.80688 4.34071568e-02
2.81660 4.18127824e-02
2.82635 4.08989268e-02
2.83613 4.04453660e-02
2.84595 4.04189628e-02
2.85580 4.08308764e-02
2.86569 4.15830272e-02
2.87561 4.22626876e-02
2.88556 4.30560564e-02
2.89555 4.41608320e-02
2.90557 4.48809112e-02
2.91563 4.54715940e-02
2.92572 4.61553244e-02
2.93585 4.67689768e-02
2.94601 4.71116708e-02
2.95621 4.74018988e-02
2.96644 4.78971956e-02
2.97671 4.83887036e-02
2.98702 4.94785164e-02
2.99736 5.06759104e-02
3.00773 5.26727116e-02
3.01814 5.53679692e-02
3.02859 5.87611504e-02
3.03907 6.26266440e-02
3.04960 6.65223592e-02
3.06015 7.01033376e-02
3.07074 7.19681524e-02
3.08137 7.13975532e-02
3.09204 6.84224276e-02
3.10274 6.44381936e-02
3.11348 6.05848508e-02
3.12426 5.72723000e-02
3.13508 5.46866956e-02
3.14593 5.28023004e-02
3.15682 5.15239948e-02
3.16775 5.07412672e-02
3.17871 5.03563636e-02
3.18972 5.03094624e-02
3.20076 5.07467728e-02
3.21184 5.11705412e-02
3.22295 5.17171348e-02
3.23411 5.23847480e-02
3.24531 5.31404508e-02
3.25654 5.39555904e-02
3.26781 5.50345696e-02
3.27912 5.61633952e-02
3.29047 5.72150536e-02
3.30187 5.81453372e-02
3.31330 5.91204056e-02
3.32476 6.03923028e-02
3.33627 6.18141388e-02
3.34782 6.33189584e-02
3.35941 6.48776204e-02
3.37104 6.69459944e-02
3.38271 6.91194780e-02
3.39442 7.17934088e-02
3.40617 7.49684972e-02
3.41796 7.78495688e-02
3.42979 8.09388616e-02
3.44166 8.37182572e-02
3.45358 8.57571940e-02
3.46553 8.67033728e-02
3.47753 8.63819020e-02
3.48957 8.50527584e-02
3.50164 8.29121752e-02
3.51377 8.01058288e-02
3.52593 7.72041112e-02
3.53814 7.46069924e-02
3.55038 7.23810428e-02
3.56267 7.03407740e-02
3.57500 6.86823304e-02
3.58738 6.74817988e-02
3.59980 6.67137084e-02
3.61226 6.62231328e-02
3.62476 6.58465024e-02
3.63731 6.56992572e-02
3.64990 6.58767980e-02
3.66254 6.63944724e-02
3.67521 6.68895028e-02
3.68794 6.73749132e-02
3.70070 6.81498412e-02
3.71351 6.90472244e-02
3.72637 7.01149260e-02
3.73927 7.14288996e-02
3.75221 7.27019956e-02
3.76520 7.40696932e-02
3.77823 7.55632648e-02
3.79131 7.73662304e-02
3.80443 7.93212808e-02
3.81760 8.14207348e-02
3.83082 8.34996316e-02
3.84408 8.59724600e-02
3.85739 8.87142044e-02
3.87074 9.12498736e-02
3.88414 9.41433328e-02
3.89758 9.71929912e-02
3.91107 1.00023447e-01
3.92461 1.02686500e-01
3.93820 1.05048002e-01
3.95183 1.06956892e-01
3.96551 1.08562529e-01
3.97924 1.09592550e-01
3.99301 1.09561573e-01
4.00683 1.08998685e-01
4.02070 1.07956291e-01
4.03462 1.06476454e-01
4.04859 1.04820393e-01
4.06260 1.03111970e-01
4.07667 1.01016704e-01
4.09078 9.91453628e-02
4.10494 9.76016044e-02
4.11915 9.60802680e-02
4.13341 9.47771132e-02
4.14771 9.37789124e-02
4.16207 9.30790944e-02
4.17648 9.26035408e-02
4.19094 9.21727720e-02
4.20545 9.19199584e-02
4.22000 9.18365752e-02
4.23461 9.20268736e-02
4.24927 9.23885264e-02
4.26398 9.28911196e-02
4.27874 9.35320336e-02
4.29355 9.43153976e-02
4.30841 9.52225636e-02
4.32332 9.62680652e-02
4.33829 9.74436292e-02
4.35331 9.88367828e-02
4.36838 1.00407892e-01
4.38350 1.02098718e-01
4.39867 1.03972353e-01
4.41390 1.06058931e-01
4.42918 1.08097468e-01
4.44451 1.10173080e-01
4.45990 1.12603758e-01
4.47533 1.15187275e-01
4.49083 1.17947298e-01
4.50637 1.20698988e-01
4.52197 1.23424215e-01
4.53762 1.26133281e-01
4.55333 1.28811815e-01
4.56909 1.31499110e-01
4.58491 1.34083960e-01
4.60078 1.36541751e-01
4.61670 1.38652187e-01
4.63269 1.40391246e-01
4.64872 1.41871823e-01
4.66481 1.43012326e-01
4.68096 1.43743742e-01
4.69717 1.44140441e-01
4.71343 1.44272132e-01
4.72974 1.44091734e-01
4.74611 1.43641163e-01
4.76254 1.42972292e-01
4.77903 1.42152683e-01
4.79557 1.41309468e-01
4.81217 1.40448655e-01
4.82883 1.39660437e-01
4.84555 1.38900886e-01
4.86232 1.38072012e-01
4.87915 1.37382939e-01
4.89604 1.36929852e-01
4.91299 1.36541662e-01
4.92999 1.36191287e-01
4.94706 1.36053632e-01
4.96418 1.36131244e-01
4.98137 1.36318108e-01
4.99861 1.36625445e-01
5.01591 1.37103500e-01
5.03328 1.37734528e-01
5.05070 1.38393142e-01
5.06818 1.39155076e-01
5.08573 1.40160425e-01
5.10333 1.41320612e-01
5.12100 1.42564892e-01
5.13873 1.43933241e-01
5.15651 1.45460823e-01
5.17436 1.47117387e-01
5.19228 1.48926628e-01
5.21025 1.50858916e-01
5.22828 1.52853216e-01
5.24638 1.54958220e-01
5.26454 1.57276640e-01
5.28277 1.59701472e-01
5.30105 1.62159752e-01
5.31940 1.64698248e-01
5.33782 1.67326136e-01
5.35629 1.70014408e-01
5.37484 1.72759808e-01
5.39344 1.75533624e-01
5.41211 1.78324312e-01
5.43084 1.81104196e-01
5.44965 1.83914864e-01
5.46851 1.86692232e-01
5.48744 1.89283712e-01
5.50643 1.91714908e-01
5.52550 1.94109104e-01
5.54462 1.96431076e-01
5.56381 1.98552952e-01
5.58308 2.00447648e-01
5.60240 2.02174808e-01
5.62179 2.03754412e-01
5.64125 2.05137324e-01
5.66078 2.06314960e-01
5.68038 2.07309076e-01
5.70004 2.08107388e-01
5.71977 2.08748080e-01
5.73957 2.09342004e-01
5.75944 2.09839876e-01
5.77938 2.10175392e-01
5.79938 2.10393248e-01
5.81946 2.10596156e-01
5.83960 2.10827776e-01
5.85982 2.11042968e-01
5.88010 2.11229892e-01
5.90045 2.11445380e-01
5.92088 2.11715480e-01
5.94137 2.12047148e-01
5.96194 2.12460660e-01
5.98258 2.12963712e-01
6.00329 2.13580576e-01
6.02407 2.14336412e-01
6.04492 2.15201916e-01
6.06585 2.16176052e-01
6.08684 2.17269624e-01
6.10791 2.18437048e-01
6.12906 2.19710144e-01
6.15027 2.21143672e-01
6.17156 2.22760572e-01
6.19293 2.24504160e-01
6.21436 2.26398708e-01
6.23588 2.28417428e-01
6.25746 2.30569792e-01
6.27912 2.32848400e-01
6.30086 2.35246296e-01
6.32267 2.37764812e-01
6.34455 2.40393292e-01
6.36652 2.43128776e-01
6.38856 2.45965196e-01
6.41067 2.48947988e-01
6.43286 2.52103940e-01
6.45513 2.55345880e-01
6.47747 2.58601732e-01
6.49990 2.61922556e-01
6.52240 2.65352308e-01
6.54497 2.68896464e-01
6.56763 2.72488276e-01
6.59037 2.76115608e-01
6.61318 2.79771504e-01
6.63607 2.83475204e-01
6.65904 2.87229816e-01
6.68209 2.90983984e-01
6.70522 2.94771304e-01
6.72843 2.98545156e-01
6.75172 3.02285856e-01
6.77510 3.05978604e-01
6.79855 3.09621476e-01
6.82208 3.13270860e-01
6.84570 3.16882208e-01
6.86939 3.20423404e-01
6.89317 3.23907176e-01
6.91704 3.27307032e-01
6.94098 3.30655088e-01
6.96500 3.33958152e-01
6.98911 3.37170936e-01
7.01331 3.40326296e-01
7.03759 3.43401588e-01
7.06195 3.46397552e-01
7.08639 3.49383748e-01
7.11092 3.52292244e-01
7.13554 3.55146868e-01
7.16024 3.57965824e-01
7.18502 3.60728244e-01
7.20990 3.63489628e-01
7.23485 3.66239912e-01
7.25990 3.68961040e-01
7.28503 3.71746400e-01
7.31025 3.74536348e-01
7.33555 3.77331624e-01
7.36094 3.80181512e-01
7.38642 3.83054192e-01
7.41199 3.85981188e-01
7.43765 3.89018148e-01
7.46340 3.92106908e-01
7.48923 3.95303116e-01
7.51516 3.98639776e-01
7.54117 4.02054284e-01
7.56727 4.05597700e-01
7.59347 4.09273724e-01
7.61975 4.13048612e-01
7.64613 4.17019304e-01
7.67260 4.21157532e-01
7.69916 4.25410460e-01
7.72581 4.29864816e-01
7.75255 4.34480936e-01
7.77939 4.39222116e-01
7.80632 4.44280756e-01
7.83334 4.49546004e-01
7.86046 4.54943712e-01
7.88767 4.60633572e-01
7.91497 4.66520124e-01
7.94237 4.72540024e-01
7.96986 4.78839496e-01
7.99745 4.85336104e-01
8.02513 4.91962064e-01
8.05291 4.98892164e-01
8.08079 5.06050184e-01
8.10876 5.13330452e-01
8.13683 5.20896804e-01
8.16500 5.28720528e-01
8.19326 5.36657176e-01
8.22162 5.44835952e-01
8.25008 5.53306880e-01
8.27864 5.61879632e-01
8.30730 5.70654552e-01
8.33605 5.79826260e-01
8.36491 5.89090024e-01
8.39386 5.98469080e-01
8.42292 6.08334168e-01
8.45208 6.18283468e-01
8.48133 6.28312984e-01
8.51069 6.38814768e-01
8.54016 6.49473876e-01
8.56972 6.60210388e-01
8.59938 6.71376248e-01
8.62915 6.82890204e-01
8.65902 6.94485560e-01
8.68899 7.06369812e-01
8.71907 7.18916364e-01
8.74925 7.31554824e-01
8.77954 7.44285044e-01
8.80993 7.57767844e-01
8.84043 7.71407672e-01
8.87103 7.85150212e-01
8.90174 7.99420520e-01
8.93255 8.14159544e-01
8.96347 8.29011344e-01
8.99450 8.44079224e-01
9.02563 8.60017048e-01
9.05688 8.76071496e-01
9.08823 8.92238720e-01
9.11969 9.09089852e-01
9.15126 9.26344728e-01
9.18294 9.43700688e-01
9.21472 9.61278796e-01
9.24662 9.79634940e-01
9.27863 9.98063160e-01
9.31075 1.01655206e+00
9.34298 1.03552018e+00
9.37532 1.05479038e+00
9.40777 1.07406989e+00
9.44034 1.09345478e+00
9.47302 1.11854300e+00
9.50581 1.14349388e+00
9.53871 1.16826893e+00
9.57173 1.19050667e+00
9.60487 1.20882952e+00
9.63811 1.22699578e+00
9.67148 1.24498858e+00
9.70495 1.26063100e+00
9.73855 1.27520308e+00
9.77226 1.28962760e+00
9.80609 1.30389480e+00
9.84003 1.31565754e+00
9.87409 1.32722966e+00
9.90827 1.33867554e+00
9.94257 1.34948590e+00
9.97699 1.35808692e+00
10.01153 1.36660240e+00
10.04618 1.37502908e+00
10.08096 1.38255295e+00
10.11585 1.38859727e+00
10.15087 1.39458624e+00
10.18601 1.40051852e+00
10.22127 1.40587198e+00
10.25665 1.41062530e+00
10.29215 1.41533392e+00
10.32778 1.41999695e+00
10.36353 1.42407628e+00
10.39941 1.42768363e+00
10.43540 1.43125635e+00
10.47153 1.43479414e+00
10.50777 1.43709524e+00
10.54415 1.43845551e+00
10.58065 1.43979772e+00
10.61727 1.44112869e+00
10.65403 1.44181186e+00
10.69091 1.44191013e+00
10.72791 1.44200174e+00
10.76505 1.44208847e+00
10.80231 1.44142854e+00
10.83971 1.43975836e+00
10.87723 1.43808699e+00
10.91488 1.43641681e+00
10.95266 1.43420051e+00
10.99058 1.43046203e+00
11.02862 1.42671512e+00
11.06680 1.42296287e+00
11.10511 1.41919183e+00
11.14355 1.41507477e+00
11.18212 1.41095534e+00
11.22083 1.40683620e+00
11.25967 1.40272017e+00
11.29865 1.39810316e+00
11.33776 1.39333031e+00
11.37701 1.38855776e+00
11.41639 1.38378742e+00
11.45591 1.37834931e+00
11.49556 1.37197332e+00
11.53536 1.36558268e+00
11.57529 1.35917887e+00
11.61536 1.35275197e+00
11.65556 1.34497516e+00
11.69591 1.33715351e+00
11.73640 1.32928627e+00
11.77702 1.32137197e+00
11.81779 1.31150688e+00
11.85870 1.29983383e+00
11.89975 1.28803556e+00
11.94094 1.27610987e+00
11.98227 1.26405409e+00
12.02375 1.24535651e+00
12.06537 1.22612391e+00
12.10714 1.20650458e+00
12.14905 1.18649913e+00
12.19110 1.16410614e+00
12.23330 1.13738918e+00
12.27565 1.10991253e+00
12.31814 1.08173200e+00
12.36078 1.05291729e+00
12.40357 1.02713672e+00
12.44651 1.00284090e+00
12.48959 9.78237376e-01
12.53283 9.53409488e-01
12.57621 9.28442332e-01
12.61974 9.06825896e-01
12.66343 8.85715324e-01
12.70726 8.64706280e-01
12.75125 8.43856336e-01
12.79539 8.23349160e-01
12.83968 8.08670816e-01
12.88413 7.94276632e-01
12.92873 7.80185848e-01
12.97348 7.66412968e-01
13.01839 7.53936716e-01
13.06345 7.52317004e-01
13.10867 7.50934832e-01
13.15405 7.49786204e-01
13.19959 7.48866532e-01
13.24528 7.48167972e-01
13.29113 7.47631324e-01
13.33713 7.47274792e-01
13.38330 7.47093640e-01
13.42963 7.47082984e-01
13.47612 7.47238088e-01
13.52277 7.51151800e-01
13.56958 7.55431812e-01
13.61655 7.59867076e-01
13.66368 7.64454632e-01
13.71098 7.69191520e-01
13.75844 7.73245832e-01
13.80607 7.77143708e-01
13.85386 7.81172712e-01
13.90182 7.85329736e-01
13.94994 7.89612116e-01
13.99823 7.95576516e-01
14.04668 8.03684104e-01
14.09531 8.11949164e-01
14.14410 8.20370068e-01
14.19306 8.28945484e-01
14.24219 8.37685624e-01
14.29149 8.46869172e-01
14.34096 8.56199832e-01
14.39060 8.65676864e-01
14.44042 8.75299676e-01
14.49041 8.85067528e-01
14.54057 8.94818656e-01
14.59090 9.04561052e-01
14.64141 9.14429988e-01
14.69209 9.24425612e-01
14.74295 9.34547924e-01
14.79398 9.44797220e-01
14.84519 9.56270328e-01
14.89658 9.67964844e-01
14.94814 9.79795224e-01
14.99989 9.91761764e-01
15.05181 1.00386062e+00
15.10392 1.01613944e+00
15.15620 1.02870079e+00
15.20866 1.04139608e+00
15.26131 1.05422561e+00
15.31414 1.06718982e+00
15.36715 1.08028915e+00
15.42034 1.09341320e+00
15.47372 1.10646946e+00
15.52729 1.11963746e+00
15.58103 1.13291721e+00
15.63497 1.14630825e+00
15.68909 1.15981058e+00
15.74340 1.17344301e+00
15.79790 1.18720672e+00
15.85258 1.20107076e+00
15.90746 1.21503427e+00
15.96252 1.22909590e+00
16.01778 1.24325461e+00
16.07323 1.25636460e+00
16.12886 1.26725311e+00
16.18470 1.27816574e+00
16.24072 1.28910072e+00
16.29694 1.30005642e+00
16.35335 1.31103106e+00
16.40996 1.32186674e+00
16.46677 1.33160958e+00
16.52377 1.34135804e+00
16.58097 1.35111050e+00
16.63836 1.36086533e+00
16.69596 1.37062090e+00
16.75375 1.38037558e+00
16.81175 1.38698792e+00
16.86994 1.39268355e+00
16.92834 1.39836453e+00
16.98694 1.40403012e+00
17.04574 1.40967972e+00
17.10474 1.41531231e+00
17.16395 1.42097878e+00
17.22337 1.42675582e+00
17.28299 1.43251494e+00
17.34281 1.43825527e+00
17.40285 1.44397591e+00
17.46309 1.44967598e+00
17.52354 1.45535445e+00
17.58420 1.45941882e+00
17.64507 1.46258218e+00
17.70615 1.46570542e+00
17.76744 1.46878752e+00
17.82894 1.47182774e+00
17.89066 1.47482474e+00
17.95259 1.47777763e+00
18.01473 1.47996685e+00
18.07709 1.48199060e+00
18.13967 1.48397232e+00
18.20246 1.48591112e+00
18.26547 1.48780404e+00
18.32870 1.48965256e+00
18.39214 1.49145372e+00
18.45581 1.49195988e+00
18.51969 1.49226920e+00
18.58380 1.49252524e+00
18.64813 1.49272800e+00
18.71268 1.49287748e+00
18.77746 1.49296924e+00
18.84246 1.49300624e+00
18.90768 1.49299736e+00
18.97313 1.49294260e+00
19.03881 1.49283752e+00
19.10472 1.49268212e+00
19.17085 1.49247344e+00
19.23721 1.49221296e+00
19.30380 1.49189772e+00
19.37062 1.49186072e+00
19.43768 1.49216560e+00
19.50496 1.49242164e+00
19.57248 1.49262588e+00
19.64023 1.49277832e+00
19.70822 1.49287896e+00
19.77644 1.49292484e+00
19.84490 1.49291744e+00
19.91359 1.49293372e+00
19.98252 1.49289524e+00
20.05169 1.49279904e+00
20.12110 1.49264216e+00
20.19076 1.49242608e+00
20.26065 1.49214932e+00
20.33078 1.49181188e+00
20.40116 1.49135308e+00
20.47178 1.49065600e+00
20.54264 1.48989084e+00
20.61375 1.48905908e+00
20.68511 1.48815776e+00
20.75671 1.48718688e+00
20.82856 1.48614792e+00
20.90066 1.48503792e+00
20.97301 1.48405964e+00
21.04561 1.48338328e+00
21.11846 1.48262996e+00
21.19157 1.48179968e+00
21.26492 1.48089096e+00
21.33853 1.47990528e+00
21.41240 1.47884042e+00
21.48652 1.47769638e+00
21.56090 1.47621150e+00
21.63553 1.47370630e+00
21.71043 1.47110564e+00
21.78558 1.46840982e+00
21.86099 1.46561884e+00
21.93666 1.46273269e+00
22.01260 1.45975153e+00
22.08880 1.45667564e+00
22.16526 1.45350534e+00
22.24199 1.44785425e+00
22.31898 1.44170056e+00
22.39624 1.43545733e+00
22.47377 1.42912633e+00
22.55156 1.42270890e+00
22.62962 1.41620667e+00
22.70796 1.40962126e+00
22.78656 1.40295446e+00
22.86544 1.39587532e+00
22.94459 1.38765525e+00
23.02402 1.37936577e+00
23.10372 1.37100925e+00
23.18369 1.36258775e+00
23.26394 1.35410395e+00
23.34447 1.34555991e+00
23.42528 1.33695844e+00
23.50637 1.32830163e+00
23.58774 1.31888424e+00
23.66939 1.30815439e+00
23.75133 1.29738768e+00
23.83354 1.28658709e+00
23.91604 1.27575615e+00
23.99883 1.26489813e+00
24.08191 1.25401599e+00
24.16527 1.24311298e+00
24.24892 1.23219235e+00
24.33286 1.22117331e+00
24.41709 1.20980454e+00
24.50161 1.19843237e+00
24.58642 1.18706005e+00
24.67153 1.17569069e+00
24.75693 1.16432725e+00
24.84263 1.15297269e+00
24.92863 1.14163012e+00
25.01492 1.13030220e+00
25.10151 1.11899204e+00
25.18840 1.10731928e+00
25.27559 1.09553981e+00
25.36309 1.08379438e+00
25.45088 1.07208551e+00
25.53898 1.06041615e+00
25.62739 1.04878883e+00
25.71610 1.03720635e+00
25.80512 1.02567078e+00
25.89444 1.01418480e+00
25.98408 1.00275076e+00
26.07403 9.91439124e-01
26.16428 9.80189496e-01
26.25485 9.69000992e-01
26.34574 9.57875536e-01
26.43694 9.46814904e-01
26.52845 9.35821020e-01
26.62028 9.24895364e-01
26.71243 9.14039712e-01
26.80489 9.03255544e-01
26.89768 8.92544340e-01
26.99079 8.82019172e-01
27.08422 8.71594348e-01
27.17798 8.61249296e-01
27.27205 8.50984756e-01
27.36646 8.40801912e-01
27.46119 8.30701652e-01
27.55625 8.20684716e-01
27.65164 8.10751844e-01
27.74736 8.00903776e-01
27.84341 7.91141104e-01
27.93979 7.81588592e-01
28.03650 7.72361976e-01
28.13355 7.63219276e-01
28.23094 7.54160492e-01
28.32867 7.45186068e-01
28.42673 7.36296152e-01
28.52513 7.27490744e-01
28.62387 7.18769992e-01
28.72295 7.10134044e-01
28.82238 7.01582900e-01
28.92215 6.93116412e-01
29.02227 6.84870592e-01
29.12273 6.76865124e-01
29.22354 6.68940612e-01
29.32470 6.61096760e-01
29.42621 6.53333568e-01
29.52807 6.45650592e-01
29.63029 6.38047536e-01
29.73286 6.30524104e-01
29.83578 6.23080000e-01
29.93906 6.15714632e-01
30.04269 6.08427852e-01
30.14669 6.01256808e-01
30.25104 5.94368000e-01
30.35576 5.87553488e-01
30.46084 5.80812532e-01
30.56628 5.74144540e-01
30.67209 5.67549216e-01
30.77826 5.61025968e-01
30.88481 5.54574352e-01
30.99172 5.48193776e-01
31.09900 5.41883648e-01
31.20665 5.35643376e-01
31.31467 5.29472664e-01
31.42307 5.23488728e-01
31.53184 5.17758760e-01
31.64099 5.12091692e-01
31.75052 5.06487080e-01
31.86043 5.00944184e-01
31.97072 4.95462560e-01
32.08139 4.90041616e-01
32.19244 4.84680760e-01
32.30388 4.79379548e-01
32.41570 4.74137240e-01
32.52791 4.68953244e-01
32.64051 4.63827264e-01
32.75349 4.58811692e-01
32.86687 4.54251960e-01
32.98064 4.49740032e-01
33.09481 4.45275464e-01
33.20937 4.40857664e-01
33.32433 4.36486188e-01
33.43968 4.32160592e-01
33.55544 4.27880580e-01
33.67159 4.23645560e-01
33.78815 4.19454940e-01
33.90511 4.15308572e-01
34.02247 4.11205716e-01
34.14024 4.07146076e-01
34.25842 4.03113372e-01
34.37701 3.99087476e-01
34.49601 3.95104056e-01
34.61542 3.91162668e-01
34.73525 3.87262868e-01
34.85549 3.83404360e-01
34.97614 3.79586404e-01
35.09721 3.75809000e-01
35.21871 3.72071408e-01
35.34062 3.68373332e-01
35.46295 3.64714328e-01
35.58571 3.61093952e-01
35.70889 3.57511908e-01
35.83250 3.53967752e-01
35.95654 3.50512100e-01
36.08101 3.47098480e-01
36.20590 3.43720824e-01
36.33123 3.40378392e-01
36.45700 3.37071184e-01
36.58320 3.33798608e-01
36.70983 3.30560368e-01
36.83691 3.27356020e-01
36.96442 3.24185268e-01
37.09238 3.21047668e-01
37.22077 3.17942924e-01
37.34962 3.14870740e-01
37.47890 3.11830672e-01
37.60864 3.08822424e-01
37.73883 3.05963212e-01
37.86946 3.03154764e-01
38.00055 3.00374732e-01
38.13209 2.97622820e-01
38.26409 2.94898880e-01
38.39654 2.92202468e-01
38.52946 2.89533436e-01
38.66283 2.86891192e-01
38.79667 2.84275736e-01
38.93096 2.81686772e-01
39.06573 2.79123708e-01
39.20096 2.76586544e-01
39.33665 2.74074984e-01
39.47282 2.71588584e-01
39.60946 2.69132228e-01
39.74657 2.66764968e-01
39.88416 2.64420944e-01
40.02222 2.62099564e-01
40.16076 2.59800680e-01
40.29978 2.57524144e-01
40.43928 2.55269512e-01
40.57926 2.53036932e-01
40.71973 2.50825812e-01
40.86069 2.48636004e-01
41.00213 2.46467360e-01
41.14406 2.44319584e-01
41.28648 2.42192676e-01
41.42940 2.40086044e-01
41.57281 2.37999688e-01
41.71672 2.35933460e-01
41.86113 2.33864124e-01
42.00603 2.31792420e-01
42.15144 2.29740992e-01
42.29735 2.27709396e-01
42.44377 2.25697484e-01
42.59069 2.23705256e-01
42.73812 2.21732416e-01
42.88606 2.19778520e-01
43.03451 2.17843716e-01
43.18348 2.15927560e-01
43.33297 2.14030052e-01
43.48297 2.12150748e-01
43.63349 2.10289648e-01
43.78453 2.08446456e-01
43.93609 2.06621024e-01
44.08818 2.04813056e-01
44.24079 2.03022552e-01
44.39394 2.01248328e-01
44.54761 1.99491124e-01
44.70182 1.97750940e-01
44.85655 1.96027332e-01
45.01183 1.94320300e-01
45.16764 1.92629548e-01
45.32399 1.90955076e-01
45.48089 1.89296588e-01
45.63832 1.87653936e-01
45.79630 1.86026824e-01
45.95483 1.84415400e-01
46.11391 1.82819220e-01
46.27353 1.81238284e-01
46.43371 1.79672296e-01
46.59445 1.78121256e-01
46.75574 1.76584720e-01
46.91759 1.75062984e-01
47.08000 1.73536808e-01
47.24297 1.72013000e-01
47.40650 1.70503844e-01
47.57060 1.69009192e-01
47.73527 1.67528748e-01
47.90051 1.66062660e-01
48.06633 1.64610336e-01
48.23271 1.63172072e-01
48.39967 1.61747424e-01
48.56721 1.60336392e-01
48.73533 1.58938680e-01
48.90403 1.57554436e-01
49.07332 1.56183216e-01
49.24319 1.54825020e-01
49.41365 1.53479700e-01
49.58470 1.52147108e-01
49.75634 1.50827096e-01
49.92858 1.49519664e-01
50.10141 1.48226440e-01
50.27484 1.46994355e-01
50.44887 1.45773577e-01
50.62350 1.44563988e-01
50.79874 1.43365439e-01
50.97458 1.42177843e-01
51.15104 1.41001080e-01
51.32810 1.39835047e-01
51.50578 1.38679611e-01
51.68407 1.37534683e-01
51.86298 1.36400145e-01
52.04250 1.35275892e-01
52.22265 1.34161837e-01
52.40343 1.33057846e-01
52.58482 1.31963845e-01
52.76685 1.30879730e-01
52.94951 1.29805383e-01
53.13280 1.28740701e-01
53.31672 1.27685609e-01
53.50128 1.26640004e-01
53.68648 1.25601695e-01
53.87232 1.24564333e-01
54.05880 1.23536325e-01
54.24593 1.22517597e-01
54.43371 1.21508059e-01
54.62214 1.20507594e-01
54.81122 1.19516142e-01
55.00095 1.18533585e-01
55.19134 1.17559863e-01
55.38239 1.16594859e-01
55.57410 1.15638498e-01
55.76647 1.14690691e-01
55.95951 1.13751350e-01
56.15322 1.12820400e-01
56.34760 1.11897753e-01
56.54265 1.10983320e-01
56.73838 1.10077013e-01
56.93479 1.09178786e-01
57.13187 1.08288522e-01
57.32964 1.07406146e-01
57.52809 1.06531599e-01
57.72723 1.05664792e-01
57.92705 1.04807399e-01
58.12757 1.03957760e-01
58.32879 1.03115626e-01
58.53070 1.02280906e-01
58.73331 1.01453526e-01
58.93662 1.00633429e-01
59.14063 9.98205240e-02
59.34535 9.90147528e-02
59.55078 9.82160560e-02
59.75692 9.74243448e-02
59.96377 9.66395600e-02
60.17134 9.58616276e-02
60.37963 9.50904884e-02
60.58864 9.43260684e-02
60.79837 9.35683084e-02
61.00883 9.28171492e-02
61.22002 9.20725168e-02
61.43194 9.13343372e-02
61.64459 9.06025808e-02
61.85797 8.98771588e-02
62.07210 8.91580268e-02
62.28697 8.84451108e-02
62.50258 8.77383516e-02
62.71894 8.70432696e-02
62.93605 8.63547144e-02
63.15390 8.56720792e-02
63.37252 8.49952604e-02
63.59189 8.43242284e-02
63.81201 8.36589388e-02
64.03290 8.29993028e-02
64.25456 8.23453056e-02
64.47698 8.16968584e-02
64.70017 8.10539316e-02
64.92414 8.04164660e-02
65.14888 7.97844024e-02
65.37440 7.91563496e-02
65.60070 7.85349864e-02
65.82778 7.79188772e-02
66.05565 7.73079776e-02
66.28430 7.67022432e-02
66.51375 7.61016148e-02
66.74400 7.55060480e-02
66.97504 7.49154836e-02
67.20688 7.43299068e-02
67.43952 7.37492436e-02
67.67297 7.31734496e-02
67.90722 7.26024952e-02
68.14229 7.20363212e-02
68.37817 7.14763484e-02
68.61486 7.09211560e-02
68.85238 7.03705960e-02
69.09072 6.98246388e-02
69.32988 6.92832104e-02
69.56987 6.87462960e-02
69.81069 6.82138512e-02
70.05235 6.76858316e-02
70.29484 6.71621928e-02
70.53817 6.66428904e-02
70.78235 6.61278948e-02
71.02737 6.56171616e-02
71.27323 6.51106464e-02
71.51995 6.46083196e-02
71.76752 6.41101368e-02
72.01595 6.36160684e-02
72.26524 6.31260700e-02
72.51539 6.26401120e-02
72.76641 6.21581500e-02
73.01830 6.16801544e-02
73.27106 6.12060660e-02
73.52469 6.07358848e-02
73.77920 6.02695516e-02
74.03460 5.98070516e-02
74.29087 5.93483256e-02
74.54804 5.88933440e-02
74.80609 5.84420920e-02
75.06504 5.79954428e-02
75.32488 5.75530708e-02
75.58563 5.71143100e-02
75.84727 5.66791012e-02
76.10982 5.62474296e-02
76.37328 5.58192508e-02
76.63766 5.53945500e-02
76.90295 5.49732828e-02
77.16915 5.45554344e-02
77.43628 5.41409604e-02
77.70433 5.37298312e-02
77.97331 5.33220320e-02
78.24322 5.29175036e-02
78.51407 5.25162460e-02
78.78585 5.21182296e-02
79.05857 5.17233952e-02
79.33224 5.13317576e-02
79.60686 5.09432428e-02
79.88242 5.05578656e-02
80.15894 5.01755816e-02
80.43642 4.97963464e-02
80.71486 4.94201600e-02
80.99426 4.90469780e-02
81.27463 4.86767856e-02
81.55596 4.83095532e-02
81.83828 4.79452512e-02
82.12157 4.75838500e-02
82.40584 4.72253348e-02
82.69109 4.68696760e-02
82.97733 4.65168440e-02
83.26457 4.61678304e-02
83.55279 4.58231236e-02
83.84202 4.54811252e-02
84.13225 4.51418352e-02
84.42348 4.48052240e-02
84.71572 4.44712620e-02
85.00897 4.41399344e-02
85.30323 4.38112116e-02
85.59852 4.34850788e-02
85.89482 4.31614916e-02
86.19215 4.28404648e-02
86.49052 4.25219392e-02
86.78991 4.22059296e-02
87.09034 4.18923768e-02
87.39181 4.15812956e-02
87.69432 4.12726416e-02
87.99789 4.09664000e-02
88.30250 4.06625412e-02
88.60816 4.03610652e-02
88.91489 4.00619424e-02
89.22267 3.97651580e-02
89.53153 3.94706824e-02
89.84145 3.91785008e-02
90.15244 3.88885836e-02
90.46451 3.86009308e-02
90.77766 3.83155128e-02
91.09190 3.80323148e-02
91.40722 3.77513072e-02
91.72363 3.74724752e-02
92.04114 3.71958188e-02
92.35975 3.69212936e-02
92.67946 3.66488996e-02
93.00028 3.63786220e-02
93.32221 3.61104164e-02
93.64525 3.58446972e-02
93.96941 3.55812424e-02
94.29469 3.53198004e-02
94.62110 3.50603712e-02
94.94864 3.48029400e-02
95.27731 3.45474920e-02
95.60712 3.42940124e-02
95.93807 3.40424716e-02
96.27017 3.37928696e-02
96.60342 3.35451768e-02
96.93782 3.32993784e-02
97.27338 3.30554744e-02
97.61010 3.28134204e-02
97.94798 3.25732312e-02
98.28704 3.23348920e-02
98.62727 3.20983584e-02
98.96867 3.18636304e-02
99.31126 3.16306932e-02
99.65504 3.13995468e-02
100.00000 3.11701616e-02
