        2000  2.000000 3.710000
0.10000 1.29863752e+00
0.10035 1.29878592e+00
0.10069 1.29893432e+00
0.10104 1.29908272e+00
0.10139 1.29923211e+00
0.10174 1.29938150e+00
0.10210 1.29953187e+00
0.10245 1.29968225e+00
0.10280 1.29983362e+00
0.10316 1.29998499e+00
0.10352 1.30013636e+00
0.10387 1.30028871e+00
0.10423 1.30044107e+00
0.10459 1.30059442e+00
0.10496 1.30074777e+00
0.10532 1.30090210e+00
0.10568 1.30105644e+00
0.10605 1.30121176e+00
0.10642 1.30136709e+00
0.10679 1.30152241e+00
0.10716 1.30167873e+00
0.10753 1.30183603e+00
0.10790 1.30199235e+00
0.10827 1.30215064e+00
0.10865 1.30230794e+00
0.10902 1.30246624e+00
0.10940 1.30262552e+00
0.10978 1.30278480e+00
0.11016 1.30294507e+00
0.11054 1.30310535e+00
0.11092 1.30326562e+00
0.11131 1.30342688e+00
0.11169 1.30358913e+00
0.11208 1.30375039e+00
0.11247 1.30391363e+00
0.11286 1.30407687e+00
0.11325 1.30424011e+00
0.11364 1.30440434e+00
0.11403 1.30456857e+00
0.11443 1.30473379e+00
0.11482 1.30489901e+00
0.11522 1.30506423e+00
0.11562 1.30523142e+00
0.11602 1.30539763e+00
0.11642 1.30556483e+00
0.11682 1.30573302e+00
0.11723 1.30590120e+00
0.11763 1.30606939e+00
0.11804 1.30623857e+00
0.11845 1.30640873e+00
0.11886 1.30657890e+00
0.11927 1.30675005e+00
0.11968 1.30692121e+00
0.12010 1.30709236e+00
0.12051 1.30726450e+00
0.12093 1.30743665e+00
0.12135 1.30760978e+00
0.12177 1.30778390e+00
0.12219 1.30795803e+00
0.12262 1.30813215e+00
0.12304 1.30830726e+00
0.12347 1.30848336e+00
0.12389 1.30865946e+00
0.12432 1.30883557e+00
0.12475 1.30901266e+00
0.12518 1.30919074e+00
0.12562 1.30936882e+00
0.12605 1.30954690e+00
0.12649 1.30972597e+00
0.12693 1.30990602e+00
0.12737 1.31008608e+00
0.12781 1.31026614e+00
0.12825 1.31044719e+00
0.12869 1.31062923e+00
0.12914 1.31081126e+00
0.12959 1.31099429e+00
0.13003 1.31117732e+00
0.13048 1.31136133e+00
0.13094 1.31154535e+00
0.13139 1.31173035e+00
0.13184 1.31191536e+00
0.13230 1.31210135e+00
0.13276 1.31228735e+00
0.13322 1.31247433e+00
0.13368 1.31266231e+00
0.13414 1.31284929e+00
0.13461 1.31303825e+00
0.13507 1.31322722e+00
0.13554 1.31341717e+00
0.13601 1.31360712e+00
0.13648 1.31379707e+00
0.13695 1.31398900e+00
0.13743 1.31417994e+00
0.13790 1.31437286e+00
0.13838 1.31456578e+00
0.13886 1.31475870e+00
0.13934 1.31495261e+00
0.13982 1.31514652e+00
0.14031 1.31534142e+00
0.14079 1.31553731e+00
0.14128 1.31573320e+00
0.14177 1.31593007e+00
0.14226 1.31612695e+00
0.14275 1.31632482e+00
0.14324 1.31652269e+00
0.14374 1.31672154e+00
0.14424 1.31692139e+00
0.14474 1.31712123e+00
0.14524 1.31732207e+00
0.14574 1.31752290e+00
0.14625 1.31772473e+00
0.14675 1.31792655e+00
0.14726 1.31812936e+00
0.14777 1.31833317e+00
0.14828 1.31853697e+00
0.14879 1.31874176e+00
0.14931 1.31894655e+00
0.14983 1.31915233e+00
0.15034 1.31935910e+00
0.15087 1.31956587e+00
0.15139 1.31977265e+00
0.15191 1.31998139e+00
0.15244 1.32018915e+00
0.15297 1.32039889e+00
0.15349 1.32060863e+00
0.15403 1.32081936e+00
0.15456 1.32103009e+00
0.15509 1.32124181e+00
0.15563 1.32145352e+00
0.15617 1.32166623e+00
0.15671 1.32187993e+00
0.15725 1.32209362e+00
0.15780 1.32230831e+00
0.15834 1.32252398e+00
0.15889 1.32273966e+00
0.15944 1.32295533e+00
0.15999 1.32317298e+00
0.16055 1.32339064e+00
0.16110 1.32360829e+00
0.16166 1.32382693e+00
0.16222 1.32404657e+00
0.16278 1.32426620e+00
0.16335 1.32448682e+00
0.16391 1.32470843e+00
0.16448 1.32493004e+00
0.16505 1.32515264e+00
0.16562 1.32537524e+00
0.16619 1.32559883e+00
0.16677 1.32582341e+00
0.16734 1.32604799e+00
0.16792 1.32627454e+00
0.16851 1.32650011e+00
0.16909 1.32672766e+00
0.16967 1.32695521e+00
0.17026 1.32718275e+00
0.17085 1.32741129e+00
0.17144 1.32764180e+00
0.17204 1.32787232e+00
0.17263 1.32810184e+00
0.17323 1.32833434e+00
0.17383 1.32856683e+00
0.17443 1.32879932e+00
0.17503 1.32903182e+00
0.17564 1.32926728e+00
0.17625 1.32950175e+00
0.17686 1.32973622e+00
0.17747 1.32997267e+00
0.17808 1.33021011e+00
0.17870 1.33044656e+00
0.17932 1.33068499e+00
0.17994 1.33092441e+00
0.18056 1.33116284e+00
0.18119 1.33140226e+00
0.18182 1.33164366e+00
0.18244 1.33188505e+00
0.18308 1.33212645e+00
0.18371 1.33236983e+00
0.18435 1.33261320e+00
0.18498 1.33285658e+00
0.18562 1.33310094e+00
0.18627 1.33334630e+00
0.18691 1.33359264e+00
0.18756 1.33383899e+00
0.18821 1.33408632e+00
0.18886 1.33433365e+00
0.18951 1.33458297e+00
0.19017 1.33483228e+00
0.19083 1.33508159e+00
0.19149 1.33533189e+00
0.19215 1.33558417e+00
0.19282 1.33583645e+00
0.19348 1.33608774e+00
0.19415 1.33634200e+00
0.19483 1.33659626e+00
0.19550 1.33685052e+00
0.19618 1.33710577e+00
0.19686 1.33736299e+00
0.19754 1.33762121e+00
0.19822 1.33787745e+00
0.19891 1.33813566e+00
0.19960 1.33839586e+00
0.20029 1.33856206e+00
0.20098 1.33859273e+00
0.20168 1.33862340e+00
0.20237 1.33865308e+00
0.20307 1.33868078e+00
0.20378 1.33870849e+00
0.20448 1.33873421e+00
0.20519 1.33875894e+00
0.20590 1.33878269e+00
0.20661 1.33880445e+00
0.20733 1.33882523e+00
0.20805 1.33884501e+00
0.20877 1.33886381e+00
0.20949 1.33888063e+00
0.21021 1.33889646e+00
0.21094 1.33891031e+00
0.21167 1.33892317e+00
0.21240 1.33893504e+00
0.21314 1.33894494e+00
0.21388 1.33895384e+00
0.21462 1.33896077e+00
0.21536 1.33896670e+00
0.21611 1.33897066e+00
0.21685 1.33897363e+00
0.21760 1.33897363e+00
0.21836 1.33897363e+00
0.21911 1.33897165e+00
0.21987 1.33896868e+00
0.22063 1.33900232e+00
0.22140 1.33904486e+00
0.22216 1.33908839e+00
0.22293 1.33913390e+00
0.22370 1.33917842e+00
0.22448 1.33922393e+00
0.22526 1.33926944e+00
0.22604 1.33931594e+00
0.22682 1.33936342e+00
0.22760 1.33941190e+00
0.22839 1.33945939e+00
0.22918 1.33950886e+00
0.22998 1.33955832e+00
0.23077 1.33960878e+00
0.23157 1.33965923e+00
0.23237 1.33971068e+00
0.23318 1.33976213e+00
0.23398 1.33981555e+00
0.23479 1.33986996e+00
0.23561 1.33992339e+00
0.23642 1.33997681e+00
0.23724 1.34003122e+00
0.23806 1.34008861e+00
0.23889 1.34014599e+00
0.23971 1.34020238e+00
0.24054 1.34032605e+00
0.24137 1.34048632e+00
0.24221 1.34064857e+00
0.24305 1.34081082e+00
0.24389 1.34097208e+00
0.24473 1.34113334e+00
0.24558 1.34129559e+00
0.24643 1.34145883e+00
0.24728 1.34162207e+00
0.24814 1.34178531e+00
0.24900 1.34194855e+00
0.24986 1.34211278e+00
0.25073 1.34227800e+00
0.25159 1.34244322e+00
0.25246 1.34260745e+00
0.25334 1.34277267e+00
0.25422 1.34293986e+00
0.25510 1.34310706e+00
0.25598 1.34327327e+00
0.25687 1.34343948e+00
0.25775 1.34360766e+00
0.25865 1.34377585e+00
0.25954 1.34394503e+00
0.26044 1.34414487e+00
0.26134 1.34437835e+00
0.26225 1.34461184e+00
0.26315 1.34484730e+00
0.26406 1.34508177e+00
0.26498 1.34531426e+00
0.26590 1.34554676e+00
0.26682 1.34578123e+00
0.26774 1.34601867e+00
0.26867 1.34625611e+00
0.26960 1.34649058e+00
0.27053 1.34672209e+00
0.27147 1.34695557e+00
0.27241 1.34719301e+00
0.27335 1.34743342e+00
0.27430 1.34767185e+00
0.27525 1.34790533e+00
0.27620 1.34813782e+00
0.27715 1.34837427e+00
0.27811 1.34861369e+00
0.27908 1.34885410e+00
0.28004 1.34909253e+00
0.28101 1.34935767e+00
0.28198 1.34962281e+00
0.28296 1.34989092e+00
0.28394 1.35015903e+00
0.28492 1.35042516e+00
0.28591 1.35068931e+00
0.28690 1.35095445e+00
0.28789 1.35122157e+00
0.28889 1.35149067e+00
0.28989 1.35175779e+00
0.29089 1.35202194e+00
0.29190 1.35228511e+00
0.29291 1.35254827e+00
0.29392 1.35281341e+00
0.29494 1.35307954e+00
0.29596 1.35334666e+00
0.29699 1.35361378e+00
0.29801 1.35387793e+00
0.29905 1.35413912e+00
0.30008 1.35440030e+00
0.30112 1.35470304e+00
0.30216 1.35501072e+00
0.30321 1.35532335e+00
0.30426 1.35563202e+00
0.30531 1.35593278e+00
0.30637 1.35622661e+00
0.30743 1.35652143e+00
0.30849 1.35682219e+00
0.30956 1.35713086e+00
0.31063 1.35743657e+00
0.31171 1.35773238e+00
0.31279 1.35802324e+00
0.31387 1.35831707e+00
0.31496 1.35861585e+00
0.31605 1.35891760e+00
0.31714 1.35921242e+00
0.31824 1.35949834e+00
0.31934 1.35978030e+00
0.32044 1.36009490e+00
0.32155 1.36045403e+00
0.32267 1.36081514e+00
0.32378 1.36116437e+00
0.32490 1.36149580e+00
0.32603 1.36181832e+00
0.32716 1.36214579e+00
0.32829 1.36248711e+00
0.32943 1.36283833e+00
0.33057 1.36318756e+00
0.33171 1.36352591e+00
0.33286 1.36385536e+00
0.33401 1.36418283e+00
0.33517 1.36450931e+00
0.33633 1.36483579e+00
0.33749 1.36515930e+00
0.33866 1.36547688e+00
0.33983 1.36579841e+00
0.34101 1.36619414e+00
0.34219 1.36660670e+00
0.34337 1.36701232e+00
0.34456 1.36740509e+00
0.34576 1.36778499e+00
0.34695 1.36815599e+00
0.34815 1.36853095e+00
0.34936 1.36891778e+00
0.35057 1.36930857e+00
0.35178 1.36969342e+00
0.35300 1.37007035e+00
0.35422 1.37044729e+00
0.35545 1.37083016e+00
0.35668 1.37121996e+00
0.35791 1.37160580e+00
0.35915 1.37196987e+00
0.36039 1.37232603e+00
0.36164 1.37271088e+00
0.36289 1.37310859e+00
0.36415 1.37353203e+00
0.36541 1.37397822e+00
0.36668 1.37442342e+00
0.36795 1.37484092e+00
0.36922 1.37521983e+00
0.37050 1.37557797e+00
0.37178 1.37594106e+00
0.37307 1.37631997e+00
0.37436 1.37671966e+00
0.37565 1.37713221e+00
0.37695 1.37752993e+00
0.37826 1.37788905e+00
0.37957 1.37821850e+00
0.38088 1.37858950e+00
0.38220 1.37900403e+00
0.38352 1.37943439e+00
0.38485 1.37985684e+00
0.38618 1.38025554e+00
0.38752 1.38061566e+00
0.38886 1.38094016e+00
0.39021 1.38125575e+00
0.39156 1.38159411e+00
0.39291 1.38196511e+00
0.39427 1.38235095e+00
0.39564 1.38272590e+00
0.39701 1.38306525e+00
0.39838 1.38335017e+00
0.39976 1.38358563e+00
0.40115 1.38383396e+00
0.40253 1.38411493e+00
0.40393 1.38442360e+00
0.40533 1.38473920e+00
0.40673 1.38504193e+00
0.40814 1.38531499e+00
0.40955 1.38554748e+00
0.41097 1.38573941e+00
0.41239 1.38590661e+00
0.41382 1.38606886e+00
0.41525 1.38623903e+00
0.41669 1.38641315e+00
0.41813 1.38657540e+00
0.41958 1.38671885e+00
0.42103 1.38686824e+00
0.42249 1.38700675e+00
0.42395 1.38710964e+00
0.42542 1.38717098e+00
0.42689 1.38720363e+00
0.42837 1.38722638e+00
0.42985 1.38725210e+00
0.43134 1.38729069e+00
0.43283 1.38734312e+00
0.43433 1.38737181e+00
0.43583 1.38733224e+00
0.43734 1.38721550e+00
0.43886 1.38705819e+00
0.44037 1.38690386e+00
0.44190 1.38678118e+00
0.44343 1.38669511e+00
0.44496 1.38662882e+00
0.44650 1.38652989e+00
0.44805 1.38633499e+00
0.44960 1.38601841e+00
0.45116 1.38564543e+00
0.45272 1.38527641e+00
0.45429 1.38497565e+00
0.45586 1.38477976e+00
0.45744 1.38465906e+00
0.45902 1.38453441e+00
0.46061 1.38431873e+00
0.46220 1.38394575e+00
0.46380 1.38340162e+00
0.46541 1.38275855e+00
0.46702 1.38213527e+00
0.46864 1.38162280e+00
0.47026 1.38122904e+00
0.47189 1.38090058e+00
0.47352 1.38057311e+00
0.47516 1.38019420e+00
0.47680 1.37970250e+00
0.47845 1.37905251e+00
0.48011 1.37826698e+00
0.48177 1.37743495e+00
0.48344 1.37665733e+00
0.48511 1.37595985e+00
0.48679 1.37528711e+00
0.48848 1.37458468e+00
0.49017 1.37384268e+00
0.49186 1.37309079e+00
0.49357 1.37235274e+00
0.49528 1.37160382e+00
0.49699 1.37079949e+00
0.49871 1.36992393e+00
0.50044 1.36901177e+00
0.50217 1.36810455e+00
0.50391 1.36707663e+00
0.50565 1.36594780e+00
0.50740 1.36481106e+00
0.50916 1.36377522e+00
0.51092 1.36289571e+00
0.51269 1.36215865e+00
0.51446 1.36149481e+00
0.51625 1.36080228e+00
0.51803 1.35998509e+00
0.51983 1.35894530e+00
0.52163 1.35761069e+00
0.52343 1.35601489e+00
0.52524 1.35432610e+00
0.52706 1.35274910e+00
0.52889 1.35141153e+00
0.53072 1.35033810e+00
0.53255 1.34947144e+00
0.53440 1.34869185e+00
0.53625 1.34784993e+00
0.53810 1.34680321e+00
0.53997 1.34543694e+00
0.54183 1.34371451e+00
0.54371 1.34174574e+00
0.54559 1.33973442e+00
0.54748 1.33785766e+00
0.54938 1.33620745e+00
0.55128 1.33493220e+00
0.55319 1.33393594e+00
0.55510 1.33305741e+00
0.55702 1.33214426e+00
0.55895 1.33103818e+00
0.56089 1.32962344e+00
0.56283 1.32789210e+00
0.56478 1.32595499e+00
0.56673 1.32397830e+00
0.56869 1.32209065e+00
0.57066 1.32035239e+00
0.57264 1.31877045e+00
0.57462 1.31732800e+00
0.57661 1.31599933e+00
0.57860 1.31472210e+00
0.58061 1.31339243e+00
0.58262 1.31189557e+00
0.58463 1.31015830e+00
0.58666 1.30818656e+00
0.58869 1.30606741e+00
0.59073 1.30392451e+00
0.59277 1.30185780e+00
0.59482 1.29991673e+00
0.59688 1.29809635e+00
0.59895 1.29636304e+00
0.60102 1.29480682e+00
0.60310 1.29338416e+00
0.60519 1.29190115e+00
0.60728 1.29031525e+00
0.60939 1.28860469e+00
0.61150 1.28677640e+00
0.61361 1.28485709e+00
0.61574 1.28288634e+00
0.61787 1.28090767e+00
0.62001 1.27895473e+00
0.62215 1.27704037e+00
0.62431 1.27516855e+00
0.62647 1.27334422e+00
0.62864 1.27157430e+00
0.63081 1.26984495e+00
0.63300 1.26811362e+00
0.63519 1.26632490e+00
0.63739 1.26442637e+00
0.63959 1.26239329e+00
0.64181 1.26024545e+00
0.64403 1.25803231e+00
0.64626 1.25580631e+00
0.64849 1.25359317e+00
0.65074 1.25154129e+00
0.65299 1.24980303e+00
0.65525 1.24809446e+00
0.65752 1.24644821e+00
0.65980 1.24487813e+00
0.66208 1.24335852e+00
0.66437 1.24182505e+00
0.66667 1.24021145e+00
0.66898 1.23849693e+00
0.67130 1.23669734e+00
0.67362 1.23484926e+00
0.67595 1.23297942e+00
0.67829 1.23110167e+00
0.68064 1.22922094e+00
0.68299 1.22735209e+00
0.68536 1.22551490e+00
0.68773 1.22372322e+00
0.69011 1.22197012e+00
0.69250 1.22022889e+00
0.69490 1.21847184e+00
0.69730 1.21667917e+00
0.69972 1.21483901e+00
0.70214 1.21342327e+00
0.70457 1.21205700e+00
0.70701 1.21070458e+00
0.70946 1.20938778e+00
0.71191 1.20811945e+00
0.71438 1.20689169e+00
0.71685 1.20566591e+00
0.71933 1.20438967e+00
0.72182 1.20302933e+00
0.72432 1.20159876e+00
0.72683 1.20014444e+00
0.72934 1.19870496e+00
0.73187 1.19730109e+00
0.73440 1.19593581e+00
0.73694 1.19459329e+00
0.73949 1.19326066e+00
0.74205 1.19196166e+00
0.74462 1.19073489e+00
0.74720 1.18958034e+00
0.74979 1.18844359e+00
0.75238 1.18778667e+00
0.75499 1.18709513e+00
0.75760 1.18634522e+00
0.76022 1.18557848e+00
0.76285 1.18480581e+00
0.76549 1.18401237e+00
0.76814 1.18319518e+00
0.77080 1.18237106e+00
0.77347 1.18156476e+00
0.77615 1.18080099e+00
0.77884 1.18010252e+00
0.78153 1.17946836e+00
0.78424 1.17886289e+00
0.78695 1.17822279e+00
0.78968 1.17749860e+00
0.79241 1.17670416e+00
0.79515 1.17591764e+00
0.79790 1.17522808e+00
0.80067 1.17485510e+00
0.80344 1.17517267e+00
0.80622 1.17544672e+00
0.80901 1.17560106e+00
0.81181 1.17562678e+00
0.81462 1.17558721e+00
0.81744 1.17558622e+00
0.82027 1.17570395e+00
0.82311 1.17595128e+00
0.82596 1.17626094e+00
0.82882 1.17652410e+00
0.83169 1.17664876e+00
0.83457 1.17661215e+00
0.83745 1.17647662e+00
0.84035 1.17635691e+00
0.84326 1.17635592e+00
0.84618 1.17651619e+00
0.84911 1.17679716e+00
0.85205 1.17710781e+00
0.85500 1.17735218e+00
0.85796 1.17748178e+00
0.86093 1.17751443e+00
0.86391 1.17751047e+00
0.86690 1.17752828e+00
0.86990 1.17759852e+00
0.87291 1.17771427e+00
0.87593 1.17784486e+00
0.87897 1.17795072e+00
0.88201 1.17800415e+00
0.88506 1.17800217e+00
0.88813 1.17797150e+00
0.89120 1.17794578e+00
0.89428 1.17794677e+00
0.89738 1.17797447e+00
0.90049 1.17809121e+00
0.90360 1.17866304e+00
0.90673 1.17918640e+00
0.90987 1.17966524e+00
0.91302 1.18012231e+00
0.91618 1.18058631e+00
0.91935 1.18108394e+00
0.92253 1.18162412e+00
0.92573 1.18219793e+00
0.92893 1.18278263e+00
0.93215 1.18335050e+00
0.93537 1.18388870e+00
0.93861 1.18439920e+00
0.94186 1.18489189e+00
0.94512 1.18537468e+00
0.94839 1.18585055e+00
0.95168 1.18631949e+00
0.95497 1.18677755e+00
0.95828 1.18721880e+00
0.96159 1.18764124e+00
0.96492 1.18804786e+00
0.96826 1.18844854e+00
0.97161 1.18885515e+00
0.97498 1.18927166e+00
0.97835 1.18969906e+00
0.98174 1.19012744e+00
0.98514 1.19054197e+00
0.98855 1.19093078e+00
0.99197 1.19128199e+00
0.99540 1.19159561e+00
0.99885 1.19188153e+00
1.00231 1.19200025e+00
1.00578 1.19205565e+00
1.00926 1.19214469e+00
1.01275 1.19227033e+00
1.01626 1.19241972e+00
1.01978 1.19257604e+00
1.02330 1.19272246e+00
1.02685 1.19284909e+00
1.03040 1.19295693e+00
1.03397 1.19305982e+00
1.03755 1.19317854e+00
1.04114 1.19333387e+00
1.04474 1.19353965e+00
1.04836 1.19378995e+00
1.05199 1.19406399e+00
1.05563 1.19432518e+00
1.05928 1.19453591e+00
1.06295 1.19466254e+00
1.06663 1.19468629e+00
1.07032 1.19461209e+00
1.07403 1.19446270e+00
1.07775 1.19428165e+00
1.08148 1.19411841e+00
1.08522 1.19401354e+00
1.08898 1.19399672e+00
1.09275 1.19407290e+00
1.09653 1.19423020e+00
1.10032 1.19436673e+00
1.10413 1.19370487e+00
1.10796 1.19303212e+00
1.11179 1.19232277e+00
1.11564 1.19156692e+00
1.11950 1.19077050e+00
1.12338 1.18995430e+00
1.12726 1.18914800e+00
1.13117 1.18837533e+00
1.13508 1.18765509e+00
1.13901 1.18698630e+00
1.14295 1.18635511e+00
1.14691 1.18573875e+00
1.15088 1.18510756e+00
1.15487 1.18443580e+00
1.15886 1.18370765e+00
1.16287 1.18292014e+00
1.16690 1.18208614e+00
1.17094 1.18122443e+00
1.17499 1.18036074e+00
1.17906 1.17951387e+00
1.18314 1.17869767e+00
1.18724 1.17791610e+00
1.19135 1.17716420e+00
1.19547 1.17643012e+00
1.19961 1.17570098e+00
1.20376 1.17398745e+00
1.20793 1.17215719e+00
1.21211 1.17031901e+00
1.21630 1.16848280e+00
1.22052 1.16666639e+00
1.22474 1.16488361e+00
1.22898 1.16313941e+00
1.23323 1.16143083e+00
1.23750 1.15974501e+00
1.24179 1.15806117e+00
1.24609 1.15636149e+00
1.25040 1.15462917e+00
1.25473 1.15285727e+00
1.25907 1.15105075e+00
1.26343 1.14922543e+00
1.26780 1.14741000e+00
1.27219 1.14563514e+00
1.27659 1.14392953e+00
1.28101 1.14231098e+00
1.28545 1.14077553e+00
1.28990 1.13930143e+00
1.29436 1.13785205e+00
1.29884 1.13638190e+00
1.30334 1.13410248e+00
1.30785 1.13146096e+00
1.31238 1.12869478e+00
1.31692 1.12579901e+00
1.32148 1.12279341e+00
1.32605 1.11971461e+00
1.33064 1.11661799e+00
1.33525 1.11356491e+00
1.33987 1.11061076e+00
1.34451 1.10779215e+00
1.34916 1.10512194e+00
1.35383 1.10258430e+00
1.35852 1.10013867e+00
1.36322 1.09773261e+00
1.36794 1.09530478e+00
1.37268 1.09280375e+00
1.37743 1.09018993e+00
1.38220 1.08744849e+00
1.38698 1.08458635e+00
1.39178 1.08163912e+00
1.39660 1.07865925e+00
1.40144 1.07546766e+00
1.40629 1.07179328e+00
1.41115 1.06825938e+00
1.41604 1.06489268e+00
1.42094 1.06168526e+00
1.42586 1.05860546e+00
1.43080 1.05560086e+00
1.43575 1.05261109e+00
1.44072 1.04957483e+00
1.44571 1.04644755e+00
1.45071 1.04319858e+00
1.45573 1.03982000e+00
1.46077 1.03632271e+00
1.46583 1.03273539e+00
1.47090 1.02909662e+00
1.47599 1.02544697e+00
1.48110 1.02182601e+00
1.48623 1.01826045e+00
1.49137 1.01475821e+00
1.49654 1.01131335e+00
1.50172 1.00772108e+00
1.50692 1.00376771e+00
1.51213 9.99799491e-01
1.51737 9.95802584e-01
1.52262 9.91780944e-01
1.52789 9.87754852e-01
1.53318 9.83757154e-01
1.53849 9.79825246e-01
1.54381 9.75993064e-01
1.54916 9.72285537e-01
1.55452 9.68710086e-01
1.55990 9.65250586e-01
1.56530 9.61863504e-01
1.57072 9.58481864e-01
1.57615 9.55025925e-01
1.58161 9.51417925e-01
1.58709 9.47597317e-01
1.59258 9.43531751e-01
1.59809 9.39223600e-01
1.60362 9.34416330e-01
1.60918 9.29325914e-01
1.61475 9.24213731e-01
1.62034 9.19194547e-01
1.62594 9.14378967e-01
1.63157 9.09862165e-01
1.63722 9.05710131e-01
1.64289 9.01941859e-01
1.64857 8.98522130e-01
1.65428 8.95373577e-01
1.66001 8.92396673e-01
1.66575 8.89481305e-01
1.67152 8.86512118e-01
1.67731 8.83377118e-01
1.68311 8.79978857e-01
1.68894 8.76246597e-01
1.69478 8.72152934e-01
1.70065 8.67691535e-01
1.70654 8.62669778e-01
1.71245 8.57552649e-01
1.71837 8.52456198e-01
1.72432 8.47444235e-01
1.73029 8.42540604e-01
1.73628 8.37771622e-01
1.74229 8.33189722e-01
1.74832 8.28854266e-01
1.75437 8.24792459e-01
1.76045 8.20976007e-01
1.76654 8.17317848e-01
1.77266 8.13693425e-01
1.77879 8.09987481e-01
1.78495 8.06136996e-01
1.79113 8.02124557e-01
1.79733 7.97940666e-01
1.80355 7.93542783e-01
1.80979 7.88957322e-01
1.81606 7.84276390e-01
1.82234 7.79600009e-01
1.82865 7.75030476e-01
1.83498 7.70644762e-01
1.84133 7.66482834e-01
1.84771 7.62566558e-01
1.85410 7.58927988e-01
1.86052 7.55596210e-01
1.86696 7.52555296e-01
1.87342 7.49731343e-01
1.87991 7.47018987e-01
1.88642 7.44294858e-01
1.89295 7.41395122e-01
1.89950 7.38120033e-01
1.90607 7.33773990e-01
1.91267 7.28820200e-01
1.91929 7.23353936e-01
1.92594 7.17421201e-01
1.93260 7.11072747e-01
1.93929 7.04476367e-01
1.94601 6.97978129e-01
1.95274 6.91986034e-01
1.95950 6.86720901e-01
1.96629 6.82067473e-01
1.97309 6.77750517e-01
1.97992 6.73725810e-01
1.98678 6.70316666e-01
1.99365 6.67855996e-01
2.00055 6.66167006e-01
2.00748 6.64017680e-01
2.01443 6.61420878e-01
2.02140 6.58140347e-01
2.02840 6.54434997e-01
2.03542 6.50613005e-01
2.04247 6.46620550e-01
2.04954 6.41985127e-01
2.05663 6.36206827e-01
2.06375 6.29358662e-01
2.07090 6.22202616e-01
2.07806 6.15572203e-01
2.08526 6.09670038e-01
2.09247 6.03954066e-01
2.09972 5.97775580e-01
2.10699 5.91178805e-01
2.11428 5.84866462e-01
2.12160 5.79346378e-01
2.12894 5.74408813e-01
2.13631 5.69499543e-01
2.14371 5.64343138e-01
2.15113 5.59116688e-01
2.15857 5.54192776e-01
2.16605 5.49758089e-01
2.17354 5.45692325e-01
2.18107 5.41740037e-01
2.18862 5.37687233e-01
2.19619 5.33558448e-01
2.20380 5.29417495e-01
2.21143 5.25395360e-01
2.21908 5.21491154e-01
2.22676 5.17500381e-01
2.23447 5.13471915e-01
2.24220 5.09629344e-01
2.24997 5.05996809e-01
2.25775 5.02039574e-01
2.26557 4.97093303e-01
2.27341 4.91191732e-01
2.28128 4.85132461e-01
2.28918 4.79681037e-01
2.29710 4.74704097e-01
2.30505 4.69280077e-01
2.31303 4.62962095e-01
2.32104 4.56483742e-01
2.32908 4.50795867e-01
2.33714 4.46003339e-01
2.34523 4.41469917e-01
2.35335 4.36535913e-01
2.36149 4.31083499e-01
2.36967 4.25484170e-01
2.37787 4.20148101e-01
2.38610 4.15240019e-01
2.39436 4.10516447e-01
2.40265 4.06067909e-01
2.41097 4.02351775e-01
2.41931 3.98506534e-01
2.42769 3.95118067e-01
2.43609 3.92478427e-01
2.44452 3.90328210e-01
2.45298 3.88154347e-01
2.46148 3.85665581e-01
2.47000 3.83060369e-01
2.47855 3.80831203e-01
2.48713 3.79264297e-01
2.49574 3.78182362e-01
2.50438 3.77089940e-01
2.51304 3.75594662e-01
2.52174 3.73757272e-01
2.53047 3.71909890e-01
2.53923 3.70163914e-01
2.54802 3.68195933e-01
2.55684 3.65514938e-01
2.56569 3.61970355e-01
2.57457 3.57933776e-01
2.58349 3.53903034e-01
2.59243 3.50023462e-01
2.60140 3.46159225e-01
2.61041 3.42504232e-01
2.61944 3.38653747e-01
2.62851 3.34922773e-01
2.63761 3.31511551e-01
2.64674 3.28416818e-01
2.65590 3.25541222e-01
2.66510 3.22807001e-01
2.67432 3.20201987e-01
2.68358 3.17776637e-01
2.69287 3.15594959e-01
2.70219 3.13643004e-01
2.71154 3.11791863e-01
2.72093 3.09887792e-01
2.73035 3.07888646e-01
2.73980 3.05883960e-01
2.74928 3.03959410e-01
2.75880 3.02071366e-01
2.76835 3.00083894e-01
2.77793 2.97924179e-01
2.78755 2.95667906e-01
2.79720 2.93451799e-01
2.80688 2.91719081e-01
2.81660 2.90175028e-01
2.82635 2.88597536e-01
2.83613 2.87026970e-01
2.84595 2.85580861e-01
2.85580 2.84342117e-01
2.86569 2.83296589e-01
2.87561 2.82374531e-01
2.88556 2.81525881e-01
2.89555 2.80737778e-01
2.90557 2.79990831e-01
2.91563 2.79224691e-01
2.92572 2.78358728e-01
2.93585 2.77339319e-01
2.94601 2.76162012e-01
2.95621 2.74852333e-01
2.96644 2.73435211e-01
2.97671 2.71922917e-01
2.98702 2.70324846e-01
2.99736 2.68656830e-01
3.00773 2.66847439e-01
3.01814 2.64971267e-01
3.02859 2.63067394e-01
3.03907 2.61141063e-01
3.04960 2.59198309e-01
3.06015 2.57242001e-01
3.07074 2.55271744e-01
3.08137 2.53288625e-01
3.09204 2.51296504e-01
3.10274 2.49298248e-01
3.11348 2.47290990e-01
3.12426 2.45270178e-01
3.13508 2.43236603e-01
3.14593 2.41195509e-01
3.15682 2.39151151e-01
3.16775 2.37103726e-01
3.17871 2.35053035e-01
3.18972 2.33004423e-01
3.20076 2.30967781e-01
3.21184 2.28953598e-01
3.22295 2.26969984e-01
3.23411 2.25025351e-01
3.24531 2.23130777e-01
3.25654 2.21299818e-01
3.26781 2.19546324e-01
3.27912 2.17882067e-01
3.29047 2.16317634e-01
3.30187 2.14862523e-01
3.31330 2.13525637e-01
3.32476 2.12313506e-01
3.33627 2.11228504e-01
3.34782 2.10268554e-01
3.35941 2.09426532e-01
3.37104 2.08689578e-01
3.38271 2.08039091e-01
3.39442 2.07451130e-01
3.40617 2.06898093e-01
3.41796 2.06350398e-01
3.42979 2.05779454e-01
3.44166 2.05160329e-01
3.45358 2.04472940e-01
3.46553 2.03703140e-01
3.47753 2.02842815e-01
3.48957 2.01889098e-01
3.50164 2.00849309e-01
3.51377 1.99759657e-01
3.52593 1.98588583e-01
3.53814 1.97343013e-01
3.55038 1.96030266e-01
3.56267 1.94657665e-01
3.57500 1.93231838e-01
3.58738 1.91759215e-01
3.59980 1.90245337e-01
3.61226 1.88695448e-01
3.62476 1.87114196e-01
3.63731 1.85505738e-01
3.64990 1.83874130e-01
3.66254 1.82223031e-01
3.67521 1.80556005e-01
3.68794 1.78876314e-01
3.70070 1.77187522e-01
3.71351 1.75492794e-01
3.72637 1.73795593e-01
3.73927 1.72099282e-01
3.75221 1.70407522e-01
3.76520 1.68723875e-01
3.77823 1.67052099e-01
3.79131 1.65396054e-01
3.80443 1.63759796e-01
3.81760 1.62147578e-01
3.83082 1.60563655e-01
3.84408 1.59012480e-01
3.85739 1.57498503e-01
3.87074 1.56026375e-01
3.88414 1.54600647e-01
3.89758 1.53225770e-01
3.91107 1.51906098e-01
3.92461 1.50645886e-01
3.93820 1.49449089e-01
3.95183 1.48319073e-01
3.96551 1.47259002e-01
3.97924 1.46271251e-01
3.99301 1.45357503e-01
4.00683 1.44605214e-01
4.02070 1.44016561e-01
4.03462 1.43501910e-01
4.04859 1.43058490e-01
4.06260 1.42682247e-01
4.07667 1.42367837e-01
4.09078 1.42108236e-01
4.10494 1.41895430e-01
4.11915 1.41720021e-01
4.13341 1.41571720e-01
4.14771 1.41439842e-01
4.16207 1.41313405e-01
4.17648 1.41181428e-01
4.19094 1.41033622e-01
4.20545 1.40860093e-01
4.22000 1.40652234e-01
4.23461 1.40402328e-01
4.24927 1.40104044e-01
4.26398 1.39752138e-01
4.27874 1.39342653e-01
4.29355 1.38872918e-01
4.30841 1.38340953e-01
4.32332 1.37746265e-01
4.33829 1.37088655e-01
4.35331 1.36369212e-01
4.36838 1.35589222e-01
4.38350 1.34750861e-01
4.39867 1.33856701e-01
4.41390 1.32909711e-01
4.42918 1.31913453e-01
4.44451 1.30871388e-01
4.45990 1.29787672e-01
4.47533 1.28666362e-01
4.49083 1.27511909e-01
4.50637 1.26438581e-01
4.52197 1.25495251e-01
4.53762 1.24526694e-01
4.55333 1.23538350e-01
4.56909 1.22535364e-01
4.58491 1.21522979e-01
4.60078 1.20506439e-01
4.61670 1.19490493e-01
4.63269 1.18479988e-01
4.64872 1.17479574e-01
4.66481 1.16493505e-01
4.68096 1.15526036e-01
4.69717 1.14580926e-01
4.71343 1.13661934e-01
4.72974 1.12772425e-01
4.74611 1.11915365e-01
4.76254 1.11093625e-01
4.77903 1.10309875e-01
4.79557 1.09566094e-01
4.81217 1.08864459e-01
4.82883 1.08206651e-01
4.84555 1.07594056e-01
4.86232 1.07027663e-01
4.87915 1.06508461e-01
4.89604 1.06036945e-01
4.91299 1.05613213e-01
4.92999 1.05237266e-01
4.94706 1.04908709e-01
4.96418 1.04626848e-01
4.98137 1.04390496e-01
4.99861 1.04198367e-01
5.01591 1.04181351e-01
5.03328 1.04217165e-01
5.05070 1.04291761e-01
5.06818 1.04402368e-01
5.08573 1.04545722e-01
5.10333 1.04718460e-01
5.12100 1.04916821e-01
5.13873 1.05136651e-01
5.15651 1.05373695e-01
5.17436 1.05623601e-01
5.19228 1.05881718e-01
5.21025 1.06143496e-01
5.22828 1.06404185e-01
5.24638 1.06659235e-01
5.26454 1.06904293e-01
5.28277 1.07134907e-01
5.30105 1.07347119e-01
5.31940 1.07537170e-01
5.33782 1.07701795e-01
5.35629 1.07837828e-01
5.37484 1.07942796e-01
5.39344 1.08014424e-01
5.41211 1.08051227e-01
5.43084 1.08051722e-01
5.44965 1.08015215e-01
5.46851 1.07941312e-01
5.48744 1.07830012e-01
5.50643 1.07566157e-01
5.52550 1.07038546e-01
5.54462 1.06474725e-01
5.56381 1.05876574e-01
5.58308 1.05246665e-01
5.60240 1.04587274e-01
5.62179 1.03901370e-01
5.64125 1.03191523e-01
5.66078 1.02460801e-01
5.68038 1.01711975e-01
5.70004 1.00947913e-01
5.71977 1.00171484e-01
5.73957 9.93854587e-02
5.75944 9.85924783e-02
5.77938 9.77951449e-02
5.79938 9.69959021e-02
5.81946 9.61970649e-02
5.83960 9.54008098e-02
5.85982 9.46091849e-02
5.88010 9.38240796e-02
5.90045 9.30472254e-02
5.92088 9.22802349e-02
5.94137 9.15245524e-02
5.96194 9.07815037e-02
5.98258 9.00522463e-02
6.00329 8.93335352e-02
6.02407 8.86086902e-02
6.04492 8.79020490e-02
6.06585 8.72143041e-02
6.08684 8.65459896e-02
6.10791 8.58975311e-02
6.12906 8.52692450e-02
6.15027 8.46613195e-02
6.17156 8.40738633e-02
6.19293 8.35068763e-02
6.21436 8.29602697e-02
6.23588 8.24338553e-02
6.25746 8.19273958e-02
6.27912 8.14405448e-02
6.30086 8.09728969e-02
6.32267 8.05239967e-02
6.34455 8.00933103e-02
6.36652 7.96802339e-02
6.38856 7.92841345e-02
6.41067 7.89043196e-02
6.43286 7.85400569e-02
6.45513 7.81905551e-02
6.47747 7.78549931e-02
6.49990 7.75325397e-02
6.52240 7.74785221e-02
6.54497 7.74371877e-02
6.56763 7.74061325e-02
6.59037 7.73841001e-02
6.61318 7.73698339e-02
6.63607 7.73620577e-02
6.65904 7.73595053e-02
6.68209 7.73609002e-02
6.70522 7.73649862e-02
6.72843 7.73705363e-02
6.75172 7.73763635e-02
6.77510 7.73812805e-02
6.79855 7.73841693e-02
6.82208 7.73839814e-02
6.84570 7.73796778e-02
6.86939 7.73703286e-02
6.89317 7.73550434e-02
6.91704 7.73330010e-02
6.94098 7.73034694e-02
6.96500 7.72657857e-02
6.98911 7.72193662e-02
7.01331 7.72704158e-02
7.03759 7.73973769e-02
7.06195 7.75119022e-02
7.08639 7.76136848e-02
7.11092 7.77025170e-02
7.13554 7.77783296e-02
7.16024 7.78410929e-02
7.18502 7.78909158e-02
7.20990 7.79279564e-02
7.23485 7.79524820e-02
7.25990 7.79647893e-02
7.28503 7.79652642e-02
7.31025 7.79543320e-02
7.33555 7.79324579e-02
7.36094 7.79001561e-02
7.38642 7.78579611e-02
7.41199 7.78064366e-02
7.43765 7.77461763e-02
7.46340 7.76777540e-02
7.48923 7.76017930e-02
7.51516 7.81182052e-02
7.54117 7.90635330e-02
7.56727 8.00146484e-02
7.59347 8.09728276e-02
7.61975 8.19393766e-02
7.64613 8.29155617e-02
7.67260 8.39026294e-02
7.69916 8.49018165e-02
7.72581 8.59143201e-02
7.75255 8.69413173e-02
7.77939 8.79839361e-02
7.80632 8.90433143e-02
7.83334 9.01205202e-02
7.86046 9.12166026e-02
7.88767 9.23325904e-02
7.91497 9.34694729e-02
7.94237 9.46282295e-02
7.96986 9.58098002e-02
7.99745 9.70150951e-02
8.02513 1.01956637e-01
8.05291 1.07573973e-01
8.08079 1.13521350e-01
8.10876 1.19818951e-01
8.13683 1.26487850e-01
8.16500 1.33550403e-01
8.19326 1.41029862e-01
8.22162 1.54866975e-01
8.25008 1.72142120e-01
8.27864 1.91329251e-01
8.30730 2.12624651e-01
8.33605 2.36239642e-01
8.36491 2.62400484e-01
8.39386 2.91346993e-01
8.42292 3.16328451e-01
8.45208 3.41388561e-01
8.48133 3.68372232e-01
8.51069 3.97397095e-01
8.54016 4.28581475e-01
8.56972 4.62042905e-01
8.59938 4.97896444e-01
8.62915 5.26017947e-01
8.65902 5.55370478e-01
8.68899 5.86201963e-01
8.71907 6.18551185e-01
8.74925 6.52452868e-01
8.77954 6.87936396e-01
8.80993 7.24368695e-01
8.84043 7.60947811e-01
8.87103 7.98976300e-01
8.90174 8.38454658e-01
8.93255 8.79375661e-01
8.96347 9.21723085e-01
8.99450 9.65471603e-01
9.02563 1.00318004e+00
9.05688 1.04018902e+00
9.08823 1.07802311e+00
9.11969 1.11665559e+00
9.15126 1.15605381e+00
9.18294 1.19618414e+00
9.21472 1.23315354e+00
9.24662 1.26614682e+00
9.27863 1.29956155e+00
9.31075 1.33337598e+00
9.34298 1.36756734e+00
9.37532 1.40211090e+00
9.40777 1.43516849e+00
9.44034 1.46270757e+00
9.47302 1.49044650e+00
9.50581 1.51836548e+00
9.53871 1.54644474e+00
9.57173 1.57465954e+00
9.60487 1.60208287e+00
9.63811 1.62432506e+00
9.67148 1.64661375e+00
9.70495 1.66892915e+00
9.73855 1.69125049e+00
9.77226 1.71355501e+00
9.80609 1.73487218e+00
9.84003 1.75181055e+00
9.87409 1.76869847e+00
9.90827 1.78552011e+00
9.94257 1.80226062e+00
9.97699 1.81890417e+00
10.01153 1.83351069e+00
10.04618 1.84419846e+00
10.08096 1.85483775e+00
10.11585 1.86542461e+00
10.15087 1.87595507e+00
10.18601 1.88642518e+00
10.22127 1.89482166e+00
10.25665 1.90186868e+00
10.29215 1.90890086e+00
10.32778 1.91591820e+00
10.36353 1.92291971e+00
10.39941 1.92990737e+00
10.43540 1.93504894e+00
10.47153 1.94018556e+00
10.50777 1.94535186e+00
10.54415 1.95054981e+00
10.58065 1.95578141e+00
10.61727 1.95859705e+00
10.65403 1.95876722e+00
10.69091 1.95907193e+00
10.72791 1.95951812e+00
10.76505 1.96011370e+00
10.80231 1.96061628e+00
10.83971 1.95751076e+00
10.87723 1.95454375e+00
10.91488 1.95172118e+00
10.95266 1.94904998e+00
10.99058 1.94653708e+00
11.02862 1.94177146e+00
11.06680 1.93632914e+00
11.10511 1.93100850e+00
11.14355 1.92581549e+00
11.18212 1.92075604e+00
11.22083 1.91372485e+00
11.25967 1.90498706e+00
11.29865 1.89635809e+00
11.33776 1.88784488e+00
11.37701 1.87945830e+00
11.41639 1.86745769e+00
11.45591 1.85015128e+00
11.49556 1.83274000e+00
11.53536 1.81523671e+00
11.57529 1.79765428e+00
11.61536 1.77653993e+00
11.65556 1.74947276e+00
11.69591 1.72191983e+00
11.73640 1.69390685e+00
11.77702 1.66546154e+00
11.81779 1.63101394e+00
11.85870 1.58855769e+00
11.89975 1.54529514e+00
11.94094 1.50135983e+00
11.98227 1.45689523e+00
12.02375 1.40627303e+00
12.06537 1.35115925e+00
12.10714 1.29617210e+00
12.14905 1.24160146e+00
12.19110 1.18771643e+00
12.23330 1.13475346e+00
12.27565 1.08292229e+00
12.31814 1.03239802e+00
12.36078 9.83325805e-01
12.40357 9.35819007e-01
12.44651 8.89963704e-01
12.48959 8.45820046e-01
12.53283 8.13217655e-01
12.57621 7.84988413e-01
12.61974 7.57918077e-01
12.66343 7.31964796e-01
12.70726 7.07084943e-01
12.75125 6.83234194e-01
12.79539 6.60367930e-01
12.83968 6.38441830e-01
12.88413 6.17412462e-01
12.92873 5.97237482e-01
12.97348 5.77875734e-01
13.01839 5.66760475e-01
13.06345 5.66802027e-01
13.10867 5.67033036e-01
13.15405 5.67443906e-01
13.19959 5.68025733e-01
13.24528 5.68769811e-01
13.29113 5.69668422e-01
13.33713 5.70714247e-01
13.38330 5.71900259e-01
13.42963 5.73220030e-01
13.47612 5.74667722e-01
13.52277 5.78093189e-01
13.56958 5.83584088e-01
13.61655 5.89188563e-01
13.66368 5.94906118e-01
13.71098 6.00736556e-01
13.75844 6.06679778e-01
13.80607 6.12735586e-01
13.85386 6.18903882e-01
13.90182 6.25184665e-01
13.94994 6.31578132e-01
13.99823 6.38084186e-01
14.04668 6.41843653e-01
14.09531 6.45564239e-01
14.14410 6.49353385e-01
14.19306 6.53210103e-01
14.24219 6.57133799e-01
14.29149 6.61123880e-01
14.34096 6.65179652e-01
14.39060 6.69300621e-01
14.44042 6.73486292e-01
14.49041 6.77736073e-01
14.54057 6.81935496e-01
14.59090 6.86188541e-01
14.64141 6.90522810e-01
14.69209 6.94936820e-01
14.74295 6.99429382e-01
14.79398 7.03999212e-01
14.84519 7.08645418e-01
14.89658 7.13366814e-01
14.94814 7.18162508e-01
14.99989 7.23031710e-01
15.05181 7.39195240e-01
15.10392 7.55755493e-01
15.15620 7.72695056e-01
15.20866 7.90019965e-01
15.26131 8.07736748e-01
15.31414 8.25851936e-01
15.36715 8.44372157e-01
15.42034 8.63304139e-01
15.47372 8.82655004e-01
15.52729 9.03263708e-01
15.58103 9.25153598e-01
15.63497 9.47546762e-01
15.68909 9.70453885e-01
15.74340 9.93886245e-01
15.79790 1.01785581e+00
15.85258 1.04237545e+00
15.90746 1.06745901e+00
15.96252 1.09311935e+00
16.01778 1.11840869e+00
16.07323 1.14217544e+00
16.12886 1.16642499e+00
16.18470 1.19116921e+00
16.24072 1.21641996e+00
16.29694 1.24218913e+00
16.35335 1.26849055e+00
16.40996 1.29533809e+00
16.46677 1.32274658e+00
16.52377 1.34686158e+00
16.58097 1.36590130e+00
16.63836 1.38518638e+00
16.69596 1.40471878e+00
16.75375 1.42449951e+00
16.81175 1.44452857e+00
16.86994 1.46480792e+00
16.92834 1.48533659e+00
16.98694 1.50611457e+00
17.04574 1.52228918e+00
17.10474 1.53716282e+00
17.16395 1.55209977e+00
17.22337 1.56709510e+00
17.28299 1.58214385e+00
17.34281 1.59724008e+00
17.40285 1.61237886e+00
17.46309 1.62755523e+00
17.52354 1.64034237e+00
17.58420 1.64928693e+00
17.64507 1.65815433e+00
17.70615 1.66694158e+00
17.76744 1.67564376e+00
17.82894 1.68425492e+00
17.89066 1.69277209e+00
17.95259 1.70119033e+00
18.01473 1.70816018e+00
18.07709 1.71068001e+00
18.13967 1.71307321e+00
18.20246 1.71533878e+00
18.26547 1.71747376e+00
18.32870 1.71947815e+00
18.39214 1.72134898e+00
18.45581 1.72308625e+00
18.51969 1.72391135e+00
18.58380 1.72287453e+00
18.64813 1.72173482e+00
18.71268 1.72049123e+00
18.77746 1.71914574e+00
18.84246 1.71769537e+00
18.90768 1.71614212e+00
18.97313 1.71448499e+00
19.03881 1.71189590e+00
19.10472 1.70863902e+00
19.17085 1.70529012e+00
19.23721 1.70185120e+00
19.30380 1.69832027e+00
19.37062 1.69470030e+00
19.43768 1.69099030e+00
19.50496 1.68716751e+00
19.57248 1.68296878e+00
19.64023 1.67870080e+00
19.70822 1.67436356e+00
19.77644 1.66995806e+00
19.84490 1.66548430e+00
19.91359 1.66094326e+00
19.98252 1.65633494e+00
20.05169 1.65056218e+00
20.12110 1.64436895e+00
20.19076 1.63813121e+00
20.26065 1.63184993e+00
20.33078 1.62552512e+00
20.40116 1.61915777e+00
20.47178 1.61274887e+00
20.54264 1.60629941e+00
20.61375 1.59980938e+00
20.68511 1.59328077e+00
20.75671 1.58671358e+00
20.82856 1.58010879e+00
20.90066 1.57346739e+00
20.97301 1.56679038e+00
21.04561 1.56090781e+00
21.11846 1.55549022e+00
21.19157 1.55004987e+00
21.26492 1.54458479e+00
21.33853 1.53909795e+00
21.41240 1.53358835e+00
21.48652 1.52805699e+00
21.56090 1.52250485e+00
21.63553 1.51693194e+00
21.71043 1.51133825e+00
21.78558 1.50572576e+00
21.86099 1.50009349e+00
21.93666 1.49444241e+00
22.01260 1.48903175e+00
22.08880 1.48490029e+00
22.16526 1.48074015e+00
22.24199 1.47655329e+00
22.31898 1.47233774e+00
22.39624 1.46809548e+00
22.47377 1.46382749e+00
22.55156 1.45953280e+00
22.62962 1.45521139e+00
22.70796 1.45086624e+00
22.78656 1.44649437e+00
22.86544 1.44209877e+00
22.94459 1.43767941e+00
23.02402 1.43337977e+00
23.10372 1.42938385e+00
23.18369 1.42535628e+00
23.26394 1.42129803e+00
23.34447 1.41721011e+00
23.42528 1.41309250e+00
23.50637 1.40894423e+00
23.58774 1.40476726e+00
23.66939 1.40056161e+00
23.75133 1.39632825e+00
23.83354 1.39206620e+00
23.91604 1.38777645e+00
23.99883 1.38345999e+00
24.08191 1.37717871e+00
24.16527 1.37084698e+00
24.24892 1.36449249e+00
24.33286 1.35811525e+00
24.41709 1.35171822e+00
24.50161 1.34530041e+00
24.58642 1.33886282e+00
24.67153 1.33240643e+00
24.75693 1.32593223e+00
24.84263 1.31944023e+00
24.92863 1.31293239e+00
25.01492 1.30619701e+00
25.10151 1.29844954e+00
25.18840 1.29070405e+00
25.27559 1.28296153e+00
25.36309 1.27522198e+00
25.45088 1.26748737e+00
25.53898 1.25975870e+00
25.62739 1.25203497e+00
25.71610 1.24431718e+00
25.80512 1.23660731e+00
25.89444 1.22890436e+00
25.98408 1.22121031e+00
26.07403 1.21301962e+00
26.16428 1.20473692e+00
26.25485 1.19647302e+00
26.34574 1.18822792e+00
26.43694 1.18000359e+00
26.52845 1.17179806e+00
26.62028 1.16361429e+00
26.71243 1.15545130e+00
26.80489 1.14731107e+00
26.89768 1.13919260e+00
26.99079 1.13109787e+00
27.08422 1.12173383e+00
27.17798 1.11227086e+00
27.27205 1.10285043e+00
27.36646 1.09347353e+00
27.46119 1.08414016e+00
27.55625 1.07485131e+00
27.65164 1.06560599e+00
27.74736 1.05640717e+00
27.84341 1.04725286e+00
27.93979 1.03814407e+00
28.03650 1.02908771e+00
28.13355 1.02008973e+00
28.23094 1.01114121e+00
28.32867 1.00224215e+00
28.42673 9.93393557e-01
28.52513 9.84594822e-01
28.62387 9.75846445e-01
28.72295 9.67148721e-01
28.82238 9.58501749e-01
28.92215 9.49905630e-01
29.02227 9.40921098e-01
29.12273 9.30470374e-01
29.22354 9.20107009e-01
29.32470 9.09830803e-01
29.42621 8.99641659e-01
29.52807 8.89539577e-01
29.63029 8.79524259e-01
29.73286 8.69595606e-01
29.83578 8.59753520e-01
29.93906 8.49997704e-01
30.04269 8.40295114e-01
30.14669 8.30635066e-01
30.25104 8.21066036e-01
30.35576 8.11587728e-01
30.46084 8.02199746e-01
30.56628 7.92901695e-01
30.67209 7.83693376e-01
30.77826 7.74574196e-01
30.88481 7.65543957e-01
30.99172 7.56602164e-01
31.09900 7.47748422e-01
31.20665 7.38982237e-01
31.31467 7.30303211e-01
31.42307 7.21710950e-01
31.53184 7.13204959e-01
31.64099 7.04784743e-01
31.75052 6.96449708e-01
31.86043 6.88199559e-01
31.97072 6.80033700e-01
32.08139 6.72363201e-01
32.19244 6.64917478e-01
32.30388 6.57546450e-01
32.41570 6.50249919e-01
32.52791 6.43027093e-01
32.64051 6.35877577e-01
32.75349 6.28800975e-01
32.86687 6.21796495e-01
32.98064 6.14863840e-01
33.09481 6.08002418e-01
33.20937 6.01211634e-01
33.32433 5.94490994e-01
33.43968 5.87840002e-01
33.55544 5.81258067e-01
33.67159 5.74744593e-01
33.78815 5.68299185e-01
33.90511 5.61921151e-01
34.02247 5.55708533e-01
34.14024 5.49974357e-01
34.25842 5.44298354e-01
34.37701 5.38679930e-01
34.49601 5.33118690e-01
34.61542 5.27613940e-01
34.73525 5.22165385e-01
34.85549 5.16772430e-01
34.97614 5.11434581e-01
35.09721 5.06151343e-01
35.21871 5.00922221e-01
35.34062 4.95746722e-01
35.46295 4.90624350e-01
35.58571 4.85554610e-01
35.70889 4.80536909e-01
35.83250 4.75570950e-01
35.95654 4.70656140e-01
36.08101 4.65764579e-01
36.20590 4.60908239e-01
36.33123 4.56101266e-01
36.45700 4.51343067e-01
36.58320 4.46633346e-01
36.70983 4.41971607e-01
36.83691 4.37357357e-01
36.96442 4.32790297e-01
37.09238 4.28269835e-01
37.22077 4.23795674e-01
37.34962 4.19367319e-01
37.47890 4.14984375e-01
37.60864 4.10646346e-01
37.73883 4.06352837e-01
37.86946 4.02103453e-01
38.00055 3.97897995e-01
38.13209 3.93777322e-01
38.26409 3.89700280e-01
38.39654 3.85666372e-01
38.52946 3.81675302e-01
38.66283 3.77726378e-01
38.79667 3.73819501e-01
38.93096 3.69953879e-01
39.06573 3.66129314e-01
39.20096 3.62345312e-01
39.33665 3.58601378e-01
39.47282 3.54897215e-01
39.60946 3.51232329e-01
39.74657 3.47606224e-01
39.88416 3.44018605e-01
40.02222 3.40586805e-01
40.16076 3.37799754e-01
40.29978 3.35037338e-01
40.43928 3.32299259e-01
40.57926 3.29585221e-01
40.71973 3.26895223e-01
40.86069 3.24228772e-01
41.00213 3.21585867e-01
41.14406 3.18966112e-01
41.28648 3.16369310e-01
41.42940 3.13795362e-01
41.57281 3.11243970e-01
41.71672 3.08714937e-01
41.86113 3.06207966e-01
42.00603 3.03722959e-01
42.15144 3.01259717e-01
42.29735 2.98817844e-01
42.44377 2.96397440e-01
42.59069 2.93998010e-01
42.73812 2.91619554e-01
42.88606 2.89261775e-01
43.03451 2.86924574e-01
43.18348 2.84607654e-01
43.33297 2.82310818e-01
43.48297 2.80033966e-01
43.63349 2.77776802e-01
43.78453 2.75539227e-01
43.93609 2.73321042e-01
44.08818 2.71121952e-01
44.24079 2.68941956e-01
44.39394 2.66780857e-01
44.54761 2.64638356e-01
44.70182 2.62514258e-01
44.85655 2.60408561e-01
45.01183 2.58337193e-01
45.16764 2.56478434e-01
45.32399 2.54634317e-01
45.48089 2.52804545e-01
45.63832 2.50989217e-01
45.79630 2.49188037e-01
45.95483 2.47400905e-01
46.11391 2.45627723e-01
46.27353 2.43868391e-01
46.43371 2.42122713e-01
46.59445 2.40390687e-01
46.75574 2.38672116e-01
46.91759 2.36966901e-01
47.08000 2.35274943e-01
47.24297 2.33596044e-01
47.40650 2.31930205e-01
47.57060 2.30277326e-01
47.73527 2.28637110e-01
47.90051 2.27009657e-01
48.06633 2.25394768e-01
48.23271 2.23792345e-01
48.39967 2.22202189e-01
48.56721 2.20624400e-01
48.73533 2.19058681e-01
48.90403 2.17505032e-01
49.07332 2.15963255e-01
49.24319 2.14433449e-01
49.41365 2.12915218e-01
49.58470 2.11408760e-01
49.75634 2.09913779e-01
49.92858 2.08430174e-01
50.10141 2.06663918e-01
50.27484 2.04707610e-01
50.44887 2.02770396e-01
50.62350 2.00851980e-01
50.79874 1.98952064e-01
50.97458 1.97070748e-01
51.15104 1.95207635e-01
51.32810 1.93362529e-01
51.50578 1.91535329e-01
51.68407 1.89725937e-01
51.86298 1.87933958e-01
52.04250 1.86159391e-01
52.22265 1.84402038e-01
52.40343 1.82661702e-01
52.58482 1.80938184e-01
52.76685 1.79231386e-01
52.94951 1.77541110e-01
53.13280 1.75867158e-01
53.31672 1.74209431e-01
53.50128 1.72567633e-01
53.68648 1.70941861e-01
53.87232 1.69331622e-01
54.05880 1.67737114e-01
54.24593 1.66157940e-01
54.43371 1.64594002e-01
54.62214 1.63045101e-01
54.81122 1.61511239e-01
55.00095 1.59993404e-01
55.19134 1.58738434e-01
55.38239 1.57493853e-01
55.57410 1.56259660e-01
55.76647 1.55035657e-01
55.95951 1.53821843e-01
56.15322 1.52618023e-01
56.34760 1.51424194e-01
56.54265 1.50240259e-01
56.73838 1.49066019e-01
56.93479 1.47901475e-01
57.13187 1.46746626e-01
57.32964 1.45601176e-01
57.52809 1.44465223e-01
57.72723 1.43338670e-01
57.92705 1.42221317e-01
58.12757 1.41113164e-01
58.32879 1.40014114e-01
58.53070 1.38924165e-01
58.73331 1.37843022e-01
58.93662 1.36770782e-01
59.14063 1.35707447e-01
59.34535 1.34652719e-01
59.55078 1.33606598e-01
59.75692 1.32569084e-01
59.96377 1.31539979e-01
60.17134 1.30418075e-01
60.37963 1.29284695e-01
60.58864 1.28161703e-01
60.79837 1.27048802e-01
61.00883 1.25945893e-01
61.22002 1.24852877e-01
61.43194 1.23769854e-01
61.64459 1.22696427e-01
61.85797 1.21632795e-01
62.07210 1.20578661e-01
62.28697 1.19534023e-01
62.50258 1.18498686e-01
62.71894 1.17472747e-01
62.93605 1.16456010e-01
63.15390 1.15448374e-01
63.37252 1.14449839e-01
63.59189 1.13460209e-01
63.81201 1.12479384e-01
64.03290 1.11507463e-01
64.25456 1.10544149e-01
64.47698 1.09589542e-01
64.70017 1.08643343e-01
64.92414 1.07705752e-01
65.14888 1.06864621e-01
65.37440 1.06075232e-01
65.60070 1.05291878e-01
65.82778 1.04514657e-01
66.05565 1.03743472e-01
66.28430 1.02978322e-01
66.51375 1.02219107e-01
66.74400 1.01465730e-01
66.97504 1.00718289e-01
67.20688 9.99766843e-02
67.43952 9.92407192e-02
67.67297 9.85105121e-02
67.90722 9.77859639e-02
68.14229 9.70670154e-02
68.37817 9.63536269e-02
68.61486 9.56457490e-02
68.85238 9.49433421e-02
69.09072 9.42463667e-02
69.32988 9.35547534e-02
69.56987 9.28684826e-02
69.81069 9.21874947e-02
70.05235 9.15118889e-02
70.29484 9.08419519e-02
70.53817 9.01771694e-02
70.78235 8.95174918e-02
71.02737 8.88628895e-02
71.27323 8.82133131e-02
71.51995 8.75687129e-02
71.76752 8.69290595e-02
72.01595 8.62943032e-02
72.26524 8.56644145e-02
72.51539 8.50393438e-02
72.76641 8.44190515e-02
73.01830 8.38034982e-02
73.27106 8.31926542e-02
73.52469 8.25864698e-02
73.77920 8.19849156e-02
74.03460 8.13879420e-02
74.29087 8.07955193e-02
74.54804 8.02076079e-02
74.80609 7.96241684e-02
75.06504 7.90465857e-02
75.32488 7.84775607e-02
75.58563 7.79128295e-02
75.84727 7.73523524e-02
76.10982 7.67960898e-02
76.37328 7.62440022e-02
76.63766 7.56960699e-02
76.90295 7.51522531e-02
77.16915 7.46125223e-02
77.43628 7.40768379e-02
77.70433 7.35451702e-02
77.97331 7.30174795e-02
78.24322 7.24937463e-02
78.51407 7.19739307e-02
78.78585 7.14580132e-02
79.05857 7.09459442e-02
79.33224 7.04377038e-02
79.60686 6.99332626e-02
79.88242 6.94325807e-02
80.15894 6.89318198e-02
80.43642 6.84320185e-02
80.71486 6.79359865e-02
80.99426 6.74436943e-02
81.27463 6.69551120e-02
81.55596 6.64702101e-02
81.83828 6.59889587e-02
82.12157 6.55113185e-02
82.40584 6.50372794e-02
82.69109 6.45668020e-02
82.97733 6.40998564e-02
83.26457 6.36364131e-02
83.55279 6.31764523e-02
83.84202 6.27199442e-02
84.13225 6.22668493e-02
84.42348 6.18171577e-02
84.71572 6.13708299e-02
85.00897 6.09278460e-02
85.30323 6.04881764e-02
85.59852 6.00517913e-02
85.89482 5.96186711e-02
86.19215 5.91887959e-02
86.49052 5.87621162e-02
86.78991 5.83386321e-02
87.09034 5.79183039e-02
87.39181 5.75011119e-02
87.69432 5.70870265e-02
87.99789 5.66760376e-02
88.30250 5.62680959e-02
88.60816 5.58632013e-02
88.91489 5.54613143e-02
89.22267 5.50624151e-02
89.53153 5.46664839e-02
89.84145 5.42734911e-02
90.15244 5.38834266e-02
90.46451 5.34962510e-02
90.77766 5.31119544e-02
91.09190 5.27305070e-02
91.40722 5.23518793e-02
91.72363 5.19760711e-02
92.04114 5.16030430e-02
92.35975 5.12327751e-02
92.67946 5.08652476e-02
93.00028 5.05004409e-02
93.32221 5.01383350e-02
93.64525 4.97789102e-02
93.96941 4.94221269e-02
94.29469 4.90679950e-02
94.62110 4.87164750e-02
94.94864 4.83675470e-02
95.27731 4.80211913e-02
95.60712 4.76773881e-02
95.93807 4.73361274e-02
96.27017 4.69973797e-02
96.60342 4.66611251e-02
96.93782 4.63273537e-02
97.27338 4.59960359e-02
97.61010 4.56671518e-02
97.94798 4.53406916e-02
98.28704 4.50166255e-02
98.62727 4.46949438e-02
98.96867 4.43756365e-02
99.31126 4.40586640e-02
99.65504 4.37440164e-02
100.00000 4.34316839e-02
