        2000  5.000000 3.700000
0.10000 6.88637340e-03
0.10035 1.13950183e-02
0.10069 1.57173459e-02
0.10104 3.80749733e-02
0.10139 1.83792961e-02
0.10174 2.75411967e-02
0.10210 4.47195073e-02
0.10245 2.68001113e-02
0.10280 3.80582740e-02
0.10316 2.81958007e-02
0.10352 4.29788547e-02
0.10387 3.28837007e-02
0.10423 5.62374840e-03
0.10459 2.17429735e-02
0.10496 1.46316179e-02
0.10532 2.45986705e-02
0.10568 3.46119953e-02
0.10605 1.13917623e-02
0.10642 1.25096556e-02
0.10679 2.50913773e-02
0.10716 6.05480827e-02
0.10753 3.63420167e-02
0.10790 3.63411040e-02
0.10827 6.10331033e-02
0.10865 6.22382427e-02
0.10902 1.37481911e-02
0.10940 4.85762147e-02
0.10978 1.29630659e-03
0.11016 1.35697895e-03
0.11054 1.48532948e-02
0.11092 1.10762164e-02
0.11131 7.21143320e-04
0.11169 2.00526631e-04
0.11208 7.31686100e-03
0.11247 8.32948193e-03
0.11286 2.29847749e-03
0.11325 1.70380091e-02
0.11364 1.45320781e-02
0.11403 1.80129591e-02
0.11443 1.01089797e-02
0.11482 7.46616587e-03
0.11522 1.65336942e-02
0.11562 1.54962339e-02
0.11602 9.08189667e-03
0.11642 2.06608765e-02
0.11682 1.01442086e-02
0.11723 1.01677850e-02
0.11763 7.62996487e-03
0.11804 7.70551393e-03
0.11845 8.20768533e-03
0.11886 1.48590816e-02
0.11927 9.57180873e-03
0.11968 8.45670273e-03
0.12010 1.04067606e-02
0.12051 1.07619581e-02
0.12093 8.54296207e-03
0.12135 8.18328507e-03
0.12177 8.24892060e-03
0.12219 8.56630660e-03
0.12262 8.73513513e-03
0.12304 8.56257947e-03
0.12347 1.12480493e-02
0.12389 1.04734050e-02
0.12432 8.71698540e-03
0.12475 8.83925067e-03
0.12518 8.99314353e-03
0.12562 9.25973593e-03
0.12605 1.16765315e-02
0.12649 1.11821844e-02
0.12693 1.70955515e-02
0.12737 1.75791119e-02
0.12781 1.39644857e-02
0.12825 4.34273933e-03
0.12869 4.38290407e-03
0.12914 9.60642100e-03
0.12959 1.67912586e-02
0.13003 1.69226703e-02
0.13048 9.83524380e-03
0.13094 4.55572860e-03
0.13139 4.89639993e-03
0.13184 1.45567941e-02
0.13230 1.86111332e-02
0.13276 1.87160948e-02
0.13322 1.88253731e-02
0.13368 1.89373153e-02
0.13414 1.90499137e-02
0.13461 1.89378654e-02
0.13507 1.88011677e-02
0.13554 1.88981595e-02
0.13601 1.84066145e-02
0.13648 1.73289401e-02
0.13695 1.82426329e-02
0.13743 1.94108981e-02
0.13790 1.98252537e-02
0.13838 1.98992882e-02
0.13886 2.04120021e-02
0.13934 2.30584444e-02
0.13982 2.40688651e-02
0.14031 2.40579131e-02
0.14079 2.06620013e-02
0.14128 2.08133954e-02
0.14177 2.16746321e-02
0.14226 2.89042027e-02
0.14275 2.97905747e-02
0.14324 2.11597993e-02
0.14374 2.10505876e-02
0.14424 2.11688026e-02
0.14474 2.13725073e-02
0.14524 1.54943716e-03
0.14574 1.69261458e-03
0.14625 1.70215293e-03
0.14675 1.69237753e-03
0.14726 9.52979400e-04
0.14777 2.05577155e-04
0.14828 1.50365632e-03
0.14879 5.29988000e-03
0.14931 1.74125897e-03
0.14983 1.75128523e-03
0.15034 1.76139955e-03
0.15087 1.79038609e-03
0.15139 1.80196709e-03
0.15191 1.81243464e-03
0.15244 8.86125087e-04
0.15297 1.99219692e-04
0.15349 2.02163264e-04
0.15403 3.70782920e-04
0.15456 1.84576523e-03
0.15509 1.85678235e-03
0.15563 1.86791441e-03
0.15617 1.87916488e-03
0.15671 1.89053720e-03
0.15725 1.90203532e-03
0.15780 1.43870085e-03
0.15834 2.04163706e-04
0.15889 2.00474485e-04
0.15944 1.97392015e-04
0.15999 1.96713213e-03
0.16055 1.99528075e-03
0.16110 2.00786198e-03
0.16166 2.01907915e-03
0.16222 2.03199067e-03
0.16278 2.04507905e-03
0.16335 2.09155203e-03
0.16391 5.86838747e-03
0.16448 5.90891727e-03
0.16505 5.94983927e-03
0.16562 2.65234500e-03
0.16619 1.99401436e-04
0.16677 2.00954671e-04
0.16734 2.01757448e-04
0.16792 2.17206527e-03
0.16851 2.18735959e-03
0.16909 8.37811967e-04
0.16967 3.81355300e-03
0.17026 6.76709280e-03
0.17085 6.74086227e-03
0.17144 6.70684693e-03
0.17204 6.66361613e-03
0.17263 6.60968000e-03
0.17323 6.54345000e-03
0.17383 6.46324140e-03
0.17443 6.36726833e-03
0.17503 6.25368327e-03
0.17564 6.12063127e-03
0.17625 1.66740944e-03
0.17686 8.92889673e-04
0.17747 8.95174053e-04
0.17808 1.02739651e-03
0.17870 5.11234427e-03
0.17932 4.83951120e-03
0.17994 4.54670800e-03
0.18056 2.31590548e-03
0.18119 9.08296967e-04
0.18182 9.10374393e-04
0.18244 9.12416300e-04
0.18308 9.14421207e-04
0.18371 9.16387633e-04
0.18435 9.18313360e-04
0.18498 9.20196413e-04
0.18562 9.22034820e-04
0.18627 9.23826607e-04
0.18691 9.25569307e-04
0.18756 9.27260700e-04
0.18821 9.28897827e-04
0.18886 9.30477973e-04
0.18951 9.31998673e-04
0.19017 9.05845100e-04
0.19083 9.07268120e-04
0.19149 9.08980973e-04
0.19215 9.10046820e-04
0.19282 9.11034227e-04
0.19348 9.11938753e-04
0.19415 7.60328047e-04
0.19483 1.95245867e-04
0.19550 1.95798968e-04
0.19618 2.91065433e-04
0.19686 7.72255120e-04
0.19754 7.53612300e-04
0.19822 7.00161853e-04
0.19891 6.54343767e-04
0.19960 4.50640267e-04
0.20029 5.05117587e-04
0.20098 2.77014067e-04
0.20168 5.19838160e-04
0.20237 4.96897173e-04
0.20307 4.98747420e-04
0.20378 2.92885833e-04
0.20448 3.38453553e-03
0.20519 2.63678033e-03
0.20590 1.98981585e-04
0.20661 3.01684187e-03
0.20733 5.10508733e-03
0.20805 5.13205047e-03
0.20877 5.15828840e-03
0.20949 5.18586573e-03
0.21021 5.21456293e-03
0.21094 5.24352407e-03
0.21167 5.27289467e-03
0.21240 9.80892447e-04
0.21314 1.99831203e-04
0.21388 2.00253916e-04
0.21462 2.00460475e-04
0.21536 1.99897014e-04
0.21611 1.98646883e-04
0.21685 1.97457382e-04
0.21760 1.98031203e-04
0.21836 3.68618173e-03
0.21911 5.59059887e-03
0.21987 5.62462160e-03
0.22063 5.65886387e-03
0.22140 5.69315300e-03
0.22216 5.72801440e-03
0.22293 5.76292020e-03
0.22370 5.79891380e-03
0.22448 5.84435227e-03
0.22526 5.91845340e-03
0.22604 5.95438533e-03
0.22682 5.99138780e-03
0.22760 6.02857773e-03
0.22839 6.06595020e-03
0.22918 6.10349780e-03
0.22998 6.14121313e-03
0.23077 6.17908880e-03
0.23157 6.21711493e-03
0.23237 6.25528167e-03
0.23318 6.29419087e-03
0.23398 6.33266593e-03
0.23479 1.14549311e-03
0.23561 1.99438017e-04
0.23642 1.97987469e-04
0.23724 5.22706153e-03
0.23806 2.54910020e-03
0.23889 8.42867400e-03
0.23971 2.58009140e-03
0.24054 7.79875887e-03
0.24137 5.94855660e-03
0.24221 4.52163433e-03
0.24305 4.80291080e-03
0.24389 2.16270920e-03
0.24473 9.72086693e-04
0.24558 5.32271393e-03
0.24643 2.84105733e-03
0.24728 2.16528292e-03
0.24814 5.02015507e-04
0.24900 2.02304678e-04
0.24986 2.01648372e-04
0.25073 2.19084573e-04
0.25159 2.65802820e-04
0.25246 2.02349004e-04
0.25334 4.29492547e-03
0.25422 1.42899550e-03
0.25510 1.85121039e-02
0.25598 4.59849320e-02
0.25687 4.41311580e-02
0.25775 7.12215960e-03
0.25865 8.31291333e-03
0.25954 7.65407160e-03
0.26044 6.53058387e-03
0.26134 7.82802093e-03
0.26225 1.99050528e-04
0.26315 6.73932800e-03
0.26406 6.41794107e-03
0.26498 8.67384833e-03
0.26590 4.20156707e-03
0.26682 5.70044693e-03
0.26774 3.57877320e-02
0.26867 3.98618513e-03
0.26960 7.08448127e-03
0.27053 2.83144967e-03
0.27147 2.95482247e-03
0.27241 6.12435100e-03
0.27335 8.33384300e-03
0.27430 6.85788340e-03
0.27525 6.21248993e-03
0.27620 8.44850107e-03
0.27715 8.50547613e-03
0.27811 8.09164593e-03
0.27908 7.91953180e-03
0.28004 2.40367836e-04
0.28101 1.96327131e-04
0.28198 1.94322495e-04
0.28296 5.02577907e-03
0.28394 7.13064987e-03
0.28492 6.95684360e-03
0.28591 6.33706153e-03
0.28690 6.37812413e-03
0.28789 2.38118137e-03
0.28889 2.15456550e-04
0.28989 2.13902871e-04
0.29089 2.13414495e-04
0.29190 2.14652466e-04
0.29291 2.14026451e-04
0.29392 2.13995864e-04
0.29494 2.14564653e-04
0.29596 2.11896509e-04
0.29699 3.01158293e-04
0.29801 4.50970800e-03
0.29905 4.51341047e-03
0.30008 3.76241160e-03
0.30112 3.76160253e-03
0.30216 3.76072440e-03
0.30321 2.74645080e-03
0.30426 2.24235737e-04
0.30531 2.24128487e-04
0.30637 2.24292520e-04
0.30743 2.28425297e-04
0.30849 2.28104901e-04
0.30956 2.28778129e-04
0.31063 2.32623489e-04
0.31171 2.31418399e-04
0.31279 2.33230314e-04
0.31387 2.36399611e-04
0.31496 2.36317545e-04
0.31605 2.36165080e-04
0.31714 2.38978831e-04
0.31824 2.38891758e-04
0.31934 2.41311632e-04
0.32044 2.41253591e-04
0.32155 2.43004283e-04
0.32267 2.43765990e-04
0.32378 2.43781407e-04
0.32490 2.43805728e-04
0.32603 2.43812067e-04
0.32716 2.43827903e-04
0.32829 2.43842975e-04
0.32943 2.43858687e-04
0.33057 2.43874573e-04
0.33171 2.43889422e-04
0.33286 2.43904888e-04
0.33401 2.43921933e-04
0.33517 2.43936116e-04
0.33633 2.43953013e-04
0.33749 2.43967443e-04
0.33866 2.43983057e-04
0.33983 2.43999707e-04
0.34101 2.44014334e-04
0.34219 2.44030663e-04
0.34337 2.44046006e-04
0.34456 2.44061595e-04
0.34576 2.44077629e-04
0.34695 2.44093761e-04
0.34815 2.44109005e-04
0.34936 2.44125161e-04
0.35057 2.44140899e-04
0.35178 2.44156932e-04
0.35300 2.44172965e-04
0.35422 2.44189295e-04
0.35545 2.44205303e-04
0.35668 2.44220695e-04
0.35791 2.44236803e-04
0.35915 2.44252540e-04
0.36039 2.44269215e-04
0.36164 2.44285248e-04
0.36289 2.44301257e-04
0.36415 2.44317191e-04
0.36541 2.44332904e-04
0.36668 2.44349628e-04
0.36795 2.44365760e-04
0.36922 2.44382533e-04
0.37050 2.44402933e-04
0.37178 2.44414600e-04
0.37307 2.44430683e-04
0.37436 2.44447579e-04
0.37565 2.44464525e-04
0.37695 2.44480189e-04
0.37826 2.44496666e-04
0.37957 2.44512132e-04
0.38088 2.44529917e-04
0.38220 2.44546443e-04
0.38352 2.44562797e-04
0.38485 2.44579867e-04
0.38618 2.44595456e-04
0.38752 2.44612501e-04
0.38886 2.44629274e-04
0.39021 2.44645776e-04
0.39156 2.44662401e-04
0.39291 5.24809973e-02
0.39427 5.36047120e-02
0.39564 5.37770580e-02
0.39701 5.13950473e-02
0.39838 4.87288767e-02
0.39976 4.93094560e-02
0.40115 4.83051527e-02
0.40253 4.92177453e-02
0.40393 5.03561367e-02
0.40533 4.99461273e-02
0.40673 4.83802380e-02
0.40814 4.77843900e-02
0.40955 4.71873333e-02
0.41097 4.77668767e-02
0.41239 4.55801027e-02
0.41382 4.59389040e-02
0.41525 4.58673953e-02
0.41669 4.67501413e-02
0.41813 4.37881433e-02
0.41958 4.30103787e-02
0.42103 4.23408513e-02
0.42249 4.42919353e-02
0.42395 4.39205293e-02
0.42542 4.23015327e-02
0.42689 4.16277133e-02
0.42837 4.32567247e-02
0.42985 4.21809373e-02
0.43134 4.41156673e-02
0.43283 4.06806860e-02
0.43433 4.35671300e-02
0.43583 4.30283113e-02
0.43734 4.01845407e-02
0.43886 3.89157120e-02
0.44037 4.03479820e-02
0.44190 4.01614033e-02
0.44343 3.89757507e-02
0.44496 3.92977987e-02
0.44650 3.92571727e-02
0.44805 3.99942620e-02
0.44960 3.75601553e-02
0.45116 3.85573793e-02
0.45272 3.72841600e-02
0.45429 3.60076847e-02
0.45586 3.78100780e-02
0.45744 3.80864433e-02
0.45902 3.50011613e-02
0.46061 3.67568360e-02
0.46220 3.57575893e-02
0.46380 3.52999733e-02
0.46541 3.43469273e-02
0.46702 3.55781640e-02
0.46864 3.69839173e-02
0.47026 3.25387127e-02
0.47189 3.25844200e-02
0.47352 3.22295653e-02
0.47516 3.29527427e-02
0.47680 3.27693213e-02
0.47845 3.14375433e-02
0.48011 3.15964460e-02
0.48177 3.29379427e-02
0.48344 3.26297820e-02
0.48511 3.22006313e-02
0.48679 3.32090293e-02
0.48848 3.09400907e-02
0.49017 3.18559393e-02
0.49186 3.17188173e-02
0.49357 3.23693267e-02
0.49528 3.33111987e-02
0.49699 3.32606073e-02
0.49871 3.09200613e-02
0.50044 2.89147353e-02
0.50217 2.87775393e-02
0.50391 2.89718880e-02
0.50565 2.87295380e-02
0.50740 2.94725227e-02
0.50916 3.07827667e-02
0.51092 3.03078593e-02
0.51269 2.82487353e-02
0.51446 2.92112780e-02
0.51625 2.98841107e-02
0.51803 2.80077173e-02
0.51983 3.17069527e-02
0.52163 2.83660253e-02
0.52343 2.93925533e-02
0.52524 2.85531960e-02
0.52706 2.60010593e-02
0.52889 2.65243133e-02
0.53072 2.64317147e-02
0.53255 2.57858673e-02
0.53440 2.57374713e-02
0.53625 2.52759333e-02
0.53810 2.85170347e-02
0.53997 2.77726687e-02
0.54183 2.46489905e-02
0.54371 2.67477933e-02
0.54559 2.50950280e-02
0.54748 2.48378533e-02
0.54938 2.79358387e-02
0.55128 2.57170473e-02
0.55319 2.65484867e-02
0.55510 2.57437120e-02
0.55702 2.38587100e-02
0.55895 2.60317200e-02
0.56089 2.23286145e-02
0.56283 2.33477597e-02
0.56478 2.59904527e-02
0.56673 2.25529775e-02
0.56869 2.37395799e-02
0.57066 2.44624045e-02
0.57264 2.24958273e-02
0.57462 2.19826324e-02
0.57661 2.25750369e-02
0.57860 2.49249267e-02
0.58061 2.17310768e-02
0.58262 2.33686203e-02
0.58463 2.12476545e-02
0.58666 2.29686207e-02
0.58869 2.23541025e-02
0.59073 2.17476035e-02
0.59277 2.42428613e-02
0.59482 2.14797777e-02
0.59688 2.39106383e-02
0.59895 2.20021832e-02
0.60102 2.22903195e-02
0.60310 2.15906174e-02
0.60519 2.14184441e-02
0.60728 2.23208247e-02
0.60939 2.18651475e-02
0.61150 2.30553956e-02
0.61361 2.09474760e-02
0.61574 1.97430347e-02
0.61787 1.95577831e-02
0.62001 1.88125957e-02
0.62215 1.93292810e-02
0.62431 1.95792111e-02
0.62647 1.94095414e-02
0.62864 1.88995433e-02
0.63081 1.98836495e-02
0.63300 1.83584010e-02
0.63519 1.96653421e-02
0.63739 1.88175685e-02
0.63959 1.87536794e-02
0.64181 1.80344019e-02
0.64403 1.97954835e-02
0.64626 1.88998985e-02
0.64849 1.93636540e-02
0.65074 1.90217740e-02
0.65299 1.83218203e-02
0.65525 1.84705110e-02
0.65752 1.91156652e-02
0.65980 1.87017215e-02
0.66208 1.80769297e-02
0.66437 1.90628514e-02
0.66667 1.78192641e-02
0.66898 1.76579367e-02
0.67130 1.91567993e-02
0.67362 1.89993002e-02
0.67595 1.93192540e-02
0.67829 1.97846647e-02
0.68064 1.89882397e-02
0.68299 1.59618469e-02
0.68536 1.62066463e-02
0.68773 1.74557515e-02
0.69011 1.68338061e-02
0.69250 1.65943175e-02
0.69490 1.61018475e-02
0.69730 1.69469102e-02
0.69972 1.60350945e-02
0.70214 1.81256981e-02
0.70457 1.75064020e-02
0.70701 1.73192116e-02
0.70946 1.64941856e-02
0.71191 1.65788194e-02
0.71438 1.70193957e-02
0.71685 1.62497439e-02
0.71933 1.59194202e-02
0.72182 1.50585141e-02
0.72432 1.62490359e-02
0.72683 1.54578353e-02
0.72934 1.75350301e-02
0.73187 1.54960613e-02
0.73440 1.65686469e-02
0.73694 1.56652623e-02
0.73949 1.51850985e-02
0.74205 1.60653013e-02
0.74462 1.44033921e-02
0.74720 1.68807493e-02
0.74979 1.58225098e-02
0.75238 1.52053399e-02
0.75499 1.88512262e-02
0.75760 1.50597943e-02
0.76022 1.50501027e-02
0.76285 1.52095333e-02
0.76549 1.45809797e-02
0.76814 1.65316148e-02
0.77080 1.45347174e-02
0.77347 1.51229360e-02
0.77615 1.43374087e-02
0.77884 1.54614811e-02
0.78153 1.47640607e-02
0.78424 1.57463219e-02
0.78695 1.52859975e-02
0.78968 1.52002808e-02
0.79241 1.75150575e-02
0.79515 1.61447675e-02
0.79790 1.71233311e-02
0.80067 1.38891883e-02
0.80344 1.64696201e-02
0.80622 1.48378017e-02
0.80901 1.37162157e-02
0.81181 1.47708563e-02
0.81462 1.65720509e-02
0.81744 1.53440751e-02
0.82027 1.42733371e-02
0.82311 1.56456276e-02
0.82596 1.46241193e-02
0.82882 1.63832596e-02
0.83169 1.46304290e-02
0.83457 1.45359384e-02
0.83745 1.30318070e-02
0.84035 1.53180666e-02
0.84326 1.45141725e-02
0.84618 1.48094153e-02
0.84911 1.67501294e-02
0.85205 1.38561177e-02
0.85500 1.52570783e-02
0.85796 1.37003723e-02
0.86093 1.37561930e-02
0.86391 1.53023737e-02
0.86690 1.35184187e-02
0.86990 1.42562085e-02
0.87291 1.36598820e-02
0.87593 1.32331215e-02
0.87897 1.43635677e-02
0.88201 1.45398037e-02
0.88506 1.37705490e-02
0.88813 1.43476997e-02
0.89120 1.53490701e-02
0.89428 1.28181369e-02
0.89738 1.31420448e-02
0.90049 1.28396635e-02
0.90360 1.42793360e-02
0.90673 1.47544259e-02
0.90987 1.32369917e-02
0.91302 1.25234492e-02
0.91618 1.45517325e-02
0.91935 1.34354499e-02
0.92253 1.33898239e-02
0.92573 1.44760453e-02
0.92893 1.62287501e-02
0.93215 1.39595697e-02
0.93537 1.52494735e-02
0.93861 1.24616025e-02
0.94186 1.39843621e-02
0.94512 1.30017975e-02
0.94839 1.22430558e-02
0.95168 1.36838753e-02
0.95497 1.31188409e-02
0.95828 1.34279561e-02
0.96159 1.27678391e-02
0.96492 1.38747928e-02
0.96826 1.28573446e-02
0.97161 1.43669273e-02
0.97498 1.29461717e-02
0.97835 1.19719963e-02
0.98174 1.36441891e-02
0.98514 1.24719921e-02
0.98855 1.34005761e-02
0.99197 1.40978510e-02
0.99540 1.23914825e-02
0.99885 1.15479023e-02
1.00231 1.29842373e-02
1.00578 1.22741802e-02
1.00926 1.37756846e-02
1.01275 1.38306863e-02
1.01626 1.53561396e-02
1.01978 1.08510936e-02
1.02330 1.60806218e-02
1.02685 1.33160311e-02
1.03040 1.37801443e-02
1.03397 1.33547282e-02
1.03755 1.75867068e-02
1.04114 1.26813011e-02
1.04474 1.27791093e-02
1.04836 1.32066123e-02
1.05199 1.20919996e-02
1.05563 1.23836435e-02
1.05928 1.36440213e-02
1.06295 1.22336455e-02
1.06663 1.18190654e-02
1.07032 1.58112347e-02
1.07403 1.26557193e-02
1.07775 1.28016473e-02
1.08148 1.49128155e-02
1.08522 1.34948028e-02
1.08898 1.30248683e-02
1.09275 1.22714151e-02
1.09653 1.72557640e-02
1.10032 1.42485915e-02
1.10413 1.22063444e-02
1.10796 1.42693608e-02
1.11179 1.25404618e-02
1.11564 1.14000330e-02
1.11950 1.70994119e-02
1.12338 1.34561107e-02
1.12726 1.23575042e-02
1.13117 1.32051890e-02
1.13508 1.45678102e-02
1.13901 1.27845286e-02
1.14295 1.21242463e-02
1.14691 1.81753423e-02
1.15088 1.26927242e-02
1.15487 1.24575719e-02
1.15886 1.45843492e-02
1.16287 1.29412162e-02
1.16690 1.24798237e-02
1.17094 1.31818963e-02
1.17499 1.48027972e-02
1.17906 1.25621660e-02
1.18314 1.35944389e-02
1.18724 1.46718739e-02
1.19135 1.23130376e-02
1.19547 1.24983706e-02
1.19961 1.38541345e-02
1.20376 1.42508065e-02
1.20793 1.35600930e-02
1.21211 1.28457118e-02
1.21630 1.59481026e-02
1.22052 1.43535432e-02
1.22474 1.31903249e-02
1.22898 1.32981429e-02
1.23323 1.69459063e-02
1.23750 1.28436423e-02
1.24179 1.32997585e-02
1.24609 1.37673226e-02
1.25040 1.31673084e-02
1.25473 1.37151575e-02
1.25907 1.39487731e-02
1.26343 1.65974181e-02
1.26780 1.38105633e-02
1.27219 1.48959780e-02
1.27659 1.47819637e-02
1.28101 1.42749429e-02
1.28545 1.41750799e-02
1.28990 1.33463366e-02
1.29436 1.42196032e-02
1.29884 1.57750240e-02
1.30334 1.37803515e-02
1.30785 1.67644040e-02
1.31238 2.04623295e-02
1.31692 1.49226303e-02
1.32148 1.39872876e-02
1.32605 1.60855107e-02
1.33064 1.42503995e-02
1.33525 1.50969077e-02
1.33987 1.48886347e-02
1.34451 1.34804123e-02
1.34916 1.81666127e-02
1.35383 1.65641871e-02
1.35852 1.57700339e-02
1.36322 2.02488395e-02
1.36794 1.42607694e-02
1.37268 1.73172827e-02
1.37743 1.56805235e-02
1.38220 1.55289493e-02
1.38698 1.66669485e-02
1.39178 1.62719957e-02
1.39660 1.82383829e-02
1.40144 1.68065914e-02
1.40629 1.65464567e-02
1.41115 1.62768945e-02
1.41604 1.58120339e-02
1.42094 1.47090343e-02
1.42586 1.56315947e-02
1.43080 1.67634346e-02
1.43575 1.61453792e-02
1.44072 1.67066322e-02
1.44571 1.55561394e-02
1.45071 1.75665344e-02
1.45573 1.67741893e-02
1.46077 1.96211444e-02
1.46583 1.57039026e-02
1.47090 1.94521753e-02
1.47599 1.87800505e-02
1.48110 1.62723706e-02
1.48623 2.09562327e-02
1.49137 2.19742334e-02
1.49654 2.00109567e-02
1.50172 1.77982062e-02
1.50692 1.88431923e-02
1.51213 1.61474611e-02
1.51737 1.65416665e-02
1.52262 2.47249787e-02
1.52789 1.62057928e-02
1.53318 2.28299324e-02
1.53849 1.69596407e-02
1.54381 1.73658069e-02
1.54916 2.22989010e-02
1.55452 1.87713111e-02
1.55990 1.75681180e-02
1.56530 2.07732159e-02
1.57072 2.03419439e-02
1.57615 1.92106590e-02
1.58161 2.10034200e-02
1.58709 2.12082767e-02
1.59258 1.94881393e-02
1.59809 2.20300467e-02
1.60362 1.79244058e-02
1.60918 2.03217838e-02
1.61475 1.84755356e-02
1.62034 2.09280905e-02
1.62594 2.24805488e-02
1.63157 1.99332197e-02
1.63722 1.85475450e-02
1.64289 2.41129025e-02
1.64857 1.92303677e-02
1.65428 2.12537694e-02
1.66001 2.15804079e-02
1.66575 1.97048902e-02
1.67152 2.09954181e-02
1.67731 2.08107191e-02
1.68311 2.23468259e-02
1.68894 2.04574875e-02
1.69478 2.13999071e-02
1.70065 2.44616028e-02
1.70654 1.95968428e-02
1.71245 2.30476108e-02
1.71837 2.40462433e-02
1.72432 2.15952843e-02
1.73029 2.13146270e-02
1.73628 2.49543047e-02
1.74229 2.22707292e-02
1.74832 2.10993684e-02
1.75437 2.68923893e-02
1.76045 2.12587989e-02
1.76654 2.27164534e-02
1.77266 2.40553107e-02
1.77879 2.34206571e-02
1.78495 2.33529669e-02
1.79113 2.41350383e-02
1.79733 2.76195133e-02
1.80355 2.31522493e-02
1.80979 2.23025319e-02
1.81606 2.57548367e-02
1.82234 2.37155989e-02
1.82865 2.40955914e-02
1.83498 2.39398905e-02
1.84133 2.75383353e-02
1.84771 2.46993500e-02
1.85410 2.45712165e-02
1.86052 2.67341773e-02
1.86696 2.57331793e-02
1.87342 2.44604755e-02
1.87991 2.55876707e-02
1.88642 2.65049007e-02
1.89295 2.95445987e-02
1.89950 2.48088207e-02
1.90607 2.69824227e-02
1.91267 2.74529640e-02
1.91929 2.51683620e-02
1.92594 2.61528827e-02
1.93260 2.59265167e-02
1.93929 2.86799333e-02
1.94601 2.77251113e-02
1.95274 2.61941007e-02
1.95950 2.83312207e-02
1.96629 2.90724293e-02
1.97309 2.74815527e-02
1.97992 2.75097467e-02
1.98678 3.07929293e-02
1.99365 2.85265807e-02
2.00055 2.72099480e-02
2.00748 2.74851787e-02
2.01443 2.96940047e-02
2.02140 3.07090873e-02
2.02840 3.07542273e-02
2.03542 3.03590920e-02
2.04247 2.95264440e-02
2.04954 3.16519460e-02
2.05663 3.14129013e-02
2.06375 3.25552393e-02
2.07090 3.19583060e-02
2.07806 3.00996480e-02
2.08526 3.18951593e-02
2.09247 2.98364053e-02
2.09972 3.23504813e-02
2.10699 3.11705267e-02
2.11428 3.62035873e-02
2.12160 3.54805827e-02
2.12894 3.40633593e-02
2.13631 3.34140340e-02
2.14371 3.18550513e-02
2.15113 3.15248387e-02
2.15857 4.05730407e-02
2.16605 3.13445747e-02
2.17354 3.48132013e-02
2.18107 3.56012027e-02
2.18862 3.65217380e-02
2.19619 3.38104767e-02
2.20380 3.32241993e-02
2.21143 4.00625147e-02
2.21908 3.32476573e-02
2.22676 3.71792527e-02
2.23447 3.31181573e-02
2.24220 3.57357100e-02
2.24997 3.84864627e-02
2.25775 3.60523560e-02
2.26557 3.83198887e-02
2.27341 3.85057273e-02
2.28128 4.03272620e-02
2.28918 3.57969573e-02
2.29710 3.73442973e-02
2.30505 3.82941613e-02
2.31303 4.21965267e-02
2.32104 4.16527500e-02
2.32908 3.55788053e-02
2.33714 4.20294593e-02
2.34523 3.86109800e-02
2.35335 4.01783493e-02
2.36149 4.94301007e-02
2.36967 4.22837973e-02
2.37787 4.13134847e-02
2.38610 4.86664700e-02
2.39436 4.08363573e-02
2.40265 3.95121273e-02
2.41097 4.69876320e-02
2.41931 4.49983887e-02
2.42769 4.38265987e-02
2.43609 4.57856993e-02
2.44452 4.23921333e-02
2.45298 4.41484000e-02
2.46148 4.06648993e-02
2.47000 4.47882780e-02
2.47855 5.72196860e-02
2.48713 4.46006880e-02
2.49574 5.17937347e-02
2.50438 4.87652847e-02
2.51304 4.69389400e-02
2.52174 4.20297060e-02
2.53047 5.35554280e-02
2.53923 4.85864020e-02
2.54802 4.36530193e-02
2.55684 5.32759547e-02
2.56569 4.68982153e-02
2.57457 4.64346793e-02
2.58349 4.97674913e-02
2.59243 5.11912267e-02
2.60140 5.47083727e-02
2.61041 5.10389100e-02
2.61944 5.91001247e-02
2.62851 5.12726020e-02
2.63761 5.77748833e-02
2.64674 5.24541600e-02
2.65590 5.82564507e-02
2.66510 5.37904767e-02
2.67432 5.49981320e-02
2.68358 5.38450887e-02
2.69287 5.64432287e-02
2.70219 6.44043460e-02
2.71154 5.21036960e-02
2.72093 6.54069967e-02
2.73035 6.39457927e-02
2.73980 5.30096780e-02
2.74928 5.80244607e-02
2.75880 5.71087353e-02
2.76835 6.35368193e-02
2.77793 5.71158887e-02
2.78755 6.31021927e-02
2.79720 6.85055493e-02
2.80688 6.06089107e-02
2.81660 7.01526907e-02
2.82635 6.48675120e-02
2.83613 6.22696680e-02
2.84595 6.39659700e-02
2.85580 6.97566920e-02
2.86569 6.79660647e-02
2.87561 6.26804913e-02
2.88556 7.56295293e-02
2.89555 6.41235900e-02
2.90557 6.00219673e-02
2.91563 7.60590500e-02
2.92572 6.49960747e-02
2.93585 6.65466213e-02
2.94601 7.33892040e-02
2.95621 8.21655793e-02
2.96644 6.98743027e-02
2.97671 7.21883813e-02
2.98702 8.31471893e-02
2.99736 7.40226933e-02
3.00773 7.06529553e-02
3.01814 7.84933540e-02
3.02859 7.97083107e-02
3.03907 6.80254373e-02
3.04960 7.25860327e-02
3.06015 8.59248533e-02
3.07074 7.34726020e-02
3.08137 7.48912560e-02
3.09204 8.64112307e-02
3.10274 7.95339420e-02
3.11348 7.60120353e-02
3.12426 8.30986947e-02
3.13508 8.98032673e-02
3.14593 8.43769213e-02
3.15682 8.58464380e-02
3.16775 8.93249313e-02
3.17871 8.97969527e-02
3.18972 8.26021547e-02
3.20076 8.15870967e-02
3.21184 9.21235620e-02
3.22295 8.26062493e-02
3.23411 7.98044367e-02
3.24531 9.11085287e-02
3.25654 8.91185453e-02
3.26781 8.72666460e-02
3.27912 9.58366107e-02
3.29047 9.41741513e-02
3.30187 9.74800027e-02
3.31330 9.43747900e-02
3.32476 9.52187353e-02
3.33627 1.03267789e-01
3.34782 9.88392840e-02
3.35941 9.38493900e-02
3.37104 1.01336981e-01
3.38271 9.95122153e-02
3.39442 9.45786847e-02
3.40617 9.84958500e-02
3.41796 1.00636547e-01
3.42979 9.61256547e-02
3.44166 9.99620860e-02
3.45358 1.02712395e-01
3.46553 9.86077380e-02
3.47753 1.04072515e-01
3.48957 1.07747823e-01
3.50164 1.04068963e-01
3.51377 1.12708931e-01
3.52593 1.16496646e-01
3.53814 1.14143717e-01
3.55038 1.14569242e-01
3.56267 1.18470078e-01
3.57500 1.13367161e-01
3.58738 1.10124235e-01
3.59980 1.11736004e-01
3.61226 1.13404975e-01
3.62476 1.10822647e-01
3.63731 1.10419569e-01
3.64990 1.16041003e-01
3.66254 1.16223364e-01
3.67521 1.14675703e-01
3.68794 1.19629510e-01
3.70070 1.20843184e-01
3.71351 1.19181761e-01
3.72637 1.22807933e-01
3.73927 1.25170605e-01
3.75221 1.26062478e-01
3.76520 1.25993954e-01
3.77823 1.30304553e-01
3.79131 1.33107130e-01
3.80443 1.31770764e-01
3.81760 1.31837537e-01
3.83082 1.33523799e-01
3.84408 1.31465835e-01
3.85739 1.30372115e-01
3.87074 1.32208055e-01
3.88414 1.32844677e-01
3.89758 1.31340109e-01
3.91107 1.33633048e-01
3.92461 1.36121224e-01
3.93820 1.35528928e-01
3.95183 1.38315250e-01
3.96551 1.41354948e-01
3.97924 1.42002966e-01
3.99301 1.44986054e-01
4.00683 1.46791827e-01
4.02070 1.47208545e-01
4.03462 1.49533798e-01
4.04859 1.50817279e-01
4.06260 1.50568787e-01
4.07667 1.50051477e-01
4.09078 1.49887469e-01
4.10494 1.49021274e-01
4.11915 1.49380075e-01
4.13341 1.52148539e-01
4.14771 1.54512493e-01
4.16207 1.55797084e-01
4.17648 1.58016097e-01
4.19094 1.59975346e-01
4.20545 1.60579778e-01
4.22000 1.61737779e-01
4.23461 1.63729539e-01
4.24927 1.64873036e-01
4.26398 1.66289766e-01
4.27874 1.68155158e-01
4.29355 1.69592337e-01
4.30841 1.71235334e-01
4.32332 1.72777173e-01
4.33829 1.74102439e-01
4.35331 1.75502914e-01
4.36838 1.76208011e-01
4.38350 1.76370663e-01
4.39867 1.76073701e-01
4.41390 1.75162983e-01
4.42918 1.74178289e-01
4.44451 1.74074985e-01
4.45990 1.74917475e-01
4.47533 1.76264571e-01
4.49083 1.78592389e-01
4.50637 1.81418375e-01
4.52197 1.84367127e-01
4.53762 1.87700531e-01
4.55333 1.91248979e-01
4.56909 1.94532014e-01
4.58491 1.97490213e-01
4.60078 2.00309194e-01
4.61670 2.02572188e-01
4.63269 2.04408794e-01
4.64872 2.06175445e-01
4.66481 2.07705247e-01
4.68096 2.08942725e-01
4.69717 2.09978749e-01
4.71343 2.10810189e-01
4.72974 2.11268027e-01
4.74611 2.11272911e-01
4.76254 2.10829774e-01
4.77903 2.10052823e-01
4.79557 2.09305621e-01
4.81217 2.08896549e-01
4.82883 2.09103798e-01
4.84555 2.09833635e-01
4.86232 2.10882585e-01
4.87915 2.12444232e-01
4.89604 2.14540800e-01
4.91299 2.16882431e-01
4.92999 2.19419817e-01
4.94706 2.22373108e-01
4.96418 2.25734459e-01
4.98137 2.29342403e-01
4.99861 2.33147755e-01
5.01591 2.37121382e-01
5.03328 2.41110549e-01
5.05070 2.44755049e-01
5.06818 2.48021607e-01
5.08573 2.51039080e-01
5.10333 2.53602440e-01
5.12100 2.55565907e-01
5.13873 2.56993367e-01
5.15651 2.57949940e-01
5.17436 2.58416140e-01
5.19228 2.58485453e-01
5.21025 2.58217080e-01
5.22828 2.57666767e-01
5.24638 2.57122620e-01
5.26454 2.56942060e-01
5.28277 2.57110040e-01
5.30105 2.57594987e-01
5.31940 2.58510120e-01
5.33782 2.59863087e-01
5.35629 2.61593453e-01
5.37484 2.63673593e-01
5.39344 2.66050967e-01
5.41211 2.68699673e-01
5.43084 2.71580493e-01
5.44965 2.74759040e-01
5.46851 2.78153420e-01
5.48744 2.81560627e-01
5.50643 2.85028267e-01
5.52550 2.88738133e-01
5.54462 2.92635960e-01
5.56381 2.96525153e-01
5.58308 3.00332947e-01
5.60240 3.04088200e-01
5.62179 3.07749227e-01
5.64125 3.11159147e-01
5.66078 3.14222500e-01
5.68038 3.16896120e-01
5.70004 3.19119080e-01
5.71977 3.20925420e-01
5.73957 3.22496933e-01
5.75944 3.23810680e-01
5.77938 3.24841747e-01
5.79938 3.25728020e-01
5.81946 3.26684840e-01
5.83960 3.27824933e-01
5.85982 3.29106120e-01
5.88010 3.30519027e-01
5.90045 3.32131487e-01
5.92088 3.33966193e-01
5.94137 3.35998973e-01
5.96194 3.38229580e-01
5.98258 3.40638033e-01
6.00329 3.43233460e-01
6.02407 3.46028687e-01
6.04492 3.48949960e-01
6.06585 3.51977053e-01
6.08684 3.55101827e-01
6.10791 3.58239673e-01
6.12906 3.61419947e-01
6.15027 3.64711467e-01
6.17156 3.68135940e-01
6.19293 3.71594700e-01
6.21436 3.75113893e-01
6.23588 3.78642953e-01
6.25746 3.82187553e-01
6.27912 3.85730427e-01
6.30086 3.89257020e-01
6.32267 3.92765853e-01
6.34455 3.96246073e-01
6.36652 3.99695213e-01
6.38856 4.03116973e-01
6.41067 4.06590287e-01
6.43286 4.10169173e-01
6.45513 4.13743620e-01
6.47747 4.17217920e-01
6.49990 4.20691973e-01
6.52240 4.24243973e-01
6.54497 4.27894887e-01
6.56763 4.31564053e-01
6.59037 4.35237413e-01
6.61318 4.38923107e-01
6.63607 4.42655420e-01
6.65904 4.46447180e-01
6.68209 4.50237953e-01
6.70522 4.54080527e-01
6.72843 4.57922113e-01
6.75172 4.61743720e-01
6.77510 4.65533507e-01
6.79855 4.69303313e-01
6.82208 4.73140953e-01
6.84570 4.76997340e-01
6.86939 4.80839667e-01
6.89317 4.84696547e-01
6.91704 4.88546027e-01
6.94098 4.92445087e-01
6.96500 4.96417160e-01
6.98911 5.00410447e-01
7.01331 5.04487847e-01
7.03759 5.08628393e-01
7.06195 5.12843433e-01
7.08639 5.17249393e-01
7.11092 5.21751060e-01
7.13554 5.26391600e-01
7.16024 5.31204560e-01
7.18502 5.36149487e-01
7.20990 5.41311480e-01
7.23485 5.46661680e-01
7.25990 5.52153220e-01
7.28503 5.57917820e-01
7.31025 5.63832393e-01
7.33555 5.69869313e-01
7.36094 5.76095180e-01
7.38642 5.82404913e-01
7.41199 5.88818740e-01
7.43765 5.95395120e-01
7.46340 6.02000113e-01
7.48923 6.08692920e-01
7.51516 6.15494260e-01
7.54117 6.22277593e-01
7.56727 6.29103107e-01
7.59347 6.35954767e-01
7.61975 6.42760793e-01
7.64613 6.49652413e-01
7.67260 6.56576840e-01
7.69916 6.63453907e-01
7.72581 6.70404973e-01
7.75255 6.77373553e-01
7.77939 6.84315000e-01
7.80632 6.91494973e-01
7.83334 6.98772133e-01
7.86046 7.06060393e-01
7.88767 7.13580767e-01
7.91497 7.21221760e-01
7.94237 7.28918747e-01
7.96986 7.36870293e-01
7.99745 7.44987600e-01
8.02513 7.53200120e-01
8.05291 7.61740213e-01
8.08079 7.70523767e-01
8.10876 7.79429173e-01
8.13683 7.88667580e-01
8.16500 7.98209633e-01
8.19326 8.07879953e-01
8.22162 8.17839860e-01
8.25008 8.28150527e-01
8.27864 8.38575153e-01
8.30730 8.49234853e-01
8.33605 8.60361987e-01
8.36491 8.71574713e-01
8.39386 8.82894987e-01
8.42292 8.94763353e-01
8.45208 9.06682780e-01
8.48133 9.18640687e-01
8.51069 9.31096367e-01
8.54016 9.43661813e-01
8.56972 9.56235153e-01
8.59938 9.69221167e-01
8.62915 9.82510333e-01
8.65902 9.95783713e-01
8.68899 1.00927293e+00
8.71907 1.02339065e+00
8.74925 1.03747285e+00
8.77954 1.05151435e+00
8.80993 1.06623936e+00
8.84043 1.08096857e+00
8.87103 1.09563635e+00
8.90174 1.11069338e+00
8.93255 1.12605381e+00
8.96347 1.14132297e+00
8.99450 1.15660249e+00
9.02563 1.17255689e+00
9.05688 1.18837685e+00
9.08823 1.20405005e+00
9.11969 1.22015122e+00
9.15126 1.23636487e+00
9.18294 1.25236983e+00
9.21472 1.26828403e+00
9.24662 1.28466121e+00
9.27863 1.30075720e+00
9.31075 1.31655472e+00
9.34298 1.33251109e+00
9.37532 1.34841838e+00
9.40777 1.36395049e+00
9.44034 1.37918931e+00
9.47302 1.39902698e+00
9.50581 1.41812638e+00
9.53871 1.43645643e+00
9.57173 1.45260545e+00
9.60487 1.46596911e+00
9.63811 1.47888359e+00
9.67148 1.49133976e+00
9.70495 1.50218569e+00
9.73855 1.51220406e+00
9.77226 1.52190324e+00
9.80609 1.53127879e+00
9.84003 1.53926709e+00
9.87409 1.54699590e+00
9.90827 1.55449580e+00
9.94257 1.56153616e+00
9.97699 1.56743939e+00
10.01153 1.57319708e+00
10.04618 1.57880776e+00
10.08096 1.58383211e+00
10.11585 1.58798672e+00
10.15087 1.59205549e+00
10.18601 1.59603767e+00
10.22127 1.59971621e+00
10.25665 1.60309135e+00
10.29215 1.60639841e+00
10.32778 1.60963739e+00
10.36353 1.61258580e+00
10.39941 1.61529667e+00
10.43540 1.61795203e+00
10.47153 1.62055239e+00
10.50777 1.62256544e+00
10.54415 1.62412955e+00
10.58065 1.62565642e+00
10.61727 1.62714555e+00
10.65403 1.62831968e+00
10.69091 1.62920324e+00
10.72791 1.63004733e+00
10.76505 1.63085171e+00
10.80231 1.63126809e+00
10.83971 1.63116276e+00
10.87723 1.63100341e+00
10.91488 1.63078955e+00
10.95266 1.63023135e+00
10.99058 1.62880191e+00
11.02862 1.62728417e+00
11.06680 1.62567739e+00
11.10511 1.62396971e+00
11.14355 1.62195568e+00
11.18212 1.61984347e+00
11.22083 1.61763186e+00
11.25967 1.61531985e+00
11.29865 1.61260751e+00
11.33776 1.60968623e+00
11.37701 1.60664459e+00
11.41639 1.60348133e+00
11.45591 1.59978109e+00
11.49556 1.59534676e+00
11.53536 1.59073483e+00
11.57529 1.58594481e+00
11.61536 1.58096905e+00
11.65556 1.57491215e+00
11.69591 1.56862758e+00
11.73640 1.56211583e+00
11.77702 1.55537813e+00
11.81779 1.54698899e+00
11.85870 1.53696964e+00
11.89975 1.52655981e+00
11.94094 1.51576420e+00
11.98227 1.50458897e+00
12.02375 1.48783142e+00
12.06537 1.47022682e+00
12.10714 1.45192169e+00
12.14905 1.43295080e+00
12.19110 1.41201571e+00
12.23330 1.38797138e+00
12.27565 1.36333382e+00
12.31814 1.33823549e+00
12.36078 1.31280958e+00
12.40357 1.29116853e+00
12.44651 1.27171541e+00
12.48959 1.25243767e+00
12.53283 1.23335751e+00
12.57621 1.21447838e+00
12.61974 1.19953038e+00
12.66343 1.18525751e+00
12.70726 1.17108108e+00
12.75125 1.15693105e+00
12.79539 1.14287845e+00
12.83968 1.13475571e+00
12.88413 1.12640876e+00
12.92873 1.11778776e+00
12.97348 1.10885596e+00
13.01839 1.10057339e+00
13.06345 1.10273567e+00
13.10867 1.10467471e+00
13.15405 1.10641371e+00
13.19959 1.10797807e+00
13.24528 1.10939073e+00
13.29113 1.11062431e+00
13.33713 1.11177057e+00
13.38330 1.11285097e+00
13.42963 1.11388475e+00
13.47612 1.11489091e+00
13.52277 1.11973001e+00
13.56958 1.12481579e+00
13.61655 1.12993683e+00
13.66368 1.13510129e+00
13.71098 1.14031558e+00
13.75844 1.14472179e+00
13.80607 1.14887911e+00
13.85386 1.15309415e+00
13.90182 1.15736913e+00
13.94994 1.16170627e+00
13.99823 1.16770939e+00
14.04668 1.17583237e+00
14.09531 1.18402491e+00
14.14410 1.19228405e+00
14.19306 1.20060757e+00
14.24219 1.20900805e+00
14.29149 1.21783724e+00
14.34096 1.22671749e+00
14.39060 1.23564657e+00
14.44042 1.24462203e+00
14.49041 1.25364189e+00
14.54057 1.26265805e+00
14.59090 1.27166780e+00
14.64141 1.28070739e+00
14.69209 1.28977486e+00
14.74295 1.29886921e+00
14.79398 1.30798897e+00
14.84519 1.31826091e+00
14.89658 1.32863325e+00
14.94814 1.33901545e+00
14.99989 1.34940579e+00
15.05181 1.35980229e+00
15.10392 1.37026367e+00
15.15620 1.38095470e+00
15.20866 1.39163981e+00
15.26131 1.40231702e+00
15.31414 1.41298511e+00
15.36715 1.42364185e+00
15.42034 1.43435335e+00
15.47372 1.44515266e+00
15.52729 1.45591769e+00
15.58103 1.46664645e+00
15.63497 1.47733649e+00
15.68909 1.48798633e+00
15.74340 1.49868500e+00
15.79790 1.50945965e+00
15.85258 1.52017707e+00
15.90746 1.53083504e+00
15.96252 1.54143135e+00
16.01778 1.55196352e+00
16.07323 1.56192565e+00
16.12886 1.57081847e+00
16.18470 1.57963779e+00
16.24072 1.58838188e+00
16.29694 1.59704827e+00
16.35335 1.60563498e+00
16.40996 1.61404927e+00
16.46677 1.62174404e+00
16.52377 1.62936629e+00
16.58097 1.63691478e+00
16.63836 1.64438755e+00
16.69596 1.65178286e+00
16.75375 1.65909924e+00
16.81175 1.66451283e+00
16.86994 1.66935860e+00
16.92834 1.67416515e+00
16.98694 1.67893173e+00
17.04574 1.68365762e+00
17.10474 1.68834157e+00
17.16395 1.69300752e+00
17.22337 1.69768975e+00
17.28299 1.70232733e+00
17.34281 1.70691903e+00
17.40285 1.71146411e+00
17.46309 1.71596158e+00
17.52354 1.72041046e+00
17.58420 1.72406951e+00
17.64507 1.72728333e+00
17.70615 1.73045473e+00
17.76744 1.73358320e+00
17.82894 1.73666752e+00
17.89066 1.73970744e+00
17.95259 1.74270197e+00
18.01473 1.74520268e+00
18.07709 1.74759165e+00
18.13967 1.74994583e+00
18.20246 1.75226475e+00
18.26547 1.75454814e+00
18.32870 1.75679552e+00
18.39214 1.75900615e+00
18.45581 1.76055151e+00
18.51969 1.76199353e+00
18.58380 1.76340619e+00
18.64813 1.76478875e+00
18.71268 1.76614197e+00
18.77746 1.76746509e+00
18.84246 1.76875836e+00
18.90768 1.76995716e+00
18.97313 1.77111205e+00
19.03881 1.77224351e+00
19.10472 1.77335203e+00
19.17085 1.77443737e+00
19.23721 1.77550025e+00
19.30380 1.77654069e+00
19.37062 1.77769929e+00
19.43768 1.77900243e+00
19.50496 1.78028312e+00
19.57248 1.78154211e+00
19.64023 1.78277939e+00
19.70822 1.78399545e+00
19.77644 1.78519055e+00
19.84490 1.78636493e+00
19.91359 1.78756965e+00
19.98252 1.78875489e+00
20.05169 1.78991866e+00
20.12110 1.79106147e+00
20.19076 1.79218405e+00
20.26065 1.79328640e+00
20.33078 1.79436927e+00
20.40116 1.79541464e+00
20.47178 1.79638700e+00
20.54264 1.79734061e+00
20.61375 1.79827622e+00
20.68511 1.79919431e+00
20.75671 1.80009588e+00
20.82856 1.80098141e+00
20.90066 1.80185165e+00
20.97301 1.80279195e+00
21.04561 1.80386939e+00
21.11846 1.80492537e+00
21.19157 1.80596087e+00
21.26492 1.80697665e+00
21.33853 1.80797343e+00
21.41240 1.80895171e+00
21.48652 1.80991272e+00
21.56090 1.81077827e+00
21.63553 1.81134388e+00
21.71043 1.81189173e+00
21.78558 1.81242231e+00
21.86099 1.81293685e+00
21.93666 1.81343685e+00
22.01260 1.81392327e+00
22.08880 1.81439737e+00
22.16526 1.81486011e+00
22.24199 1.81460802e+00
22.31898 1.81424567e+00
22.39624 1.81389737e+00
22.47377 1.81356462e+00
22.55156 1.81324889e+00
22.62962 1.81295116e+00
22.70796 1.81267341e+00
22.78656 1.81241614e+00
22.86544 1.81209473e+00
22.94459 1.81152592e+00
23.02402 1.81099238e+00
23.10372 1.81049535e+00
23.18369 1.81003605e+00
23.26394 1.80961549e+00
23.34447 1.80923463e+00
23.42528 1.80889448e+00
23.50637 1.80859552e+00
23.58774 1.80816977e+00
23.66939 1.80748799e+00
23.75133 1.80685553e+00
23.83354 1.80627291e+00
23.91604 1.80574085e+00
23.99883 1.80526009e+00
24.08191 1.80483114e+00
24.16527 1.80445423e+00
24.24892 1.80412987e+00
24.33286 1.80383855e+00
24.41709 1.80351073e+00
24.50161 1.80322287e+00
24.58642 1.80297497e+00
24.67153 1.80276605e+00
24.75693 1.80259634e+00
24.84263 1.80246536e+00
24.92863 1.80237212e+00
25.01492 1.80231662e+00
25.10151 1.80229812e+00
25.18840 1.80216393e+00
25.27559 1.80199447e+00
25.36309 1.80183957e+00
25.45088 1.80169773e+00
25.53898 1.80156749e+00
25.62739 1.80144663e+00
25.71610 1.80133316e+00
25.80512 1.80122561e+00
25.89444 1.80112177e+00
25.98408 1.80101915e+00
26.07403 1.80079000e+00
26.16428 1.80052952e+00
26.25485 1.80023919e+00
26.34574 1.79991532e+00
26.43694 1.79955469e+00
26.52845 1.79915287e+00
26.62028 1.79870665e+00
26.71243 1.79821159e+00
26.80489 1.79766399e+00
26.89768 1.79705966e+00
26.99079 1.79616993e+00
27.08422 1.79513862e+00
27.17798 1.79400099e+00
27.27205 1.79275187e+00
27.36646 1.79138559e+00
27.46119 1.78989597e+00
27.55625 1.78827759e+00
27.65164 1.78652477e+00
27.74736 1.78463161e+00
27.84341 1.78259241e+00
27.93979 1.78035342e+00
28.03650 1.77785173e+00
28.13355 1.77516725e+00
28.23094 1.77229383e+00
28.32867 1.76922629e+00
28.42673 1.76595968e+00
28.52513 1.76248859e+00
28.62387 1.75880832e+00
28.72295 1.75491444e+00
28.82238 1.75080251e+00
28.92215 1.74646857e+00
29.02227 1.74185344e+00
29.12273 1.73693737e+00
29.22354 1.73177933e+00
29.32470 1.72637659e+00
29.42621 1.72072767e+00
29.52807 1.71483061e+00
29.63029 1.70868442e+00
29.73286 1.70228811e+00
29.83578 1.69564192e+00
29.93906 1.68874537e+00
30.04269 1.68159919e+00
30.14669 1.67418735e+00
30.25104 1.66643116e+00
30.35576 1.65842707e+00
30.46084 1.65017805e+00
30.56628 1.64168704e+00
30.67209 1.63295775e+00
30.77826 1.62399487e+00
30.88481 1.61480235e+00
30.99172 1.60538535e+00
31.09900 1.59574907e+00
31.20665 1.58589893e+00
31.31467 1.57584110e+00
31.42307 1.56559950e+00
31.53184 1.55519609e+00
31.64099 1.54461211e+00
31.75052 1.53385473e+00
31.86043 1.52293159e+00
31.97072 1.51185034e+00
32.08139 1.50061862e+00
32.19244 1.48924457e+00
32.30388 1.47773634e+00
32.41570 1.46610181e+00
32.52791 1.45434938e+00
32.64051 1.44248693e+00
32.75349 1.43061487e+00
32.86687 1.41935552e+00
32.98064 1.40802341e+00
33.09481 1.39662519e+00
33.20937 1.38516777e+00
33.32433 1.37365805e+00
33.43968 1.36210246e+00
33.55544 1.35050765e+00
33.67159 1.33888003e+00
33.78815 1.32722601e+00
33.90511 1.31555128e+00
34.02247 1.30386224e+00
34.14024 1.29216457e+00
34.25842 1.28047676e+00
34.37701 1.26881929e+00
34.49601 1.25716602e+00
34.61542 1.24552237e+00
34.73525 1.23389302e+00
34.85549 1.22228267e+00
34.97614 1.21069599e+00
35.09721 1.19913744e+00
35.21871 1.18761120e+00
35.34062 1.17612097e+00
35.46295 1.16467095e+00
35.58571 1.15326459e+00
35.70889 1.14190559e+00
35.83250 1.13059741e+00
35.95654 1.11936741e+00
36.08101 1.10819933e+00
36.20590 1.09709317e+00
36.33123 1.08605138e+00
36.45700 1.07507669e+00
36.58320 1.06417106e+00
36.70983 1.05333697e+00
36.83691 1.04257613e+00
36.96442 1.03189053e+00
37.09238 1.02128189e+00
37.22077 1.01075169e+00
37.34962 1.00030166e+00
37.47890 9.89932780e-01
37.60864 9.79646533e-01
37.73883 9.69659740e-01
37.86946 9.59797020e-01
38.00055 9.50019893e-01
38.13209 9.40328607e-01
38.26409 9.30723653e-01
38.39654 9.21205773e-01
38.52946 9.11775213e-01
38.66283 9.02431973e-01
38.79667 8.93176793e-01
38.93096 8.84009427e-01
39.06573 8.74929873e-01
39.20096 8.65938627e-01
39.33665 8.57034947e-01
39.47282 8.48219327e-01
39.60946 8.39515447e-01
39.74657 8.31207713e-01
39.88416 8.22979653e-01
40.02222 8.14831267e-01
40.16076 8.06762307e-01
40.29978 7.98772280e-01
40.43928 7.90860940e-01
40.57926 7.83028287e-01
40.71973 7.75273333e-01
40.86069 7.67596080e-01
41.00213 7.59996033e-01
41.14406 7.52472700e-01
41.28648 7.45025587e-01
41.42940 7.37654200e-01
41.57281 7.30358293e-01
41.71672 7.23136880e-01
41.86113 7.15920153e-01
42.00603 7.08710333e-01
42.15144 7.01575747e-01
42.29735 6.94515900e-01
42.44377 6.87530300e-01
42.59069 6.80618207e-01
42.73812 6.73779127e-01
42.88606 6.67012320e-01
43.03451 6.60317293e-01
43.18348 6.53693307e-01
43.33297 6.47139620e-01
43.48297 6.40655987e-01
43.63349 6.34241173e-01
43.78453 6.27895180e-01
43.93609 6.21616773e-01
44.08818 6.15405707e-01
44.24079 6.09259760e-01
44.39394 6.03157473e-01
44.54761 5.97121293e-01
44.70182 5.91150233e-01
44.85655 5.85243800e-01
45.01183 5.79401500e-01
45.16764 5.73622593e-01
45.32399 5.67906093e-01
45.48089 5.62251507e-01
45.63832 5.56658340e-01
45.79630 5.51125853e-01
45.95483 5.45653307e-01
46.11391 5.40240207e-01
46.27353 5.34885813e-01
46.43371 5.29589387e-01
46.59445 5.24350187e-01
46.75574 5.19167967e-01
46.91759 5.14041987e-01
47.08000 5.08916253e-01
47.24297 5.03810253e-01
47.40650 4.98760247e-01
47.57060 4.93765493e-01
47.73527 4.88825747e-01
47.90051 4.83939773e-01
48.06633 4.79107327e-01
48.23271 4.74327913e-01
48.39967 4.69600547e-01
48.56721 4.64924980e-01
48.73533 4.60300473e-01
48.90403 4.55726287e-01
49.07332 4.51202173e-01
49.24319 4.46727393e-01
49.41365 4.42301453e-01
49.58470 4.37923613e-01
49.75634 4.33593380e-01
49.92858 4.29310260e-01
50.10141 4.25077953e-01
50.27484 4.21004500e-01
50.44887 4.16974460e-01
50.62350 4.12987833e-01
50.79874 4.09044127e-01
50.97458 4.05142600e-01
51.15104 4.01282760e-01
51.32810 3.97464360e-01
51.50578 3.93686413e-01
51.68407 3.89949167e-01
51.86298 3.86251387e-01
52.04250 3.82593320e-01
52.22265 3.78973733e-01
52.40343 3.75392873e-01
52.58482 3.71850000e-01
52.76685 3.68344620e-01
52.94951 3.64876240e-01
53.13280 3.61444613e-01
53.31672 3.58049247e-01
53.50128 3.54689647e-01
53.68648 3.51359153e-01
53.87232 3.48039513e-01
54.05880 3.44754900e-01
54.24593 3.41504820e-01
54.43371 3.38289273e-01
54.62214 3.35107520e-01
54.81122 3.31959313e-01
55.00095 3.28844160e-01
55.19134 3.25761813e-01
55.38239 3.22712027e-01
55.57410 3.19694060e-01
55.76647 3.16707420e-01
55.95951 3.13752353e-01
56.15322 3.10828120e-01
56.34760 3.07934227e-01
56.54265 3.05070673e-01
56.73838 3.02236720e-01
56.93479 2.99432367e-01
57.13187 2.96657367e-01
57.32964 2.93910733e-01
57.52809 2.91192713e-01
57.72723 2.88503060e-01
57.92705 2.85840293e-01
58.12757 2.83205153e-01
58.32879 2.80597393e-01
58.53070 2.78016273e-01
58.73331 2.75462040e-01
58.93662 2.72933953e-01
59.14063 2.70432013e-01
59.34535 2.67955727e-01
59.55078 2.65504847e-01
59.75692 2.63079127e-01
59.96377 2.60678320e-01
60.17134 2.58301933e-01
60.37963 2.55949967e-01
60.58864 2.53621680e-01
60.79837 2.51317320e-01
61.00883 2.49036640e-01
61.22002 2.46778900e-01
61.43194 2.44543977e-01
61.64459 2.42331821e-01
61.85797 2.40142087e-01
62.07210 2.37974479e-01
62.28697 2.35828750e-01
62.50258 2.33704679e-01
62.71894 2.31613957e-01
62.93605 2.29545459e-01
63.15390 2.27497682e-01
63.37252 2.25470403e-01
63.59189 2.23463399e-01
63.81201 2.21476425e-01
64.03290 2.19509259e-01
64.25456 2.17561702e-01
64.47698 2.15633509e-01
64.70017 2.13724457e-01
64.92414 2.11834349e-01
65.14888 2.09962987e-01
65.37440 2.08110126e-01
65.60070 2.06275592e-01
65.82778 2.04459139e-01
66.05565 2.02660618e-01
66.28430 2.00879808e-01
66.51375 1.99116487e-01
66.74400 1.97370506e-01
66.97504 1.95641644e-01
67.20688 1.93929703e-01
67.43952 1.92234536e-01
67.67297 1.90555920e-01
67.90722 1.88893707e-01
68.14229 1.87247676e-01
68.37817 1.85619281e-01
68.61486 1.84006871e-01
68.85238 1.82410123e-01
69.09072 1.80828867e-01
69.32988 1.79262953e-01
69.56987 1.77712209e-01
69.81069 1.76176437e-01
70.05235 1.74655515e-01
70.29484 1.73149270e-01
70.53817 1.71657504e-01
70.78235 1.70180119e-01
71.02737 1.68716917e-01
71.27323 1.67267775e-01
71.51995 1.65832520e-01
71.76752 1.64410980e-01
72.01595 1.63003056e-01
72.26524 1.61608575e-01
72.51539 1.60227390e-01
72.76641 1.58859352e-01
73.01830 1.57504363e-01
73.27106 1.56162225e-01
73.52469 1.54832815e-01
73.77920 1.53516034e-01
74.03460 1.52211710e-01
74.29087 1.50919695e-01
74.54804 1.49639914e-01
74.80609 1.48372195e-01
75.06504 1.47117846e-01
75.32488 1.45876323e-01
75.58563 1.44646468e-01
75.84727 1.43428157e-01
76.10982 1.42221241e-01
76.37328 1.41025648e-01
76.63766 1.39841229e-01
76.90295 1.38667860e-01
77.16915 1.37505443e-01
77.43628 1.36353831e-01
77.70433 1.35212973e-01
77.97331 1.34082697e-01
78.24322 1.32962904e-01
78.51407 1.31853496e-01
78.78585 1.30754349e-01
79.05857 1.29665390e-01
79.33224 1.28586470e-01
79.60686 1.27517515e-01
79.88242 1.26458403e-01
80.15894 1.25409033e-01
80.43642 1.24369333e-01
80.71486 1.23339155e-01
80.99426 1.22318423e-01
81.27463 1.21307065e-01
81.55596 1.20304933e-01
81.83828 1.19311976e-01
82.12157 1.18328072e-01
82.40584 1.17353147e-01
82.69109 1.16387077e-01
82.97733 1.15429813e-01
83.26457 1.14483353e-01
83.55279 1.13548782e-01
83.84202 1.12622623e-01
84.13225 1.11704850e-01
84.42348 1.10795316e-01
84.71572 1.09893971e-01
85.00897 1.09000742e-01
85.30323 1.08115529e-01
85.59852 1.07238235e-01
85.89482 1.06368809e-01
86.19215 1.05507177e-01
86.49052 1.04653217e-01
86.78991 1.03806879e-01
87.09034 1.02968089e-01
87.39181 1.02136773e-01
87.69432 1.01312857e-01
87.99789 1.00496267e-01
88.30250 9.96869047e-02
88.60816 9.88847200e-02
88.91489 9.80896393e-02
89.22267 9.73015887e-02
89.53153 9.65204940e-02
89.84145 9.57462813e-02
90.15244 9.49789260e-02
90.46451 9.42183047e-02
90.77766 9.34643680e-02
91.09190 9.27170420e-02
91.40722 9.19763020e-02
91.72363 9.12420493e-02
92.04114 9.05142100e-02
92.35975 8.97927347e-02
92.67946 8.90775740e-02
93.00028 8.83686540e-02
93.32221 8.76659007e-02
93.64525 8.69698813e-02
93.96941 8.62802507e-02
94.29469 8.55965647e-02
94.62110 8.49188480e-02
94.94864 8.42469773e-02
95.27731 8.35809280e-02
95.60712 8.29206507e-02
95.93807 8.22660713e-02
96.27017 8.16171160e-02
96.60342 8.09737847e-02
96.93782 8.03359787e-02
97.27338 7.97036487e-02
97.61010 7.90767700e-02
97.94798 7.84552440e-02
98.28704 7.78390707e-02
98.62727 7.72281760e-02
98.96867 7.66224860e-02
99.31126 7.60219760e-02
99.65504 7.54266213e-02
100.00000 7.48363233e-02
