        2000  0.100000 3.710000
0.10000 1.19855211e+00
0.10035 1.19830230e+00
0.10069 1.19804606e+00
0.10104 1.19778240e+00
0.10139 1.19751281e+00
0.10174 1.19723728e+00
0.10210 1.19695582e+00
0.10245 1.19666891e+00
0.10280 1.19637706e+00
0.10316 1.19597143e+00
0.10352 1.19507905e+00
0.10387 1.19417332e+00
0.10423 1.19325423e+00
0.10459 1.19232178e+00
0.10496 1.19137647e+00
0.10532 1.19041880e+00
0.10568 1.18944826e+00
0.10605 1.18846536e+00
0.10642 1.18746959e+00
0.10679 1.18646097e+00
0.10716 1.18543899e+00
0.10753 1.18440414e+00
0.10790 1.18335595e+00
0.10827 1.18229291e+00
0.10865 1.18121602e+00
0.10902 1.18012379e+00
0.10940 1.17901574e+00
0.10978 1.17789136e+00
0.11016 1.17674967e+00
0.11054 1.17559067e+00
0.11092 1.17441287e+00
0.11131 1.17321577e+00
0.11169 1.17199889e+00
0.11208 1.17076173e+00
0.11247 1.16950330e+00
0.11286 1.16759042e+00
0.11325 1.16561324e+00
0.11364 1.16360391e+00
0.11403 1.16156192e+00
0.11443 1.15948679e+00
0.11482 1.15737902e+00
0.11522 1.15523761e+00
0.11562 1.15306256e+00
0.11602 1.15085437e+00
0.11642 1.14861303e+00
0.11682 1.14633806e+00
0.11723 1.14403044e+00
0.11763 1.14169017e+00
0.11804 1.13931726e+00
0.11845 1.13691268e+00
0.11886 1.13447595e+00
0.11927 1.13200856e+00
0.11968 1.12950999e+00
0.12010 1.12698126e+00
0.12051 1.12442334e+00
0.12093 1.12183623e+00
0.12135 1.11922043e+00
0.12177 1.11657743e+00
0.12219 1.11390672e+00
0.12262 1.11121030e+00
0.12304 1.10848864e+00
0.12347 1.10574176e+00
0.12389 1.10896253e+00
0.12432 1.12566495e+00
0.12475 1.14210915e+00
0.12518 1.15372244e+00
0.12562 1.15910095e+00
0.12605 1.16446710e+00
0.12649 1.16692312e+00
0.12693 1.16666985e+00
0.12737 1.16641510e+00
0.12781 1.16676680e+00
0.12825 1.16756421e+00
0.12869 1.16836656e+00
0.12914 1.16896411e+00
0.12959 1.16943256e+00
0.13003 1.16990645e+00
0.13048 1.16996532e+00
0.13094 1.16976102e+00
0.13139 1.16955969e+00
0.13184 1.16956711e+00
0.13230 1.16972788e+00
0.13276 1.16989508e+00
0.13322 1.16995196e+00
0.13368 1.16990645e+00
0.13414 1.16986688e+00
0.13461 1.16981791e+00
0.13507 1.16933363e+00
0.13554 1.16885380e+00
0.13601 1.16837793e+00
0.13648 1.16727829e+00
0.13695 1.16611038e+00
0.13743 1.16494198e+00
0.13790 1.16351388e+00
0.13838 1.16198931e+00
0.13886 1.16046129e+00
0.13934 1.15815614e+00
0.13982 1.15515995e+00
0.14031 1.15214396e+00
0.14079 1.14877083e+00
0.14128 1.14456369e+00
0.14177 1.14032291e+00
0.14226 1.13604701e+00
0.14275 1.13168109e+00
0.14324 1.12728004e+00
0.14374 1.12284436e+00
0.14424 1.11690589e+00
0.14474 1.11030753e+00
0.14524 1.10364882e+00
0.14574 1.09488926e+00
0.14625 1.08236381e+00
0.14675 1.06969787e+00
0.14726 1.05689985e+00
0.14777 1.04872301e+00
0.14828 1.04063620e+00
0.14879 1.03249152e+00
0.14931 1.02002443e+00
0.14983 1.00380481e+00
0.15034 9.87472397e-01
0.15087 9.71116244e-01
0.15139 9.55672256e-01
0.15191 9.40167919e-01
0.15244 9.24616588e-01
0.15297 9.08492928e-01
0.15349 8.91919121e-01
0.15403 8.75340368e-01
0.15456 8.58772497e-01
0.15509 8.40314011e-01
0.15563 8.20365588e-01
0.15617 8.00511647e-01
0.15671 7.80774941e-01
0.15725 7.60288321e-01
0.15780 7.39926357e-01
0.15834 7.19762260e-01
0.15889 6.99891500e-01
0.15944 6.80433292e-01
0.15999 6.61220439e-01
0.16055 6.42267285e-01
0.16110 6.25398163e-01
0.16166 6.09970993e-01
0.16222 5.94744659e-01
0.16278 5.79725589e-01
0.16335 5.54887387e-01
0.16391 5.28981199e-01
0.16448 5.03840755e-01
0.16505 4.80370355e-01
0.16562 4.72853202e-01
0.16619 4.65408073e-01
0.16677 4.58035710e-01
0.16734 4.44223033e-01
0.16792 4.07082866e-01
0.16851 3.72185419e-01
0.16909 3.39501952e-01
0.16967 3.14755658e-01
0.17026 3.03707773e-01
0.17085 2.92950999e-01
0.17144 2.82482912e-01
0.17204 2.73122879e-01
0.17263 2.65427251e-01
0.17323 2.57898671e-01
0.17383 2.50535855e-01
0.17443 2.36206005e-01
0.17503 2.10611457e-01
0.17564 1.87347679e-01
0.17625 1.66287592e-01
0.17686 1.50849342e-01
0.17747 1.44813469e-01
0.17808 1.38989511e-01
0.17870 1.33372373e-01
0.17932 1.25689012e-01
0.17994 1.08659964e-01
0.18056 9.37576855e-02
0.18119 8.07628911e-02
0.18182 6.94669799e-02
0.18244 6.27893756e-02
0.18308 6.01044733e-02
0.18371 5.75291397e-02
0.18435 5.50593680e-02
0.18498 5.16759469e-02
0.18562 4.52551736e-02
0.18627 3.96075296e-02
0.18691 3.46458004e-02
0.18756 3.02911903e-02
0.18821 2.67526764e-02
0.18886 2.36450024e-02
0.18951 2.08926622e-02
0.19017 1.84562903e-02
0.19083 1.72764361e-02
0.19149 1.70170626e-02
0.19215 1.67616019e-02
0.19282 1.65099947e-02
0.19348 1.62835016e-02
0.19415 1.62764576e-02
0.19483 1.62694778e-02
0.19550 1.62625673e-02
0.19618 1.62557261e-02
0.19686 1.59808745e-02
0.19754 1.55196077e-02
0.19822 1.50715436e-02
0.19891 1.46363111e-02
0.19960 1.42135492e-02
0.20029 1.19320229e-02
0.20098 1.00021006e-02
0.20168 8.38245315e-03
0.20237 7.02375716e-03
0.20307 6.26841600e-03
0.20378 6.34688992e-03
0.20448 6.42636307e-03
0.20519 6.50684039e-03
0.20590 6.58833672e-03
0.20661 5.02304815e-03
0.20733 3.16598390e-03
0.20805 1.99452865e-03
0.20877 1.25614664e-03
0.20949 7.90966064e-04
0.21021 7.66570093e-04
0.21094 8.35448469e-04
0.21167 9.10513147e-04
0.21240 9.92320131e-04
0.21314 1.08147341e-03
0.21388 2.22113149e-04
0.21462 2.21713656e-04
0.21536 2.21309118e-04
0.21611 2.20900276e-04
0.21685 2.20487229e-04
0.21760 2.20069978e-04
0.21836 2.19648423e-04
0.21911 2.19222663e-04
0.21987 2.18792650e-04
0.22063 2.18358184e-04
0.22140 2.17917090e-04
0.22216 2.81132027e-04
0.22293 1.09057973e-03
0.22370 4.37638278e-03
0.22448 1.63015075e-02
0.22526 6.45062152e-02
0.22604 1.25529631e-02
0.22682 2.38545432e-03
0.22760 5.18552141e-04
0.22839 5.14634381e-04
0.22918 5.10207115e-04
0.22998 5.05347509e-04
0.23077 5.00104537e-04
0.23157 4.94536718e-04
0.23237 4.88711177e-04
0.23318 4.82700037e-04
0.23398 4.76587144e-04
0.23479 4.70451596e-04
0.23561 4.64354334e-04
0.23642 4.58366295e-04
0.23724 4.52553220e-04
0.23806 4.46974122e-04
0.23889 4.41697958e-04
0.23971 4.36747185e-04
0.24054 4.32152870e-04
0.24137 4.27937667e-04
0.24221 4.24114982e-04
0.24305 4.21078520e-04
0.24389 4.18938443e-04
0.24473 4.17050598e-04
0.24558 4.15412262e-04
0.24643 4.14018637e-04
0.24728 4.12863195e-04
0.24814 4.11496282e-04
0.24900 4.10263177e-04
0.24986 4.09328554e-04
0.25073 4.08668323e-04
0.25159 4.08257700e-04
0.25246 4.08071606e-04
0.25334 4.08089810e-04
0.25422 4.08281394e-04
0.25510 4.08620340e-04
0.25598 4.09080578e-04
0.25687 4.09635445e-04
0.25775 4.10257934e-04
0.25865 4.10925140e-04
0.25954 4.11603724e-04
0.26044 4.12264450e-04
0.26134 4.12877392e-04
0.26225 4.13412176e-04
0.26315 4.13838183e-04
0.26406 4.14133202e-04
0.26498 4.14260381e-04
0.26590 4.14190930e-04
0.26682 4.13896999e-04
0.26774 4.13348463e-04
0.26867 1.45280385e-03
0.26960 2.33233206e-03
0.27053 2.61990059e-03
0.27147 2.94150615e-03
0.27241 3.30079294e-03
0.27335 3.70173907e-03
0.27430 4.14868029e-03
0.27525 4.54924207e-03
0.27620 4.89654704e-03
0.27715 5.26367875e-03
0.27811 5.65108684e-03
0.27908 6.05923631e-03
0.28004 6.48865149e-03
0.28101 6.71958663e-03
0.28198 6.93590436e-03
0.28296 7.15380503e-03
0.28394 7.37313033e-03
0.28492 7.59373683e-03
0.28591 7.81554536e-03
0.28690 8.03850152e-03
0.28789 8.26258057e-03
0.28889 8.45880495e-03
0.28989 8.64123801e-03
0.29089 8.82180619e-03
0.29190 9.00096951e-03
0.29291 9.17923748e-03
0.29392 9.35718392e-03
0.29494 9.53541232e-03
0.29596 9.68249651e-03
0.29699 9.82834403e-03
0.29801 9.97474557e-03
0.29905 1.01220771e-02
0.30008 1.02707244e-02
0.30112 1.04210833e-02
0.30216 1.05697999e-02
0.30321 1.06414177e-02
0.30426 1.07157513e-02
0.30531 1.07934288e-02
0.30637 1.08750488e-02
0.30743 1.09611703e-02
0.30849 1.10523373e-02
0.30956 1.11490496e-02
0.31063 1.12013408e-02
0.31171 1.12557789e-02
0.31279 1.13144068e-02
0.31387 1.13774916e-02
0.31496 1.14452709e-02
0.31605 1.15179720e-02
0.31714 1.15958029e-02
0.31824 1.16789613e-02
0.31934 1.17676253e-02
0.32044 1.18619781e-02
0.32155 1.19621629e-02
0.32267 1.20683283e-02
0.32378 1.21806077e-02
0.32490 1.22991249e-02
0.32603 1.24239837e-02
0.32716 1.25552880e-02
0.32829 1.26931219e-02
0.32943 1.28375597e-02
0.33057 1.29886704e-02
0.33171 1.31465087e-02
0.33286 1.33111139e-02
0.33401 1.34825159e-02
0.33517 1.36607345e-02
0.33633 1.38457744e-02
0.33749 1.40376309e-02
0.33866 1.42362791e-02
0.33983 1.44416845e-02
0.34101 1.46538075e-02
0.34219 1.48725738e-02
0.34337 1.50979044e-02
0.34456 1.52608822e-02
0.34576 1.54082038e-02
0.34695 1.55594828e-02
0.34815 1.57144470e-02
0.34936 1.58728145e-02
0.35057 1.60342886e-02
0.35178 1.61985624e-02
0.35300 1.63653245e-02
0.35422 1.65342333e-02
0.35545 1.67049527e-02
0.35668 1.68771412e-02
0.35791 1.70504378e-02
0.35915 1.72244764e-02
0.36039 1.73988958e-02
0.36164 1.75733301e-02
0.36289 1.77473984e-02
0.36415 1.79207395e-02
0.36541 1.80929824e-02
0.36668 1.82637611e-02
0.36795 1.84327244e-02
0.36922 1.85995161e-02
0.37050 1.87637999e-02
0.37178 1.89252492e-02
0.37307 1.90835524e-02
0.37436 1.92384128e-02
0.37565 1.93895433e-02
0.37695 1.95366918e-02
0.37826 1.96796060e-02
0.37957 1.98180731e-02
0.38088 1.99518903e-02
0.38220 2.00808746e-02
0.38352 2.02048826e-02
0.38485 2.03237807e-02
0.38618 2.04337500e-02
0.38752 2.04824846e-02
0.38886 2.05259856e-02
0.39021 2.05642332e-02
0.39156 2.05972423e-02
0.39291 2.06250327e-02
0.39427 2.06476488e-02
0.39564 2.06651501e-02
0.39701 2.06776108e-02
0.39838 2.06851149e-02
0.39976 2.06877762e-02
0.40115 2.06856937e-02
0.40253 2.06790058e-02
0.40393 2.06678461e-02
0.40533 2.06523581e-02
0.40673 2.06326951e-02
0.40814 2.06090154e-02
0.40955 2.05814921e-02
0.41097 2.05502885e-02
0.41239 2.05155778e-02
0.41382 2.04775429e-02
0.41525 2.04363619e-02
0.41669 2.03922129e-02
0.41813 2.03452789e-02
0.41958 2.02957331e-02
0.42103 2.02437585e-02
0.42249 2.01895331e-02
0.42395 2.01332252e-02
0.42542 2.00750128e-02
0.42689 2.00150592e-02
0.42837 1.99535326e-02
0.42985 1.98905862e-02
0.43134 1.98263785e-02
0.43283 1.97610578e-02
0.43433 1.96947724e-02
0.43583 1.96276561e-02
0.43734 1.95598521e-02
0.43886 1.94914842e-02
0.44037 1.94226810e-02
0.44190 1.93535563e-02
0.44343 1.92658915e-02
0.44496 1.91671313e-02
0.44650 1.90686135e-02
0.44805 1.89704320e-02
0.44960 1.88726711e-02
0.45116 1.87754245e-02
0.45272 1.86787617e-02
0.45429 1.85827568e-02
0.45586 1.84874791e-02
0.45744 1.83929928e-02
0.45902 1.82993475e-02
0.46061 1.82066024e-02
0.46220 1.81148071e-02
0.46380 1.80240011e-02
0.46541 1.79342290e-02
0.46702 1.78455205e-02
0.46864 1.77579150e-02
0.47026 1.76714374e-02
0.47189 1.75861173e-02
0.47352 1.75019695e-02
0.47516 1.74190139e-02
0.47680 1.73372752e-02
0.47845 1.72567583e-02
0.48011 1.71774781e-02
0.48177 1.70994395e-02
0.48344 1.70226573e-02
0.48511 1.69471217e-02
0.48679 1.68728475e-02
0.48848 1.67998298e-02
0.49017 1.67280685e-02
0.49186 1.66575537e-02
0.49357 1.65882905e-02
0.49528 1.65202689e-02
0.49699 1.64534839e-02
0.49871 1.63879208e-02
0.50044 1.63235746e-02
0.50217 1.62604304e-02
0.50391 1.61984833e-02
0.50565 1.61377184e-02
0.50740 1.60781259e-02
0.50916 1.60196811e-02
0.51092 1.59623789e-02
0.51269 1.59062045e-02
0.51446 1.58511382e-02
0.51625 1.57894780e-02
0.51803 1.57190820e-02
0.51983 1.56497644e-02
0.52163 1.55815152e-02
0.52343 1.55143197e-02
0.52524 1.54481580e-02
0.52706 1.53830104e-02
0.52889 1.53188571e-02
0.53072 1.52556882e-02
0.53255 1.51934839e-02
0.53440 1.51322243e-02
0.53625 1.50718898e-02
0.53810 1.50124655e-02
0.53997 1.49539366e-02
0.54183 1.48962782e-02
0.54371 1.48394806e-02
0.54559 1.47835190e-02
0.54748 1.47283834e-02
0.54938 1.46740542e-02
0.55128 1.46205164e-02
0.55319 1.45677454e-02
0.55510 1.45157361e-02
0.55702 1.44644639e-02
0.55895 1.44139139e-02
0.56089 1.43640763e-02
0.56283 1.43149311e-02
0.56478 1.42664587e-02
0.56673 1.42186541e-02
0.56869 1.41714926e-02
0.57066 1.41249643e-02
0.57264 1.40790592e-02
0.57462 1.40337527e-02
0.57661 1.39890398e-02
0.57860 1.39449007e-02
0.58061 1.39013304e-02
0.58262 1.38583043e-02
0.58463 1.38158223e-02
0.58666 1.37738598e-02
0.58869 1.37324117e-02
0.59073 1.36914681e-02
0.59277 1.36510093e-02
0.59482 1.36110303e-02
0.59688 1.35715164e-02
0.59895 1.35324575e-02
0.60102 1.34938438e-02
0.60310 1.34556654e-02
0.60519 1.34179125e-02
0.60728 1.33805701e-02
0.60939 1.33436284e-02
0.61150 1.33070874e-02
0.61361 1.32709272e-02
0.61574 1.32351430e-02
0.61787 1.31962078e-02
0.62001 1.31483389e-02
0.62215 1.31009301e-02
0.62431 1.30539714e-02
0.62647 1.30074480e-02
0.62864 1.29613549e-02
0.63081 1.29156774e-02
0.63300 1.28704105e-02
0.63519 1.28255442e-02
0.63739 1.27810687e-02
0.63959 1.27369791e-02
0.64181 1.26932654e-02
0.64403 1.26499177e-02
0.64626 1.26069263e-02
0.64849 1.25642909e-02
0.65074 1.25220019e-02
0.65299 1.24800492e-02
0.65525 1.24384280e-02
0.65752 1.23971282e-02
0.65980 1.23561501e-02
0.66208 1.23154786e-02
0.66437 1.22751187e-02
0.66667 1.22350557e-02
0.66898 1.21952894e-02
0.67130 1.21558051e-02
0.67362 1.21166127e-02
0.67595 1.20776923e-02
0.67829 1.20390440e-02
0.68064 1.20006677e-02
0.68299 1.19625487e-02
0.68536 1.19246919e-02
0.68773 1.18870873e-02
0.69011 1.18497351e-02
0.69250 1.18126252e-02
0.69490 1.17757577e-02
0.69730 1.17391276e-02
0.69972 1.17027300e-02
0.70214 1.16665649e-02
0.70457 1.16306225e-02
0.70701 1.15949075e-02
0.70946 1.15594053e-02
0.71191 1.15241257e-02
0.71438 1.14890538e-02
0.71685 1.14541897e-02
0.71933 1.14195383e-02
0.72182 1.13850848e-02
0.72432 1.13508340e-02
0.72683 1.13167812e-02
0.72934 1.12829262e-02
0.73187 1.12492641e-02
0.73440 1.12157900e-02
0.73694 1.11825039e-02
0.73949 1.11494008e-02
0.74205 1.11164857e-02
0.74462 1.10837487e-02
0.74720 1.10511897e-02
0.74979 1.10188088e-02
0.75238 1.09866011e-02
0.75499 1.09545714e-02
0.75760 1.09227050e-02
0.76022 1.08910117e-02
0.76285 1.08594866e-02
0.76549 1.08281247e-02
0.76814 1.07969261e-02
0.77080 1.07658907e-02
0.77347 1.07350136e-02
0.77615 1.07018907e-02
0.77884 1.06646127e-02
0.78153 1.06275324e-02
0.78424 1.05906451e-02
0.78695 1.05539458e-02
0.78968 1.05174444e-02
0.79241 1.04811259e-02
0.79515 1.04450004e-02
0.79790 1.04090580e-02
0.80067 1.03733035e-02
0.80344 1.03377320e-02
0.80622 1.03023386e-02
0.80901 1.02671282e-02
0.81181 1.02320959e-02
0.81462 1.01972417e-02
0.81744 1.01625606e-02
0.82027 1.01280576e-02
0.82311 1.00937277e-02
0.82596 1.00595710e-02
0.82882 1.00255874e-02
0.83169 9.99177200e-03
0.83457 9.95812477e-03
0.83745 9.92464573e-03
0.84035 9.89132993e-03
0.84326 9.85818232e-03
0.84618 9.82520289e-03
0.84911 9.79238176e-03
0.85205 9.75972387e-03
0.85500 9.72722921e-03
0.85796 9.69489285e-03
0.86093 9.66271479e-03
0.86391 9.63069501e-03
0.86690 9.59883353e-03
0.86990 9.56712540e-03
0.87291 9.53557556e-03
0.87593 9.50417412e-03
0.87897 9.47293097e-03
0.88201 9.44184117e-03
0.88506 9.41089977e-03
0.88813 9.38011172e-03
0.89120 9.34946712e-03
0.89428 9.31897587e-03
0.89738 9.28863301e-03
0.90049 9.25843361e-03
0.90360 9.22838261e-03
0.90673 9.19848001e-03
0.90987 9.16871592e-03
0.91302 9.13910023e-03
0.91618 9.10962304e-03
0.91935 9.08028931e-03
0.92253 9.05109903e-03
0.92573 9.02204725e-03
0.92893 8.99313399e-03
0.93215 8.96435923e-03
0.93537 8.93572297e-03
0.93861 8.90722523e-03
0.94186 8.87886104e-03
0.94512 8.85063536e-03
0.94839 8.82254324e-03
0.95168 8.79458468e-03
0.95497 8.76675968e-03
0.95828 8.73906824e-03
0.96159 8.71151036e-03
0.96492 8.68408109e-03
0.96826 8.65678044e-03
0.97161 8.62961335e-03
0.97498 8.60257487e-03
0.97835 8.57566005e-03
0.98174 8.54887880e-03
0.98514 8.52222121e-03
0.98855 8.49569224e-03
0.99197 8.46928693e-03
0.99540 8.44300529e-03
0.99885 8.41685227e-03
1.00231 8.39081796e-03
1.00578 8.36490732e-03
1.00926 8.33912035e-03
1.01275 8.31345209e-03
1.01626 8.28790751e-03
1.01978 8.26248164e-03
1.02330 8.23717449e-03
1.02685 8.21199101e-03
1.03040 8.18692131e-03
1.03397 8.15767167e-03
1.03755 8.12782348e-03
1.04114 8.09811380e-03
1.04474 8.06854757e-03
1.04836 8.03912480e-03
1.05199 8.00984548e-03
1.05563 7.98069972e-03
1.05928 7.95170236e-03
1.06295 7.92283856e-03
1.06663 7.89411327e-03
1.07032 7.86552648e-03
1.07403 7.83707325e-03
1.07775 7.80875853e-03
1.08148 7.78057737e-03
1.08522 7.75253472e-03
1.08898 7.72462068e-03
1.09275 7.69684515e-03
1.09653 7.66919823e-03
1.10032 7.64168487e-03
1.10413 7.61430012e-03
1.10796 7.58704893e-03
1.11179 7.55992141e-03
1.11564 7.53292745e-03
1.11950 7.50606211e-03
1.12338 7.47932043e-03
1.12726 7.45270736e-03
1.13117 7.42621796e-03
1.13508 7.39985717e-03
1.13901 7.37362005e-03
1.14295 7.34750660e-03
1.14691 7.32151681e-03
1.15088 7.29564575e-03
1.15487 7.26990329e-03
1.15886 7.24427461e-03
1.16287 7.21877455e-03
1.16690 7.19338825e-03
1.17094 7.16812068e-03
1.17499 7.14297677e-03
1.17906 7.11794664e-03
1.18314 7.09303523e-03
1.18724 7.06823759e-03
1.19135 7.04355867e-03
1.19547 7.01899352e-03
1.19961 6.99454709e-03
1.20376 6.97020949e-03
1.20793 6.94598567e-03
1.21211 6.92187561e-03
1.21630 6.89787933e-03
1.22052 6.87399188e-03
1.22474 6.85021820e-03
1.22898 6.82654840e-03
1.23323 6.80299237e-03
1.23750 6.77954517e-03
1.24179 6.75620680e-03
1.24609 6.73297725e-03
1.25040 6.70985159e-03
1.25473 6.68683475e-03
1.25907 6.66392179e-03
1.26343 6.64111765e-03
1.26780 6.61841740e-03
1.27219 6.59581608e-03
1.27659 6.57332359e-03
1.28101 6.55093003e-03
1.28545 6.52864035e-03
1.28990 6.50645455e-03
1.29436 6.48436768e-03
1.29884 6.46238469e-03
1.30334 6.44049569e-03
1.30785 6.41871057e-03
1.31238 6.39702439e-03
1.31692 6.37543219e-03
1.32148 6.35394387e-03
1.32605 6.33254459e-03
1.33064 6.31124919e-03
1.33525 6.29004777e-03
1.33987 6.26894035e-03
1.34451 6.24793185e-03
1.34916 6.22701240e-03
1.35383 6.20619188e-03
1.35852 6.18546040e-03
1.36322 6.16482291e-03
1.36794 6.14427940e-03
1.37268 6.12382493e-03
1.37743 6.10346445e-03
1.38220 6.08319301e-03
1.38698 6.06301061e-03
1.39178 6.04291725e-03
1.39660 6.02291788e-03
1.40144 6.00300260e-03
1.40629 5.98317636e-03
1.41115 5.96343916e-03
1.41604 5.94379100e-03
1.42094 5.92422693e-03
1.42586 5.90474696e-03
1.43080 5.88535603e-03
1.43575 5.86604424e-03
1.44072 5.84682149e-03
1.44571 5.82768284e-03
1.45071 5.80862828e-03
1.45573 5.78965781e-03
1.46077 5.77076649e-03
1.46583 5.75195927e-03
1.47090 5.73323613e-03
1.47599 5.71459215e-03
1.48110 5.69602731e-03
1.48623 5.67754656e-03
1.49137 5.65914496e-03
1.49654 5.64081756e-03
1.50172 5.62257425e-03
1.50692 5.60441009e-03
1.51213 5.58632013e-03
1.51737 5.56830932e-03
1.52262 5.55037765e-03
1.52789 5.53252019e-03
1.53318 5.51474187e-03
1.53849 5.49703775e-03
1.54381 5.47940783e-03
1.54916 5.45457061e-03
1.55452 5.40399095e-03
1.55990 5.35390100e-03
1.56530 5.30429583e-03
1.57072 5.25516553e-03
1.57615 5.20651012e-03
1.58161 5.15831969e-03
1.58709 5.11059920e-03
1.59258 5.06333380e-03
1.59809 5.01652349e-03
1.60362 4.97016333e-03
1.60918 4.92424837e-03
1.61475 4.87877466e-03
1.62034 4.83373773e-03
1.62594 4.78913265e-03
1.63157 4.74495496e-03
1.63722 4.70120119e-03
1.64289 4.65786642e-03
1.64857 4.61494617e-03
1.65428 4.57243699e-03
1.66001 4.53033393e-03
1.66575 4.48863353e-03
1.67152 4.44733183e-03
1.67731 4.40642438e-03
1.68311 4.36590722e-03
1.68894 4.32577690e-03
1.69478 4.28602944e-03
1.70065 4.24666040e-03
1.70654 4.20766682e-03
1.71245 4.16904424e-03
1.71837 4.13078968e-03
1.72432 4.09289871e-03
1.73029 4.05536786e-03
1.73628 4.01819415e-03
1.74229 3.98137314e-03
1.74832 3.94490187e-03
1.75437 3.90877685e-03
1.76045 3.87299465e-03
1.76654 3.83755128e-03
1.77266 3.80244380e-03
1.77879 3.76766923e-03
1.78495 3.73322361e-03
1.79113 3.69910447e-03
1.79733 3.66530736e-03
1.80355 3.63183030e-03
1.80979 3.59866933e-03
1.81606 3.56582198e-03
1.82234 3.53328429e-03
1.82865 3.50105379e-03
1.83498 3.46912751e-03
1.84133 3.43750248e-03
1.84771 3.40617474e-03
1.85410 3.37514282e-03
1.86052 3.34440275e-03
1.86696 3.31395206e-03
1.87342 3.28378778e-03
1.87991 3.25390744e-03
1.88642 3.22430758e-03
1.89295 3.19498571e-03
1.89950 3.16593938e-03
1.90607 3.13716561e-03
1.91267 3.10866193e-03
1.91929 3.08042586e-03
1.92594 3.05245395e-03
1.93260 3.02474420e-03
1.93929 2.99729416e-03
1.94601 2.97010134e-03
1.95274 2.94316229e-03
1.95950 2.91647601e-03
1.96629 2.89003855e-03
1.97309 2.86384843e-03
1.97992 2.83790316e-03
1.98678 2.81220028e-03
1.99365 2.78673682e-03
2.00055 2.76151129e-03
2.00748 2.73652073e-03
2.01443 2.71176366e-03
2.02140 2.68723660e-03
2.02840 2.66293857e-03
2.03542 2.63886661e-03
2.04247 2.61501873e-03
2.04954 2.59139246e-03
2.05663 2.56798582e-03
2.06375 2.54479733e-03
2.07090 2.52182353e-03
2.07806 2.49906391e-03
2.08526 2.47651503e-03
2.09247 2.45417588e-03
2.09972 2.43204351e-03
2.10699 2.41011642e-03
2.11428 2.38839264e-03
2.12160 2.36687068e-03
2.12894 2.34554758e-03
2.13631 2.32442185e-03
2.14371 2.30349151e-03
2.15113 2.28275509e-03
2.15857 2.26221059e-03
2.16605 2.24185605e-03
2.17354 2.22168898e-03
2.18107 2.20170890e-03
2.18862 2.18191283e-03
2.19619 2.16229979e-03
2.20380 2.14286780e-03
2.21143 2.12361439e-03
2.21908 2.10453905e-03
2.22676 2.08563982e-03
2.23447 2.06691421e-03
2.24220 2.04836124e-03
2.24997 2.02997893e-03
2.25775 2.01176580e-03
2.26557 1.99372036e-03
2.27341 1.97584113e-03
2.28128 1.95812563e-03
2.28918 1.94057338e-03
2.29710 1.92318238e-03
2.30505 1.90595116e-03
2.31303 1.88887774e-03
2.32104 1.87196113e-03
2.32908 1.85519985e-03
2.33714 1.83859240e-03
2.34523 1.82213731e-03
2.35335 1.80583261e-03
2.36149 1.78967729e-03
2.36967 1.77367037e-03
2.37787 1.75780938e-03
2.38610 1.74209431e-03
2.39436 1.72652221e-03
2.40265 1.71109306e-03
2.41097 1.69580489e-03
2.41931 1.68065622e-03
2.42769 1.66564605e-03
2.43609 1.65077340e-03
2.44452 1.63603629e-03
2.45298 1.62143324e-03
2.46148 1.60696424e-03
2.47000 1.59262682e-03
2.47855 1.57841999e-03
2.48713 1.56434277e-03
2.49574 1.55039367e-03
2.50438 1.53657218e-03
2.51304 1.52287635e-03
2.52174 1.50930517e-03
2.53047 1.49585716e-03
2.53923 1.48253183e-03
2.54802 1.46932769e-03
2.55684 1.45624376e-03
2.56569 1.44327855e-03
2.57457 1.43043156e-03
2.58349 1.41770082e-03
2.59243 1.40508583e-03
2.60140 1.39258560e-03
2.61041 1.38019865e-03
2.61944 1.36792399e-03
2.62851 1.35576113e-03
2.63761 1.34370808e-03
2.64674 1.33176435e-03
2.65590 1.31992945e-03
2.66510 1.30820140e-03
2.67432 1.29657921e-03
2.68358 1.28506287e-03
2.69287 1.27365042e-03
2.70219 1.26234135e-03
2.71154 1.25113468e-03
2.72093 1.24002941e-03
2.73035 1.22902456e-03
2.73980 1.21811914e-03
2.74928 1.20731216e-03
2.75880 1.19660312e-03
2.76835 1.18599103e-03
2.77793 1.17547442e-03
2.78755 1.16505278e-03
2.79720 1.15472513e-03
2.80688 1.14449048e-03
2.81660 1.13434882e-03
2.82635 1.12429819e-03
2.83613 1.11433807e-03
2.84595 1.10446799e-03
2.85580 1.09468695e-03
2.86569 1.08499395e-03
2.87561 1.07538802e-03
2.88556 1.06586865e-03
2.89555 1.05643536e-03
2.90557 1.04708666e-03
2.91563 1.03782204e-03
2.92572 1.02864054e-03
2.93585 1.01954213e-03
2.94601 1.01052535e-03
2.95621 1.00158969e-03
2.96644 9.92734167e-04
2.97671 9.83958285e-04
2.98702 9.75261551e-04
2.99736 9.66642479e-04
3.00773 9.58101069e-04
3.01814 9.49635839e-04
3.02859 9.41247281e-04
3.03907 9.32933419e-04
3.04960 9.24694251e-04
3.06015 9.16529283e-04
3.07074 9.08437525e-04
3.08137 9.00417989e-04
3.09204 8.92470675e-04
3.10274 8.70926952e-04
3.11348 8.42231833e-04
3.12426 8.14483012e-04
3.13508 7.87648829e-04
3.14593 7.61699111e-04
3.15682 7.36605660e-04
3.16775 7.12338797e-04
3.17871 6.86681427e-04
3.18972 6.58433487e-04
3.20076 6.31348508e-04
3.21184 6.05378013e-04
3.22295 5.80476493e-04
3.23411 5.56599428e-04
3.24531 5.33705760e-04
3.25654 5.11753937e-04
3.26781 4.83871605e-04
3.27912 4.57025254e-04
3.29047 4.31668888e-04
3.30187 4.07719700e-04
3.31330 3.85099632e-04
3.32476 3.63734880e-04
3.33627 3.43555745e-04
3.34782 3.21245635e-04
3.35941 2.93031778e-04
3.37104 2.67296101e-04
3.38271 2.43820903e-04
3.39442 2.22407624e-04
3.40617 2.02875117e-04
3.41796 1.85058213e-04
3.42979 1.68806187e-04
3.44166 6.94833039e-05
3.45358 1.04176899e-05
3.46553 1.56193325e-06
3.47753 2.34182175e-07
3.48957 4.04460391e-08
3.50164 3.98884756e-08
3.51377 3.93410527e-08
3.52593 3.88015049e-08
3.53814 3.82694068e-08
3.55038 3.77446100e-08
3.56267 3.72270057e-08
3.57500 3.67164998e-08
3.58738 3.62129835e-08
3.59980 3.57163728e-08
3.61226 3.52265687e-08
3.62476 3.47434723e-08
3.63731 3.42590106e-08
3.64990 3.36846977e-08
3.66254 3.31198675e-08
3.67521 3.25643667e-08
3.68794 3.20180420e-08
3.70070 3.14807450e-08
3.71351 3.09523321e-08
3.72637 3.04326502e-08
3.73927 2.99215655e-08
3.75221 2.94680155e-08
3.76520 2.90638976e-08
3.77823 2.86653199e-08
3.79131 2.82722034e-08
3.80443 2.78844738e-08
3.81760 2.75020618e-08
3.83082 2.71248884e-08
3.84408 2.67528842e-08
3.85739 2.63859850e-08
3.87074 2.60241116e-08
3.88414 2.56671947e-08
3.89758 2.53151751e-08
3.91107 2.49679785e-08
3.92461 2.46255455e-08
3.93820 2.42878019e-08
3.95183 2.39546884e-08
3.96551 2.36261457e-08
3.97924 2.33020994e-08
3.99301 2.29825002e-08
4.00683 2.26672838e-08
4.02070 2.23563858e-08
4.03462 2.20497518e-08
4.04859 2.17473225e-08
4.06260 2.14490336e-08
4.07667 2.11548405e-08
4.09078 2.08646789e-08
4.10494 2.05784944e-08
4.11915 2.02962327e-08
4.13341 2.00132883e-08
4.14771 1.96842509e-08
4.16207 1.93605509e-08
4.17648 1.90421092e-08
4.19094 1.87288418e-08
4.20545 1.84206645e-08
4.22000 1.81174882e-08
4.23461 1.78192438e-08
4.24927 1.75258471e-08
4.26398 1.72372190e-08
4.27874 1.69700990e-08
4.29355 1.67373286e-08
4.30841 1.65077538e-08
4.32332 1.62813251e-08
4.33829 1.60580029e-08
4.35331 1.58377377e-08
4.36838 1.56204999e-08
4.38350 1.54062350e-08
4.39867 1.51949085e-08
4.41390 1.49864807e-08
4.42918 1.47809121e-08
4.44451 1.45781581e-08
4.45990 1.43781891e-08
4.47533 1.41809556e-08
4.49083 1.39864329e-08
4.50637 1.37945764e-08
4.52197 1.36053466e-08
4.53762 1.34187138e-08
4.55333 1.32346434e-08
4.56909 1.30530909e-08
4.58491 1.28740314e-08
4.60078 1.26698726e-08
4.61670 1.24644425e-08
4.63269 1.22623068e-08
4.64872 1.20634113e-08
4.66481 1.18677112e-08
4.68096 1.16751474e-08
4.69717 1.14856752e-08
4.71343 1.12992453e-08
4.72974 1.11158031e-08
4.74611 1.09353091e-08
4.76254 1.07587873e-08
4.77903 1.06111985e-08
4.79557 1.04656330e-08
4.81217 1.03220659e-08
4.82883 1.01804675e-08
4.84555 1.00408133e-08
4.86232 9.90306837e-09
4.87915 9.76721807e-09
4.89604 9.63322771e-09
4.91299 9.50107256e-09
4.92999 9.37073284e-09
4.94706 9.24218381e-09
4.96418 9.08058116e-09
4.98137 8.91316123e-09
4.99861 8.74879833e-09
5.01591 8.58760625e-09
5.03328 1.63183905e-08
5.05070 6.25152313e-08
5.06818 2.39493757e-07
5.08573 9.17491409e-07
5.10333 3.51487131e-06
5.12100 1.34653114e-05
5.13873 5.15849283e-05
5.15651 1.72561152e-04
5.17436 1.82222190e-04
5.19228 1.92423948e-04
5.21025 2.03196700e-04
5.22828 2.14572351e-04
5.24638 2.26584639e-04
5.26454 2.39269178e-04
5.28277 2.52663565e-04
5.30105 2.66807569e-04
5.31940 2.81743138e-04
5.33782 2.97514447e-04
5.35629 3.14168291e-04
5.37484 3.31754087e-04
5.39344 3.42222519e-04
5.41211 3.52291707e-04
5.43084 3.62656853e-04
5.44965 3.73326665e-04
5.46851 3.84309996e-04
5.48744 3.95616147e-04
5.50643 4.07254615e-04
5.52550 4.19235046e-04
5.54462 4.31567531e-04
5.56381 4.44262409e-04
5.58308 4.57330315e-04
5.60240 4.70782181e-04
5.62179 4.83660877e-04
5.64125 4.92844463e-04
5.66078 5.02201924e-04
5.68038 5.11736624e-04
5.70004 5.21452372e-04
5.71977 5.31351641e-04
5.73957 5.41438389e-04
5.75944 5.51716573e-04
5.77938 5.62189161e-04
5.79938 5.72860111e-04
5.81946 5.83732884e-04
5.83960 5.94811439e-04
5.85982 6.06100227e-04
5.88010 6.17602216e-04
5.90045 6.26518088e-04
5.92088 6.35207403e-04
5.94137 6.44015437e-04
5.96194 6.52944665e-04
5.98258 6.61995581e-04
6.00329 6.71171153e-04
6.02407 6.80471876e-04
6.04492 6.89899728e-04
6.06585 6.99456688e-04
6.08684 7.09144240e-04
6.10791 7.18964857e-04
6.12906 7.28919035e-04
6.15027 7.39009740e-04
6.17156 7.49238457e-04
6.19293 7.56639165e-04
6.21436 7.63922143e-04
6.23588 7.71274373e-04
6.25746 7.78696847e-04
6.27912 7.86190057e-04
6.30086 7.93754995e-04
6.32267 8.01391659e-04
6.34455 8.09101533e-04
6.36652 8.16885113e-04
6.38856 8.24742399e-04
6.41067 8.32674873e-04
6.43286 8.40683032e-04
6.45513 8.48767369e-04
6.47747 8.56928875e-04
6.49990 8.64265276e-04
6.52240 8.69379635e-04
6.54497 8.74523179e-04
6.56763 8.79696897e-04
6.59037 8.84900791e-04
6.61318 8.90135353e-04
6.63607 8.95400091e-04
6.65904 9.00695497e-04
6.68209 9.06021573e-04
6.70522 9.11378813e-04
6.72843 9.16767712e-04
6.75172 9.22187280e-04
6.77510 9.27639001e-04
6.79855 9.33122381e-04
6.82208 9.38637420e-04
6.84570 9.44184612e-04
6.86939 9.49763957e-04
6.89317 9.55375951e-04
6.91704 9.60564509e-04
6.94098 9.65705085e-04
6.96500 9.70872868e-04
6.98911 9.76067363e-04
7.01331 9.81289064e-04
7.03759 9.86537972e-04
7.06195 9.91814087e-04
7.08639 9.97117903e-04
7.11092 1.00244942e-03
7.13554 1.00780913e-03
7.16024 1.01319605e-03
7.18502 1.01861166e-03
7.20990 1.02405547e-03
7.23485 1.02952747e-03
7.25990 1.03502817e-03
7.28503 1.04055755e-03
7.31025 1.04543051e-03
7.33555 1.04943187e-03
7.36094 1.05344757e-03
7.38642 1.05747812e-03
7.41199 1.06152400e-03
7.43765 1.06558422e-03
7.46340 1.06965929e-03
7.48923 1.07374919e-03
7.51516 1.07785393e-03
7.54117 1.08197401e-03
7.56727 1.08610893e-03
7.59347 1.09025918e-03
7.61975 1.09442477e-03
7.64613 1.09860520e-03
7.67260 1.10280096e-03
7.69916 1.10701255e-03
7.72581 1.11123899e-03
7.75255 1.11545305e-03
7.77939 1.11848486e-03
7.80632 1.12152459e-03
7.83334 1.12457174e-03
7.86046 1.12762630e-03
7.88767 1.13068879e-03
7.91497 1.13375918e-03
7.94237 1.13683700e-03
7.96986 1.13992273e-03
7.99745 1.14301588e-03
8.02513 1.14611694e-03
8.05291 1.14922543e-03
8.08079 1.15234232e-03
8.10876 1.15546664e-03
8.13683 1.15859887e-03
8.16500 1.16173852e-03
8.19326 1.16488658e-03
8.22162 1.16804205e-03
8.25008 1.17120545e-03
8.27864 1.25303271e-03
8.30730 1.43182701e-03
8.33605 1.63607339e-03
8.36491 1.86938738e-03
8.39386 2.13589696e-03
8.42292 2.44031483e-03
8.45208 2.78802196e-03
8.48133 3.18516065e-03
8.51069 3.63874475e-03
8.54016 4.15678046e-03
8.56972 4.74840872e-03
8.59938 5.42406452e-03
8.62915 6.19566537e-03
8.65902 7.07681016e-03
8.68899 8.08302647e-03
8.71907 9.23205799e-03
8.74925 1.05441514e-02
8.77954 1.20424423e-02
8.80993 1.37533558e-02
8.84043 1.57071012e-02
8.87103 1.70627451e-02
8.90174 1.81444574e-02
8.93255 1.92947256e-02
8.96347 2.05179126e-02
8.99450 2.18186732e-02
9.02563 2.32019443e-02
9.05688 2.46730186e-02
9.08823 2.62375108e-02
9.11969 2.79014211e-02
9.15126 2.96711554e-02
9.18294 3.15535401e-02
9.21472 3.35558766e-02
9.24662 3.56859755e-02
9.27863 3.79521821e-02
9.31075 4.03634496e-02
9.34298 4.29293697e-02
9.37532 4.56602462e-02
9.40777 4.85671697e-02
9.44034 5.16620963e-02
9.47302 5.49579119e-02
9.50581 5.84686601e-02
9.53871 6.12441853e-02
9.57173 6.29491529e-02
9.60487 6.46992341e-02
9.63811 6.64955667e-02
9.67148 6.83391893e-02
9.70495 7.02310915e-02
9.73855 7.21723119e-02
9.77226 7.41639388e-02
9.80609 7.62069121e-02
9.84003 7.83022212e-02
9.87409 8.04507564e-02
9.90827 8.22684091e-02
9.94257 8.26749756e-02
9.97699 8.30670979e-02
10.01153 8.34440833e-02
10.04618 8.38054373e-02
10.08096 8.41505663e-02
10.11585 8.44788765e-02
10.15087 8.47897745e-02
10.18601 8.50827656e-02
10.22127 8.53572561e-02
10.25665 8.56128009e-02
10.29215 8.58487569e-02
10.32778 8.55385020e-02
10.36353 8.47305629e-02
10.39941 8.39162921e-02
10.43540 8.30960359e-02
10.47153 8.22700909e-02
10.50777 8.14386552e-02
10.54415 8.06020255e-02
10.58065 7.97605480e-02
10.61727 7.80942139e-02
10.65403 7.64257527e-02
10.69091 7.47869715e-02
10.72791 7.31774745e-02
10.76505 7.15967177e-02
10.80231 7.00443548e-02
10.83971 6.85198416e-02
10.87723 6.70228319e-02
10.91488 6.55527815e-02
10.95266 6.41093936e-02
10.99058 6.26922231e-02
11.02862 6.13008247e-02
11.06680 5.99349016e-02
11.10511 5.85939592e-02
11.14355 5.72777501e-02
11.18212 5.59857797e-02
11.22083 5.47178007e-02
11.25967 5.30470145e-02
11.29865 5.03989155e-02
11.33776 4.78783959e-02
11.37701 4.54800689e-02
11.41639 4.31986118e-02
11.45591 4.10288158e-02
11.49556 3.89656452e-02
11.53536 3.70042029e-02
11.57529 3.51397745e-02
11.61536 3.33678043e-02
11.65556 3.16839243e-02
11.69591 3.00839300e-02
11.73640 2.85637946e-02
11.77702 2.71196548e-02
11.81779 2.57478304e-02
11.85870 2.44447893e-02
11.89975 2.32071630e-02
11.94094 2.20317361e-02
11.98227 2.09154465e-02
12.02375 1.98553660e-02
12.06537 1.88487144e-02
12.10714 1.78928254e-02
12.14905 1.69851814e-02
12.19110 1.61233780e-02
12.23330 1.53051153e-02
12.27565 1.45282215e-02
12.31814 1.37906240e-02
12.36078 1.30903492e-02
12.40357 1.27757263e-02
12.44651 1.26659499e-02
12.48959 1.25564950e-02
12.53283 1.24473765e-02
12.57621 1.23385943e-02
12.61974 1.22301683e-02
12.66343 1.21220985e-02
12.70726 1.20143997e-02
12.75125 1.19070768e-02
12.79539 1.18001398e-02
12.83968 1.16935935e-02
12.88413 1.15874479e-02
12.92873 1.14817129e-02
12.97348 1.13763935e-02
13.01839 1.12715043e-02
13.06345 1.11670406e-02
13.10867 1.10630221e-02
13.15405 1.09594488e-02
13.19959 1.08563257e-02
13.24528 1.07536724e-02
13.29113 1.06514793e-02
13.33713 1.05497659e-02
13.38330 1.04485324e-02
13.42963 1.03477885e-02
13.47612 1.02475394e-02
13.52277 1.01477899e-02
13.56958 1.00485498e-02
13.61655 9.94981932e-03
13.66368 9.85160820e-03
13.71098 9.75392637e-03
13.75844 9.68018147e-03
13.80607 9.92519481e-03
13.85386 1.01760700e-02
13.90182 1.04329504e-02
13.94994 1.06959597e-02
13.99823 1.09652463e-02
14.04668 1.12409488e-02
14.09531 1.15232155e-02
14.14410 1.18121948e-02
14.19306 1.21080351e-02
14.24219 1.24108948e-02
14.29149 1.27209370e-02
14.34096 1.30383152e-02
14.39060 1.33632073e-02
14.44042 1.36957717e-02
14.49041 1.40361963e-02
14.54057 1.43846494e-02
14.59090 1.47413189e-02
14.64141 1.51063829e-02
14.69209 1.54800443e-02
14.74295 1.58624958e-02
14.79398 1.62539305e-02
14.84519 1.66545561e-02
14.89658 1.70645902e-02
14.94814 1.74842407e-02
14.99989 1.79137251e-02
15.05181 1.83532760e-02
15.10392 1.88031209e-02
15.15620 1.92634973e-02
15.20866 1.97346475e-02
15.26131 2.02168239e-02
15.31414 2.07102736e-02
15.36715 2.12152591e-02
15.42034 2.17320571e-02
15.47372 2.22609349e-02
15.52729 2.26616050e-02
15.58103 2.30507840e-02
15.63497 2.34465075e-02
15.68909 2.38488792e-02
15.74340 2.42580032e-02
15.79790 2.46739931e-02
15.85258 2.50969579e-02
15.90746 2.55270112e-02
15.96252 2.59642619e-02
16.01778 2.64088237e-02
16.07323 2.68608205e-02
16.12886 2.73203609e-02
16.18470 2.77875686e-02
16.24072 2.82625623e-02
16.29694 2.87454609e-02
16.35335 2.92363879e-02
16.40996 2.97354670e-02
16.46677 3.02428268e-02
16.52377 3.07585860e-02
16.58097 3.12828733e-02
16.63836 3.18158124e-02
16.69596 3.23575416e-02
16.75375 3.29081798e-02
16.81175 3.34678556e-02
16.86994 3.40367025e-02
16.92834 3.46148441e-02
16.98694 3.52024141e-02
17.04574 3.57995362e-02
17.10474 3.64063339e-02
17.16395 3.70229408e-02
17.22337 3.76494807e-02
17.28299 3.82860672e-02
17.34281 3.89328290e-02
17.40285 3.95898799e-02
17.46309 4.02573337e-02
17.52354 4.09353040e-02
17.58420 4.16238899e-02
17.64507 4.23231903e-02
17.70615 4.25963155e-02
17.76744 4.26107301e-02
17.82894 4.26246204e-02
17.89066 4.26379813e-02
17.95259 4.26508080e-02
18.01473 4.26631005e-02
18.07709 4.26748538e-02
18.13967 4.26860580e-02
18.20246 4.26967081e-02
18.26547 4.27068092e-02
18.32870 4.27163513e-02
18.39214 4.27253345e-02
18.45581 4.27337438e-02
18.51969 4.27415843e-02
18.58380 4.27488509e-02
18.64813 4.27555339e-02
18.71268 4.27616331e-02
18.77746 4.27671437e-02
18.84246 4.27720607e-02
18.90768 4.27763791e-02
18.97313 4.27800990e-02
19.03881 4.27832105e-02
19.10472 4.27857086e-02
19.17085 4.27875932e-02
19.23721 4.27888546e-02
19.30380 4.27894928e-02
19.37062 4.27895027e-02
19.43768 4.27888794e-02
19.50496 4.27876180e-02
19.57248 4.27857135e-02
19.64023 4.27831610e-02
19.70822 4.27799605e-02
19.77644 4.27760972e-02
19.84490 4.27715759e-02
19.91359 4.27663918e-02
19.98252 4.27605350e-02
20.05169 4.27540054e-02
20.12110 4.27467981e-02
20.19076 4.27389032e-02
20.26065 4.27303257e-02
20.33078 4.27210507e-02
20.40116 4.27110831e-02
20.47178 4.27004082e-02
20.54264 4.26890309e-02
20.61375 4.26769413e-02
20.68511 4.24751271e-02
20.75671 4.22603083e-02
20.82856 4.20462017e-02
20.90066 4.18328025e-02
20.97301 4.16201107e-02
21.04561 4.14081262e-02
21.11846 4.11968491e-02
21.19157 4.09862844e-02
21.26492 4.07764319e-02
21.33853 4.05672819e-02
21.41240 4.03588492e-02
21.48652 4.01511188e-02
21.56090 3.99441008e-02
21.63553 3.97377902e-02
21.71043 3.95321919e-02
21.78558 3.93273059e-02
21.86099 3.91231224e-02
21.93666 3.89196511e-02
22.01260 3.87168922e-02
22.08880 3.85148407e-02
22.16526 3.83134965e-02
22.24199 3.81128646e-02
22.31898 3.79129401e-02
22.39624 3.77137230e-02
22.47377 3.75152183e-02
22.55156 3.73174159e-02
22.62962 3.71203308e-02
22.70796 3.69239481e-02
22.78656 3.67282728e-02
22.86544 3.65333099e-02
22.94459 3.63390493e-02
23.02402 3.61455011e-02
23.10372 3.59526553e-02
23.18369 3.57605218e-02
23.26394 3.55690908e-02
23.34447 3.53783671e-02
23.42528 3.51883508e-02
23.50637 3.49990369e-02
23.58774 3.48104304e-02
23.66939 3.46225313e-02
23.75133 3.44353345e-02
23.83354 3.42488403e-02
23.91604 3.40630484e-02
23.99883 3.38779639e-02
24.08191 3.36935819e-02
24.16527 3.35099023e-02
24.24892 3.33269201e-02
24.33286 3.31446453e-02
24.41709 3.29630680e-02
24.50161 3.27821932e-02
24.58642 3.26020158e-02
24.67153 3.24225408e-02
24.75693 3.22436149e-02
24.84263 3.20627747e-02
24.92863 3.18828298e-02
25.01492 3.17037704e-02
25.10151 3.15255914e-02
25.18840 3.13482980e-02
25.27559 3.11718751e-02
25.36309 3.09963278e-02
25.45088 3.08216511e-02
25.53898 3.06478351e-02
25.62739 3.04748848e-02
25.71610 3.03027903e-02
25.80512 3.01315515e-02
25.89444 2.99611636e-02
25.98408 2.97916215e-02
26.07403 2.96229254e-02
26.16428 2.94550701e-02
26.25485 2.92880509e-02
26.34574 2.91218676e-02
26.43694 2.89565104e-02
26.52845 2.87919843e-02
26.62028 2.86282793e-02
26.71243 2.84653955e-02
26.80489 2.83033229e-02
26.89768 2.81420714e-02
26.99079 2.79816263e-02
27.08422 2.78219825e-02
27.17798 2.76631451e-02
27.27205 2.75051090e-02
27.36646 2.73478693e-02
27.46119 2.71914210e-02
27.55625 2.70357593e-02
27.65164 2.68808891e-02
27.74736 2.67268004e-02
27.84341 2.65734884e-02
27.93979 2.64209530e-02
28.03650 2.62691942e-02
28.13355 2.61182021e-02
28.23094 2.59679768e-02
28.32867 2.58185133e-02
28.42673 2.56698115e-02
28.52513 2.55218617e-02
28.62387 2.53746687e-02
28.72295 2.52282275e-02
28.82238 2.50825334e-02
28.92215 2.49375812e-02
29.02227 2.47933710e-02
29.12273 2.46498979e-02
29.22354 2.45071569e-02
29.32470 2.43651480e-02
29.42621 2.42238712e-02
29.52807 2.40833117e-02
29.63029 2.39434793e-02
29.73286 2.38043642e-02
29.83578 2.36659663e-02
29.93906 2.35282808e-02
30.04269 2.33913027e-02
30.14669 2.32550319e-02
30.25104 2.31194635e-02
30.35576 2.29845927e-02
30.46084 2.28504242e-02
30.56628 2.27169483e-02
30.67209 2.25841600e-02
30.77826 2.24520642e-02
30.88481 2.23206511e-02
30.99172 2.21891044e-02
31.09900 2.20563606e-02
31.20665 2.19243687e-02
31.31467 2.17931188e-02
31.42307 2.16626158e-02
31.53184 2.15328499e-02
31.64099 2.14038161e-02
31.75052 2.12755144e-02
31.86043 2.11479349e-02
31.97072 2.10210826e-02
32.08139 2.08949475e-02
32.19244 2.07695248e-02
32.30388 2.06448144e-02
32.41570 2.05208114e-02
32.52791 2.03975107e-02
32.64051 2.02749126e-02
32.75349 2.01530069e-02
32.86687 2.00317987e-02
32.98064 1.99112732e-02
33.09481 1.97914353e-02
33.20937 1.96722750e-02
33.32433 1.95537974e-02
33.43968 1.94359876e-02
33.55544 1.93188505e-02
33.67159 1.92023812e-02
33.78815 1.90865748e-02
33.90511 1.89714263e-02
34.02247 1.88569357e-02
34.14024 1.87430981e-02
34.25842 1.86299085e-02
34.37701 1.85173619e-02
34.49601 1.84054584e-02
34.61542 1.82941930e-02
34.73525 1.81835658e-02
34.85549 1.80735667e-02
34.97614 1.79641959e-02
35.09721 1.78554534e-02
35.21871 1.77473291e-02
35.34062 1.76398232e-02
35.46295 1.75329357e-02
35.58571 1.74266565e-02
35.70889 1.73209858e-02
35.83250 1.72159186e-02
35.95654 1.71114549e-02
36.08101 1.70075898e-02
36.20590 1.69043182e-02
36.33123 1.68016452e-02
36.45700 1.66995559e-02
36.58320 1.65980503e-02
36.70983 1.64971284e-02
36.83691 1.63967902e-02
36.96442 1.62970209e-02
37.09238 1.61978303e-02
37.22077 1.60992086e-02
37.34962 1.60011558e-02
37.47890 1.59036619e-02
37.60864 1.58067320e-02
37.73883 1.57103611e-02
37.86946 1.56145441e-02
38.00055 1.55192763e-02
38.13209 1.54245575e-02
38.26409 1.53303878e-02
38.39654 1.52367622e-02
38.52946 1.51436709e-02
38.66283 1.50511188e-02
38.79667 1.49591009e-02
38.93096 1.48676172e-02
39.06573 1.47766579e-02
39.20096 1.46862279e-02
39.33665 1.45963173e-02
39.47282 1.45069261e-02
39.60946 1.44180543e-02
39.74657 1.43296969e-02
39.88416 1.42418491e-02
40.02222 1.41545107e-02
40.16076 1.40676769e-02
40.29978 1.39813477e-02
40.43928 1.38955181e-02
40.57926 1.38101831e-02
40.71973 1.37253478e-02
40.86069 1.36410022e-02
41.00213 1.35571463e-02
41.14406 1.34737801e-02
41.28648 1.33908938e-02
41.42940 1.33029223e-02
41.57281 1.32136547e-02
41.71672 1.31249709e-02
41.86113 1.30368609e-02
42.00603 1.29493197e-02
42.15144 1.28623523e-02
42.29735 1.27759539e-02
42.44377 1.26901144e-02
42.59069 1.26048338e-02
42.73812 1.25201073e-02
42.88606 1.24359348e-02
43.03451 1.23523114e-02
43.18348 1.22692322e-02
43.33297 1.21866970e-02
43.48297 1.21046961e-02
43.63349 1.20232295e-02
43.78453 1.19422971e-02
43.93609 1.18618940e-02
44.08818 1.17820152e-02
44.24079 1.17026558e-02
44.39394 1.16238158e-02
44.54761 1.15454903e-02
44.70182 1.14676743e-02
44.85655 1.13903727e-02
45.01183 1.13135708e-02
45.16764 1.12372734e-02
45.32399 1.11614756e-02
45.48089 1.10861725e-02
45.63832 1.10113591e-02
45.79630 1.09370404e-02
45.95483 1.08632065e-02
46.11391 1.07898573e-02
46.27353 1.07169880e-02
46.43371 1.06445935e-02
46.59445 1.05726739e-02
46.75574 1.05012292e-02
46.91759 1.04302495e-02
47.08000 1.03597347e-02
47.24297 1.02896850e-02
47.40650 1.02200903e-02
47.57060 1.01509557e-02
47.73527 1.00822762e-02
47.90051 1.00140468e-02
48.06633 9.94626267e-03
48.23271 9.87892369e-03
48.39967 9.81202992e-03
48.56721 9.74557640e-03
48.73533 9.67955819e-03
48.90403 9.61397033e-03
49.07332 9.54881779e-03
49.24319 9.48409065e-03
49.41365 9.41979388e-03
49.58470 9.35591757e-03
49.75634 9.29246173e-03
49.92858 9.22942636e-03
50.10141 9.16680156e-03
50.27484 9.10459228e-03
50.44887 9.04278863e-03
50.62350 8.98139555e-03
50.79874 8.92040809e-03
50.97458 8.85982132e-03
51.15104 8.79963028e-03
51.32810 8.73983992e-03
51.50578 8.68044529e-03
51.68407 8.62144145e-03
51.86298 8.56282840e-03
52.04250 8.50460119e-03
52.22265 8.44675487e-03
52.40343 8.38929439e-03
52.58482 8.33220985e-03
52.76685 8.27550621e-03
52.94951 8.21917852e-03
53.13280 8.16322183e-03
53.31672 8.10763119e-03
53.50128 8.05241155e-03
53.68648 7.99755796e-03
53.87232 7.94306548e-03
54.05880 7.88893411e-03
54.24593 7.83515889e-03
54.43371 7.78174479e-03
54.62214 7.72868189e-03
54.81122 7.67597021e-03
55.00095 7.62360480e-03
55.19134 7.57159060e-03
55.38239 7.51991772e-03
55.57410 7.46859111e-03
55.76647 7.41760087e-03
55.95951 7.36695195e-03
56.15322 7.31663940e-03
56.34760 7.26665828e-03
56.54265 7.21700859e-03
56.73838 7.16769032e-03
56.93479 7.11869853e-03
57.13187 7.07003323e-03
57.32964 7.02169440e-03
57.52809 6.97367216e-03
57.72723 6.92596651e-03
57.92705 6.87858239e-03
58.12757 6.83151485e-03
58.32879 6.78475896e-03
58.53070 6.73830976e-03
58.73331 6.69217220e-03
58.93662 6.64634133e-03
59.14063 6.60081716e-03
59.34535 6.55559473e-03
59.55078 6.51067405e-03
59.75692 6.46605512e-03
59.96377 6.42173299e-03
60.17134 6.37770271e-03
60.37963 6.33396428e-03
60.58864 6.29052265e-03
60.79837 6.24736793e-03
61.00883 6.20450012e-03
61.22002 6.16192416e-03
61.43194 6.11962521e-03
61.64459 6.07761317e-03
61.85797 6.03587815e-03
62.07210 5.99442508e-03
62.28697 5.95324408e-03
62.50258 5.91234504e-03
62.71894 5.87171312e-03
62.93605 5.83135327e-03
63.15390 5.79126548e-03
63.37252 5.75144481e-03
63.59189 5.71189127e-03
63.81201 5.67260484e-03
64.03290 5.63357564e-03
64.25456 5.59481356e-03
64.47698 5.55630376e-03
64.70017 5.51805613e-03
64.92414 5.48006573e-03
65.14888 5.44232761e-03
65.37440 5.40484177e-03
65.60070 5.36760821e-03
65.82778 5.33062199e-03
66.05565 5.29388804e-03
66.28430 5.25739648e-03
66.51375 5.22115225e-03
66.74400 5.18515041e-03
66.97504 5.14939096e-03
67.20688 5.11386895e-03
67.43952 5.07858932e-03
67.67297 5.04354219e-03
67.90722 5.00873249e-03
68.14229 4.97415529e-03
68.37817 4.93981207e-03
68.61486 4.90569887e-03
68.85238 4.87181470e-03
69.09072 4.83815857e-03
69.32988 4.80472850e-03
69.56987 4.77152350e-03
69.81069 4.73854210e-03
70.05235 4.70578230e-03
70.29484 4.67324263e-03
70.53817 4.64092260e-03
70.78235 4.60881972e-03
71.02737 4.57693301e-03
71.27323 4.54526099e-03
71.51995 4.51380266e-03
71.76752 4.48255605e-03
72.01595 4.45152017e-03
72.26524 4.42069354e-03
72.51539 4.39007466e-03
72.76641 4.35966206e-03
73.01830 4.32945524e-03
73.27106 4.29945173e-03
73.52469 4.26965053e-03
73.77920 4.24005067e-03
74.03460 4.21065065e-03
74.29087 4.18144899e-03
74.54804 4.15244471e-03
74.80609 4.12363631e-03
75.06504 4.09502232e-03
75.32488 4.06660223e-03
75.58563 4.03837408e-03
75.84727 4.01033637e-03
76.10982 3.98248862e-03
76.37328 3.95482933e-03
76.63766 3.92735653e-03
76.90295 3.90007023e-03
77.16915 3.87296843e-03
77.43628 3.84605015e-03
77.70433 3.81931391e-03
77.97331 3.79275922e-03
78.24322 3.76638359e-03
78.51407 3.74018753e-03
78.78585 3.71416856e-03
79.05857 3.68832569e-03
79.33224 3.66265842e-03
79.60686 3.63716479e-03
79.88242 3.61184478e-03
80.15894 3.58669592e-03
80.43642 3.56171773e-03
80.71486 3.53690921e-03
80.99426 3.51226887e-03
81.27463 3.48779623e-03
81.55596 3.46348930e-03
81.83828 3.43934759e-03
82.12157 3.41537010e-03
82.40584 3.39155537e-03
82.69109 3.36790238e-03
82.97733 3.34441066e-03
83.26457 3.32107823e-03
83.55279 3.29790458e-03
83.84202 3.27488823e-03
84.13225 3.25202870e-03
84.42348 3.22932498e-03
84.71572 3.20677560e-03
85.00897 3.18437957e-03
85.30323 3.16213589e-03
85.59852 3.14004408e-03
85.89482 3.11810264e-03
86.19215 3.09631060e-03
86.49052 3.07466695e-03
86.78991 3.05317121e-03
87.09034 3.03182189e-03
87.39181 3.01061801e-03
87.69432 2.98955856e-03
87.99789 2.96864307e-03
88.30250 2.94787003e-03
88.60816 2.92723897e-03
88.91489 2.90674839e-03
89.22267 2.88639781e-03
89.53153 2.86618672e-03
89.84145 2.84611314e-03
90.15244 2.82617659e-03
90.46451 2.80637657e-03
90.77766 2.78671159e-03
91.09190 2.76718116e-03
91.40722 2.74778429e-03
91.72363 2.72851999e-03
92.04114 2.70938728e-03
92.35975 2.69038565e-03
92.67946 2.67151411e-03
93.00028 2.65277169e-03
93.32221 2.63415738e-03
93.64525 2.61567070e-03
93.96941 2.59731016e-03
94.29469 2.57907575e-03
94.62110 2.56096650e-03
94.94864 2.54298092e-03
95.27731 2.52511850e-03
95.60712 2.50737877e-03
95.93807 2.48976072e-03
96.27017 2.47226337e-03
96.60342 2.45488573e-03
96.93782 2.43762780e-03
97.27338 2.42048809e-03
97.61010 2.40346562e-03
97.94798 2.38656039e-03
98.28704 2.36977140e-03
98.62727 2.35309718e-03
98.96867 2.33653772e-03
99.31126 2.32009203e-03
99.65504 2.30375962e-03
100.00000 2.28753901e-03
