        2000  1.000000 3.700000
0.10000 4.13730300e-04
0.10035 4.29545580e-04
0.10069 4.11768757e-04
0.10104 4.14860921e-04
0.10139 4.19972151e-04
0.10174 4.05253600e-04
0.10210 4.17192612e-04
0.10245 4.11022837e-04
0.10280 4.09320689e-04
0.10316 4.18417805e-04
0.10352 4.21239080e-04
0.10387 4.03886228e-04
0.10423 4.04863867e-04
0.10459 4.30660069e-04
0.10496 4.44094128e-04
0.10532 4.94952947e-04
0.10568 4.75671507e-04
0.10605 4.07503595e-04
0.10642 4.08572105e-04
0.10679 4.06480569e-04
0.10716 4.03356240e-04
0.10753 4.37560717e-04
0.10790 4.09619353e-04
0.10827 4.35548164e-04
0.10865 4.12854732e-04
0.10902 4.79046992e-04
0.10940 4.24338743e-04
0.10978 4.11891005e-04
0.11016 4.19502744e-04
0.11054 4.23348524e-04
0.11092 4.12136735e-04
0.11131 4.22379469e-04
0.11169 4.12813884e-04
0.11208 4.13014917e-04
0.11247 4.06380521e-04
0.11286 6.09803907e-04
0.11325 4.21443813e-04
0.11364 4.70825839e-04
0.11403 4.30168512e-04
0.11443 4.04489032e-04
0.11482 4.20326759e-04
0.11522 4.22984444e-04
0.11562 4.05589116e-04
0.11602 4.12673925e-04
0.11642 4.04441031e-04
0.11682 4.37543253e-04
0.11723 4.44309172e-04
0.11763 4.14550664e-04
0.11804 4.08859620e-04
0.11845 4.20216745e-04
0.11886 4.39254429e-04
0.11927 4.12453504e-04
0.11968 4.22504283e-04
0.12010 4.18811535e-04
0.12051 4.12108911e-04
0.12093 4.20735436e-04
0.12135 4.29171584e-04
0.12177 4.12166976e-04
0.12219 4.20649152e-04
0.12262 4.28349296e-04
0.12304 4.08677777e-04
0.12347 4.87490836e-04
0.12389 4.10878883e-04
0.12432 4.25766844e-04
0.12475 4.48502949e-04
0.12518 4.32757328e-04
0.12562 4.09078956e-04
0.12605 4.46617923e-04
0.12649 4.09267853e-04
0.12693 4.40918492e-04
0.12737 4.72326115e-04
0.12781 7.24160053e-04
0.12825 4.30209113e-04
0.12869 4.18597675e-04
0.12914 4.23838749e-04
0.12959 4.20755811e-04
0.13003 4.11026537e-04
0.13048 4.84432071e-04
0.13094 4.32013579e-04
0.13139 5.08552667e-04
0.13184 4.13549839e-04
0.13230 4.92540991e-04
0.13276 4.10662211e-04
0.13322 4.15101668e-04
0.13368 4.36215743e-04
0.13414 4.86671261e-04
0.13461 4.40237495e-04
0.13507 4.37667080e-04
0.13554 4.09539976e-04
0.13601 4.31944167e-04
0.13648 7.15242560e-04
0.13695 4.86501703e-04
0.13743 4.35521031e-04
0.13790 4.17354869e-04
0.13838 4.10647756e-04
0.13886 4.67695491e-04
0.13934 4.21298181e-04
0.13982 4.12763564e-04
0.14031 4.26215679e-04
0.14079 4.82363573e-04
0.14128 7.30722373e-04
0.14177 4.32367989e-04
0.14226 4.88956085e-04
0.14275 4.77467980e-04
0.14324 4.11332552e-04
0.14374 4.70069805e-04
0.14424 7.33516613e-04
0.14474 4.25550616e-04
0.14524 4.20597303e-04
0.14574 4.16066431e-04
0.14625 5.02260200e-04
0.14675 4.19650300e-04
0.14726 5.01656853e-04
0.14777 4.33337636e-04
0.14828 4.22511683e-04
0.14879 4.18001235e-04
0.14931 4.48488939e-04
0.14983 4.17904788e-04
0.15034 4.15861155e-04
0.15087 4.29611588e-04
0.15139 4.48600876e-04
0.15191 4.35641157e-04
0.15244 4.15405956e-04
0.15297 4.45517247e-04
0.15349 4.44400784e-04
0.15403 4.19173888e-04
0.15456 4.44480901e-04
0.15509 4.40486579e-04
0.15563 4.61903905e-04
0.15617 4.25310856e-04
0.15671 4.22927415e-04
0.15725 4.46225575e-04
0.15780 4.59331073e-04
0.15834 5.60034960e-04
0.15889 4.74360917e-04
0.15944 4.34101809e-04
0.15999 4.41208276e-04
0.16055 4.29372568e-04
0.16110 4.21689345e-04
0.16166 4.72503616e-04
0.16222 5.07058853e-04
0.16278 4.20121976e-04
0.16335 4.19686511e-04
0.16391 4.37210697e-04
0.16448 4.28762068e-04
0.16505 4.50986883e-04
0.16562 4.24187240e-04
0.16619 4.18577645e-04
0.16677 4.73892941e-04
0.16734 4.18821056e-04
0.16792 4.50024488e-04
0.16851 4.36611643e-04
0.16909 4.37675861e-04
0.16967 4.40805223e-04
0.17026 4.51583767e-04
0.17085 4.19628199e-04
0.17144 4.71013848e-04
0.17204 4.42810919e-04
0.17263 4.29100840e-04
0.17323 4.39860243e-04
0.17383 4.24542687e-04
0.17443 4.58058323e-04
0.17503 4.27811612e-04
0.17564 6.68015267e-04
0.17625 4.19605061e-04
0.17686 4.55560576e-04
0.17747 4.47833693e-04
0.17808 4.21814257e-04
0.17870 4.31186752e-04
0.17932 4.36015449e-04
0.17994 4.58859792e-04
0.18056 5.08679947e-04
0.18119 4.17932267e-04
0.18182 4.63040101e-04
0.18244 4.51100201e-04
0.18308 4.36725603e-04
0.18371 4.52214691e-04
0.18435 4.27388875e-04
0.18498 4.42840765e-04
0.18562 4.42364304e-04
0.18627 4.90238505e-04
0.18691 4.62401432e-04
0.18756 4.25405477e-04
0.18821 4.39694927e-04
0.18886 4.27483200e-04
0.18951 4.21483773e-04
0.19017 4.27334756e-04
0.19083 4.91298531e-04
0.19149 4.24042003e-04
0.19215 4.35109245e-04
0.19282 4.28933255e-04
0.19348 4.51301037e-04
0.19415 4.70960667e-04
0.19483 4.38173733e-04
0.19550 4.82889861e-04
0.19618 4.17699265e-04
0.19686 3.73929943e-04
0.19754 3.57070819e-04
0.19822 3.55243216e-04
0.19891 3.42486997e-04
0.19960 3.30135756e-04
0.20029 3.30172805e-04
0.20098 3.33364228e-04
0.20168 3.29724711e-04
0.20237 3.30293080e-04
0.20307 3.30076951e-04
0.20378 3.30015333e-04
0.20448 3.30253071e-04
0.20519 3.29834872e-04
0.20590 3.30070587e-04
0.20661 3.30489131e-04
0.20733 3.30015481e-04
0.20805 3.30030577e-04
0.20877 3.30194364e-04
0.20949 3.30330129e-04
0.21021 3.29891655e-04
0.21094 3.30089629e-04
0.21167 3.29782677e-04
0.21240 3.30536540e-04
0.21314 3.30259829e-04
0.21388 3.29926139e-04
0.21462 3.30624205e-04
0.21536 3.30556224e-04
0.21611 3.29910747e-04
0.21685 3.30029887e-04
0.21760 3.31027555e-04
0.21836 3.30339157e-04
0.21911 3.40795456e-04
0.21987 3.30632444e-04
0.22063 3.30896723e-04
0.22140 3.30548923e-04
0.22216 3.30747687e-04
0.22293 3.30935301e-04
0.22370 3.30286716e-04
0.22448 3.31284631e-04
0.22526 3.30839101e-04
0.22604 3.31056316e-04
0.22682 3.30538760e-04
0.22760 3.30811721e-04
0.22839 3.30694801e-04
0.22918 3.30804815e-04
0.22998 3.30561059e-04
0.23077 3.30684047e-04
0.23157 3.30261507e-04
0.23237 3.30624057e-04
0.23318 3.30974423e-04
0.23398 3.31273827e-04
0.23479 3.31443089e-04
0.23561 3.30939692e-04
0.23642 3.31270127e-04
0.23724 3.31121633e-04
0.23806 3.30676548e-04
0.23889 3.30749660e-04
0.23971 3.31059128e-04
0.24054 3.30084795e-04
0.24137 3.31296520e-04
0.24221 3.31348172e-04
0.24305 3.31827939e-04
0.24389 3.31640719e-04
0.24473 3.31614029e-04
0.24558 3.31440080e-04
0.24643 3.31306091e-04
0.24728 3.31428881e-04
0.24814 3.31027949e-04
0.24900 3.31675104e-04
0.24986 3.31615164e-04
0.25073 3.31538105e-04
0.25159 3.31955860e-04
0.25246 3.32140613e-04
0.25334 3.31268992e-04
0.25422 3.31388576e-04
0.25510 3.31714620e-04
0.25598 3.31505891e-04
0.25687 3.31701941e-04
0.25775 3.32629753e-04
0.25865 3.31915949e-04
0.25954 3.32032031e-04
0.26044 3.32235679e-04
0.26134 3.31794688e-04
0.26225 3.32264193e-04
0.26315 3.32520431e-04
0.26406 3.32327685e-04
0.26498 3.31718024e-04
0.26590 3.33035915e-04
0.26682 3.32988209e-04
0.26774 3.32616976e-04
0.26867 3.33220175e-04
0.26960 3.32240365e-04
0.27053 3.31942441e-04
0.27147 3.32231880e-04
0.27241 3.33927121e-04
0.27335 3.32706615e-04
0.27430 3.33450364e-04
0.27525 3.32311060e-04
0.27620 3.32914160e-04
0.27715 3.33287860e-04
0.27811 3.33840443e-04
0.27908 3.32873213e-04
0.28004 3.32865073e-04
0.28101 3.33033497e-04
0.28198 3.32983079e-04
0.28296 3.32766801e-04
0.28394 3.33482825e-04
0.28492 3.33280263e-04
0.28591 3.33905365e-04
0.28690 3.33809659e-04
0.28789 3.33562055e-04
0.28889 3.33704529e-04
0.28989 3.34330471e-04
0.29089 3.32718701e-04
0.29190 3.33317164e-04
0.29291 3.33719625e-04
0.29392 3.34943289e-04
0.29494 3.33961211e-04
0.29596 3.34209801e-04
0.29699 3.33385244e-04
0.29801 3.33573105e-04
0.29905 3.34632243e-04
0.30008 3.34670920e-04
0.30112 3.34348329e-04
0.30216 3.34362636e-04
0.30321 3.34550053e-04
0.30426 3.34236195e-04
0.30531 3.35077920e-04
0.30637 3.34653012e-04
0.30743 3.34829576e-04
0.30849 3.34328349e-04
0.30956 3.35374956e-04
0.31063 3.34573240e-04
0.31171 3.35553937e-04
0.31279 3.35589408e-04
0.31387 3.33874285e-04
0.31496 3.35309293e-04
0.31605 3.35376436e-04
0.31714 3.35797743e-04
0.31824 3.35639975e-04
0.31934 3.36483772e-04
0.32044 3.35648657e-04
0.32155 3.35628677e-04
0.32267 3.35445355e-04
0.32378 3.37007495e-04
0.32490 3.36066412e-04
0.32603 3.36133653e-04
0.32716 3.36869904e-04
0.32829 3.36362067e-04
0.32943 3.36349832e-04
0.33057 3.36072579e-04
0.33171 3.36677011e-04
0.33286 3.36070359e-04
0.33401 3.36983223e-04
0.33517 3.36984308e-04
0.33633 3.36565468e-04
0.33749 3.37677195e-04
0.33866 3.36485203e-04
0.33983 3.36561225e-04
0.34101 3.37833236e-04
0.34219 3.37243703e-04
0.34337 3.37636791e-04
0.34456 3.38159823e-04
0.34576 3.36240805e-04
0.34695 3.36922839e-04
0.34815 3.37819423e-04
0.34936 3.37164375e-04
0.35057 3.38173883e-04
0.35178 3.39264692e-04
0.35300 3.38535792e-04
0.35422 3.37442467e-04
0.35545 3.39080481e-04
0.35668 3.37760321e-04
0.35791 3.38625677e-04
0.35915 3.37929041e-04
0.36039 3.37196491e-04
0.36164 3.37672952e-04
0.36289 3.38367861e-04
0.36415 3.38029583e-04
0.36541 3.38029681e-04
0.36668 3.39600208e-04
0.36795 3.38244133e-04
0.36922 3.39651317e-04
0.37050 3.39476776e-04
0.37178 3.40563145e-04
0.37307 3.41215036e-04
0.37436 3.40553377e-04
0.37565 3.39819593e-04
0.37695 3.39497299e-04
0.37826 3.39158675e-04
0.37957 3.39089213e-04
0.38088 3.38910725e-04
0.38220 3.38910923e-04
0.38352 3.40336804e-04
0.38485 3.41921637e-04
0.38618 3.39473471e-04
0.38752 3.40178691e-04
0.38886 3.41929087e-04
0.39021 3.41859379e-04
0.39156 3.41561997e-04
0.39291 1.21776571e-02
0.39427 1.23325983e-02
0.39564 1.38789319e-02
0.39701 1.29376075e-02
0.39838 1.22253871e-02
0.39976 1.53859172e-02
0.40115 1.08310149e-02
0.40253 1.11252833e-02
0.40393 1.58868281e-02
0.40533 1.35800853e-02
0.40673 1.12123468e-02
0.40814 1.22942860e-02
0.40955 1.28778697e-02
0.41097 1.18260387e-02
0.41239 1.30126681e-02
0.41382 1.15970531e-02
0.41525 1.42521484e-02
0.41669 9.97184040e-03
0.41813 1.01540975e-02
0.41958 1.07725204e-02
0.42103 1.16530513e-02
0.42249 1.00590420e-02
0.42395 1.04055988e-02
0.42542 9.55409067e-03
0.42689 1.45407681e-02
0.42837 1.60199887e-02
0.42985 1.03122651e-02
0.43134 1.28696163e-02
0.43283 9.71219907e-03
0.43433 1.10875433e-02
0.43583 1.14894324e-02
0.43734 1.13552803e-02
0.43886 9.60705000e-03
0.44037 9.52846693e-03
0.44190 9.67237720e-03
0.44343 9.08575947e-03
0.44496 9.06135427e-03
0.44650 9.17989733e-03
0.44805 8.83408547e-03
0.44960 1.29754363e-02
0.45116 1.32945440e-02
0.45272 8.53856893e-03
0.45429 8.81884640e-03
0.45586 1.00008928e-02
0.45744 8.83936907e-03
0.45902 8.59799587e-03
0.46061 8.56559373e-03
0.46220 8.08074573e-03
0.46380 8.30253853e-03
0.46541 1.05482215e-02
0.46702 1.17227051e-02
0.46864 7.84734973e-03
0.47026 7.54539027e-03
0.47189 9.88889133e-03
0.47352 1.32011905e-02
0.47516 1.16604957e-02
0.47680 7.73053333e-03
0.47845 9.90139240e-03
0.48011 1.05947675e-02
0.48177 7.38977813e-03
0.48344 1.29272277e-02
0.48511 8.34727893e-03
0.48679 7.47550467e-03
0.48848 1.24477669e-02
0.49017 9.58631027e-03
0.49186 7.94612000e-03
0.49357 8.38996213e-03
0.49528 1.04613011e-02
0.49699 7.94579933e-03
0.49871 1.19343599e-02
0.50044 1.08327071e-02
0.50217 1.03505921e-02
0.50391 9.94788907e-03
0.50565 1.01673237e-02
0.50740 7.13655507e-03
0.50916 8.31303173e-03
0.51092 6.47164533e-03
0.51269 7.42168693e-03
0.51446 8.16085813e-03
0.51625 1.03086884e-02
0.51803 6.41727013e-03
0.51983 6.82085133e-03
0.52163 1.03976857e-02
0.52343 6.79423600e-03
0.52524 1.07554363e-02
0.52706 1.60353264e-02
0.52889 6.12760453e-03
0.53072 5.93790307e-03
0.53255 7.37693667e-03
0.53440 9.63019720e-03
0.53625 1.10580173e-02
0.53810 9.12912347e-03
0.53997 6.94222120e-03
0.54183 6.63505707e-03
0.54371 8.16006880e-03
0.54559 8.34632680e-03
0.54748 1.22535663e-02
0.54938 5.85649320e-03
0.55128 6.68707907e-03
0.55319 7.08917533e-03
0.55510 7.04732587e-03
0.55702 6.86612947e-03
0.55895 9.76109827e-03
0.56089 9.57255120e-03
0.56283 1.33151209e-02
0.56478 6.70347747e-03
0.56673 7.32235427e-03
0.56869 7.52159680e-03
0.57066 5.89914187e-03
0.57264 6.48279960e-03
0.57462 8.27706773e-03
0.57661 6.61175200e-03
0.57860 8.57557387e-03
0.58061 8.07265013e-03
0.58262 1.03367541e-02
0.58463 5.99820320e-03
0.58666 1.10547268e-02
0.58869 1.02318665e-02
0.59073 5.41233040e-03
0.59277 6.70154360e-03
0.59482 5.69459107e-03
0.59688 8.59053667e-03
0.59895 7.27570960e-03
0.60102 9.19634013e-03
0.60310 5.35583880e-03
0.60519 7.66090920e-03
0.60728 6.16378067e-03
0.60939 5.66383173e-03
0.61150 7.21431920e-03
0.61361 6.54884213e-03
0.61574 6.93857053e-03
0.61787 6.54237453e-03
0.62001 5.95378840e-03
0.62215 7.10888400e-03
0.62431 6.25261520e-03
0.62647 6.59273893e-03
0.62864 4.68940023e-03
0.63081 5.31629813e-03
0.63300 7.77185493e-03
0.63519 5.77419040e-03
0.63739 9.53296120e-03
0.63959 6.86970120e-03
0.64181 5.75550293e-03
0.64403 5.66095067e-03
0.64626 4.71766280e-03
0.64849 4.94842440e-03
0.65074 8.50207707e-03
0.65299 8.65467000e-03
0.65525 5.86961093e-03
0.65752 6.62330587e-03
0.65980 4.67459529e-03
0.66208 5.31325427e-03
0.66437 7.71298547e-03
0.66667 6.39173027e-03
0.66898 5.73724467e-03
0.67130 5.22468613e-03
0.67362 8.44578280e-03
0.67595 5.46228533e-03
0.67829 8.10209720e-03
0.68064 6.61781013e-03
0.68299 5.49408067e-03
0.68536 4.75848712e-03
0.68773 4.07920363e-03
0.69011 4.28171203e-03
0.69250 6.73866200e-03
0.69490 7.36296053e-03
0.69730 8.35449147e-03
0.69972 5.15482027e-03
0.70214 4.01958281e-03
0.70457 3.91992849e-03
0.70701 4.16287345e-03
0.70946 4.80947904e-03
0.71191 5.61752253e-03
0.71438 7.80426693e-03
0.71685 7.32475187e-03
0.71933 4.70386575e-03
0.72182 4.34062935e-03
0.72432 4.36510016e-03
0.72683 5.24777907e-03
0.72934 4.79782848e-03
0.73187 4.69546576e-03
0.73440 6.28725213e-03
0.73694 6.80839960e-03
0.73949 4.99502960e-03
0.74205 4.19533528e-03
0.74462 4.58088416e-03
0.74720 5.06506813e-03
0.74979 4.80186493e-03
0.75238 4.66862547e-03
0.75499 5.03958747e-03
0.75760 5.55304387e-03
0.76022 5.38941013e-03
0.76285 4.62715685e-03
0.76549 5.30970227e-03
0.76814 4.91772229e-03
0.77080 4.19808364e-03
0.77347 4.35688567e-03
0.77615 4.71221393e-03
0.77884 5.09971987e-03
0.78153 5.66707787e-03
0.78424 5.15489920e-03
0.78695 4.82669637e-03
0.78968 5.11563480e-03
0.79241 4.32753825e-03
0.79515 4.13798528e-03
0.79790 4.41473344e-03
0.80067 4.89891988e-03
0.80344 5.43424427e-03
0.80622 4.74402949e-03
0.80901 4.48574927e-03
0.81181 4.90233128e-03
0.81462 4.46759065e-03
0.81744 4.12915165e-03
0.82027 4.13227149e-03
0.82311 4.53998239e-03
0.82596 4.93979600e-03
0.82882 4.65271645e-03
0.83169 4.50090841e-03
0.83457 4.50043383e-03
0.83745 4.16787733e-03
0.84035 3.97359428e-03
0.84326 4.16763363e-03
0.84618 4.77037349e-03
0.84911 5.11776600e-03
0.85205 4.55574685e-03
0.85500 4.26760467e-03
0.85796 4.24381465e-03
0.86093 4.13922404e-03
0.86391 4.09253547e-03
0.86690 4.28026015e-03
0.86990 4.68859264e-03
0.87291 4.64624589e-03
0.87593 4.21279089e-03
0.87897 3.97354051e-03
0.88201 3.91578597e-03
0.88506 3.93923411e-03
0.88813 4.09169384e-03
0.89120 4.33286971e-03
0.89428 4.43535329e-03
0.89738 4.22337289e-03
0.90049 3.97744179e-03
0.90360 3.90476244e-03
0.90673 3.90381968e-03
0.90987 3.85159591e-03
0.91302 3.88406464e-03
0.91618 4.05623600e-03
0.91935 4.12118235e-03
0.92253 4.04038520e-03
0.92573 3.97185084e-03
0.92893 3.87582647e-03
0.93215 3.77137695e-03
0.93537 3.77572963e-03
0.93861 3.90547333e-03
0.94186 4.07271481e-03
0.94512 4.13095923e-03
0.94839 4.08988429e-03
0.95168 3.95152156e-03
0.95497 3.76894284e-03
0.95828 3.67523121e-03
0.96159 3.70033300e-03
0.96492 3.79321089e-03
0.96826 3.87259415e-03
0.97161 3.89107392e-03
0.97498 3.83055277e-03
0.97835 3.70283272e-03
0.98174 3.58317028e-03
0.98514 3.51468476e-03
0.98855 3.51801772e-03
0.99197 3.58677507e-03
0.99540 3.67751485e-03
0.99885 3.71345517e-03
1.00231 3.63407636e-03
1.00578 3.49809889e-03
1.00926 3.40666696e-03
1.01275 3.39551467e-03
1.01626 3.45046756e-03
1.01978 3.52741819e-03
1.02330 3.56415771e-03
1.02685 3.86165399e-03
1.03040 3.80239331e-03
1.03397 3.74547793e-03
1.03755 3.74616367e-03
1.04114 3.79614080e-03
1.04474 3.85381196e-03
1.04836 3.87276484e-03
1.05199 3.84356987e-03
1.05563 3.79072696e-03
1.05928 3.74274092e-03
1.06295 3.71887789e-03
1.06663 3.72028784e-03
1.07032 3.72709387e-03
1.07403 3.71176156e-03
1.07775 3.66858108e-03
1.08148 3.61666317e-03
1.08522 3.57743577e-03
1.08898 3.55952925e-03
1.09275 3.55608875e-03
1.09653 3.55012583e-03
1.10032 3.52886020e-03
1.10413 3.49558733e-03
1.10796 3.46386403e-03
1.11179 3.44100049e-03
1.11564 3.52426184e-03
1.11950 3.71995385e-03
1.12338 3.70638669e-03
1.12726 3.69392361e-03
1.13117 3.68071905e-03
1.13508 3.66495015e-03
1.13901 3.64523951e-03
1.14295 3.62328469e-03
1.14691 3.60538064e-03
1.15088 3.59724064e-03
1.15487 3.59862000e-03
1.15886 3.60374771e-03
1.16287 3.60535203e-03
1.16690 3.59984889e-03
1.17094 3.59022889e-03
1.17499 3.58317176e-03
1.17906 3.58282051e-03
1.18314 3.58758611e-03
1.18724 3.59136109e-03
1.19135 3.58749237e-03
1.19547 3.57310727e-03
1.19961 3.55091861e-03
1.20376 3.53173387e-03
1.20793 3.79659319e-03
1.21211 3.77667732e-03
1.21630 3.75754585e-03
1.22052 3.73561472e-03
1.22474 3.70947348e-03
1.22898 3.68057105e-03
1.23323 3.65162028e-03
1.23750 3.62472720e-03
1.24179 3.60049121e-03
1.24609 3.57828480e-03
1.25040 3.55701128e-03
1.25473 3.53555473e-03
1.25907 3.62718449e-03
1.26343 3.75835837e-03
1.26780 3.73455553e-03
1.27219 3.71296332e-03
1.27659 3.69377068e-03
1.28101 3.67616016e-03
1.28545 3.65853583e-03
1.28990 3.64021836e-03
1.29436 3.62164979e-03
1.29884 3.60411919e-03
1.30334 3.58870351e-03
1.30785 3.80487921e-03
1.31238 3.81706751e-03
1.31692 3.80446284e-03
1.32148 3.79235693e-03
1.32605 3.78145328e-03
1.33064 3.77255503e-03
1.33525 3.76592611e-03
1.33987 3.76113633e-03
1.34451 3.75736776e-03
1.34916 3.75394107e-03
1.35383 3.99107703e-03
1.35852 3.99599013e-03
1.36322 3.99137648e-03
1.36794 3.98576284e-03
1.37268 3.97849259e-03
1.37743 3.96917007e-03
1.38220 3.95758364e-03
1.38698 3.94381668e-03
1.39178 3.92821403e-03
1.39660 3.91114272e-03
1.40144 3.89274533e-03
1.40629 4.11491751e-03
1.41115 4.09314769e-03
1.41604 4.07044943e-03
1.42094 4.04701461e-03
1.42586 4.02306525e-03
1.43080 3.99884949e-03
1.43575 3.97441025e-03
1.44072 4.07073605e-03
1.44571 4.15590019e-03
1.45071 4.12997256e-03
1.45573 4.10417271e-03
1.46077 4.07852431e-03
1.46583 4.05309149e-03
1.47090 4.02807604e-03
1.47599 4.13695027e-03
1.48110 4.19977725e-03
1.48623 4.17462219e-03
1.49137 4.14995601e-03
1.49654 4.12584780e-03
1.50172 4.10244851e-03
1.50692 4.14282093e-03
1.51213 4.27103876e-03
1.51737 4.24880817e-03
1.52262 4.22749371e-03
1.52789 4.20719551e-03
1.53318 4.18802211e-03
1.53849 4.16999324e-03
1.54381 4.15318093e-03
1.54916 4.16791137e-03
1.55452 4.32927183e-03
1.55990 4.31574463e-03
1.56530 4.30360172e-03
1.57072 4.29273605e-03
1.57615 4.28314368e-03
1.58161 4.47784163e-03
1.58709 4.46981115e-03
1.59258 4.46249847e-03
1.59809 4.45560216e-03
1.60362 4.44882475e-03
1.60918 4.64342205e-03
1.61475 4.63573987e-03
1.62034 4.62727575e-03
1.62594 4.61791277e-03
1.63157 4.60746693e-03
1.63722 4.59578036e-03
1.64289 4.76082207e-03
1.64857 4.76688020e-03
1.65428 4.75068801e-03
1.66001 4.73324967e-03
1.66575 4.74358648e-03
1.67152 4.87700207e-03
1.67731 4.86812848e-03
1.68311 4.84534141e-03
1.68894 4.84715935e-03
1.69478 4.98696853e-03
1.70065 4.96208973e-03
1.70654 4.93499587e-03
1.71245 4.90722613e-03
1.71837 5.06626693e-03
1.72432 5.03636107e-03
1.73029 5.00604573e-03
1.73628 4.97540480e-03
1.74229 4.96377200e-03
1.74832 5.07577840e-03
1.75437 5.06255213e-03
1.76045 5.03011547e-03
1.76654 5.04865000e-03
1.77266 5.14232907e-03
1.77879 5.10902413e-03
1.78495 5.07612373e-03
1.79113 5.19730613e-03
1.79733 5.18404533e-03
1.80355 5.15150013e-03
1.80979 5.21068040e-03
1.81606 5.25795160e-03
1.82234 5.22682720e-03
1.82865 5.19677827e-03
1.83498 5.17966947e-03
1.84133 5.30562733e-03
1.84771 5.27838053e-03
1.85410 5.27350640e-03
1.86052 5.36447213e-03
1.86696 5.36774293e-03
1.87342 5.34587840e-03
1.87991 5.45873827e-03
1.88642 5.46759853e-03
1.89295 5.47219640e-03
1.89950 5.59392147e-03
1.90607 5.57930400e-03
1.91267 5.56630467e-03
1.91929 5.57624533e-03
1.92594 5.68763013e-03
1.93260 5.69309627e-03
1.93929 5.73336213e-03
1.94601 5.83443627e-03
1.95274 5.82718427e-03
1.95950 5.91870253e-03
1.96629 5.97030520e-03
1.97309 5.96325053e-03
1.97992 5.99209573e-03
1.98678 6.10401333e-03
1.99365 6.12197067e-03
2.00055 6.24070120e-03
2.00748 6.22926573e-03
2.01443 6.28849040e-03
2.02140 6.35695027e-03
2.02840 6.39593347e-03
2.03542 6.47674640e-03
2.04247 6.45669240e-03
2.04954 6.50240467e-03
2.05663 6.56341520e-03
2.06375 6.60506240e-03
2.07090 6.66059693e-03
2.07806 6.66629987e-03
2.08526 6.74077840e-03
2.09247 6.72508547e-03
2.09972 6.82563173e-03
2.10699 6.78746253e-03
2.11428 6.78432987e-03
2.12160 6.83296760e-03
2.12894 6.90703667e-03
2.13631 6.90923200e-03
2.14371 6.92157027e-03
2.15113 6.95886627e-03
2.15857 6.93453013e-03
2.16605 7.00218093e-03
2.17354 6.96983800e-03
2.18107 7.00249173e-03
2.18862 7.05130213e-03
2.19619 7.06814453e-03
2.20380 7.02691173e-03
2.21143 7.10912573e-03
2.21908 7.11450800e-03
2.22676 7.13642680e-03
2.23447 7.12415267e-03
2.24220 7.15845907e-03
2.24997 7.19753600e-03
2.25775 7.21968667e-03
2.26557 7.26055440e-03
2.27341 7.29613360e-03
2.28128 7.30944373e-03
2.28918 7.28525067e-03
2.29710 7.34202840e-03
2.30505 7.36041493e-03
2.31303 7.40326093e-03
2.32104 7.46835133e-03
2.32908 7.53472933e-03
2.33714 7.51752680e-03
2.34523 7.56915413e-03
2.35335 7.59083613e-03
2.36149 7.68689307e-03
2.36967 7.75172200e-03
2.37787 7.78930907e-03
2.38610 7.83364987e-03
2.39436 7.88403893e-03
2.40265 7.92910987e-03
2.41097 8.03413067e-03
2.41931 8.08520547e-03
2.42769 8.14125800e-03
2.43609 8.18537680e-03
2.44452 8.28187280e-03
2.45298 8.35241453e-03
2.46148 8.41236440e-03
2.47000 8.53038947e-03
2.47855 8.55825787e-03
2.48713 8.64542000e-03
2.49574 8.66346613e-03
2.50438 8.78373093e-03
2.51304 8.89497760e-03
2.52174 8.96510000e-03
2.53047 9.02470947e-03
2.53923 9.11735253e-03
2.54802 9.17014413e-03
2.55684 9.25427720e-03
2.56569 9.36523280e-03
2.57457 9.42531093e-03
2.58349 9.46745640e-03
2.59243 9.57167800e-03
2.60140 9.65787813e-03
2.61041 9.70238667e-03
2.61944 9.75636227e-03
2.62851 9.84972067e-03
2.63761 9.93999080e-03
2.64674 1.00271332e-02
2.65590 1.01111627e-02
2.66510 1.01919411e-02
2.67432 1.02694289e-02
2.68358 1.03358365e-02
2.69287 1.03641736e-02
2.70219 1.03743511e-02
2.71154 1.04395648e-02
2.72093 1.05016804e-02
2.73035 1.05607176e-02
2.73980 1.06198831e-02
2.74928 1.06902620e-02
2.75880 1.07307203e-02
2.76835 1.07685441e-02
2.77793 1.08040740e-02
2.78755 1.09267512e-02
2.79720 1.09709095e-02
2.80688 1.09993255e-02
2.81660 1.10928516e-02
2.82635 1.11511784e-02
2.83613 1.11737829e-02
2.84595 1.11949223e-02
2.85580 1.12489275e-02
2.86569 1.13311464e-02
2.87561 1.13479789e-02
2.88556 1.13717083e-02
2.89555 1.14735471e-02
2.90557 1.14887072e-02
2.91563 1.15017361e-02
2.92572 1.15780351e-02
2.93585 1.16734556e-02
2.94601 1.17250484e-02
2.95621 1.17673024e-02
2.96644 1.18386433e-02
2.97671 1.18583273e-02
2.98702 1.19485679e-02
2.99736 1.19604473e-02
3.00773 1.20357103e-02
3.01814 1.21237012e-02
3.02859 1.22110853e-02
3.03907 1.22702607e-02
3.04960 1.22965751e-02
3.06015 1.23833771e-02
3.07074 1.24694193e-02
3.08137 1.25553383e-02
3.09204 1.25917019e-02
3.10274 1.26412572e-02
3.11348 1.27274869e-02
3.12426 1.28139041e-02
3.13508 1.29002917e-02
3.14593 1.29865264e-02
3.15682 1.30730028e-02
3.16775 1.31597604e-02
3.17871 1.32467943e-02
3.18972 1.33394028e-02
3.20076 1.34942700e-02
3.21184 1.35912149e-02
3.22295 1.36786780e-02
3.23411 1.37664667e-02
3.24531 1.38545316e-02
3.25654 1.39427544e-02
3.26781 1.40896345e-02
3.27912 1.42421387e-02
3.29047 1.43685849e-02
3.30187 1.44566696e-02
3.31330 1.45446161e-02
3.32476 1.46873177e-02
3.33627 1.48372023e-02
3.34782 1.49662089e-02
3.35941 1.50560992e-02
3.37104 1.52035319e-02
3.38271 1.53039252e-02
3.39442 1.54448853e-02
3.40617 1.56304724e-02
3.41796 1.57138704e-02
3.42979 1.58472085e-02
3.44166 1.59878480e-02
3.45358 1.61272147e-02
3.46553 1.62648645e-02
3.47753 1.64002303e-02
3.48957 1.65670213e-02
3.50164 1.67431216e-02
3.51377 1.68731051e-02
3.52593 1.70003209e-02
3.53814 1.71562537e-02
3.55038 1.73248603e-02
3.56267 1.74452188e-02
3.57500 1.75626864e-02
3.58738 1.77031532e-02
3.59980 1.78706645e-02
3.61226 1.80339036e-02
3.62476 1.81557767e-02
3.63731 1.82762536e-02
3.64990 1.84299467e-02
3.66254 1.86277733e-02
3.67521 1.87710916e-02
3.68794 1.88675777e-02
3.70070 1.90056568e-02
3.71351 1.91398188e-02
3.72637 1.92849081e-02
3.73927 1.94623305e-02
3.75221 1.95913520e-02
3.76520 1.97096287e-02
3.77823 1.98244471e-02
3.79131 1.99818056e-02
3.80443 2.01363373e-02
3.81760 2.02835579e-02
3.83082 2.03806360e-02
3.84408 2.05308708e-02
3.85739 2.07023979e-02
3.87074 2.07870391e-02
3.88414 2.09278709e-02
3.89758 2.10894919e-02
3.91107 2.12069447e-02
3.92461 2.13200117e-02
3.93820 2.14295613e-02
3.95183 2.15340740e-02
3.96551 2.16916151e-02
3.97924 2.18633543e-02
3.99301 2.19542855e-02
4.00683 2.20673032e-02
4.02070 2.21934683e-02
4.03462 2.23134173e-02
4.04859 2.24516493e-02
4.06260 2.26057568e-02
4.07667 2.26723815e-02
4.09078 2.27693363e-02
4.10494 2.29088361e-02
4.11915 2.30084204e-02
4.13341 2.31103825e-02
4.14771 2.32354327e-02
4.16207 2.33822388e-02
4.17648 2.35337513e-02
4.19094 2.36448845e-02
4.20545 2.37525299e-02
4.22000 2.38567367e-02
4.23461 2.39875933e-02
4.24927 2.41198116e-02
4.26398 2.42468795e-02
4.27874 2.43693445e-02
4.29355 2.44892837e-02
4.30841 2.46025728e-02
4.32332 2.47134791e-02
4.33829 2.48199503e-02
4.35331 2.49454493e-02
4.36838 2.50792709e-02
4.38350 2.52058208e-02
4.39867 2.53414233e-02
4.41390 2.54932664e-02
4.42918 2.55980751e-02
4.44451 2.56795096e-02
4.45990 2.58157337e-02
4.47533 2.59601620e-02
4.49083 2.61217484e-02
4.50637 2.62627381e-02
4.52197 2.63867572e-02
4.53762 2.65051276e-02
4.55333 2.66247067e-02
4.56909 2.67645765e-02
4.58491 2.69120684e-02
4.60078 2.70736548e-02
4.61670 2.72147037e-02
4.63269 2.73409773e-02
4.64872 2.74838319e-02
4.66481 2.76312547e-02
4.68096 2.77709173e-02
4.69717 2.79159771e-02
4.71343 2.80756345e-02
4.72974 2.82323764e-02
4.74611 2.83849249e-02
4.76254 2.85328559e-02
4.77903 2.86785273e-02
4.79557 2.88380319e-02
4.81217 2.90022033e-02
4.82883 2.91817717e-02
4.84555 2.93595789e-02
4.86232 2.95078799e-02
4.87915 2.96672611e-02
4.89604 2.98563212e-02
4.91299 3.00339409e-02
4.92999 3.01918027e-02
4.94706 3.03688699e-02
4.96418 3.05654879e-02
4.98137 3.07567877e-02
4.99861 3.09452263e-02
5.01591 3.11427619e-02
5.03328 3.13455465e-02
5.05070 3.15241973e-02
5.06818 3.16969627e-02
5.08573 3.18976704e-02
5.10333 3.21055857e-02
5.12100 3.23042560e-02
5.13873 3.25036219e-02
5.15651 3.27123857e-02
5.17436 3.29239369e-02
5.19228 3.31443237e-02
5.21025 3.33674041e-02
5.22828 3.35794635e-02
5.24638 3.37933580e-02
5.26454 3.40338975e-02
5.28277 3.42779051e-02
5.30105 3.45101417e-02
5.31940 3.47441495e-02
5.33782 3.49844472e-02
5.35629 3.52276605e-02
5.37484 3.54761279e-02
5.39344 3.57276588e-02
5.41211 3.59837383e-02
5.43084 3.62430047e-02
5.44965 3.65190000e-02
5.46851 3.68027851e-02
5.48744 3.70670045e-02
5.50643 3.73222355e-02
5.52550 3.75991780e-02
5.54462 3.78944380e-02
5.56381 3.81849472e-02
5.58308 3.84682439e-02
5.60240 3.87589257e-02
5.62179 3.90628092e-02
5.64125 3.93695491e-02
5.66078 3.96769944e-02
5.68038 3.99877895e-02
5.70004 4.02981455e-02
5.71977 4.06118019e-02
5.73957 4.09495625e-02
5.75944 4.12961637e-02
5.77938 4.16335347e-02
5.79938 4.19659871e-02
5.81946 4.23108221e-02
5.83960 4.26733383e-02
5.85982 4.30385529e-02
5.88010 4.34004672e-02
5.90045 4.37663577e-02
5.92088 4.41405165e-02
5.94137 4.45192485e-02
5.96194 4.49044235e-02
5.98258 4.52951484e-02
6.00329 4.56954391e-02
6.02407 4.61099575e-02
6.04492 4.65291379e-02
6.06585 4.69525757e-02
6.08684 4.73807891e-02
6.10791 4.78032008e-02
6.12906 4.82262341e-02
6.15027 4.86627059e-02
6.17156 4.91183140e-02
6.19293 4.95792600e-02
6.21436 5.00523667e-02
6.23588 5.05309000e-02
6.25746 5.10179680e-02
6.27912 5.15124360e-02
6.30086 5.20132187e-02
6.32267 5.25217960e-02
6.34455 5.30362440e-02
6.36652 5.35572533e-02
6.38856 5.40843800e-02
6.41067 5.46300067e-02
6.43286 5.52021747e-02
6.45513 5.57812987e-02
6.47747 5.63517400e-02
6.49990 5.69276080e-02
6.52240 5.75215813e-02
6.54497 5.81371627e-02
6.56763 5.87602427e-02
6.59037 5.93906733e-02
6.61318 6.00287013e-02
6.63607 6.06818253e-02
6.65904 6.13535480e-02
6.68209 6.20336080e-02
6.70522 6.27336480e-02
6.72843 6.34443440e-02
6.75172 6.41636733e-02
6.77510 6.48914880e-02
6.79855 6.56283800e-02
6.82208 6.63921093e-02
6.84570 6.71732533e-02
6.86939 6.79652013e-02
6.89317 6.87759947e-02
6.91704 6.95973947e-02
6.94098 7.04397613e-02
6.96500 7.13063013e-02
6.98911 7.21844347e-02
7.01331 7.30869880e-02
7.03759 7.40054267e-02
7.06195 7.49387640e-02
7.08639 7.59100387e-02
7.11092 7.68948307e-02
7.13554 7.79005400e-02
7.16024 7.89326427e-02
7.18502 7.99793973e-02
7.20990 8.10589093e-02
7.23485 8.21645187e-02
7.25990 8.32862107e-02
7.28503 8.44547693e-02
7.31025 8.56455280e-02
7.33555 8.68557733e-02
7.36094 8.81064720e-02
7.38642 8.93761640e-02
7.41199 9.06743707e-02
7.43765 9.20202827e-02
7.46340 9.33871613e-02
7.48923 9.47940000e-02
7.51516 9.62510600e-02
7.54117 9.77315533e-02
7.56727 9.92558053e-02
7.59347 1.00823125e-01
7.61975 1.02416247e-01
7.64613 1.04071676e-01
7.67260 1.05777376e-01
7.69916 1.07512133e-01
7.72581 1.09311813e-01
7.75255 1.11159297e-01
7.77939 1.13039095e-01
7.80632 1.15022887e-01
7.83334 1.17070812e-01
7.86046 1.19156231e-01
7.88767 1.21343128e-01
7.91497 1.23595737e-01
7.94237 1.25891267e-01
7.96986 1.28290889e-01
7.99745 1.30764167e-01
8.02513 1.33286235e-01
8.05291 1.35930008e-01
8.08079 1.38669093e-01
8.10876 1.41464517e-01
8.13683 1.44387271e-01
8.16500 1.47430891e-01
8.19326 1.50539828e-01
8.22162 1.53773628e-01
8.25008 1.57160164e-01
8.27864 1.60622328e-01
8.30730 1.64208319e-01
8.33605 1.68010093e-01
8.36491 1.71900865e-01
8.39386 1.75895780e-01
8.42292 1.80172832e-01
8.45208 1.84554717e-01
8.48133 1.89044001e-01
8.51069 1.93834959e-01
8.54016 1.98786496e-01
8.56972 2.03864968e-01
8.59938 2.09250195e-01
8.62915 2.14914796e-01
8.65902 2.20732725e-01
8.68899 2.26814292e-01
8.71907 2.33364180e-01
8.74925 2.40102472e-01
8.77954 2.47034397e-01
8.80993 2.54522457e-01
8.84043 2.62265867e-01
8.87103 2.70242672e-01
8.90174 2.78690463e-01
8.93255 2.87599323e-01
8.96347 2.96789037e-01
8.99450 3.06323296e-01
9.02563 3.16569237e-01
9.05688 3.27151385e-01
9.08823 3.38080100e-01
9.11969 3.49644919e-01
9.15126 3.61744165e-01
9.18294 3.74251300e-01
9.21472 3.87223303e-01
9.24662 4.00878424e-01
9.27863 4.14999943e-01
9.31075 4.29602560e-01
9.34298 4.44703543e-01
9.37532 4.60317493e-01
9.40777 4.76459261e-01
9.44034 4.93206152e-01
9.47302 5.13803213e-01
9.50581 5.35224240e-01
9.53871 5.57500213e-01
9.57173 5.77593187e-01
9.60487 5.93296480e-01
9.63811 6.09410227e-01
9.67148 6.25945773e-01
9.70495 6.39767493e-01
9.73855 6.52515227e-01
9.77226 6.65504693e-01
9.80609 6.78740827e-01
9.84003 6.88337147e-01
9.87409 6.97938400e-01
9.90827 7.07659040e-01
9.94257 7.16678653e-01
9.97699 7.22323373e-01
10.01153 7.27992267e-01
10.04618 7.33682867e-01
10.08096 7.38395680e-01
10.11585 7.41366040e-01
10.15087 7.44326533e-01
10.18601 7.47275187e-01
10.22127 7.49318080e-01
10.25665 7.50389600e-01
10.29215 7.51435467e-01
10.32778 7.52455187e-01
10.36353 7.52532147e-01
10.39941 7.51838027e-01
10.43540 7.51114307e-01
10.47153 7.50359507e-01
10.50777 7.47768520e-01
10.54415 7.43777453e-01
10.58065 7.39775533e-01
10.61727 7.35762760e-01
10.65403 7.30773680e-01
10.69091 7.24914853e-01
10.72791 7.19069840e-01
10.76505 7.13239627e-01
10.80231 7.06439027e-01
10.83971 6.98350827e-01
10.87723 6.90323307e-01
10.91488 6.82356960e-01
10.95266 6.73940200e-01
10.99058 6.64207720e-01
11.02862 6.54590187e-01
11.06680 6.45088093e-01
11.10511 6.35697987e-01
11.14355 6.26383853e-01
11.18212 6.17186147e-01
11.22083 6.08103387e-01
11.25967 5.99135080e-01
11.29865 5.89868800e-01
11.33776 5.80604000e-01
11.37701 5.71467467e-01
11.41639 5.62458213e-01
11.45591 5.52846600e-01
11.49556 5.42395827e-01
11.53536 5.32125613e-01
11.57529 5.22033493e-01
11.61536 5.12109600e-01
11.65556 5.01402293e-01
11.69591 4.90905196e-01
11.73640 4.80613917e-01
11.77702 4.70525251e-01
11.81779 4.58889244e-01
11.85870 4.46006929e-01
11.89975 4.33470244e-01
11.94094 4.21270752e-01
11.98227 4.09400363e-01
12.02375 3.93863323e-01
12.06537 3.78809552e-01
12.10714 3.64315567e-01
12.14905 3.50361732e-01
12.19110 3.36634880e-01
12.23330 3.22918585e-01
12.27565 3.09751519e-01
12.31814 2.97112565e-01
12.36078 2.84981400e-01
12.40357 2.75466036e-01
12.44651 2.67354008e-01
12.48959 2.59478681e-01
12.53283 2.51833199e-01
12.57621 2.44411147e-01
12.61974 2.38844571e-01
12.66343 2.33625499e-01
12.70726 2.28520288e-01
12.75125 2.23526521e-01
12.79539 2.18699452e-01
12.83968 2.16396424e-01
12.88413 2.14118655e-01
12.92873 2.11865700e-01
12.97348 2.09637264e-01
13.01839 2.07771773e-01
13.06345 2.09626756e-01
13.10867 2.11499844e-01
13.15405 2.13391235e-01
13.19959 2.15301027e-01
13.24528 2.17217183e-01
13.29113 2.18956281e-01
13.33713 2.20710871e-01
13.38330 2.22481049e-01
13.42963 2.24266965e-01
13.47612 2.26068717e-01
13.52277 2.29181157e-01
13.56958 2.32413872e-01
13.61655 2.35693651e-01
13.66368 2.39021135e-01
13.71098 2.42396965e-01
13.75844 2.45478720e-01
13.80607 2.48478927e-01
13.85386 2.51517219e-01
13.90182 2.54594089e-01
13.94994 2.57710032e-01
13.99823 2.61541505e-01
14.04668 2.66311249e-01
14.09531 2.71169053e-01
14.14410 2.76116447e-01
14.19306 2.81155156e-01
14.24219 2.86289029e-01
14.29149 2.91575096e-01
14.34096 2.96959731e-01
14.39060 3.02444759e-01
14.44042 3.08032153e-01
14.49041 3.13723641e-01
14.54057 3.19345224e-01
14.59090 3.24913724e-01
14.64141 3.30580545e-01
14.69209 3.36347365e-01
14.74295 3.42216059e-01
14.79398 3.48188352e-01
14.84519 3.54721664e-01
14.89658 3.61415408e-01
14.94814 3.68236925e-01
14.99989 3.75188683e-01
15.05181 3.82273245e-01
15.10392 3.89490811e-01
15.15620 3.96837037e-01
15.20866 4.04323913e-01
15.26131 4.11954399e-01
15.31414 4.19731404e-01
15.36715 4.27657988e-01
15.42034 4.35529121e-01
15.47372 4.43189996e-01
15.52729 4.50989448e-01
15.58103 4.58930388e-01
15.63497 4.67015776e-01
15.68909 4.75248720e-01
15.74340 4.83572487e-01
15.79790 4.91962311e-01
15.85258 5.00503933e-01
15.90746 5.09201400e-01
15.96252 5.18057720e-01
16.01778 5.27076347e-01
16.07323 5.35176387e-01
16.12886 5.41225640e-01
16.18470 5.47343467e-01
16.24072 5.53530853e-01
16.29694 5.59788293e-01
16.35335 5.66116280e-01
16.40996 5.72390987e-01
16.46677 5.77840840e-01
16.52377 5.83339533e-01
16.58097 5.88888053e-01
16.63836 5.94486400e-01
16.69596 6.00134573e-01
16.75375 6.05833560e-01
16.81175 6.09081173e-01
16.86994 6.11616413e-01
16.92834 6.14153627e-01
16.98694 6.16692320e-01
17.04574 6.19232987e-01
17.10474 6.21774640e-01
17.16395 6.24364147e-01
17.22337 6.27072053e-01
17.28299 6.29782427e-01
17.34281 6.32494773e-01
17.40285 6.35209093e-01
17.46309 6.37925387e-01
17.52354 6.40643160e-01
17.58420 6.41933720e-01
17.64507 6.42434947e-01
17.70615 6.42919893e-01
17.76744 6.43388560e-01
17.82894 6.43840453e-01
17.89066 6.44275573e-01
17.95259 6.44693427e-01
18.01473 6.44637187e-01
18.07709 6.44488693e-01
18.13967 6.44326880e-01
18.20246 6.44151253e-01
18.26547 6.43962307e-01
18.32870 6.43759053e-01
18.39214 6.43542973e-01
18.45581 6.42367853e-01
18.51969 6.41073347e-01
18.58380 6.39768973e-01
18.64813 6.38455227e-01
18.71268 6.37132107e-01
18.77746 6.35799613e-01
18.84246 6.34457747e-01
18.90768 6.33226880e-01
18.97313 6.32026107e-01
19.03881 6.30819413e-01
19.10472 6.29606800e-01
19.17085 6.28387773e-01
19.23721 6.27162827e-01
19.30380 6.25931960e-01
19.37062 6.24953187e-01
19.43768 6.24275840e-01
19.50496 6.23590600e-01
19.57248 6.22898947e-01
19.64023 6.22199893e-01
19.70822 6.21493440e-01
19.77644 6.20780573e-01
19.84490 6.20059813e-01
19.91359 6.19364213e-01
19.98252 6.18661707e-01
20.05169 6.17951307e-01
20.12110 6.17233013e-01
20.19076 6.16506827e-01
20.26065 6.15772253e-01
20.33078 6.15030280e-01
20.40116 6.14229600e-01
20.47178 6.13276973e-01
20.54264 6.12315467e-01
20.61375 6.11345573e-01
20.68511 6.10367787e-01
20.75671 6.09381120e-01
20.82856 6.08386560e-01
20.90066 6.07383613e-01
20.97301 6.06499560e-01
21.04561 6.05841453e-01
21.11846 6.05171507e-01
21.19157 6.04490213e-01
21.26492 6.03797573e-01
21.33853 6.03093093e-01
21.41240 6.02377760e-01
21.48652 6.01650587e-01
21.56090 6.00714240e-01
21.63553 5.99058120e-01
21.71043 5.97388187e-01
21.78558 5.95704933e-01
21.86099 5.94008360e-01
21.93666 5.92298960e-01
22.01260 5.90575747e-01
22.08880 5.88840200e-01
22.16526 5.87091333e-01
22.24199 5.83715453e-01
22.31898 5.80064787e-01
22.39624 5.76419547e-01
22.47377 5.72779733e-01
22.55156 5.69145347e-01
22.62962 5.65517373e-01
22.70796 5.61894827e-01
22.78656 5.58278200e-01
22.86544 5.54462760e-01
22.94459 5.50004013e-01
23.02402 5.45567467e-01
23.10372 5.41153120e-01
23.18369 5.36760973e-01
23.26394 5.32390533e-01
23.34447 5.28042787e-01
23.42528 5.23717240e-01
23.50637 5.19414387e-01
23.58774 5.14725747e-01
23.66939 5.09346440e-01
23.75133 5.04013507e-01
23.83354 4.98727440e-01
23.91604 4.93487253e-01
23.99883 4.88293292e-01
24.08191 4.83144767e-01
24.16527 4.78041529e-01
24.24892 4.72983235e-01
24.33286 4.67943440e-01
24.41709 4.62845728e-01
24.50161 4.57798731e-01
24.58642 4.52802053e-01
24.67153 4.47855203e-01
24.75693 4.42957735e-01
24.84263 4.38109205e-01
24.92863 4.33309171e-01
25.01492 4.28557137e-01
25.10151 4.23852760e-01
25.18840 4.19042217e-01
25.27559 4.14229257e-01
25.36309 4.09468837e-01
25.45088 4.04760415e-01
25.53898 4.00103447e-01
25.62739 3.95497391e-01
25.71610 3.90941753e-01
25.80512 3.86436041e-01
25.89444 3.81979712e-01
25.98408 3.77572173e-01
26.07403 3.73285600e-01
26.16428 3.69049347e-01
26.25485 3.64859664e-01
26.34574 3.60716059e-01
26.43694 3.56618037e-01
26.52845 3.52565156e-01
26.62028 3.48556872e-01
26.71243 3.44592791e-01
26.80489 3.40672369e-01
26.89768 3.36795213e-01
26.99079 3.33039269e-01
27.08422 3.29339911e-01
27.17798 3.25680956e-01
27.27205 3.22062060e-01
27.36646 3.18482729e-01
27.46119 3.14942619e-01
27.55625 3.11441235e-01
27.65164 3.07978232e-01
27.74736 3.04553167e-01
27.84341 3.01165644e-01
27.93979 2.97876492e-01
28.03650 2.94737511e-01
28.13355 2.91631336e-01
28.23094 2.88557721e-01
28.32867 2.85516321e-01
28.42673 2.82506741e-01
28.52513 2.79528735e-01
28.62387 2.76581956e-01
28.72295 2.73666011e-01
28.82238 2.70780701e-01
28.92215 2.67925633e-01
29.02227 2.65162227e-01
29.12273 2.62498424e-01
29.22354 2.59861360e-01
29.32470 2.57250788e-01
29.42621 2.54666511e-01
29.52807 2.52108133e-01
29.63029 2.49575508e-01
29.73286 2.47068388e-01
29.83578 2.44586428e-01
29.93906 2.42129431e-01
30.04269 2.39697149e-01
30.14669 2.37305667e-01
30.25104 2.35027552e-01
30.35576 2.32771391e-01
30.46084 2.30537035e-01
30.56628 2.28324237e-01
30.67209 2.26132851e-01
30.77826 2.23962579e-01
30.88481 2.21813273e-01
30.99172 2.19684737e-01
31.09900 2.17576724e-01
31.20665 2.15489085e-01
31.31467 2.13421624e-01
31.42307 2.11424956e-01
31.53184 2.09527843e-01
31.64099 2.07647947e-01
31.75052 2.05785120e-01
31.86043 2.03939165e-01
31.97072 2.02109984e-01
32.08139 2.00297428e-01
32.19244 1.98501300e-01
32.30388 1.96721452e-01
32.41570 1.94957736e-01
32.52791 1.93210053e-01
32.64051 1.91478157e-01
32.75349 1.89785876e-01
32.86687 1.88288067e-01
32.98064 1.86802245e-01
33.09481 1.85328363e-01
33.20937 1.83866320e-01
33.32433 1.82416019e-01
33.43968 1.80977360e-01
33.55544 1.79550245e-01
33.67159 1.78134625e-01
33.78815 1.76730303e-01
33.90511 1.75337277e-01
34.02247 1.73955401e-01
34.14024 1.72584625e-01
34.25842 1.71218635e-01
34.37701 1.69849635e-01
34.49601 1.68491735e-01
34.61542 1.67144885e-01
34.73525 1.65808939e-01
34.85549 1.64483845e-01
34.97614 1.63169507e-01
35.09721 1.61865824e-01
35.21871 1.60572699e-01
35.34062 1.59290081e-01
35.46295 1.58017873e-01
35.58571 1.56755976e-01
35.70889 1.55504291e-01
35.83250 1.54262719e-01
35.95654 1.53052276e-01
36.08101 1.51853723e-01
36.20590 1.50664789e-01
36.33123 1.49485229e-01
36.45700 1.48315141e-01
36.58320 1.47154328e-01
36.70983 1.46002740e-01
36.83691 1.44860279e-01
36.96442 1.43726944e-01
37.09238 1.42602637e-01
37.22077 1.41487211e-01
37.34962 1.40380664e-01
37.47890 1.39282948e-01
37.60864 1.38193915e-01
37.73883 1.37165808e-01
37.86946 1.36154968e-01
38.00055 1.35151775e-01
38.13209 1.34156080e-01
38.26409 1.33167884e-01
38.39654 1.32187088e-01
38.52946 1.31213643e-01
38.66283 1.30247548e-01
38.79667 1.29288656e-01
38.93096 1.28337016e-01
39.06573 1.27392480e-01
39.20096 1.26454999e-01
39.33665 1.25524572e-01
39.47282 1.24601151e-01
39.60946 1.23687448e-01
39.74657 1.22817504e-01
39.88416 1.21953776e-01
40.02222 1.21096264e-01
40.16076 1.20244869e-01
40.29978 1.19399543e-01
40.43928 1.18560333e-01
40.57926 1.17727044e-01
40.71973 1.16899773e-01
40.86069 1.16078423e-01
41.00213 1.15262943e-01
41.14406 1.14453284e-01
41.28648 1.13649397e-01
41.42940 1.12851283e-01
41.57281 1.12058841e-01
41.71672 1.11272123e-01
41.86113 1.10479435e-01
42.00603 1.09681271e-01
42.15144 1.08888928e-01
42.29735 1.08102357e-01
42.44377 1.07321608e-01
42.59069 1.06546581e-01
42.73812 1.05777228e-01
42.88606 1.05013548e-01
43.03451 1.04255443e-01
43.18348 1.03502912e-01
43.33297 1.02755907e-01
43.48297 1.02014328e-01
43.63349 1.01278225e-01
43.78453 1.00547500e-01
43.93609 9.98221520e-02
44.08818 9.91020827e-02
44.24079 9.83871933e-02
44.39394 9.76757080e-02
44.54761 9.69694027e-02
44.70182 9.62683267e-02
44.85655 9.55723813e-02
45.01183 9.48815667e-02
45.16764 9.41957840e-02
45.32399 9.35150333e-02
45.48089 9.28392653e-02
45.63832 9.21684800e-02
45.79630 9.15026280e-02
45.95483 9.08416107e-02
46.11391 9.01854773e-02
46.27353 8.95341293e-02
46.43371 8.88875667e-02
46.59445 8.82457400e-02
46.75574 8.76086000e-02
46.91759 8.69760973e-02
47.08000 8.63385133e-02
47.24297 8.56992027e-02
47.40650 8.50647267e-02
47.57060 8.44350360e-02
47.73527 8.38100320e-02
47.90051 8.31897147e-02
48.06633 8.25740347e-02
48.23271 8.19629920e-02
48.39967 8.13565373e-02
48.56721 8.07545720e-02
48.73533 8.01571947e-02
48.90403 7.95642080e-02
49.07332 7.89757107e-02
49.24319 7.83916533e-02
49.41365 7.78118880e-02
49.58470 7.72365133e-02
49.75634 7.66654307e-02
49.92858 7.60986400e-02
50.10141 7.55369800e-02
50.27484 7.50024533e-02
50.44887 7.44717253e-02
50.62350 7.39448453e-02
50.79874 7.34217147e-02
50.97458 7.29023333e-02
51.15104 7.23867013e-02
51.32810 7.18747693e-02
51.50578 7.13664880e-02
51.68407 7.08618573e-02
51.86298 7.03608773e-02
52.04250 6.98634493e-02
52.22265 6.93695733e-02
52.40343 6.88792493e-02
52.58482 6.83924280e-02
52.76685 6.79091093e-02
52.94951 6.74292440e-02
53.13280 6.69527827e-02
53.31672 6.64797747e-02
53.50128 6.60101213e-02
53.68648 6.55426880e-02
53.87232 6.50739227e-02
54.05880 6.46085613e-02
54.24593 6.41465547e-02
54.43371 6.36879027e-02
54.62214 6.32326053e-02
54.81122 6.27805640e-02
55.00095 6.23317787e-02
55.19134 6.18862493e-02
55.38239 6.14439760e-02
55.57410 6.10048600e-02
55.76647 6.05689013e-02
55.95951 6.01361493e-02
56.15322 5.97065053e-02
56.34760 5.92799200e-02
56.54265 5.88564920e-02
56.73838 5.84360733e-02
56.93479 5.80187133e-02
57.13187 5.76043627e-02
57.32964 5.71929720e-02
57.52809 5.67845907e-02
57.72723 5.63791200e-02
57.92705 5.59767080e-02
58.12757 5.55772067e-02
58.32879 5.51805667e-02
58.53070 5.47867880e-02
58.73331 5.43958213e-02
58.93662 5.40077160e-02
59.14063 5.36223733e-02
59.34535 5.32398427e-02
59.55078 5.28600747e-02
59.75692 5.24830200e-02
59.96377 5.21086787e-02
60.17134 5.17370507e-02
60.37963 5.13681360e-02
60.58864 5.10018360e-02
60.79837 5.06381507e-02
61.00883 5.02771293e-02
61.22002 4.99186733e-02
61.43194 4.95628320e-02
61.64459 4.92095461e-02
61.85797 4.88587911e-02
62.07210 4.85105668e-02
62.28697 4.81648487e-02
62.50258 4.78216169e-02
62.71894 4.74833827e-02
62.93605 4.71478272e-02
63.15390 4.68146644e-02
63.37252 4.64838844e-02
63.59189 4.61554625e-02
63.81201 4.58293791e-02
64.03290 4.55056241e-02
64.25456 4.51841829e-02
64.47698 4.48650259e-02
64.70017 4.45481480e-02
64.92414 4.42335345e-02
65.14888 4.39211559e-02
65.37440 4.36110071e-02
65.60070 4.33030684e-02
65.82778 4.29973251e-02
66.05565 4.26937573e-02
66.28430 4.23923553e-02
66.51375 4.20930944e-02
66.74400 4.17959696e-02
66.97504 4.15009612e-02
67.20688 4.12080495e-02
67.43952 4.09172295e-02
67.67297 4.06284765e-02
67.90722 4.03417759e-02
68.14229 4.00571176e-02
68.37817 3.97747977e-02
68.61486 3.94945104e-02
68.85238 3.92162161e-02
69.09072 3.89398952e-02
69.32988 3.86655427e-02
69.56987 3.83931339e-02
69.81069 3.81226639e-02
70.05235 3.78541179e-02
70.29484 3.75874761e-02
70.53817 3.73227239e-02
70.78235 3.70598561e-02
71.02737 3.67988581e-02
71.27323 3.65397052e-02
71.51995 3.62823973e-02
71.76752 3.60269148e-02
72.01595 3.57732428e-02
72.26524 3.55213764e-02
72.51539 3.52712909e-02
72.76641 3.50229864e-02
73.01830 3.47764381e-02
73.27106 3.45316412e-02
73.52469 3.42885808e-02
73.77920 3.40472421e-02
74.03460 3.38076153e-02
74.29087 3.35696905e-02
74.54804 3.33334480e-02
74.80609 3.30988828e-02
75.06504 3.28662613e-02
75.32488 3.26354800e-02
75.58563 3.24063316e-02
75.84727 3.21788063e-02
76.10982 3.19528843e-02
76.37328 3.17285656e-02
76.63766 3.15058305e-02
76.90295 3.12846692e-02
77.16915 3.10650767e-02
77.43628 3.08470332e-02
77.70433 3.06305289e-02
77.97331 3.04155540e-02
78.24322 3.02021035e-02
78.51407 2.99901576e-02
78.78585 2.97797065e-02
79.05857 2.95707453e-02
79.33224 2.93632641e-02
79.60686 2.91572432e-02
79.88242 2.89526776e-02
80.15894 2.87495575e-02
80.43642 2.85478729e-02
80.71486 2.83476141e-02
80.99426 2.81487663e-02
81.27463 2.79513244e-02
81.55596 2.77552737e-02
81.83828 2.75606093e-02
82.12157 2.73673164e-02
82.40584 2.71753851e-02
82.69109 2.69848153e-02
82.97733 2.67955875e-02
83.26457 2.66081553e-02
83.55279 2.64227705e-02
83.84202 2.62386881e-02
84.13225 2.60558933e-02
84.42348 2.58743763e-02
84.71572 2.56941369e-02
85.00897 2.55151556e-02
85.30323 2.53374323e-02
85.59852 2.51609521e-02
85.89482 2.49857103e-02
86.19215 2.48116968e-02
86.49052 2.46389019e-02
86.78991 2.44673156e-02
87.09034 2.42969331e-02
87.39181 2.41277395e-02
87.69432 2.39597348e-02
87.99789 2.37929092e-02
88.30250 2.36272479e-02
88.60816 2.34627459e-02
88.91489 2.32993983e-02
89.22267 2.31371952e-02
89.53153 2.29761219e-02
89.84145 2.28161783e-02
90.15244 2.26573595e-02
90.46451 2.24996457e-02
90.77766 2.23430371e-02
91.09190 2.21875285e-02
91.40722 2.20331004e-02
91.72363 2.18797576e-02
92.04114 2.17274903e-02
92.35975 2.15762836e-02
92.67946 2.14261376e-02
93.00028 2.12770375e-02
93.32221 2.11289832e-02
93.64525 2.09820636e-02
93.96941 2.08362244e-02
94.29469 2.06914015e-02
94.62110 2.05475899e-02
94.94864 2.04047847e-02
95.27731 2.02629760e-02
95.60712 2.01221540e-02
95.93807 1.99823187e-02
96.27017 1.98434601e-02
96.60342 1.97055735e-02
96.93782 1.95686439e-02
97.27338 1.94326763e-02
97.61010 1.92976509e-02
97.94798 1.91635728e-02
98.28704 1.90304320e-02
98.62727 1.88982187e-02
98.96867 1.87669279e-02
99.31126 1.86365547e-02
99.65504 1.85070892e-02
100.00000 1.83785265e-02
