        2000  0.100000 3.710000
0.10000 1.66187175e+00
0.10035 1.66239708e+00
0.10069 1.66290758e+00
0.10104 1.66340274e+00
0.10139 1.66388306e+00
0.10174 1.66434805e+00
0.10210 1.66479869e+00
0.10245 1.66523647e+00
0.10280 1.66566287e+00
0.10316 1.66607889e+00
0.10352 1.66648699e+00
0.10387 1.66688915e+00
0.10423 1.66728686e+00
0.10459 1.66768111e+00
0.10496 1.66807239e+00
0.10532 1.66846071e+00
0.10568 1.66884655e+00
0.10605 1.66922793e+00
0.10642 1.66960536e+00
0.10679 1.66997636e+00
0.10716 1.67034143e+00
0.10753 1.67069907e+00
0.10790 1.67104930e+00
0.10827 1.67139210e+00
0.10865 1.67172798e+00
0.10902 1.67205743e+00
0.10940 1.67238143e+00
0.10978 1.67270148e+00
0.11016 1.67301906e+00
0.11054 1.67333515e+00
0.11092 1.67365025e+00
0.11131 1.67396585e+00
0.11169 1.67428194e+00
0.11208 1.67459902e+00
0.11247 1.67491660e+00
0.11286 1.67523517e+00
0.11325 1.67555423e+00
0.11364 1.67587378e+00
0.11403 1.67619284e+00
0.11443 1.67651042e+00
0.11482 1.67682651e+00
0.11522 1.67713864e+00
0.11562 1.67744682e+00
0.11602 1.67774857e+00
0.11642 1.67804339e+00
0.11682 1.67833029e+00
0.11723 1.67860830e+00
0.11763 1.67887789e+00
0.11804 1.67913809e+00
0.11845 1.67938987e+00
0.11886 1.67963374e+00
0.11927 1.67987069e+00
0.11968 1.68010120e+00
0.12010 1.68032677e+00
0.12051 1.68054789e+00
0.12093 1.68076455e+00
0.12135 1.68097775e+00
0.12177 1.68118601e+00
0.12219 1.68138832e+00
0.12262 1.68158372e+00
0.12304 1.68177021e+00
0.12347 1.68194581e+00
0.12389 1.68210806e+00
0.12432 1.68225547e+00
0.12475 1.68238557e+00
0.12518 1.68249687e+00
0.12562 1.68258789e+00
0.12605 1.68265764e+00
0.12649 1.68270463e+00
0.12693 1.68272887e+00
0.12737 1.68273035e+00
0.12781 1.68270859e+00
0.12825 1.68266456e+00
0.12869 1.68259877e+00
0.12914 1.68251270e+00
0.12959 1.68240684e+00
0.13003 1.68228318e+00
0.13048 1.68214319e+00
0.13094 1.68198984e+00
0.13139 1.68182413e+00
0.13184 1.68164852e+00
0.13230 1.68146549e+00
0.13276 1.68127702e+00
0.13322 1.68108460e+00
0.13368 1.68089069e+00
0.13414 1.68069678e+00
0.13461 1.68050386e+00
0.13507 1.68031391e+00
0.13554 1.68012692e+00
0.13601 1.67994390e+00
0.13648 1.67976582e+00
0.13695 1.67959219e+00
0.13743 1.67942252e+00
0.13790 1.67925631e+00
0.13838 1.67909307e+00
0.13886 1.67893181e+00
0.13934 1.67877154e+00
0.13982 1.67861028e+00
0.14031 1.67844704e+00
0.14079 1.67828083e+00
0.14128 1.67811066e+00
0.14177 1.67793456e+00
0.14226 1.67775252e+00
0.14275 1.67756356e+00
0.14324 1.67736619e+00
0.14374 1.67715991e+00
0.14424 1.67694325e+00
0.14474 1.67671669e+00
0.14524 1.67647826e+00
0.14574 1.67622796e+00
0.14625 1.67596430e+00
0.14675 1.67568680e+00
0.14726 1.67539395e+00
0.14777 1.67508627e+00
0.14828 1.67476226e+00
0.14879 1.67442193e+00
0.14931 1.67406478e+00
0.14983 1.67369082e+00
0.15034 1.67329953e+00
0.15087 1.67289242e+00
0.15139 1.67246899e+00
0.15191 1.67203022e+00
0.15244 1.67157711e+00
0.15297 1.67111014e+00
0.15349 1.67063031e+00
0.15403 1.67013911e+00
0.15456 1.66963752e+00
0.15509 1.66912653e+00
0.15563 1.66860663e+00
0.15617 1.66807981e+00
0.15671 1.66754656e+00
0.15725 1.66700737e+00
0.15780 1.66646324e+00
0.15834 1.66591515e+00
0.15889 1.66536310e+00
0.15944 1.66480809e+00
0.15999 1.66424911e+00
0.16055 1.66368767e+00
0.16110 1.66312226e+00
0.16166 1.66255340e+00
0.16222 1.66198057e+00
0.16278 1.66140231e+00
0.16335 1.66081860e+00
0.16391 1.66022846e+00
0.16448 1.65963091e+00
0.16505 1.65902444e+00
0.16562 1.65840759e+00
0.16619 1.65777986e+00
0.16677 1.65713927e+00
0.16734 1.65648483e+00
0.16792 1.65581505e+00
0.16851 1.65512845e+00
0.16909 1.65442355e+00
0.16967 1.65369985e+00
0.17026 1.65295538e+00
0.17085 1.65219013e+00
0.17144 1.65140262e+00
0.17204 1.65059236e+00
0.17263 1.64975835e+00
0.17323 1.64890159e+00
0.17383 1.64802058e+00
0.17443 1.64711683e+00
0.17503 1.64618933e+00
0.17564 1.64524006e+00
0.17625 1.64426903e+00
0.17686 1.64327673e+00
0.17747 1.64226563e+00
0.17808 1.64123623e+00
0.17870 1.64019001e+00
0.17932 1.63912846e+00
0.17994 1.63805355e+00
0.18056 1.63696726e+00
0.18119 1.63587058e+00
0.18182 1.63476599e+00
0.18244 1.63365546e+00
0.18308 1.63254049e+00
0.18371 1.63142254e+00
0.18435 1.63030360e+00
0.18498 1.62918615e+00
0.18562 1.62807068e+00
0.18627 1.62695966e+00
0.18691 1.62585457e+00
0.18756 1.62475641e+00
0.18821 1.62366666e+00
0.18886 1.62258631e+00
0.18951 1.62151733e+00
0.19017 1.62046023e+00
0.19083 1.61941599e+00
0.19149 1.61838560e+00
0.19215 1.61736906e+00
0.19282 1.61636686e+00
0.19348 1.61538000e+00
0.19415 1.61440798e+00
0.19483 1.61345080e+00
0.19550 1.61250797e+00
0.19618 1.61157948e+00
0.19686 1.61066435e+00
0.19754 1.60976207e+00
0.19822 1.60887069e+00
0.19891 1.60798968e+00
0.19960 1.60711759e+00
0.20029 1.60723829e+00
0.20098 1.60876483e+00
0.20168 1.61030027e+00
0.20237 1.61184314e+00
0.20307 1.61339045e+00
0.20378 1.61494123e+00
0.20448 1.61649251e+00
0.20519 1.61804329e+00
0.20590 1.61959061e+00
0.20661 1.62113298e+00
0.20733 1.62266793e+00
0.20805 1.62419397e+00
0.20877 1.62570864e+00
0.20949 1.62721045e+00
0.21021 1.62869742e+00
0.21094 1.63016806e+00
0.21167 1.63162041e+00
0.21240 1.63305296e+00
0.21314 1.63446474e+00
0.21388 1.63585376e+00
0.21462 1.63721904e+00
0.21536 1.63856008e+00
0.21611 1.63987491e+00
0.21685 1.64116351e+00
0.21760 1.64242491e+00
0.21836 1.64365861e+00
0.21911 1.64486362e+00
0.21987 1.64604043e+00
0.22063 1.64561502e+00
0.22140 1.64484037e+00
0.22216 1.64403357e+00
0.22293 1.64319313e+00
0.22370 1.64232005e+00
0.22448 1.64141283e+00
0.22526 1.64047247e+00
0.22604 1.63949847e+00
0.22682 1.63849133e+00
0.22760 1.63745055e+00
0.22839 1.63637811e+00
0.22918 1.63527302e+00
0.22998 1.63413677e+00
0.23077 1.63296986e+00
0.23157 1.63177276e+00
0.23237 1.63054747e+00
0.23318 1.62929399e+00
0.23398 1.62801379e+00
0.23479 1.62670787e+00
0.23561 1.62537821e+00
0.23642 1.62402579e+00
0.23724 1.62265160e+00
0.23806 1.62125813e+00
0.23889 1.61984585e+00
0.23971 1.61841726e+00
0.24054 1.61624419e+00
0.24137 1.61366104e+00
0.24221 1.61105761e+00
0.24305 1.60843488e+00
0.24389 1.60579584e+00
0.24473 1.60314146e+00
0.24558 1.60047520e+00
0.24643 1.59779856e+00
0.24728 1.59511401e+00
0.24814 1.59242351e+00
0.24900 1.58972956e+00
0.24986 1.58703461e+00
0.25073 1.58434115e+00
0.25159 1.58165116e+00
0.25246 1.57896710e+00
0.25334 1.57629144e+00
0.25422 1.57362618e+00
0.25510 1.57097427e+00
0.25598 1.56833720e+00
0.25687 1.56571794e+00
0.25775 1.56311798e+00
0.25865 1.56054027e+00
0.25954 1.55798630e+00
0.26044 1.55522557e+00
0.26134 1.55224867e+00
0.26225 1.54929897e+00
0.26315 1.54637895e+00
0.26406 1.54349059e+00
0.26498 1.54063488e+00
0.26590 1.53781429e+00
0.26682 1.53502932e+00
0.26774 1.53228243e+00
0.26867 1.52957364e+00
0.26960 1.52690442e+00
0.27053 1.52427625e+00
0.27147 1.52168865e+00
0.27241 1.51914310e+00
0.27335 1.51663910e+00
0.27430 1.51417665e+00
0.27525 1.51175624e+00
0.27620 1.50937739e+00
0.27715 1.50703910e+00
0.27811 1.50474088e+00
0.27908 1.50248124e+00
0.28004 1.50024238e+00
0.28101 1.49765132e+00
0.28198 1.49509389e+00
0.28296 1.49256862e+00
0.28394 1.49007302e+00
0.28492 1.48760513e+00
0.28591 1.48516197e+00
0.28690 1.48274107e+00
0.28789 1.48034046e+00
0.28889 1.47795567e+00
0.28989 1.47558473e+00
0.29089 1.47322319e+00
0.29190 1.47086858e+00
0.29291 1.46851693e+00
0.29392 1.46616380e+00
0.29494 1.46380622e+00
0.29596 1.46143974e+00
0.29699 1.45906039e+00
0.29801 1.45666472e+00
0.29905 1.45424827e+00
0.30008 1.45174674e+00
0.30112 1.44851113e+00
0.30216 1.44523841e+00
0.30321 1.44192316e+00
0.30426 1.43856190e+00
0.30531 1.43515117e+00
0.30637 1.43168554e+00
0.30743 1.42816252e+00
0.30849 1.42457817e+00
0.30956 1.42092901e+00
0.31063 1.41721110e+00
0.31171 1.41342294e+00
0.31279 1.40956058e+00
0.31387 1.40562205e+00
0.31496 1.40160535e+00
0.31605 1.39750803e+00
0.31714 1.39332958e+00
0.31824 1.38906803e+00
0.31934 1.38472287e+00
0.32044 1.37985931e+00
0.32155 1.37425375e+00
0.32267 1.36855024e+00
0.32378 1.36274978e+00
0.32490 1.35685335e+00
0.32603 1.35086343e+00
0.32716 1.34478151e+00
0.32829 1.33861054e+00
0.32943 1.33235301e+00
0.33057 1.32601336e+00
0.33171 1.31959506e+00
0.33286 1.31310157e+00
0.33401 1.30653784e+00
0.33517 1.29990881e+00
0.33633 1.29321943e+00
0.33749 1.28647465e+00
0.33866 1.27967991e+00
0.33983 1.27284115e+00
0.34101 1.26514809e+00
0.34219 1.25728487e+00
0.34337 1.24939345e+00
0.34456 1.24148225e+00
0.34576 1.23355719e+00
0.34695 1.22562670e+00
0.34815 1.21769768e+00
0.34936 1.20977758e+00
0.35057 1.20187280e+00
0.35178 1.19399029e+00
0.35300 1.18613746e+00
0.35422 1.17832073e+00
0.35545 1.17054556e+00
0.35668 1.16281837e+00
0.35791 1.15514461e+00
0.35915 1.14753021e+00
0.36039 1.13981390e+00
0.36164 1.13181366e+00
0.36289 1.12389404e+00
0.36415 1.11605902e+00
0.36541 1.10831155e+00
0.36668 1.10065609e+00
0.36795 1.09309412e+00
0.36922 1.08562861e+00
0.37050 1.07826104e+00
0.37178 1.07099241e+00
0.37307 1.06382420e+00
0.37436 1.05675591e+00
0.37565 1.04978754e+00
0.37695 1.04291810e+00
0.37826 1.03614760e+00
0.37957 1.02947355e+00
0.38088 1.02278962e+00
0.38220 1.01614971e+00
0.38352 1.00960131e+00
0.38485 1.00314146e+00
0.38618 9.96765700e-01
0.38752 9.90469583e-01
0.38886 9.84249149e-01
0.39021 9.78098464e-01
0.39156 9.72013569e-01
0.39291 9.65987540e-01
0.39427 9.60015924e-01
0.39564 9.54092291e-01
0.39701 9.48210704e-01
0.39838 9.42365228e-01
0.39976 9.36549432e-01
0.40115 9.30819708e-01
0.40253 9.25118675e-01
0.40393 9.19426545e-01
0.40533 9.13736395e-01
0.40673 9.08042287e-01
0.40814 9.02337791e-01
0.40955 8.96616971e-01
0.41097 8.90874385e-01
0.41239 8.85104099e-01
0.41382 8.79300669e-01
0.41525 8.73459645e-01
0.41669 8.67575585e-01
0.41813 8.61643543e-01
0.41958 8.55660549e-01
0.42103 8.49708225e-01
0.42249 8.43728200e-01
0.42395 8.37681889e-01
0.42542 8.31567809e-01
0.42689 8.25382497e-01
0.42837 8.19125459e-01
0.42985 8.12794220e-01
0.43134 8.06389276e-01
0.43283 7.99909637e-01
0.43433 7.93355304e-01
0.43583 7.86727265e-01
0.43734 7.80025521e-01
0.43886 7.73252545e-01
0.44037 7.66409327e-01
0.44190 7.59497844e-01
0.44343 7.52520571e-01
0.44496 7.45480969e-01
0.44650 7.38380524e-01
0.44805 7.31224181e-01
0.44960 7.24013920e-01
0.45116 7.17019828e-01
0.45272 7.10068277e-01
0.45429 7.03072207e-01
0.45586 6.96034584e-01
0.45744 6.88960851e-01
0.45902 6.81853975e-01
0.46061 6.74719397e-01
0.46220 6.67561571e-01
0.46380 6.60383957e-01
0.46541 6.53191999e-01
0.46702 6.45989652e-01
0.46864 6.38781369e-01
0.47026 6.31571603e-01
0.47189 6.24364804e-01
0.47352 6.17164436e-01
0.47516 6.09975445e-01
0.47680 6.02801789e-01
0.47845 5.95646931e-01
0.48011 5.88514827e-01
0.48177 5.81408940e-01
0.48344 5.74333228e-01
0.48511 5.67291153e-01
0.48679 5.60285189e-01
0.48848 5.53318799e-01
0.49017 5.46394949e-01
0.49186 5.39516609e-01
0.49357 5.32686252e-01
0.49528 5.25905856e-01
0.49699 5.19178389e-01
0.49871 5.12505831e-01
0.50044 5.05997996e-01
0.50217 4.99862151e-01
0.50391 4.93779581e-01
0.50565 4.87751128e-01
0.50740 4.81778423e-01
0.50916 4.75862655e-01
0.51092 4.70005011e-01
0.51269 4.64206528e-01
0.51446 4.58468197e-01
0.51625 4.52790759e-01
0.51803 4.47174957e-01
0.51983 4.41621433e-01
0.52163 4.36130682e-01
0.52343 4.30703150e-01
0.52524 4.25339183e-01
0.52706 4.20038978e-01
0.52889 4.14802783e-01
0.53072 4.09630697e-01
0.53255 4.04522719e-01
0.53440 3.99478900e-01
0.53625 3.94499041e-01
0.53810 3.89583093e-01
0.53997 3.84730759e-01
0.54183 3.79941891e-01
0.54371 3.75216093e-01
0.54559 3.70553069e-01
0.54748 3.65952421e-01
0.54938 3.61413706e-01
0.55128 3.57174710e-01
0.55319 3.53106818e-01
0.55510 3.49091757e-01
0.55702 3.45129131e-01
0.55895 3.41218445e-01
0.56089 3.37359253e-01
0.56283 3.33551013e-01
0.56478 3.29793178e-01
0.56673 3.26085256e-01
0.56869 3.22426652e-01
0.57066 3.18816871e-01
0.57264 3.15255271e-01
0.57462 3.11741357e-01
0.57661 3.08274436e-01
0.57860 3.04853965e-01
0.58061 3.01479349e-01
0.58262 2.98149995e-01
0.58463 2.94865260e-01
0.58666 2.91624550e-01
0.58869 2.88427223e-01
0.59073 2.85272733e-01
0.59277 2.82160439e-01
0.59482 2.79089697e-01
0.59688 2.76059962e-01
0.59895 2.73070593e-01
0.60102 2.70270334e-01
0.60310 2.67659038e-01
0.60519 2.65080489e-01
0.60728 2.62534143e-01
0.60939 2.60019505e-01
0.61150 2.57536130e-01
0.61361 2.55083573e-01
0.61574 2.52661289e-01
0.61787 2.50268834e-01
0.62001 2.47905762e-01
0.62215 2.45571627e-01
0.62431 2.43265937e-01
0.62647 2.40988244e-01
0.62864 2.38738154e-01
0.63081 2.36515171e-01
0.63300 2.34318950e-01
0.63519 2.32148996e-01
0.63739 2.30004913e-01
0.63959 2.27886305e-01
0.64181 2.25792727e-01
0.64403 2.23723833e-01
0.64626 2.21679227e-01
0.64849 2.19658465e-01
0.65074 2.17753701e-01
0.65299 2.16057885e-01
0.65525 2.14380371e-01
0.65752 2.12720913e-01
0.65980 2.11079213e-01
0.66208 2.09454975e-01
0.66437 2.07847952e-01
0.66667 2.06257846e-01
0.66898 2.04684361e-01
0.67130 2.03127298e-01
0.67362 2.01586313e-01
0.67595 2.00061255e-01
0.67829 1.98551780e-01
0.68064 1.97057738e-01
0.68299 1.95578784e-01
0.68536 1.94114768e-01
0.68773 1.92665445e-01
0.69011 1.91230565e-01
0.69250 1.89809932e-01
0.69490 1.88403298e-01
0.69730 1.87010465e-01
0.69972 1.85631235e-01
0.70214 1.84487863e-01
0.70457 1.83384014e-01
0.70701 1.82289811e-01
0.70946 1.81205156e-01
0.71191 1.80129948e-01
0.71438 1.79063941e-01
0.71685 1.78007086e-01
0.71933 1.76959184e-01
0.72182 1.75920186e-01
0.72432 1.74889895e-01
0.72683 1.73868210e-01
0.72934 1.72854984e-01
0.73187 1.71850119e-01
0.73440 1.70853514e-01
0.73694 1.69865021e-01
0.73949 1.68884493e-01
0.74205 1.67911929e-01
0.74462 1.66947131e-01
0.74720 1.65990000e-01
0.74979 1.65040438e-01
0.75238 1.64298389e-01
0.75499 1.63579638e-01
0.75760 1.62866032e-01
0.76022 1.62157471e-01
0.76285 1.61454006e-01
0.76549 1.60755438e-01
0.76814 1.60061767e-01
0.77080 1.59372894e-01
0.77347 1.58688770e-01
0.77615 1.58009345e-01
0.77884 1.57334570e-01
0.78153 1.56664297e-01
0.78424 1.55998575e-01
0.78695 1.55337255e-01
0.78968 1.54680337e-01
0.79241 1.54027724e-01
0.79515 1.53379414e-01
0.79790 1.52735308e-01
0.80067 1.52163078e-01
0.80344 1.51806769e-01
0.80622 1.51452687e-01
0.80901 1.51100781e-01
0.81181 1.50751052e-01
0.81462 1.50403449e-01
0.81744 1.50057925e-01
0.82027 1.49714428e-01
0.82311 1.49373009e-01
0.82596 1.49033619e-01
0.82882 1.48696206e-01
0.83169 1.48360723e-01
0.83457 1.48027219e-01
0.83745 1.47695595e-01
0.84035 1.47365850e-01
0.84326 1.47037985e-01
0.84618 1.46711950e-01
0.84911 1.46387745e-01
0.85205 1.46065371e-01
0.85500 1.45744728e-01
0.85796 1.45425817e-01
0.86093 1.45108686e-01
0.86391 1.44793237e-01
0.86690 1.44479519e-01
0.86990 1.44167434e-01
0.87291 1.43857031e-01
0.87593 1.43548260e-01
0.87897 1.43241121e-01
0.88201 1.42935615e-01
0.88506 1.42631643e-01
0.88813 1.42329253e-01
0.89120 1.42028446e-01
0.89428 1.41729123e-01
0.89738 1.41431383e-01
0.90049 1.41165549e-01
0.90360 1.41064885e-01
0.90673 1.40965061e-01
0.90987 1.40866128e-01
0.91302 1.40767986e-01
0.91618 1.40670685e-01
0.91935 1.40574175e-01
0.92253 1.40478507e-01
0.92573 1.40383679e-01
0.92893 1.40289594e-01
0.93215 1.40196300e-01
0.93537 1.40103846e-01
0.93861 1.40012135e-01
0.94186 1.39921166e-01
0.94512 1.39830988e-01
0.94839 1.39741602e-01
0.95168 1.39652908e-01
0.95497 1.39565006e-01
0.95828 1.39477846e-01
0.96159 1.39391427e-01
0.96492 1.39305751e-01
0.96826 1.39220767e-01
0.97161 1.39136526e-01
0.97498 1.39053026e-01
0.97835 1.38970169e-01
0.98174 1.38888104e-01
0.98514 1.38806682e-01
0.98855 1.38726002e-01
0.99197 1.38646014e-01
0.99540 1.38566670e-01
0.99885 1.38488067e-01
1.00231 1.38398137e-01
1.00578 1.38302815e-01
1.00926 1.38208036e-01
1.01275 1.38113802e-01
1.01626 1.38020162e-01
1.01978 1.37927016e-01
1.02330 1.37834464e-01
1.02685 1.37742456e-01
1.03040 1.37650943e-01
1.03397 1.37560023e-01
1.03755 1.37469598e-01
1.04114 1.37379767e-01
1.04474 1.37290430e-01
1.04836 1.37201637e-01
1.05199 1.37113389e-01
1.05563 1.37025635e-01
1.05928 1.36938425e-01
1.06295 1.36851710e-01
1.06663 1.36765588e-01
1.07032 1.36679912e-01
1.07403 1.36594780e-01
1.07775 1.36510192e-01
1.08148 1.36426099e-01
1.08522 1.36342549e-01
1.08898 1.36259445e-01
1.09275 1.36176935e-01
1.09653 1.36094870e-01
1.10032 1.35998212e-01
1.10413 1.35740144e-01
1.10796 1.35482918e-01
1.11179 1.35226532e-01
1.11564 1.34970938e-01
1.11950 1.34716184e-01
1.12338 1.34462272e-01
1.12726 1.34209151e-01
1.13117 1.33956871e-01
1.13508 1.33705383e-01
1.13901 1.33454735e-01
1.14295 1.33204829e-01
1.14691 1.32955765e-01
1.15088 1.32707541e-01
1.15487 1.32460059e-01
1.15886 1.32213418e-01
1.16287 1.31967520e-01
1.16690 1.31722462e-01
1.17094 1.31478195e-01
1.17499 1.31234671e-01
1.17906 1.30991938e-01
1.18314 1.30750046e-01
1.18724 1.30508847e-01
1.19135 1.30268488e-01
1.19547 1.30028871e-01
1.19961 1.29790046e-01
1.20376 1.29327681e-01
1.20793 1.28843897e-01
1.21211 1.28362191e-01
1.21630 1.27882513e-01
1.22052 1.27404863e-01
1.22474 1.26929290e-01
1.22898 1.26455696e-01
1.23323 1.25984081e-01
1.23750 1.25514494e-01
1.24179 1.25046886e-01
1.24609 1.24581305e-01
1.25040 1.24117654e-01
1.25473 1.23655982e-01
1.25907 1.23196239e-01
1.26343 1.22738474e-01
1.26780 1.22282639e-01
1.27219 1.21828733e-01
1.27659 1.21376756e-01
1.28101 1.20926708e-01
1.28545 1.20478540e-01
1.28990 1.20032301e-01
1.29436 1.19587942e-01
1.29884 1.19145463e-01
1.30334 1.18543058e-01
1.30785 1.17888119e-01
1.31238 1.17236989e-01
1.31692 1.16589669e-01
1.32148 1.15946107e-01
1.32605 1.15306305e-01
1.33064 1.14670263e-01
1.33525 1.14037931e-01
1.33987 1.13409259e-01
1.34451 1.12784297e-01
1.34916 1.12162946e-01
1.35383 1.11545206e-01
1.35852 1.10931127e-01
1.36322 1.10320560e-01
1.36794 1.09713604e-01
1.37268 1.09110160e-01
1.37743 1.08510278e-01
1.38220 1.07913858e-01
1.38698 1.07320901e-01
1.39178 1.06731407e-01
1.39660 1.06145375e-01
1.40144 1.05513884e-01
1.40629 1.04771340e-01
1.41115 1.04034188e-01
1.41604 1.03302427e-01
1.42094 1.02576009e-01
1.42586 1.01854884e-01
1.43080 1.01139003e-01
1.43575 1.00428364e-01
1.44072 9.97228708e-02
1.44571 9.90225217e-02
1.45071 9.83273172e-02
1.45573 9.76371583e-02
1.46077 9.69519955e-02
1.46583 9.62718783e-02
1.47090 9.55966583e-02
1.47599 9.49263849e-02
1.48110 9.42609593e-02
1.48623 9.36004309e-02
1.49137 9.29446513e-02
1.49654 9.22937195e-02
1.50172 9.16130087e-02
1.50692 9.08685848e-02
1.51213 9.01303937e-02
1.51737 8.93983365e-02
1.52262 8.86724627e-02
1.52789 8.79526237e-02
1.53318 8.72387703e-02
1.53849 8.65309517e-02
1.54381 8.58290197e-02
1.54916 8.51329248e-02
1.55452 8.44426669e-02
1.55990 8.37581967e-02
1.56530 8.30794645e-02
1.57072 8.24063716e-02
1.57615 8.17388684e-02
1.58161 8.10769549e-02
1.58709 8.04205817e-02
1.59258 7.97696993e-02
1.59809 7.91242088e-02
1.60362 7.84426076e-02
1.60918 7.77453255e-02
1.61475 7.70544245e-02
1.62034 7.63698059e-02
1.62594 7.56914695e-02
1.63157 7.50192669e-02
1.63722 7.43532477e-02
1.64289 7.36932635e-02
1.64857 7.30393141e-02
1.65428 7.23913503e-02
1.66001 7.17492235e-02
1.66575 7.11130327e-02
1.67152 7.04825800e-02
1.67731 6.98578655e-02
1.68311 6.92388396e-02
1.68894 6.86255024e-02
1.69478 6.80177055e-02
1.70065 6.74106011e-02
1.70654 6.67705519e-02
1.71245 6.61367849e-02
1.71837 6.55092013e-02
1.72432 6.48876527e-02
1.73029 6.42721884e-02
1.73628 6.36627096e-02
1.74229 6.30591668e-02
1.74832 6.24614611e-02
1.75437 6.18695924e-02
1.76045 6.12834619e-02
1.76654 6.07030200e-02
1.77266 6.01281679e-02
1.77879 5.95589549e-02
1.78495 5.89952328e-02
1.79113 5.84370015e-02
1.79733 5.78841620e-02
1.80355 5.73315699e-02
1.80979 5.67805112e-02
1.81606 5.62348939e-02
1.82234 5.56946684e-02
1.82865 5.51597359e-02
1.83498 5.46300468e-02
1.84133 5.41056012e-02
1.84771 5.35863496e-02
1.85410 5.30721436e-02
1.86052 5.25630327e-02
1.86696 5.20589179e-02
1.87342 5.15597497e-02
1.87991 5.10655283e-02
1.88642 5.05761051e-02
1.89295 5.00915296e-02
1.89950 4.96116535e-02
1.90607 4.91050258e-02
1.91267 4.86010890e-02
1.91929 4.81024304e-02
1.92594 4.76090004e-02
1.93260 4.71207347e-02
1.93929 4.66375839e-02
1.94601 4.61594935e-02
1.95274 4.56864042e-02
1.95950 4.52182616e-02
1.96629 4.47550211e-02
1.97309 4.42966234e-02
1.97992 4.38430190e-02
1.98678 4.33941535e-02
1.99365 4.29499824e-02
2.00055 4.25077405e-02
2.00748 4.20394643e-02
2.01443 4.15764266e-02
2.02140 4.11185731e-02
2.02840 4.06658393e-02
2.03542 4.02181660e-02
2.04247 3.97754937e-02
2.04954 3.93377731e-02
2.05663 3.89049447e-02
2.06375 3.84769492e-02
2.07090 3.80537322e-02
2.07806 3.76352442e-02
2.08526 3.72214308e-02
2.09247 3.68122326e-02
2.09972 3.64076052e-02
2.10699 3.60074891e-02
2.11428 3.56118399e-02
2.12160 3.52206030e-02
2.12894 3.48337292e-02
2.13631 3.44511688e-02
2.14371 3.40728725e-02
2.15113 3.36987907e-02
2.15857 3.33288790e-02
2.16605 3.29630878e-02
2.17354 3.26013727e-02
2.18107 3.22436842e-02
2.18862 3.18899777e-02
2.19619 3.15402088e-02
2.20380 3.11930073e-02
2.21143 3.08483829e-02
2.21908 3.05076367e-02
2.22676 3.01707291e-02
2.23447 2.98376107e-02
2.24220 2.95082468e-02
2.24997 2.91825830e-02
2.25775 2.88605797e-02
2.26557 2.85422024e-02
2.27341 2.82273965e-02
2.28128 2.79161324e-02
2.28918 2.76083657e-02
2.29710 2.73040517e-02
2.30505 2.70031559e-02
2.31303 2.67056336e-02
2.32104 2.64114554e-02
2.32908 2.61205716e-02
2.33714 2.58329526e-02
2.34523 2.55485539e-02
2.35335 2.52673458e-02
2.36149 2.49892838e-02
2.36967 2.47143431e-02
2.37787 2.44424743e-02
2.38610 2.41736526e-02
2.39436 2.39078385e-02
2.40265 2.36462835e-02
2.41097 2.33903529e-02
2.41931 2.31372419e-02
2.42769 2.28869109e-02
2.43609 2.26393302e-02
2.44452 2.23944751e-02
2.45298 2.21523111e-02
2.46148 2.19128034e-02
2.47000 2.16759322e-02
2.47855 2.14416581e-02
2.48713 2.12099612e-02
2.49574 2.09808019e-02
2.50438 2.07541605e-02
2.51304 2.05300072e-02
2.52174 2.03083075e-02
2.53047 2.00890416e-02
2.53923 1.98721797e-02
2.54802 1.96576972e-02
2.55684 1.94455643e-02
2.56569 1.92357515e-02
2.57457 1.90282388e-02
2.58349 1.88230016e-02
2.59243 1.86200102e-02
2.60140 1.84223513e-02
2.61041 1.82434897e-02
2.61944 1.80663990e-02
2.62851 1.78910595e-02
2.63761 1.77174562e-02
2.64674 1.75455694e-02
2.65590 1.73753843e-02
2.66510 1.72068761e-02
2.67432 1.70400399e-02
2.68358 1.68748460e-02
2.69287 1.67112894e-02
2.70219 1.65493454e-02
2.71154 1.63889992e-02
2.72093 1.62302310e-02
2.73035 1.60730358e-02
2.73980 1.59173889e-02
2.74928 1.57632755e-02
2.75880 1.56106808e-02
2.76835 1.54595947e-02
2.77793 1.53099927e-02
2.78755 1.51618648e-02
2.79720 1.50151961e-02
2.80688 1.48904511e-02
2.81660 1.47750552e-02
2.82635 1.46605795e-02
2.83613 1.45470139e-02
2.84595 1.44343535e-02
2.85580 1.43225935e-02
2.86569 1.42117189e-02
2.87561 1.41017248e-02
2.88556 1.39926063e-02
2.89555 1.38843584e-02
2.90557 1.37769663e-02
2.91563 1.36704299e-02
2.92572 1.35647345e-02
2.93585 1.34598800e-02
2.94601 1.33558615e-02
2.95621 1.32526641e-02
2.96644 1.31502830e-02
2.97671 1.30487180e-02
2.98702 1.29479544e-02
2.99736 1.28479872e-02
3.00773 1.27627166e-02
3.01814 1.26827636e-02
3.02859 1.26033300e-02
3.03907 1.25244159e-02
3.04960 1.24460112e-02
3.06015 1.23681160e-02
3.07074 1.22907254e-02
3.08137 1.22138345e-02
3.09204 1.21374480e-02
3.10274 1.20615513e-02
3.11348 1.19861493e-02
3.12426 1.19112320e-02
3.13508 1.18367995e-02
3.14593 1.17628518e-02
3.15682 1.16893790e-02
3.16775 1.16163810e-02
3.17871 1.15438579e-02
3.18972 1.14717998e-02
3.20076 1.14002117e-02
3.21184 1.13290786e-02
3.22295 1.12584105e-02
3.23411 1.11881926e-02
3.24531 1.11184297e-02
3.25654 1.10491171e-02
3.26781 1.09802496e-02
3.27912 1.09118273e-02
3.29047 1.08438403e-02
3.30187 1.07762935e-02
3.31330 1.07091821e-02
3.32476 1.06425011e-02
3.33627 1.05762503e-02
3.34782 1.05104201e-02
3.35941 1.04450153e-02
3.37104 1.03800309e-02
3.38271 1.03154621e-02
3.39442 1.02513088e-02
3.40617 1.01875611e-02
3.41796 1.01242289e-02
3.42979 1.00612974e-02
3.44166 9.99877153e-03
3.45358 9.93664635e-03
3.46553 9.87491689e-03
3.47753 9.81358317e-03
3.48957 9.75264024e-03
3.50164 9.69181603e-03
3.51377 9.62965621e-03
3.52593 9.56790203e-03
3.53814 9.50655841e-03
3.55038 9.44562043e-03
3.56267 9.38508312e-03
3.57500 9.32494155e-03
3.58738 9.26519571e-03
3.59980 9.20584065e-03
3.61226 9.14687639e-03
3.62476 9.08830291e-03
3.63731 9.03011032e-03
3.64990 8.97229863e-03
3.66254 8.91486783e-03
3.67521 8.85781297e-03
3.68794 8.80113407e-03
3.70070 8.74482616e-03
3.71351 8.68888925e-03
3.72637 8.63331345e-03
3.73927 8.57810865e-03
3.75221 8.52326001e-03
3.76520 8.46877248e-03
3.77823 8.41464111e-03
3.79131 8.36086095e-03
3.80443 8.30743695e-03
3.81760 8.25435921e-03
3.83082 8.20162775e-03
3.84408 8.14924255e-03
3.85739 8.09719867e-03
3.87074 8.04549611e-03
3.88414 7.99412992e-03
3.89758 7.94310011e-03
3.91107 7.89240172e-03
3.92461 7.84203476e-03
3.93820 7.79199428e-03
3.95183 7.74228028e-03
3.96551 7.69289276e-03
3.97924 7.64382677e-03
3.99301 7.59507737e-03
4.00683 7.54967192e-03
4.02070 7.50763020e-03
4.03462 7.46582097e-03
4.04859 7.42425413e-03
4.06260 7.38292473e-03
4.07667 7.34183277e-03
4.09078 7.30097825e-03
4.10494 7.26035128e-03
4.11915 7.21996175e-03
4.13341 7.17979976e-03
4.14771 7.13986532e-03
4.16207 7.10016337e-03
4.17648 7.06068403e-03
4.19094 7.02143223e-03
4.20545 6.98240303e-03
4.22000 6.94359148e-03
4.23461 6.90500748e-03
4.24927 6.86664113e-03
4.26398 6.82849739e-03
4.27874 6.79056635e-03
4.29355 6.75284801e-03
4.30841 6.71535228e-03
4.32332 6.67806431e-03
4.33829 6.64098904e-03
4.35331 6.60412648e-03
4.36838 6.56747168e-03
4.38350 6.53102464e-03
4.39867 6.49478536e-03
4.41390 6.45875384e-03
4.42918 6.42292513e-03
4.44451 6.38729924e-03
4.45990 6.35187121e-03
4.47533 6.31665095e-03
4.49083 6.28162855e-03
4.50637 6.25089491e-03
4.52197 6.22619620e-03
4.53762 6.20159643e-03
4.55333 6.17710053e-03
4.56909 6.15270357e-03
4.58491 6.12841049e-03
4.60078 6.10421635e-03
4.61670 6.08012113e-03
4.63269 6.05612485e-03
4.64872 6.03222751e-03
4.66481 6.00842415e-03
4.68096 5.98472467e-03
4.69717 5.96111917e-03
4.71343 5.93761261e-03
4.72974 5.91420004e-03
4.74611 5.89088145e-03
4.76254 5.86766180e-03
4.77903 5.84453613e-03
4.79557 5.82150445e-03
4.81217 5.79857171e-03
4.82883 5.77572800e-03
4.84555 5.75297828e-03
4.86232 5.73032255e-03
4.87915 5.70775585e-03
4.89604 5.68528315e-03
4.91299 5.66290443e-03
4.92999 5.64061475e-03
4.94706 5.61841905e-03
4.96418 5.59630745e-03
4.98137 5.57428984e-03
4.99861 5.55236127e-03
5.01591 5.53642311e-03
5.03328 5.52104392e-03
5.05070 5.50571420e-03
5.06818 5.49042405e-03
5.08573 5.47517843e-03
5.10333 5.45998227e-03
5.12100 5.44482568e-03
5.13873 5.42971361e-03
5.15651 5.41465101e-03
5.17436 5.39962799e-03
5.19228 5.38464453e-03
5.21025 5.36971055e-03
5.22828 5.35481613e-03
5.24638 5.33997119e-03
5.26454 5.32516087e-03
5.28277 5.31040001e-03
5.30105 5.29567873e-03
5.31940 5.28100197e-03
5.33782 5.26636479e-03
5.35629 5.25177212e-03
5.37484 5.23721903e-03
5.39344 5.22271045e-03
5.41211 5.20824640e-03
5.43084 5.19381697e-03
5.44965 5.17943207e-03
5.46851 5.16509168e-03
5.48744 5.15079087e-03
5.50643 5.13400188e-03
5.52550 5.11234043e-03
5.54462 5.09076801e-03
5.56381 5.06928959e-03
5.58308 5.04790515e-03
5.60240 5.02660975e-03
5.62179 5.00539844e-03
5.64125 4.98428607e-03
5.66078 4.96325779e-03
5.68038 4.94231805e-03
5.70004 4.92146835e-03
5.71977 4.90070669e-03
5.73957 4.88003210e-03
5.75944 4.85944556e-03
5.77938 4.83894558e-03
5.79938 4.81853267e-03
5.81946 4.79820533e-03
5.83960 4.77796406e-03
5.85982 4.75780837e-03
5.88010 4.73773727e-03
5.90045 4.71775126e-03
5.92088 4.69784933e-03
5.94137 4.67803101e-03
5.96194 4.65829678e-03
5.98258 4.63864565e-03
6.00329 4.61910038e-03
6.02407 4.59975990e-03
6.04492 4.58050005e-03
6.06585 4.56132034e-03
6.08684 4.54222027e-03
6.10791 4.52319985e-03
6.12906 4.50425857e-03
6.15027 4.48539594e-03
6.17156 4.46661146e-03
6.19293 4.44790515e-03
6.21436 4.42927650e-03
6.23588 4.41072501e-03
6.25746 4.39225119e-03
6.27912 4.37385355e-03
6.30086 4.35553258e-03
6.32267 4.33728729e-03
6.34455 4.31911819e-03
6.36652 4.30102427e-03
6.38856 4.28300505e-03
6.41067 4.26506101e-03
6.43286 4.24719118e-03
6.45513 4.22939555e-03
6.47747 4.21167411e-03
6.49990 4.19402540e-03
6.52240 4.18450109e-03
6.54497 4.17502871e-03
6.56763 4.16557168e-03
6.59037 4.15612948e-03
6.61318 4.14670262e-03
6.63607 4.13729059e-03
6.65904 4.12789341e-03
6.68209 4.11851107e-03
6.70522 4.10914406e-03
6.72843 4.09979189e-03
6.75172 4.09045456e-03
6.77510 4.08113208e-03
6.79855 4.07182492e-03
6.82208 4.06253211e-03
6.84570 4.05325464e-03
6.86939 4.04399201e-03
6.89317 4.03474421e-03
6.91704 4.02551176e-03
6.94098 4.01629364e-03
6.96500 4.00709037e-03
6.98911 3.99790243e-03
7.01331 3.99377988e-03
7.03759 3.99378928e-03
7.06195 3.99378730e-03
7.08639 3.99377345e-03
7.11092 3.99374822e-03
7.13554 3.99371161e-03
7.16024 3.99366363e-03
7.18502 3.99360378e-03
7.20990 3.99353255e-03
7.23485 3.99344944e-03
7.25990 3.99335545e-03
7.28503 3.99324960e-03
7.31025 3.99313285e-03
7.33555 3.99300424e-03
7.36094 3.99286425e-03
7.38642 3.99271288e-03
7.41199 3.99255063e-03
7.43765 3.99237651e-03
7.46340 3.99219150e-03
7.48923 3.99199512e-03
7.51516 4.05302858e-03
7.54117 4.15978803e-03
7.56727 4.26930229e-03
7.59347 4.38164208e-03
7.61975 4.49687863e-03
7.64613 4.61508566e-03
7.67260 4.73633836e-03
7.69916 4.86071438e-03
7.72581 4.98829287e-03
7.75255 5.11915693e-03
7.77939 5.25338473e-03
7.80632 5.39106531e-03
7.83334 5.53228275e-03
7.86046 5.67713599e-03
7.88767 5.82570417e-03
7.91497 5.97809119e-03
7.94237 6.13439101e-03
7.96986 6.29469764e-03
7.99745 6.45911989e-03
8.02513 7.13200012e-03
8.05291 7.93360251e-03
8.08079 8.82494732e-03
8.10876 9.81606145e-03
8.13683 1.09180749e-02
8.16500 1.21433593e-02
8.19326 1.35056663e-02
8.22162 1.48397428e-02
8.25008 1.62437354e-02
8.27864 1.77801453e-02
8.30730 1.94614382e-02
8.33605 2.13012470e-02
8.36491 2.33144908e-02
8.39386 2.55174987e-02
8.42292 2.72808073e-02
8.45208 2.89829256e-02
8.48133 3.07910609e-02
8.51069 3.27118219e-02
8.54016 3.47522329e-02
8.56972 3.69197682e-02
8.59938 3.92223772e-02
8.62915 4.10190610e-02
8.65902 4.28838653e-02
8.68899 4.48336137e-02
8.71907 4.68722340e-02
8.74925 4.90038466e-02
8.77954 5.12327751e-02
8.80993 5.33780949e-02
8.84043 5.52170677e-02
8.87103 5.71198525e-02
8.90174 5.90888732e-02
8.93255 6.11265536e-02
8.96347 6.32353671e-02
8.99450 6.54180343e-02
9.02563 6.72945028e-02
9.05688 6.91415881e-02
9.08823 7.10405145e-02
9.11969 7.29929639e-02
9.15126 7.50005685e-02
9.18294 7.70651093e-02
9.21472 7.90219117e-02
9.24662 8.08320949e-02
9.27863 8.26848689e-02
9.31075 8.45813715e-02
9.34298 8.65227403e-02
9.37532 8.85102120e-02
9.40777 9.03999871e-02
9.44034 9.18607377e-02
9.47302 9.33437979e-02
9.50581 9.48494148e-02
9.53871 9.63778853e-02
9.57173 9.79293579e-02
9.60487 9.94284452e-02
9.63811 1.00500734e-01
9.67148 1.01578613e-01
9.70495 1.02661784e-01
9.73855 1.03749853e-01
9.77226 1.04842522e-01
9.80609 1.05829382e-01
9.84003 1.06311435e-01
9.87409 1.06785771e-01
9.90827 1.07252192e-01
9.94257 1.07710204e-01
9.97699 1.08159609e-01
10.01153 1.08422227e-01
10.04618 1.08318891e-01
10.08096 1.08204475e-01
10.11585 1.08078879e-01
10.15087 1.07942005e-01
10.18601 1.07793803e-01
10.22127 1.07423050e-01
10.25665 1.06904738e-01
10.29215 1.06378759e-01
10.32778 1.05845311e-01
10.36353 1.05304343e-01
10.39941 1.04756055e-01
10.43540 1.03931940e-01
10.47153 1.03101048e-01
10.50777 1.02268178e-01
10.54415 1.01433379e-01
10.58065 1.00596798e-01
10.61727 9.96745913e-02
10.65403 9.86592385e-02
10.69091 9.76459633e-02
10.72791 9.66348152e-02
10.76505 9.56259425e-02
10.80231 9.45826905e-02
10.83971 9.29945632e-02
10.87723 9.14260741e-02
10.91488 8.98771739e-02
10.95266 8.83475656e-02
10.99058 8.68371504e-02
11.02862 8.51112089e-02
11.06680 8.33395603e-02
11.10511 8.16008564e-02
11.14355 7.98944543e-02
11.18212 7.82198097e-02
11.22083 7.64049272e-02
11.25967 7.44856205e-02
11.29865 7.26117737e-02
11.33776 7.07823975e-02
11.37701 6.89964035e-02
11.41639 6.71003461e-02
11.45591 6.50468859e-02
11.49556 6.30549127e-02
11.53536 6.11225963e-02
11.57529 5.92482053e-02
11.61536 5.73293933e-02
11.65556 5.53149128e-02
11.69591 5.33701803e-02
11.73640 5.14928708e-02
11.77702 4.96807089e-02
11.81779 4.79968636e-02
11.85870 4.64509017e-02
11.89975 4.49537534e-02
11.94094 4.35039794e-02
11.98227 4.21001599e-02
12.02375 4.07607757e-02
12.06537 3.94773631e-02
12.10714 3.82333308e-02
12.14905 3.70275462e-02
12.19110 3.58589061e-02
12.23330 3.47263321e-02
12.27565 3.36287707e-02
12.31814 3.25651928e-02
12.36078 3.15345944e-02
12.40357 3.05359959e-02
12.44651 2.95684477e-02
12.48959 2.86310198e-02
12.53283 2.78324497e-02
12.57621 2.70889014e-02
12.61974 2.63639773e-02
12.66343 2.56572618e-02
12.70726 2.49683544e-02
12.75125 2.42968494e-02
12.79539 2.36423559e-02
12.83968 2.30044783e-02
12.88413 2.23828406e-02
12.92873 2.17770718e-02
12.97348 2.11867959e-02
13.01839 2.08713866e-02
13.06345 2.09347880e-02
13.10867 2.09970665e-02
13.15405 2.10582222e-02
13.19959 2.11182500e-02
13.24528 2.11771549e-02
13.29113 2.12349270e-02
13.33713 2.12915713e-02
13.38330 2.13470828e-02
13.42963 2.14014565e-02
13.47612 2.14547025e-02
13.52277 2.16752545e-02
13.56958 2.20775076e-02
13.61655 2.24865474e-02
13.66368 2.29024830e-02
13.71098 2.33254180e-02
13.75844 2.37554713e-02
13.80607 2.41927517e-02
13.85386 2.46373680e-02
13.90182 2.50894439e-02
13.94994 2.55490931e-02
13.99823 2.60164344e-02
14.04668 2.64473583e-02
14.09531 2.68831052e-02
14.14410 2.73254163e-02
14.19306 2.77743907e-02
14.24219 2.82301221e-02
14.29149 2.86927146e-02
14.34096 2.91622621e-02
14.39060 2.96388635e-02
14.44042 3.01226228e-02
14.49041 3.06136487e-02
14.54057 3.11385148e-02
14.59090 3.16778944e-02
14.64141 3.22257080e-02
14.69209 3.27820942e-02
14.74295 3.33471767e-02
14.79398 3.39210840e-02
14.84519 3.45039597e-02
14.89658 3.50959322e-02
14.94814 3.56971402e-02
14.99989 3.63077320e-02
15.05181 3.73062859e-02
15.10392 3.83317497e-02
15.15620 3.93840244e-02
15.20866 4.04638273e-02
15.26131 4.15719004e-02
15.31414 4.27090105e-02
15.36715 4.38759588e-02
15.42034 4.50735716e-02
15.47372 4.63027144e-02
15.52729 4.76191213e-02
15.58103 4.90278182e-02
15.63497 5.04792493e-02
15.68909 5.19748740e-02
15.74340 5.35162553e-02
15.79790 5.51051741e-02
15.85258 5.67433617e-02
15.90746 5.84326484e-02
15.96252 6.01750623e-02
16.01778 6.18165147e-02
16.07323 6.31674493e-02
16.12886 6.45497459e-02
16.18470 6.59642452e-02
16.24072 6.74117388e-02
16.29694 6.88930676e-02
16.35335 7.04090725e-02
16.40996 7.19606440e-02
16.46677 7.35485735e-02
16.52377 7.48411869e-02
16.58097 7.56829117e-02
16.63836 7.65302757e-02
16.69596 7.73829821e-02
16.75375 7.82407341e-02
16.81175 7.91033339e-02
16.86994 7.99703856e-02
16.92834 8.08416420e-02
16.98694 8.17166579e-02
17.04574 8.21280227e-02
17.10474 8.24004851e-02
17.16395 8.26664673e-02
17.22337 8.29257221e-02
17.28299 8.31780516e-02
17.34281 8.34233073e-02
17.40285 8.36612420e-02
17.46309 8.38916577e-02
17.52354 8.39756521e-02
17.58420 8.38353152e-02
17.64507 8.36891907e-02
17.70615 8.35372291e-02
17.76744 8.33794799e-02
17.82894 8.32158936e-02
17.89066 8.30465197e-02
17.95259 8.28713583e-02
18.01473 8.26609765e-02
18.07709 8.23519088e-02
18.13967 8.20401204e-02
18.20246 8.17256608e-02
18.26547 8.14085795e-02
18.32870 8.10888764e-02
18.39214 8.07666011e-02
18.45581 8.04418029e-02
18.51969 8.01182909e-02
18.58380 7.98017043e-02
18.64813 7.94840293e-02
18.71268 7.91652167e-02
18.77746 7.88454147e-02
18.84246 7.85244749e-02
18.90768 7.82025953e-02
18.97313 7.78796769e-02
19.03881 7.75640796e-02
19.10472 7.72533795e-02
19.17085 7.69417889e-02
19.23721 7.66293575e-02
19.30380 7.63160356e-02
19.37062 7.60018728e-02
19.43768 7.56868691e-02
19.50496 7.53755259e-02
19.57248 7.51188433e-02
19.64023 7.48614188e-02
19.70822 7.46033017e-02
19.77644 7.43445416e-02
19.84490 7.40850395e-02
19.91359 7.38248943e-02
19.98252 7.35640565e-02
20.05169 7.32625077e-02
20.12110 7.29471577e-02
20.19076 7.26316593e-02
20.26065 7.23159631e-02
20.33078 7.20001184e-02
20.40116 7.16841253e-02
20.47178 7.13679839e-02
20.54264 7.10517435e-02
20.61375 7.07354041e-02
20.68511 7.04189659e-02
20.75671 7.01024781e-02
20.82856 6.97858915e-02
20.90066 6.94693048e-02
20.97301 6.91526192e-02
21.04561 6.88308385e-02
21.11846 6.85060899e-02
21.19157 6.81815391e-02
21.26492 6.78571861e-02
21.33853 6.75329816e-02
21.41240 6.72089749e-02
21.48652 6.68851661e-02
21.56090 6.65616047e-02
21.63553 6.62382905e-02
21.71043 6.59152237e-02
21.78558 6.55923548e-02
21.86099 6.52698321e-02
21.93666 6.49475568e-02
22.01260 6.46214725e-02
22.08880 6.42753048e-02
22.16526 6.39296812e-02
22.24199 6.35846512e-02
22.31898 6.32402148e-02
22.39624 6.28963225e-02
22.47377 6.25530733e-02
22.55156 6.22104177e-02
22.62962 6.18684052e-02
22.70796 6.15269863e-02
22.78656 6.11862599e-02
22.86544 6.08461765e-02
22.94459 6.05067363e-02
23.02402 6.01603707e-02
23.10372 5.97972853e-02
23.18369 5.94352883e-02
23.26394 5.90743300e-02
23.34447 5.87144105e-02
23.42528 5.83555793e-02
23.50637 5.79977869e-02
23.58774 5.76410828e-02
23.66939 5.72855164e-02
23.75133 5.69309888e-02
23.83354 5.65775989e-02
23.91604 5.62253468e-02
23.99883 5.58741829e-02
24.08191 5.54830005e-02
24.16527 5.50929064e-02
24.24892 5.47044447e-02
24.33286 5.43176648e-02
24.41709 5.39325173e-02
24.50161 5.35490517e-02
24.58642 5.31672680e-02
24.67153 5.27871167e-02
24.75693 5.24086472e-02
24.84263 5.20318596e-02
24.92863 5.16567539e-02
25.01492 5.12767509e-02
25.10151 5.08674143e-02
25.18840 5.04604025e-02
25.27559 5.00556663e-02
25.36309 4.96533044e-02
25.45088 4.92532477e-02
25.53898 4.88555011e-02
25.62739 4.84600645e-02
25.71610 4.80669282e-02
25.80512 4.76760921e-02
25.89444 4.72875512e-02
25.98408 4.69013006e-02
26.07403 4.64649353e-02
26.16428 4.60204427e-02
26.25485 4.55791803e-02
26.34574 4.51411331e-02
26.43694 4.47062964e-02
26.52845 4.42746503e-02
26.62028 4.38461799e-02
26.71243 4.34208754e-02
26.80489 4.29987219e-02
26.89768 4.25797046e-02
26.99079 4.21638087e-02
27.08422 4.16885577e-02
27.17798 4.12110263e-02
27.27205 4.07380903e-02
27.36646 4.02697201e-02
27.46119 3.98058761e-02
27.55625 3.93465237e-02
27.65164 3.88916332e-02
27.74736 3.84411650e-02
27.84341 3.79950795e-02
27.93979 3.75533521e-02
28.03650 3.71120253e-02
28.13355 3.66687793e-02
28.23094 3.62301682e-02
28.32867 3.57961576e-02
28.42673 3.53667127e-02
28.52513 3.49417792e-02
28.62387 3.45213323e-02
28.72295 3.41053276e-02
28.82238 3.36937204e-02
28.92215 3.32864811e-02
29.02227 3.28802015e-02
29.12273 3.24666601e-02
29.22354 3.20577538e-02
29.32470 3.16534430e-02
29.42621 3.12536831e-02
29.52807 3.08584345e-02
29.63029 3.04676577e-02
29.73286 3.00813132e-02
29.83578 2.96993613e-02
29.93906 2.93217575e-02
30.04269 2.89615115e-02
30.14669 2.86237086e-02
30.25104 2.82894722e-02
30.35576 2.79587727e-02
30.46084 2.76315853e-02
30.56628 2.73078755e-02
30.67209 2.69876184e-02
30.77826 2.66707844e-02
30.88481 2.63573487e-02
30.99172 2.60472768e-02
31.09900 2.57405390e-02
31.20665 2.54371154e-02
31.31467 2.51369714e-02
31.42307 2.48400775e-02
31.53184 2.45464087e-02
31.64099 2.42559305e-02
31.75052 2.39686232e-02
31.86043 2.36844520e-02
31.97072 2.34033923e-02
32.08139 2.31463388e-02
32.19244 2.28993666e-02
32.30388 2.26548330e-02
32.41570 2.24127234e-02
32.52791 2.21730178e-02
32.64051 2.19356916e-02
32.75349 2.17007299e-02
32.86687 2.14681129e-02
32.98064 2.12378208e-02
33.09481 2.10098388e-02
33.20937 2.07841422e-02
33.32433 2.05607112e-02
33.43968 2.03395358e-02
33.55544 2.01205865e-02
33.67159 1.99038532e-02
33.78815 1.96893064e-02
33.90511 1.94769410e-02
34.02247 1.92701704e-02
34.14024 1.90798770e-02
34.25842 1.88913596e-02
34.37701 1.87045932e-02
34.49601 1.85195731e-02
34.61542 1.83362842e-02
34.73525 1.81547069e-02
34.85549 1.79748362e-02
34.97614 1.77966523e-02
35.09721 1.76201454e-02
35.21871 1.74452956e-02
35.34062 1.72720979e-02
35.46295 1.71005327e-02
35.58571 1.69305850e-02
35.70889 1.67622499e-02
35.83250 1.65955077e-02
35.95654 1.64303434e-02
36.08101 1.62723766e-02
36.20590 1.61188617e-02
36.33123 1.59667270e-02
36.45700 1.58159773e-02
36.58320 1.56665831e-02
36.70983 1.55185491e-02
36.83691 1.53718557e-02
36.96442 1.52264979e-02
37.09238 1.50824559e-02
37.22077 1.49397248e-02
37.34962 1.47982947e-02
37.47890 1.46581506e-02
37.60864 1.45192878e-02
37.73883 1.43816913e-02
37.86946 1.42453513e-02
38.00055 1.41103073e-02
38.13209 1.39881939e-02
38.26409 1.38670995e-02
38.39654 1.37470142e-02
38.52946 1.36279331e-02
38.66283 1.35098463e-02
38.79667 1.33927438e-02
38.93096 1.32766258e-02
39.06573 1.31614773e-02
39.20096 1.30472934e-02
39.33665 1.29340642e-02
39.47282 1.28217897e-02
39.60946 1.27104551e-02
39.74657 1.26000603e-02
39.88416 1.24905906e-02
40.02222 1.23842620e-02
40.16076 1.22903149e-02
40.29978 1.21970653e-02
40.43928 1.21045082e-02
40.57926 1.20126337e-02
40.71973 1.19214419e-02
40.86069 1.18309229e-02
41.00213 1.17410815e-02
41.14406 1.16519030e-02
41.28648 1.15633824e-02
41.42940 1.14755247e-02
41.57281 1.13883199e-02
41.71672 1.13017582e-02
41.86113 1.12158445e-02
42.00603 1.11305689e-02
42.15144 1.10459265e-02
42.29735 1.09619172e-02
42.44377 1.08785263e-02
42.59069 1.07957636e-02
42.73812 1.07136143e-02
42.88606 1.06320784e-02
43.03451 1.05511510e-02
43.18348 1.04708270e-02
43.33297 1.03911016e-02
43.48297 1.03119697e-02
43.63349 1.02334315e-02
43.78453 1.01554770e-02
43.93609 1.00781062e-02
44.08818 1.00013141e-02
44.24079 9.92509588e-03
44.39394 9.84945145e-03
44.54761 9.77436600e-03
44.70182 9.69984941e-03
44.85655 9.62588685e-03
45.01183 9.55306203e-03
45.16764 9.48784517e-03
45.32399 9.42306857e-03
45.48089 9.35872233e-03
45.63832 9.29481635e-03
45.79630 9.23133577e-03
45.95483 9.16828556e-03
46.11391 9.10565581e-03
46.27353 9.04345148e-03
46.43371 8.98166761e-03
46.59445 8.92029927e-03
46.75574 8.85934149e-03
46.91759 8.79879924e-03
47.08000 8.73866261e-03
47.24297 8.67893161e-03
47.40650 8.61960624e-03
47.57060 8.56068155e-03
47.73527 8.50215259e-03
47.90051 8.44401936e-03
48.06633 8.38627692e-03
48.23271 8.32892527e-03
48.39967 8.27195945e-03
48.56721 8.21537948e-03
48.73533 8.15918535e-03
48.90403 8.10336716e-03
49.07332 8.04792987e-03
49.24319 7.99286357e-03
49.41365 7.93816828e-03
49.58470 7.88384893e-03
49.75634 7.82989069e-03
49.92858 7.77630345e-03
50.10141 7.72019836e-03
50.27484 7.66247571e-03
50.44887 7.60517847e-03
50.62350 7.54830664e-03
50.79874 7.49185528e-03
50.97458 7.43581944e-03
51.15104 7.38019912e-03
51.32810 7.32498937e-03
51.50578 7.27018525e-03
51.68407 7.21578676e-03
51.86298 7.16179389e-03
52.04250 7.10820171e-03
52.22265 7.05500031e-03
52.40343 7.00219959e-03
52.58482 6.94978471e-03
52.76685 6.89776061e-03
52.94951 6.84611741e-03
53.13280 6.79486005e-03
53.31672 6.74398359e-03
53.50128 6.69347812e-03
53.68648 6.64335355e-03
53.87232 6.59359503e-03
54.05880 6.54421245e-03
54.24593 6.49519099e-03
54.43371 6.44653063e-03
54.62214 6.39823632e-03
54.81122 6.35029817e-03
55.00095 6.30273103e-03
55.19134 6.25890851e-03
55.38239 6.21539268e-03
55.57410 6.17217365e-03
55.76647 6.12925637e-03
55.95951 6.08663095e-03
56.15322 6.04430232e-03
56.34760 6.00226060e-03
56.54265 5.96051568e-03
56.73838 5.91905272e-03
56.93479 5.87788161e-03
57.13187 5.83699247e-03
57.32964 5.79638033e-03
57.52809 5.75605511e-03
57.72723 5.71600689e-03
57.92705 5.67623075e-03
58.12757 5.63673656e-03
58.32879 5.59750949e-03
58.53070 5.55855449e-03
58.73331 5.51987156e-03
58.93662 5.48145080e-03
59.14063 5.44329716e-03
59.34535 5.40541064e-03
59.55078 5.36778135e-03
59.75692 5.33041423e-03
59.96377 5.29330433e-03
60.17134 5.25675836e-03
60.37963 5.22053392e-03
60.58864 5.18455187e-03
60.79837 5.14881715e-03
61.00883 5.11332976e-03
61.22002 5.07808476e-03
61.43194 5.04307720e-03
61.64459 5.00831203e-03
61.85797 4.97378429e-03
62.07210 4.93949301e-03
62.28697 4.90543620e-03
62.50258 4.87161238e-03
62.71894 4.83802055e-03
62.93605 4.80465875e-03
63.15390 4.77152548e-03
63.37252 4.73861877e-03
63.59189 4.70593763e-03
63.81201 4.67348057e-03
64.03290 4.64124562e-03
64.25456 4.60923178e-03
64.47698 4.57743708e-03
64.70017 4.54586053e-03
64.92414 4.51450064e-03
65.14888 4.48322089e-03
65.37440 4.45208855e-03
65.60070 4.42117089e-03
65.82778 4.39046643e-03
66.05565 4.35997419e-03
66.28430 4.32969268e-03
66.51375 4.29961991e-03
66.74400 4.26975491e-03
66.97504 4.24009618e-03
67.20688 4.21064175e-03
67.43952 4.18139112e-03
67.67297 4.15234281e-03
67.90722 4.12349434e-03
68.14229 4.09484572e-03
68.37817 4.06639497e-03
68.61486 4.03814060e-03
68.85238 4.01008162e-03
69.09072 3.98221655e-03
69.32988 3.95454391e-03
69.56987 3.92706221e-03
69.81069 3.89977095e-03
70.05235 3.87282151e-03
70.29484 3.84660863e-03
70.53817 3.82057235e-03
70.78235 3.79471167e-03
71.02737 3.76902462e-03
71.27323 3.74351070e-03
71.51995 3.71816893e-03
71.76752 3.69299732e-03
72.01595 3.66799587e-03
72.26524 3.64316212e-03
72.51539 3.61849607e-03
72.76641 3.59399621e-03
73.01830 3.56966158e-03
73.27106 3.54549069e-03
73.52469 3.52148253e-03
73.77920 3.49763614e-03
74.03460 3.47395100e-03
74.29087 3.45042466e-03
74.54804 3.42705759e-03
74.80609 3.40384783e-03
75.06504 3.38064895e-03
75.32488 3.35717554e-03
75.58563 3.33386437e-03
75.84727 3.31071397e-03
76.10982 3.28772384e-03
76.37328 3.26489300e-03
76.63766 3.24221946e-03
76.90295 3.21970272e-03
77.16915 3.19734181e-03
77.43628 3.17513524e-03
77.70433 3.15308250e-03
77.97331 3.13118212e-03
78.24322 3.10943311e-03
78.51407 3.08783448e-03
78.78585 3.06638475e-03
79.05857 3.04508391e-03
79.33224 3.02393048e-03
79.60686 3.00292297e-03
79.88242 2.98206139e-03
80.15894 2.96151393e-03
80.43642 2.94123309e-03
80.71486 2.92109076e-03
80.99426 2.90108595e-03
81.27463 2.88121716e-03
81.55596 2.86148392e-03
81.83828 2.84188572e-03
82.12157 2.82242108e-03
82.40584 2.80308902e-03
82.69109 2.78388902e-03
82.97733 2.76482012e-03
83.26457 2.74588082e-03
83.55279 2.72707112e-03
83.84202 2.70839003e-03
84.13225 2.68983607e-03
84.42348 2.67140875e-03
84.71572 2.65310757e-03
85.00897 2.63493104e-03
85.30323 2.61687867e-03
85.59852 2.59894948e-03
85.89482 2.58114247e-03
86.19215 2.56345715e-03
86.49052 2.54589252e-03
86.78991 2.52844810e-03
87.09034 2.51112290e-03
87.39181 2.49391542e-03
87.69432 2.47682568e-03
87.99789 2.45985317e-03
88.30250 2.44299592e-03
88.60816 2.42625393e-03
88.91489 2.40962620e-03
89.22267 2.39311225e-03
89.53153 2.37671108e-03
89.84145 2.36042220e-03
90.15244 2.34424413e-03
90.46451 2.32817686e-03
90.77766 2.31221941e-03
91.09190 2.29637079e-03
91.40722 2.28063049e-03
91.72363 2.26499754e-03
92.04114 2.24947193e-03
92.35975 2.23405218e-03
92.67946 2.21873780e-03
93.00028 2.20352779e-03
93.32221 2.18842215e-03
93.64525 2.17341941e-03
93.96941 2.15851955e-03
94.29469 2.14372110e-03
94.62110 2.12902406e-03
94.94864 2.11442744e-03
95.27731 2.09993074e-03
95.60712 2.08553297e-03
95.93807 2.07123364e-03
96.27017 2.05703225e-03
96.60342 2.04292782e-03
96.93782 2.02891985e-03
97.27338 2.01500785e-03
97.61010 2.00119082e-03
97.94798 1.98746827e-03
98.28704 1.97383921e-03
98.62727 1.96030415e-03
98.96867 1.94686108e-03
99.31126 1.93351003e-03
99.65504 1.92025000e-03
100.00000 1.90708098e-03
