# Wl(um) F_data(Jy) err_F_data(Jy)  F_tot(Jy) F_dust(Jy) F_midp(Jy) F_star(Jy)  F_rim(Jy) F_nu_Am. $\mathrm{Mg}_{2}\mathrm{SiO}_{4}$(Jy) F_nu_Am. $\mathrm{Mg}_{2}\mathrm{SiO}_{4}$(Jy) F_nu_Am. $\mathrm{Mg}_{2}\mathrm{SiO}_{4}$(Jy) F_nu_Forsterite(Jy) F_nu_Forsterite(Jy) F_nu_Am. MgSiO$_3$(Jy) F_nu_Am. MgSiO$_3$(Jy) F_nu_Am. MgSiO$_3$(Jy) F_nu_Enstatite(Jy) F_nu_Enstatite(Jy) F_nu_Am. SiO$_2$(Jy) F_nu_Am. SiO$_2$(Jy) F_nu_Am. SiO$_2$(Jy) F_nu_Ann. SiO$_2$(Jy) F_nu_Ann. SiO$_2$(Jy) 
 5.26558    0.10715    0.00197    0.10736    0.00255    0.00144    0.02241    0.08096    0.00000    0.00000    0.00053    0.00001    0.00003    0.00001    0.00003    0.00030    0.00002    0.00004    0.00000    0.00000    0.00000    0.00033    0.00125 
 5.33197    0.10634    0.00174    0.10695    0.00270    0.00158    0.02198    0.08069    0.00000    0.00000    0.00056    0.00001    0.00003    0.00001    0.00004    0.00033    0.00002    0.00004    0.00000    0.00000    0.00000    0.00035    0.00131 
 5.39837    0.10637    0.00188    0.10642    0.00273    0.00172    0.02156    0.08041    0.00000    0.00000    0.00060    0.00001    0.00003    0.00001    0.00004    0.00036    0.00002    0.00005    0.00000    0.00000    0.00000    0.00034    0.00128 
 5.46476    0.10559    0.00173    0.10598    0.00284    0.00188    0.02116    0.08010    0.00000    0.00000    0.00064    0.00001    0.00003    0.00001    0.00004    0.00039    0.00002    0.00005    0.00000    0.00000    0.00000    0.00035    0.00131 
 5.53116    0.10614    0.00175    0.10555    0.00298    0.00204    0.02077    0.07977    0.00000    0.00000    0.00069    0.00001    0.00003    0.00001    0.00005    0.00041    0.00002    0.00005    0.00000    0.00000    0.00000    0.00036    0.00136 
 5.59755    0.10484    0.00160    0.10511    0.00310    0.00221    0.02038    0.07942    0.00000    0.00000    0.00073    0.00001    0.00003    0.00001    0.00005    0.00042    0.00002    0.00005    0.00000    0.00000    0.00000    0.00037    0.00141 
 5.66395    0.10577    0.00191    0.10467    0.00321    0.00239    0.02001    0.07906    0.00000    0.00000    0.00078    0.00001    0.00004    0.00001    0.00005    0.00042    0.00002    0.00005    0.00000    0.00000    0.00000    0.00039    0.00145 
 5.73034    0.10606    0.00189    0.10423    0.00332    0.00258    0.01964    0.07869    0.00000    0.00000    0.00082    0.00001    0.00004    0.00001    0.00005    0.00043    0.00002    0.00005    0.00000    0.00000    0.00000    0.00040    0.00150 
 5.79674    0.10481    0.00165    0.10379    0.00342    0.00278    0.01929    0.07829    0.00000    0.00000    0.00087    0.00001    0.00004    0.00001    0.00005    0.00043    0.00002    0.00005    0.00000    0.00000    0.00000    0.00041    0.00154 
 5.86314    0.10545    0.00208    0.10336    0.00354    0.00299    0.01894    0.07789    0.00000    0.00000    0.00091    0.00001    0.00004    0.00001    0.00005    0.00044    0.00002    0.00005    0.00000    0.00000    0.00000    0.00043    0.00158 
 5.92953    0.10397    0.00182    0.10298    0.00368    0.00321    0.01861    0.07747    0.00000    0.00000    0.00096    0.00001    0.00004    0.00001    0.00005    0.00044    0.00002    0.00005    0.00000    0.00000    0.00000    0.00045    0.00165 
 5.99593    0.10277    0.00164    0.10262    0.00386    0.00344    0.01828    0.07705    0.00000    0.00000    0.00101    0.00001    0.00004    0.00001    0.00005    0.00045    0.00002    0.00005    0.00000    0.00000    0.00000    0.00048    0.00173 
 6.06232    0.10305    0.00159    0.10226    0.00401    0.00368    0.01796    0.07661    0.00000    0.00000    0.00107    0.00001    0.00004    0.00001    0.00005    0.00046    0.00002    0.00005    0.00000    0.00000    0.00000    0.00049    0.00179 
 6.12872    0.10157    0.00152    0.10191    0.00417    0.00393    0.01765    0.07616    0.00000    0.00000    0.00113    0.00001    0.00004    0.00001    0.00006    0.00048    0.00002    0.00005    0.00000    0.00000    0.00000    0.00051    0.00185 
 6.19511    0.10129    0.00138    0.10156    0.00432    0.00419    0.01735    0.07571    0.00000    0.00000    0.00120    0.00001    0.00004    0.00001    0.00006    0.00049    0.00002    0.00005    0.00000    0.00000    0.00000    0.00053    0.00190 
 6.26151    0.10099    0.00120    0.10120    0.00444    0.00446    0.01705    0.07525    0.00000    0.00000    0.00127    0.00001    0.00004    0.00001    0.00006    0.00050    0.00002    0.00006    0.00000    0.00000    0.00000    0.00054    0.00193 
 6.32790    0.10052    0.00118    0.10084    0.00456    0.00474    0.01676    0.07478    0.00000    0.00000    0.00134    0.00001    0.00004    0.00001    0.00006    0.00052    0.00002    0.00006    0.00000    0.00000    0.00000    0.00055    0.00196 
 6.39430    0.10042    0.00161    0.10054    0.00472    0.00503    0.01648    0.07430    0.00000    0.00000    0.00141    0.00001    0.00004    0.00001    0.00006    0.00053    0.00002    0.00006    0.00000    0.00000    0.00000    0.00057    0.00201 
 6.92546    0.09937    0.00220    0.09896    0.00639    0.00776    0.01446    0.07036    0.00000    0.00000    0.00205    0.00002    0.00005    0.00002    0.00008    0.00069    0.00003    0.00007    0.00000    0.00000    0.00000    0.00078    0.00260 
 6.99186    0.09978    0.00229    0.09886    0.00663    0.00814    0.01423    0.06986    0.00000    0.00000    0.00215    0.00002    0.00005    0.00002    0.00008    0.00071    0.00003    0.00008    0.00000    0.00000    0.00000    0.00080    0.00268 
 7.05826    0.09930    0.00172    0.09880    0.00689    0.00854    0.01401    0.06935    0.00000    0.00000    0.00226    0.00002    0.00006    0.00002    0.00009    0.00075    0.00003    0.00008    0.00000    0.00000    0.00000    0.00083    0.00276 
 7.12465    0.09999    0.00197    0.09877    0.00718    0.00895    0.01379    0.06884    0.00000    0.00000    0.00236    0.00002    0.00006    0.00002    0.00009    0.00079    0.00003    0.00009    0.00000    0.00000    0.00000    0.00087    0.00284 
 7.19105    0.09978    0.00177    0.09879    0.00750    0.00937    0.01358    0.06834    0.00000    0.00000    0.00248    0.00002    0.00006    0.00003    0.00010    0.00084    0.00004    0.00009    0.00000    0.00000    0.00000    0.00091    0.00295 
 7.25744    0.10004    0.00163    0.09884    0.00784    0.00980    0.01337    0.06783    0.00000    0.00000    0.00259    0.00002    0.00007    0.00003    0.00011    0.00088    0.00004    0.00010    0.00000    0.00000    0.00000    0.00095    0.00305 
 7.32384    0.09946    0.00162    0.09894    0.00820    0.01025    0.01317    0.06733    0.00000    0.00000    0.00271    0.00002    0.00007    0.00003    0.00011    0.00093    0.00004    0.00010    0.00000    0.00000    0.00000    0.00100    0.00317 
 7.39023    0.10107    0.00183    0.09908    0.00859    0.01070    0.01297    0.06682    0.00000    0.00000    0.00283    0.00002    0.00007    0.00003    0.00012    0.00099    0.00005    0.00011    0.00000    0.00001    0.00000    0.00105    0.00331 
 7.45663    0.10116    0.00196    0.09927    0.00901    0.01116    0.01278    0.06632    0.00000    0.00000    0.00296    0.00002    0.00008    0.00003    0.00013    0.00104    0.00005    0.00012    0.00000    0.00001    0.00000    0.00111    0.00346 
 7.52302    0.09978    0.00199    0.09959    0.00955    0.01163    0.01259    0.06582    0.00000    0.00000    0.00309    0.00003    0.00008    0.00004    0.00015    0.00120    0.00005    0.00013    0.00000    0.00002    0.00000    0.00117    0.00361 
 7.58942    0.10018    0.00184    0.10024    0.01042    0.01211    0.01240    0.06531    0.00000    0.00000    0.00322    0.00003    0.00009    0.00006    0.00020    0.00160    0.00006    0.00014    0.00000    0.00002    0.00000    0.00124    0.00377 
 7.65582    0.10027    0.00160    0.10111    0.01147    0.01260    0.01222    0.06481    0.00000    0.00000    0.00336    0.00003    0.00009    0.00008    0.00027    0.00212    0.00006    0.00015    0.00000    0.00004    0.00000    0.00132    0.00396 
 7.72221    0.10173    0.00170    0.10223    0.01277    0.01310    0.01204    0.06432    0.00000    0.00000    0.00351    0.00003    0.00009    0.00011    0.00036    0.00278    0.00007    0.00016    0.00000    0.00007    0.00000    0.00142    0.00417 
 7.78861    0.10164    0.00143    0.10369    0.01439    0.01361    0.01187    0.06382    0.00000    0.00000    0.00366    0.00003    0.00010    0.00015    0.00048    0.00363    0.00008    0.00017    0.00000    0.00011    0.00000    0.00154    0.00444 
 7.85500    0.10335    0.00136    0.10557    0.01641    0.01413    0.01170    0.06332    0.00000    0.00000    0.00382    0.00004    0.00011    0.00021    0.00064    0.00468    0.00009    0.00018    0.00000    0.00019    0.00000    0.00169    0.00478 
 7.92140    0.10524    0.00136    0.10795    0.01892    0.01466    0.01153    0.06283    0.00000    0.00000    0.00398    0.00004    0.00011    0.00028    0.00085    0.00596    0.00009    0.00020    0.00000    0.00030    0.00000    0.00189    0.00521 
 7.98779    0.10704    0.00103    0.11075    0.02183    0.01520    0.01137    0.06234    0.00000    0.00000    0.00415    0.00004    0.00012    0.00038    0.00113    0.00747    0.00011    0.00022    0.00000    0.00043    0.00000    0.00211    0.00567 
 8.05419    0.11190    0.00123    0.11347    0.02466    0.01575    0.01121    0.06185    0.00000    0.00000    0.00433    0.00004    0.00013    0.00051    0.00142    0.00891    0.00012    0.00024    0.00000    0.00055    0.00000    0.00232    0.00609 
 8.12058    0.11446    0.00078    0.11641    0.02768    0.01631    0.01106    0.06137    0.00000    0.00000    0.00451    0.00005    0.00013    0.00066    0.00178    0.01041    0.00013    0.00027    0.00000    0.00063    0.00000    0.00256    0.00655 
 8.18698    0.11924    0.00076    0.11978    0.03112    0.01687    0.01090    0.06089    0.00000    0.00000    0.00470    0.00005    0.00014    0.00086    0.00220    0.01199    0.00015    0.00030    0.00000    0.00068    0.00000    0.00289    0.00716 
 8.25338    0.12267    0.00073    0.12293    0.03432    0.01745    0.01075    0.06041    0.00000    0.00000    0.00489    0.00006    0.00015    0.00104    0.00255    0.01314    0.00018    0.00033    0.00000    0.00071    0.00000    0.00333    0.00793 
 8.31977    0.12700    0.00071    0.12608    0.03752    0.01803    0.01061    0.05993    0.00000    0.00000    0.00510    0.00006    0.00016    0.00124    0.00291    0.01418    0.00021    0.00038    0.00000    0.00074    0.00000    0.00380    0.00875 
 8.38617    0.12902    0.00072    0.12793    0.03939    0.01862    0.01046    0.05946    0.00000    0.00000    0.00530    0.00007    0.00017    0.00146    0.00330    0.01519    0.00025    0.00044    0.00000    0.00076    0.00000    0.00370    0.00874 
 8.45256    0.13234    0.00074    0.13020    0.04167    0.01922    0.01032    0.05899    0.00000    0.00000    0.00552    0.00007    0.00019    0.00167    0.00364    0.01604    0.00030    0.00053    0.00000    0.00078    0.00000    0.00395    0.00898 
 8.51896    0.13548    0.00067    0.13352    0.04499    0.01983    0.01018    0.05852    0.00000    0.00000    0.00574    0.00008    0.00020    0.00188    0.00398    0.01682    0.00039    0.00067    0.00000    0.00080    0.00000    0.00460    0.00982 
 8.58535    0.13754    0.00068    0.13702    0.04848    0.02044    0.01005    0.05806    0.00000    0.00000    0.00596    0.00009    0.00022    0.00212    0.00434    0.01756    0.00057    0.00091    0.00000    0.00081    0.00000    0.00525    0.01065 
 8.65175    0.14069    0.00064    0.14086    0.05229    0.02107    0.00991    0.05759    0.00000    0.00000    0.00619    0.00010    0.00024    0.00234    0.00467    0.01820    0.00100    0.00145    0.00000    0.00083    0.00000    0.00584    0.01143 
 8.71814    0.14425    0.00078    0.14550    0.05689    0.02170    0.00978    0.05714    0.00000    0.00000    0.00642    0.00011    0.00026    0.00257    0.00498    0.01878    0.00189    0.00245    0.00000    0.00088    0.00000    0.00637    0.01217 
 8.78454    0.14751    0.00071    0.15005    0.06138    0.02233    0.00965    0.05668    0.00000    0.00000    0.00665    0.00012    0.00029    0.00282    0.00531    0.01932    0.00288    0.00332    0.00000    0.00097    0.00000    0.00683    0.01286 
 8.85094    0.15172    0.00045    0.15444    0.06570    0.02298    0.00953    0.05623    0.00000    0.00000    0.00689    0.00014    0.00032    0.00306    0.00562    0.01983    0.00360    0.00432    0.00000    0.00110    0.00000    0.00728    0.01353 
 8.91733    0.15534    0.00048    0.15691    0.06809    0.02363    0.00941    0.05578    0.00000    0.00000    0.00713    0.00016    0.00037    0.00331    0.00593    0.02031    0.00339    0.00419    0.00000    0.00121    0.00000    0.00782    0.01426 
 8.98373    0.16002    0.00056    0.15850    0.06958    0.02429    0.00929    0.05534    0.00000    0.00000    0.00737    0.00019    0.00042    0.00358    0.00625    0.02075    0.00282    0.00327    0.00000    0.00124    0.00000    0.00852    0.01517 
 9.05012    0.16463    0.00059    0.16266    0.07364    0.02496    0.00917    0.05490    0.00000    0.00000    0.00762    0.00024    0.00051    0.00383    0.00657    0.02121    0.00396    0.00304    0.00000    0.00120    0.00000    0.00919    0.01628 
 9.11652    0.16912    0.00058    0.16810    0.07895    0.02563    0.00905    0.05446    0.00000    0.00000    0.00785    0.00032    0.00063    0.00410    0.00689    0.02165    0.00648    0.00351    0.00000    0.00117    0.00000    0.00914    0.01721 
 9.18291    0.17295    0.00048    0.17237    0.08309    0.02631    0.00894    0.05403    0.00000    0.00000    0.00809    0.00048    0.00085    0.00439    0.00722    0.02204    0.00921    0.00437    0.00000    0.00116    0.00000    0.00788    0.01739 
 9.24931    0.17533    0.00059    0.17576    0.08634    0.02700    0.00883    0.05360    0.00000    0.00000    0.00834    0.00084    0.00125    0.00462    0.00751    0.02242    0.01176    0.00533    0.00000    0.00117    0.00000    0.00633    0.01678 
 9.31570    0.17598    0.00045    0.17670    0.08711    0.02769    0.00872    0.05318    0.00000    0.00000    0.00859    0.00116    0.00162    0.00483    0.00779    0.02276    0.01176    0.00615    0.00000    0.00118    0.00000    0.00527    0.01599 
 9.38210    0.17439    0.00058    0.17450    0.08475    0.02839    0.00861    0.05275    0.00000    0.00000    0.00884    0.00101    0.00163    0.00504    0.00807    0.02307    0.00951    0.00679    0.00000    0.00119    0.00000    0.00448    0.01512 
 9.44850    0.17230    0.00071    0.17195    0.08202    0.02909    0.00850    0.05233    0.00000    0.00000    0.00906    0.00081    0.00144    0.00517    0.00831    0.02336    0.00733    0.00724    0.00000    0.00119    0.00000    0.00388    0.01424 
 9.51489    0.17030    0.00064    0.16878    0.07866    0.02980    0.00840    0.05192    0.00000    0.00000    0.00927    0.00080    0.00129    0.00527    0.00853    0.02362    0.00469    0.00713    0.00000    0.00119    0.00000    0.00344    0.01344 
 9.58129    0.16766    0.00074    0.16664    0.07632    0.03052    0.00830    0.05151    0.00000    0.00000    0.00945    0.00102    0.00134    0.00534    0.00873    0.02384    0.00333    0.00630    0.00000    0.00119    0.00000    0.00309    0.01268 
 9.64768    0.16700    0.00056    0.16660    0.07607    0.03124    0.00820    0.05110    0.00000    0.00000    0.00961    0.00155    0.00156    0.00534    0.00889    0.02405    0.00340    0.00576    0.00000    0.00119    0.00000    0.00278    0.01195 
 9.71408    0.16695    0.00060    0.16752    0.07676    0.03196    0.00810    0.05070    0.00000    0.00000    0.00975    0.00250    0.00189    0.00529    0.00902    0.02424    0.00365    0.00557    0.00000    0.00120    0.00000    0.00249    0.01116 
 9.78047    0.16828    0.00049    0.17038    0.07939    0.03270    0.00800    0.05029    0.00000    0.00000    0.00987    0.00348    0.00229    0.00523    0.00915    0.02439    0.00493    0.00630    0.00000    0.00119    0.00000    0.00223    0.01034 
 9.84687    0.16998    0.00061    0.17206    0.08083    0.03343    0.00791    0.04990    0.00000    0.00000    0.00997    0.00417    0.00267    0.00511    0.00923    0.02455    0.00537    0.00710    0.00000    0.00116    0.00000    0.00199    0.00950 
 9.91326    0.17099    0.00067    0.17182    0.08034    0.03417    0.00781    0.04950    0.00000    0.00000    0.01006    0.00470    0.00306    0.00495    0.00929    0.02469    0.00486    0.00713    0.00000    0.00110    0.00000    0.00179    0.00870 
 9.97966    0.16944    0.00063    0.16996    0.07820    0.03492    0.00772    0.04911    0.00000    0.00000    0.01014    0.00518    0.00355    0.00480    0.00935    0.02481    0.00372    0.00610    0.00000    0.00104    0.00000    0.00161    0.00792 
10.04606    0.16946    0.00074    0.16891    0.07688    0.03567    0.00763    0.04873    0.00000    0.00000    0.01021    0.00570    0.00427    0.00462    0.00938    0.02493    0.00319    0.00494    0.00000    0.00099    0.00000    0.00145    0.00719 
10.11245    0.17022    0.00079    0.17026    0.07795    0.03642    0.00754    0.04835    0.00000    0.00000    0.01027    0.00620    0.00523    0.00445    0.00940    0.02505    0.00388    0.00465    0.00000    0.00095    0.00000    0.00132    0.00656 
10.17885    0.17093    0.00079    0.17232    0.07972    0.03718    0.00746    0.04797    0.00000    0.00000    0.01032    0.00575    0.00566    0.00427    0.00942    0.02515    0.00602    0.00506    0.00000    0.00092    0.00000    0.00120    0.00594 
10.24524    0.17125    0.00080    0.17361    0.08071    0.03794    0.00737    0.04759    0.00000    0.00000    0.01037    0.00433    0.00544    0.00410    0.00943    0.02525    0.00842    0.00599    0.00000    0.00088    0.00000    0.00110    0.00541 
10.31164    0.17155    0.00062    0.17269    0.07947    0.03871    0.00729    0.04722    0.00000    0.00000    0.01041    0.00309    0.00512    0.00392    0.00943    0.02534    0.00916    0.00620    0.00000    0.00084    0.00000    0.00101    0.00494 
10.37803    0.17212    0.00069    0.17406    0.08053    0.03948    0.00720    0.04685    0.00000    0.00000    0.01045    0.00289    0.00525    0.00375    0.00943    0.02542    0.01069    0.00638    0.00000    0.00080    0.00000    0.00094    0.00452 
10.44443    0.17324    0.00050    0.17652    0.08266    0.04025    0.00712    0.04649    0.00000    0.00000    0.01048    0.00349    0.00558    0.00358    0.00941    0.02550    0.01199    0.00680    0.00000    0.00077    0.00000    0.00087    0.00419 
10.51082    0.17286    0.00059    0.17627    0.08207    0.04103    0.00704    0.04612    0.00000    0.00000    0.01050    0.00304    0.00536    0.00342    0.00939    0.02557    0.01218    0.00720    0.00000    0.00073    0.00000    0.00082    0.00387 
10.57722    0.17416    0.00056    0.17411    0.07957    0.04181    0.00696    0.04577    0.00000    0.00000    0.01052    0.00223    0.00484    0.00327    0.00937    0.02563    0.01109    0.00761    0.00000    0.00069    0.00000    0.00076    0.00357 
10.64362    0.17491    0.00053    0.17258    0.07768    0.04259    0.00689    0.04541    0.00000    0.00000    0.01053    0.00233    0.00437    0.00311    0.00933    0.02568    0.00950    0.00816    0.00000    0.00065    0.00000    0.00071    0.00331 
10.71001    0.17466    0.00054    0.17193    0.07667    0.04338    0.00681    0.04506    0.00000    0.00000    0.01054    0.00289    0.00407    0.00295    0.00928    0.02572    0.00813    0.00873    0.00000    0.00062    0.00000    0.00067    0.00308 
10.77641    0.17409    0.00053    0.17202    0.07640    0.04417    0.00674    0.04471    0.00000    0.00000    0.01054    0.00376    0.00419    0.00279    0.00922    0.02575    0.00684    0.00920    0.00000    0.00058    0.00000    0.00063    0.00288 
10.84280    0.17354    0.00048    0.17299    0.07700    0.04496    0.00666    0.04437    0.00000    0.00000    0.01054    0.00494    0.00455    0.00263    0.00913    0.02577    0.00603    0.00955    0.00000    0.00054    0.00000    0.00060    0.00271 
10.90920    0.17299    0.00051    0.17328    0.07690    0.04576    0.00659    0.04403    0.00000    0.00000    0.01054    0.00636    0.00496    0.00247    0.00901    0.02578    0.00510    0.00903    0.00000    0.00051    0.00000    0.00057    0.00256 
10.97559    0.17206    0.00051    0.17301    0.07625    0.04656    0.00652    0.04369    0.00000    0.00000    0.01053    0.00739    0.00526    0.00232    0.00889    0.02577    0.00454    0.00811    0.00000    0.00048    0.00000    0.00054    0.00241 
11.04199    0.17336    0.00060    0.17366    0.07650    0.04736    0.00645    0.04335    0.00000    0.00000    0.01051    0.00807    0.00546    0.00217    0.00873    0.02575    0.00492    0.00762    0.00000    0.00045    0.00000    0.00052    0.00229 
11.10838    0.17361    0.00056    0.17460    0.07704    0.04816    0.00638    0.04302    0.00000    0.00000    0.01050    0.00854    0.00566    0.00203    0.00854    0.02571    0.00546    0.00750    0.00000    0.00043    0.00000    0.00050    0.00218 
11.17478    0.17362    0.00047    0.17466    0.07669    0.04897    0.00631    0.04269    0.00000    0.00000    0.01048    0.00882    0.00588    0.00190    0.00835    0.02564    0.00520    0.00747    0.00000    0.00040    0.00000    0.00048    0.00208 
11.24118    0.17289    0.00065    0.17393    0.07554    0.04977    0.00624    0.04237    0.00000    0.00000    0.01046    0.00887    0.00612    0.00176    0.00809    0.02554    0.00440    0.00743    0.00000    0.00039    0.00000    0.00047    0.00201 
11.30757    0.17118    0.00066    0.17317    0.07437    0.05058    0.00618    0.04205    0.00000    0.00000    0.01043    0.00861    0.00635    0.00163    0.00780    0.02541    0.00403    0.00734    0.00000    0.00038    0.00000    0.00046    0.00194 
11.37397    0.16909    0.00080    0.17263    0.07340    0.05139    0.00611    0.04173    0.00000    0.00000    0.01040    0.00782    0.00652    0.00151    0.00748    0.02525    0.00454    0.00714    0.00000    0.00037    0.00000    0.00045    0.00190 
11.44036    0.16912    0.00064    0.17132    0.07165    0.05221    0.00605    0.04141    0.00000    0.00000    0.01038    0.00618    0.00659    0.00138    0.00708    0.02500    0.00541    0.00695    0.00000    0.00038    0.00000    0.00044    0.00186 
11.50676    0.16790    0.00064    0.16906    0.06895    0.05302    0.00599    0.04110    0.00000    0.00000    0.01034    0.00412    0.00661    0.00125    0.00662    0.02466    0.00596    0.00674    0.00000    0.00039    0.00000    0.00044    0.00183 
11.57315    0.16641    0.00123    0.16670    0.06615    0.05384    0.00593    0.04079    0.00000    0.00000    0.01030    0.00265    0.00660    0.00113    0.00615    0.02426    0.00597    0.00641    0.00000    0.00040    0.00000    0.00044    0.00183 
11.63955    0.16401    0.00094    0.16375    0.06274    0.05465    0.00587    0.04048    0.00000    0.00000    0.01024    0.00192    0.00637    0.00102    0.00562    0.02375    0.00517    0.00596    0.00000    0.00042    0.00000    0.00045    0.00183 
11.70594    0.16183    0.00079    0.16017    0.05871    0.05547    0.00581    0.04018    0.00000    0.00000    0.01017    0.00153    0.00595    0.00092    0.00507    0.02313    0.00369    0.00552    0.00000    0.00045    0.00000    0.00045    0.00184 
11.77234    0.15899    0.00112    0.15702    0.05510    0.05629    0.00575    0.03988    0.00000    0.00000    0.01007    0.00141    0.00559    0.00083    0.00455    0.02241    0.00232    0.00514    0.00000    0.00047    0.00000    0.00046    0.00186 
11.83874    0.15672    0.00108    0.15511    0.05272    0.05711    0.00569    0.03958    0.00000    0.00000    0.00995    0.00160    0.00555    0.00075    0.00407    0.02167    0.00154    0.00473    0.00000    0.00051    0.00000    0.00047    0.00188 
11.90513    0.15489    0.00086    0.15395    0.05109    0.05794    0.00563    0.03929    0.00000    0.00000    0.00983    0.00194    0.00587    0.00068    0.00362    0.02090    0.00111    0.00418    0.00000    0.00054    0.00000    0.00049    0.00193 
11.97153    0.15245    0.00051    0.15187    0.04854    0.05876    0.00557    0.03900    0.00000    0.00000    0.00971    0.00166    0.00563    0.00062    0.00323    0.02009    0.00086    0.00366    0.00000    0.00057    0.00000    0.00051    0.00200 
12.03792    0.15055    0.00056    0.14991    0.04610    0.05958    0.00552    0.03871    0.00000    0.00000    0.00953    0.00111    0.00497    0.00060    0.00300    0.01964    0.00070    0.00330    0.00000    0.00060    0.00000    0.00054    0.00210 
12.10432    0.14904    0.00099    0.14854    0.04424    0.06041    0.00546    0.03842    0.00000    0.00000    0.00929    0.00076    0.00422    0.00059    0.00290    0.01946    0.00059    0.00295    0.00000    0.00063    0.00000    0.00059    0.00226 
12.17071    0.14775    0.00073    0.14745    0.04267    0.06123    0.00541    0.03814    0.00000    0.00000    0.00904    0.00059    0.00359    0.00059    0.00280    0.01922    0.00051    0.00251    0.00000    0.00066    0.00000    0.00066    0.00250 
12.23711    0.14749    0.00073    0.14662    0.04134    0.06206    0.00536    0.03786    0.00000    0.00000    0.00877    0.00048    0.00297    0.00058    0.00270    0.01894    0.00045    0.00208    0.00000    0.00068    0.00000    0.00079    0.00289 
12.30350    0.14661    0.00111    0.14629    0.04052    0.06289    0.00531    0.03758    0.00000    0.00000    0.00848    0.00041    0.00240    0.00058    0.00262    0.01863    0.00041    0.00173    0.00000    0.00069    0.00000    0.00100    0.00358 
12.36990    0.14737    0.00111    0.14682    0.04054    0.06372    0.00525    0.03731    0.00000    0.00000    0.00822    0.00036    0.00194    0.00058    0.00254    0.01829    0.00037    0.00146    0.00000    0.00070    0.00000    0.00136    0.00472 
12.43630    0.14964    0.00098    0.14834    0.04156    0.06454    0.00520    0.03703    0.00000    0.00000    0.00798    0.00032    0.00161    0.00057    0.00246    0.01795    0.00035    0.00126    0.00000    0.00070    0.00000    0.00193    0.00644 
12.50269    0.15077    0.00103    0.15001    0.04272    0.06537    0.00515    0.03676    0.00000    0.00000    0.00774    0.00029    0.00136    0.00057    0.00241    0.01766    0.00032    0.00111    0.00000    0.00070    0.00000    0.00245    0.00810 
12.56909    0.15131    0.00085    0.15121    0.04341    0.06620    0.00510    0.03650    0.00000    0.00000    0.00756    0.00027    0.00118    0.00058    0.00241    0.01767    0.00031    0.00099    0.00000    0.00069    0.00000    0.00268    0.00907 
12.63548    0.15076    0.00137    0.15115    0.04284    0.06703    0.00505    0.03623    0.00000    0.00000    0.00737    0.00025    0.00105    0.00059    0.00242    0.01773    0.00029    0.00091    0.00000    0.00068    0.00000    0.00252    0.00903 
12.70188    0.14901    0.00092    0.15000    0.04117    0.06786    0.00501    0.03597    0.00000    0.00000    0.00723    0.00023    0.00094    0.00060    0.00244    0.01779    0.00028    0.00084    0.00000    0.00066    0.00000    0.00211    0.00805 
12.76827    0.14758    0.00142    0.14847    0.03912    0.06868    0.00496    0.03571    0.00000    0.00000    0.00710    0.00022    0.00085    0.00061    0.00245    0.01787    0.00027    0.00079    0.00000    0.00064    0.00000    0.00167    0.00664 
12.83467    0.14653    0.00139    0.14718    0.03730    0.06951    0.00491    0.03546    0.00000    0.00000    0.00701    0.00021    0.00078    0.00062    0.00247    0.01795    0.00026    0.00074    0.00000    0.00061    0.00000    0.00130    0.00533 
12.90106    0.14499    0.00134    0.14623    0.03582    0.07034    0.00487    0.03520    0.00000    0.00000    0.00700    0.00020    0.00072    0.00064    0.00249    0.01804    0.00026    0.00071    0.00000    0.00058    0.00000    0.00101    0.00417 
12.96680    0.14459    0.00092    0.14578    0.03484    0.07116    0.00482    0.03495    0.00000    0.00000    0.00699    0.00019    0.00068    0.00065    0.00251    0.01813    0.00026    0.00069    0.00000    0.00055    0.00000    0.00082    0.00339 
13.03254    0.14471    0.00141    0.14570    0.03424    0.07198    0.00478    0.03471    0.00000    0.00000    0.00700    0.00018    0.00064    0.00065    0.00251    0.01819    0.00026    0.00068    0.00000    0.00051    0.00000    0.00070    0.00290 
13.09861    0.14431    0.00141    0.14582    0.03383    0.07280    0.00473    0.03446    0.00000    0.00000    0.00701    0.00018    0.00060    0.00066    0.00251    0.01821    0.00027    0.00068    0.00000    0.00047    0.00000    0.00063    0.00259 
13.16502    0.14453    0.00131    0.14613    0.03360    0.07363    0.00469    0.03422    0.00000    0.00000    0.00703    0.00017    0.00057    0.00066    0.00251    0.01823    0.00028    0.00070    0.00000    0.00043    0.00000    0.00059    0.00241 
13.23176    0.14480    0.00172    0.14656    0.03348    0.07446    0.00465    0.03397    0.00000    0.00000    0.00706    0.00017    0.00055    0.00067    0.00251    0.01825    0.00031    0.00075    0.00000    0.00039    0.00000    0.00055    0.00225 
13.29883    0.14471    0.00180    0.14712    0.03350    0.07529    0.00460    0.03373    0.00000    0.00000    0.00711    0.00016    0.00053    0.00067    0.00251    0.01827    0.00038    0.00087    0.00000    0.00036    0.00000    0.00052    0.00211 
14.20235    0.15293    0.00179    0.15444    0.03323    0.08645    0.00408    0.03069    0.00000    0.00000    0.00741    0.00016    0.00044    0.00072    0.00248    0.01793    0.00073    0.00142    0.00000    0.00009    0.00000    0.00038    0.00148 
14.27433    0.15322    0.00187    0.15551    0.03368    0.08733    0.00404    0.03046    0.00000    0.00000    0.00740    0.00016    0.00044    0.00072    0.00247    0.01786    0.00097    0.00173    0.00000    0.00008    0.00000    0.00038    0.00146 
14.34668    0.15581    0.00172    0.15681    0.03435    0.08821    0.00401    0.03024    0.00000    0.00000    0.00739    0.00017    0.00045    0.00072    0.00246    0.01778    0.00130    0.00217    0.00000    0.00008    0.00000    0.00038    0.00145 
14.41940    0.15644    0.00189    0.15805    0.03497    0.08910    0.00397    0.03002    0.00000    0.00000    0.00738    0.00017    0.00046    0.00072    0.00245    0.01770    0.00157    0.00261    0.00000    0.00008    0.00000    0.00038    0.00145 
14.49248    0.15721    0.00153    0.15862    0.03491    0.08999    0.00393    0.02979    0.00000    0.00000    0.00738    0.00018    0.00047    0.00072    0.00245    0.01762    0.00149    0.00271    0.00000    0.00008    0.00000    0.00038    0.00144 
14.56593    0.15747    0.00131    0.15844    0.03409    0.09088    0.00390    0.02957    0.00000    0.00000    0.00739    0.00018    0.00048    0.00073    0.00245    0.01760    0.00111    0.00225    0.00000    0.00008    0.00000    0.00038    0.00144 
14.63976    0.15843    0.00172    0.15832    0.03333    0.09177    0.00386    0.02935    0.00000    0.00000    0.00739    0.00019    0.00049    0.00074    0.00247    0.01759    0.00082    0.00174    0.00000    0.00008    0.00000    0.00038    0.00144 
14.71396    0.15900    0.00187    0.15869    0.03307    0.09267    0.00382    0.02913    0.00000    0.00000    0.00740    0.00020    0.00051    0.00075    0.00248    0.01757    0.00072    0.00151    0.00000    0.00008    0.00000    0.00039    0.00145 
14.78853    0.15876    0.00164    0.15930    0.03302    0.09357    0.00379    0.02892    0.00000    0.00000    0.00741    0.00021    0.00053    0.00076    0.00249    0.01756    0.00069    0.00144    0.00000    0.00008    0.00000    0.00039    0.00145 
15.16709    0.16636    0.00151    0.16521    0.03565    0.09810    0.00361    0.02785    0.00000    0.00000    0.00783    0.00034    0.00077    0.00085    0.00268    0.01801    0.00110    0.00199    0.00000    0.00010    0.00000    0.00042    0.00156 
15.24395    0.16832    0.00155    0.16736    0.03713    0.09902    0.00358    0.02764    0.00000    0.00000    0.00794    0.00039    0.00087    0.00088    0.00276    0.01823    0.00143    0.00250    0.00000    0.00010    0.00000    0.00044    0.00159 
15.32121    0.17125    0.00166    0.16964    0.03873    0.09993    0.00355    0.02743    0.00000    0.00000    0.00807    0.00047    0.00100    0.00091    0.00283    0.01845    0.00177    0.00302    0.00000    0.00011    0.00000    0.00045    0.00165 
15.39885    0.17452    0.00160    0.17192    0.04034    0.10085    0.00351    0.02722    0.00000    0.00000    0.00822    0.00057    0.00116    0.00095    0.00291    0.01867    0.00209    0.00346    0.00000    0.00011    0.00000    0.00048    0.00172 
15.47689    0.17623    0.00228    0.17418    0.04191    0.10177    0.00348    0.02701    0.00000    0.00000    0.00837    0.00067    0.00134    0.00098    0.00299    0.01891    0.00236    0.00384    0.00000    0.00012    0.00000    0.00051    0.00183 
15.55532    0.17616    0.00150    0.17604    0.04308    0.10270    0.00345    0.02681    0.00000    0.00000    0.00852    0.00074    0.00145    0.00103    0.00310    0.01926    0.00232    0.00401    0.00000    0.00013    0.00000    0.00055    0.00197 
15.63415    0.17715    0.00199    0.17712    0.04348    0.10362    0.00342    0.02661    0.00000    0.00000    0.00868    0.00076    0.00150    0.00108    0.00323    0.01968    0.00189    0.00375    0.00000    0.00013    0.00000    0.00061    0.00216 
15.71337    0.17873    0.00198    0.17775    0.04342    0.10455    0.00339    0.02640    0.00000    0.00000    0.00884    0.00078    0.00150    0.00114    0.00337    0.02010    0.00139    0.00304    0.00000    0.00014    0.00000    0.00069    0.00243 
15.79300    0.18045    0.00167    0.17877    0.04374    0.10548    0.00335    0.02620    0.00000    0.00000    0.00900    0.00083    0.00153    0.00120    0.00351    0.02052    0.00105    0.00233    0.00000    0.00014    0.00000    0.00081    0.00282 
15.87303    0.18206    0.00147    0.18064    0.04491    0.10641    0.00332    0.02600    0.00000    0.00000    0.00913    0.00095    0.00163    0.00126    0.00366    0.02095    0.00088    0.00187    0.00000    0.00015    0.00000    0.00100    0.00343 
15.95346    0.18657    0.00173    0.18331    0.04687    0.10734    0.00329    0.02580    0.00000    0.00000    0.00927    0.00113    0.00180    0.00133    0.00381    0.02138    0.00080    0.00162    0.00000    0.00015    0.00000    0.00127    0.00430 
16.03430    0.19128    0.00214    0.18636    0.04923    0.10827    0.00326    0.02560    0.00000    0.00000    0.00940    0.00139    0.00205    0.00140    0.00397    0.02182    0.00081    0.00154    0.00000    0.00016    0.00000    0.00153    0.00517 
16.11555    0.19161    0.00162    0.18889    0.05104    0.10921    0.00323    0.02541    0.00000    0.00000    0.00952    0.00169    0.00235    0.00146    0.00412    0.02227    0.00089    0.00159    0.00000    0.00017    0.00000    0.00157    0.00542 
16.19721    0.19318    0.00168    0.19042    0.05186    0.11015    0.00320    0.02521    0.00000    0.00000    0.00964    0.00197    0.00269    0.00153    0.00429    0.02272    0.00103    0.00175    0.00000    0.00017    0.00000    0.00133    0.00474 
16.27929    0.19179    0.00177    0.19143    0.05216    0.11109    0.00317    0.02501    0.00000    0.00000    0.00975    0.00218    0.00305    0.00160    0.00445    0.02317    0.00117    0.00192    0.00000    0.00018    0.00000    0.00101    0.00368 
16.36178    0.19087    0.00154    0.19240    0.05241    0.11203    0.00314    0.02482    0.00000    0.00000    0.00986    0.00231    0.00338    0.00167    0.00463    0.02362    0.00118    0.00193    0.00000    0.00018    0.00000    0.00078    0.00286 
16.44468    0.19180    0.00137    0.19336    0.05265    0.11297    0.00311    0.02463    0.00000    0.00000    0.00996    0.00234    0.00365    0.00175    0.00481    0.02406    0.00108    0.00179    0.00000    0.00019    0.00000    0.00065    0.00237 
16.52801    0.19191    0.00140    0.19436    0.05293    0.11392    0.00308    0.02444    0.00000    0.00000    0.01007    0.00225    0.00383    0.00182    0.00498    0.02448    0.00100    0.00163    0.00000    0.00020    0.00000    0.00057    0.00209 
16.61175    0.19385    0.00156    0.19535    0.05318    0.11486    0.00305    0.02425    0.00000    0.00000    0.01017    0.00205    0.00387    0.00189    0.00514    0.02487    0.00100    0.00155    0.00000    0.00020    0.00000    0.00053    0.00192 
16.69592    0.19455    0.00173    0.19637    0.05348    0.11581    0.00302    0.02406    0.00000    0.00000    0.01026    0.00176    0.00378    0.00195    0.00530    0.02526    0.00106    0.00157    0.00000    0.00021    0.00000    0.00051    0.00183 
16.78052    0.19388    0.00176    0.19747    0.05384    0.11676    0.00300    0.02387    0.00000    0.00000    0.01035    0.00146    0.00352    0.00202    0.00546    0.02563    0.00123    0.00167    0.00000    0.00022    0.00000    0.00050    0.00178 
16.86554    0.19650    0.00188    0.19872    0.05436    0.11771    0.00297    0.02368    0.00000    0.00000    0.01043    0.00121    0.00315    0.00209    0.00563    0.02600    0.00150    0.00186    0.00000    0.00022    0.00000    0.00049    0.00176 
16.95099    0.19900    0.00203    0.20032    0.05522    0.11866    0.00294    0.02350    0.00000    0.00000    0.01052    0.00104    0.00277    0.00217    0.00581    0.02637    0.00194    0.00213    0.00000    0.00023    0.00000    0.00050    0.00176 
17.03688    0.20059    0.00193    0.20220    0.05636    0.11961    0.00291    0.02332    0.00000    0.00000    0.01059    0.00093    0.00245    0.00223    0.00596    0.02669    0.00254    0.00246    0.00000    0.00024    0.00000    0.00050    0.00176 
17.12320    0.20331    0.00187    0.20437    0.05779    0.12056    0.00288    0.02313    0.00000    0.00000    0.01066    0.00088    0.00224    0.00228    0.00609    0.02697    0.00322    0.00289    0.00000    0.00025    0.00000    0.00051    0.00179 
17.20995    0.20524    0.00221    0.20681    0.05948    0.12152    0.00286    0.02295    0.00000    0.00000    0.01073    0.00088    0.00214    0.00233    0.00622    0.02724    0.00386    0.00343    0.00000    0.00025    0.00000    0.00053    0.00185 
17.29715    0.20756    0.00205    0.20925    0.06117    0.12248    0.00283    0.02277    0.00000    0.00000    0.01079    0.00092    0.00215    0.00238    0.00636    0.02751    0.00437    0.00402    0.00000    0.00026    0.00000    0.00054    0.00188 
17.38479    0.21018    0.00194    0.21153    0.06271    0.12343    0.00280    0.02259    0.00000    0.00000    0.01084    0.00102    0.00227    0.00243    0.00649    0.02777    0.00464    0.00447    0.00000    0.00027    0.00000    0.00057    0.00195 
17.47286    0.21223    0.00190    0.21381    0.06423    0.12439    0.00278    0.02241    0.00000    0.00000    0.01089    0.00116    0.00247    0.00248    0.00663    0.02802    0.00483    0.00488    0.00000    0.00027    0.00000    0.00059    0.00202 
17.56139    0.21562    0.00227    0.21650    0.06616    0.12535    0.00275    0.02223    0.00000    0.00000    0.01094    0.00132    0.00273    0.00251    0.00674    0.02823    0.00518    0.00551    0.00000    0.00028    0.00000    0.00062    0.00211 
17.65036    0.21777    0.00167    0.21956    0.06847    0.12631    0.00273    0.02206    0.00000    0.00000    0.01098    0.00143    0.00293    0.00254    0.00683    0.02842    0.00579    0.00643    0.00000    0.00029    0.00000    0.00064    0.00218 
17.73978    0.21988    0.00158    0.22222    0.07037    0.12727    0.00270    0.02188    0.00000    0.00000    0.01101    0.00146    0.00299    0.00257    0.00692    0.02861    0.00627    0.00728    0.00000    0.00029    0.00000    0.00068    0.00229 
17.82966    0.22333    0.00229    0.22362    0.07101    0.12823    0.00267    0.02171    0.00000    0.00000    0.01104    0.00143    0.00293    0.00259    0.00702    0.02879    0.00630    0.00743    0.00000    0.00030    0.00000    0.00074    0.00245 
17.91998    0.22578    0.00193    0.22502    0.07164    0.12919    0.00265    0.02154    0.00000    0.00000    0.01106    0.00141    0.00285    0.00262    0.00711    0.02896    0.00653    0.00742    0.00000    0.00031    0.00000    0.00078    0.00259 
18.01077    0.22799    0.00148    0.22711    0.07297    0.13016    0.00262    0.02136    0.00000    0.00000    0.01108    0.00144    0.00284    0.00264    0.00720    0.02911    0.00693    0.00777    0.00000    0.00032    0.00000    0.00085    0.00278 
18.10201    0.23035    0.00129    0.22896    0.07405    0.13112    0.00260    0.02119    0.00000    0.00000    0.01109    0.00156    0.00297    0.00264    0.00724    0.02922    0.00706    0.00802    0.00000    0.00032    0.00000    0.00093    0.00299 
18.19372    0.23246    0.00151    0.23049    0.07480    0.13208    0.00257    0.02102    0.00000    0.00000    0.01110    0.00177    0.00320    0.00264    0.00728    0.02932    0.00697    0.00794    0.00000    0.00033    0.00000    0.00101    0.00323 
18.28589    0.23417    0.00236    0.23222    0.07576    0.13305    0.00255    0.02086    0.00000    0.00000    0.01110    0.00204    0.00350    0.00264    0.00732    0.02942    0.00685    0.00772    0.00000    0.00034    0.00000    0.00116    0.00367 
18.37852    0.23602    0.00191    0.23384    0.07661    0.13401    0.00253    0.02069    0.00000    0.00000    0.01109    0.00236    0.00381    0.00264    0.00736    0.02951    0.00657    0.00740    0.00000    0.00035    0.00000    0.00134    0.00416 
18.47163    0.23846    0.00193    0.23581    0.07780    0.13498    0.00250    0.02052    0.00000    0.00000    0.01109    0.00275    0.00418    0.00263    0.00740    0.02959    0.00626    0.00722    0.00000    0.00036    0.00000    0.00156    0.00476 
18.56520    0.24092    0.00227    0.23799    0.07921    0.13595    0.00248    0.02036    0.00000    0.00000    0.01108    0.00321    0.00465    0.00262    0.00741    0.02965    0.00589    0.00721    0.00000    0.00037    0.00000    0.00177    0.00535 
18.65925    0.24454    0.00171    0.23975    0.08018    0.13691    0.00246    0.02019    0.00000    0.00000    0.01107    0.00366    0.00522    0.00260    0.00740    0.02968    0.00528    0.00704    0.00000    0.00038    0.00000    0.00196    0.00589 
18.75377    0.24768    0.00196    0.24139    0.08105    0.13788    0.00243    0.02003    0.00000    0.00000    0.01105    0.00406    0.00583    0.00258    0.00740    0.02971    0.00471    0.00673    0.00000    0.00039    0.00000    0.00217    0.00643 
18.84878    0.25020    0.00193    0.24345    0.08232    0.13885    0.00241    0.01987    0.00000    0.00000    0.01103    0.00437    0.00641    0.00256    0.00739    0.02974    0.00466    0.00653    0.00000    0.00040    0.00000    0.00233    0.00689 
18.94426    0.25341    0.00111    0.24593    0.08402    0.13982    0.00239    0.01971    0.00000    0.00000    0.01101    0.00459    0.00693    0.00254    0.00738    0.02977    0.00526    0.00674    0.00000    0.00041    0.00000    0.00239    0.00701 
19.04022    0.25502    0.00188    0.24858    0.08588    0.14079    0.00236    0.01955    0.00000    0.00000    0.01098    0.00471    0.00732    0.00252    0.00736    0.02978    0.00614    0.00716    0.00000    0.00042    0.00000    0.00246    0.00704 
19.13667    0.25700    0.00214    0.25151    0.08803    0.14175    0.00234    0.01939    0.00000    0.00000    0.01096    0.00474    0.00753    0.00248    0.00732    0.02976    0.00701    0.00763    0.00000    0.00044    0.00000    0.00271    0.00745 
19.23361    0.25955    0.00124    0.25465    0.09037    0.14272    0.00232    0.01923    0.00000    0.00000    0.01093    0.00475    0.00764    0.00245    0.00728    0.02975    0.00760    0.00787    0.00000    0.00045    0.00000    0.00320    0.00845 
19.33104    0.26138    0.00207    0.25695    0.09188    0.14369    0.00230    0.01908    0.00000    0.00000    0.01090    0.00478    0.00773    0.00242    0.00723    0.02974    0.00780    0.00770    0.00000    0.00047    0.00000    0.00367    0.00943 
19.42896    0.26269    0.00174    0.25970    0.09384    0.14466    0.00228    0.01892    0.00000    0.00000    0.01087    0.00482    0.00788    0.00239    0.00719    0.02972    0.00790    0.00752    0.00000    0.00049    0.00000    0.00428    0.01079 
19.52737    0.26407    0.00167    0.26229    0.09564    0.14563    0.00225    0.01877    0.00000    0.00000    0.01084    0.00485    0.00811    0.00236    0.00714    0.02969    0.00795    0.00750    0.00000    0.00052    0.00000    0.00471    0.01198 
19.62629    0.26567    0.00187    0.26458    0.09713    0.14660    0.00223    0.01862    0.00000    0.00000    0.01080    0.00485    0.00837    0.00232    0.00708    0.02965    0.00795    0.00759    0.00000    0.00055    0.00000    0.00503    0.01295 
19.72570    0.26681    0.00264    0.26651    0.09827    0.14757    0.00221    0.01846    0.00000    0.00000    0.01077    0.00479    0.00861    0.00229    0.00701    0.02960    0.00785    0.00774    0.00000    0.00059    0.00000    0.00526    0.01375 
19.82562    0.26658    0.00174    0.26814    0.09910    0.14854    0.00219    0.01831    0.00000    0.00000    0.01074    0.00461    0.00874    0.00225    0.00695    0.02956    0.00760    0.00792    0.00000    0.00063    0.00000    0.00551    0.01459 
19.92604    0.26559    0.00214    0.26898    0.09915    0.14951    0.00217    0.01816    0.00000    0.00000    0.01071    0.00425    0.00864    0.00222    0.00688    0.02951    0.00713    0.00810    0.00000    0.00068    0.00000    0.00569    0.01534 
20.02697    0.26437    0.00207    0.26893    0.09829    0.15048    0.00215    0.01801    0.00000    0.00000    0.01068    0.00372    0.00819    0.00218    0.00681    0.02945    0.00646    0.00826    0.00000    0.00073    0.00000    0.00582    0.01597 
20.12841    0.26270    0.00165    0.26852    0.09708    0.15144    0.00213    0.01787    0.00000    0.00000    0.01065    0.00315    0.00751    0.00214    0.00673    0.02939    0.00579    0.00837    0.00000    0.00079    0.00000    0.00595    0.01660 
20.23036    0.26150    0.00241    0.26846    0.09622    0.15241    0.00211    0.01772    0.00000    0.00000    0.01063    0.00264    0.00669    0.00211    0.00666    0.02932    0.00530    0.00848    0.00000    0.00089    0.00000    0.00612    0.01737 
20.33283    0.26119    0.00267    0.26848    0.09543    0.15338    0.00209    0.01757    0.00000    0.00000    0.01061    0.00223    0.00587    0.00207    0.00658    0.02925    0.00496    0.00858    0.00000    0.00105    0.00000    0.00619    0.01803 
20.43582    0.26234    0.00263    0.26808    0.09423    0.15435    0.00207    0.01743    0.00000    0.00000    0.01059    0.00196    0.00516    0.00204    0.00650    0.02918    0.00473    0.00859    0.00000    0.00128    0.00000    0.00601    0.01819 
20.53932    0.26433    0.00216    0.26718    0.09253    0.15532    0.00205    0.01728    0.00000    0.00000    0.01057    0.00178    0.00462    0.00201    0.00642    0.02911    0.00453    0.00830    0.00000    0.00154    0.00000    0.00572    0.01795 
20.64335    0.26613    0.00188    0.26612    0.09066    0.15629    0.00203    0.01714    0.00000    0.00000    0.01056    0.00171    0.00429    0.00197    0.00634    0.02904    0.00433    0.00770    0.00000    0.00174    0.00000    0.00541    0.01756 
20.74791    0.26777    0.00233    0.26529    0.08902    0.15725    0.00201    0.01700    0.00000    0.00000    0.01055    0.00172    0.00416    0.00194    0.00626    0.02896    0.00411    0.00715    0.00000    0.00187    0.00000    0.00514    0.01717 
20.85299    0.26936    0.00232    0.26474    0.08767    0.15822    0.00199    0.01686    0.00000    0.00000    0.01054    0.00181    0.00423    0.00191    0.00618    0.02889    0.00385    0.00682    0.00000    0.00189    0.00000    0.00486    0.01671 
20.95861    0.27000    0.00209    0.26438    0.08650    0.15919    0.00197    0.01672    0.00000    0.00000    0.01053    0.00194    0.00441    0.00187    0.00611    0.02881    0.00355    0.00669    0.00000    0.00184    0.00000    0.00457    0.01618 
21.06476    0.27021    0.00282    0.26407    0.08538    0.16015    0.00195    0.01658    0.00000    0.00000    0.01052    0.00200    0.00452    0.00184    0.00603    0.02873    0.00327    0.00675    0.00000    0.00175    0.00000    0.00430    0.01566 
21.17145    0.26812    0.00242    0.26348    0.08398    0.16112    0.00193    0.01644    0.00000    0.00000    0.01052    0.00198    0.00443    0.00181    0.00595    0.02865    0.00310    0.00700    0.00000    0.00165    0.00000    0.00396    0.01493 
21.27868    0.26597    0.00230    0.26292    0.08261    0.16209    0.00192    0.01631    0.00000    0.00000    0.01052    0.00202    0.00433    0.00179    0.00588    0.02856    0.00310    0.00737    0.00000    0.00154    0.00000    0.00357    0.01393 
21.38645    0.26339    0.00179    0.26251    0.08139    0.16305    0.00190    0.01617    0.00000    0.00000    0.01052    0.00212    0.00433    0.00176    0.00580    0.02848    0.00324    0.00773    0.00000    0.00145    0.00000    0.00318    0.01278 
21.49476    0.26238    0.00290    0.26195    0.08002    0.16402    0.00188    0.01604    0.00000    0.00000    0.01052    0.00219    0.00428    0.00173    0.00572    0.02839    0.00339    0.00794    0.00000    0.00135    0.00000    0.00285    0.01166 
21.60362    0.26144    0.00211    0.26142    0.07867    0.16498    0.00186    0.01590    0.00000    0.00000    0.01052    0.00232    0.00443    0.00170    0.00565    0.02831    0.00340    0.00791    0.00000    0.00127    0.00000    0.00256    0.01060 
21.71304    0.26104    0.00244    0.26092    0.07737    0.16594    0.00184    0.01577    0.00000    0.00000    0.01051    0.00248    0.00470    0.00168    0.00557    0.02822    0.00324    0.00780    0.00000    0.00119    0.00000    0.00231    0.00966 
21.82300    0.26030    0.00207    0.26050    0.07613    0.16690    0.00183    0.01564    0.00000    0.00000    0.01050    0.00262    0.00498    0.00165    0.00550    0.02814    0.00298    0.00774    0.00000    0.00112    0.00000    0.00210    0.00881 
21.93352    0.25863    0.00241    0.26018    0.07500    0.16787    0.00181    0.01551    0.00000    0.00000    0.01048    0.00275    0.00524    0.00162    0.00543    0.02805    0.00276    0.00765    0.00000    0.00106    0.00000    0.00192    0.00805 
22.04460    0.25711    0.00148    0.26015    0.07415    0.16883    0.00179    0.01538    0.00000    0.00000    0.01047    0.00286    0.00547    0.00160    0.00535    0.02796    0.00275    0.00743    0.00000    0.00100    0.00000    0.00179    0.00747 
22.15625    0.25606    0.00208    0.26046    0.07365    0.16979    0.00177    0.01525    0.00000    0.00000    0.01046    0.00299    0.00566    0.00158    0.00529    0.02788    0.00290    0.00715    0.00000    0.00094    0.00000    0.00171    0.00710 
22.26845    0.25550    0.00176    0.26084    0.07322    0.17075    0.00176    0.01512    0.00000    0.00000    0.01046    0.00312    0.00581    0.00155    0.00522    0.02779    0.00303    0.00685    0.00000    0.00090    0.00000    0.00165    0.00684 
22.38123    0.25640    0.00130    0.26108    0.07264    0.17171    0.00174    0.01499    0.00000    0.00000    0.01045    0.00328    0.00596    0.00153    0.00515    0.02771    0.00301    0.00647    0.00000    0.00086    0.00000    0.00160    0.00662 
22.49457    0.25696    0.00225    0.26071    0.07146    0.17267    0.00172    0.01487    0.00000    0.00000    0.01044    0.00349    0.00617    0.00151    0.00509    0.02762    0.00273    0.00589    0.00000    0.00082    0.00000    0.00149    0.00620 
22.60849    0.25770    0.00279    0.25977    0.06970    0.17362    0.00171    0.01474    0.00000    0.00000    0.01043    0.00374    0.00646    0.00149    0.00502    0.02754    0.00221    0.00503    0.00000    0.00079    0.00000    0.00135    0.00565 
22.72298    0.25873    0.00251    0.25914    0.06825    0.17458    0.00169    0.01462    0.00000    0.00000    0.01041    0.00400    0.00680    0.00147    0.00496    0.02745    0.00180    0.00419    0.00000    0.00076    0.00000    0.00124    0.00518 
22.83806    0.26037    0.00221    0.25932    0.06761    0.17553    0.00168    0.01449    0.00000    0.00000    0.01039    0.00426    0.00715    0.00145    0.00489    0.02736    0.00170    0.00377    0.00000    0.00072    0.00000    0.00115    0.00477 
22.95371    0.26169    0.00231    0.26018    0.06767    0.17649    0.00166    0.01437    0.00000    0.00000    0.01037    0.00452    0.00749    0.00143    0.00483    0.02728    0.00180    0.00377    0.00000    0.00069    0.00000    0.00107    0.00443 
23.06995    0.26286    0.00355    0.26110    0.06777    0.17744    0.00164    0.01425    0.00000    0.00000    0.01035    0.00478    0.00781    0.00141    0.00477    0.02719    0.00185    0.00383    0.00000    0.00065    0.00000    0.00100    0.00412 
23.18678    0.26389    0.00206    0.26148    0.06733    0.17840    0.00163    0.01413    0.00000    0.00000    0.01033    0.00505    0.00813    0.00139    0.00471    0.02711    0.00168    0.00358    0.00000    0.00061    0.00000    0.00093    0.00381 
23.30420    0.26438    0.00238    0.26165    0.06668    0.17935    0.00161    0.01401    0.00000    0.00000    0.01031    0.00529    0.00844    0.00137    0.00466    0.02703    0.00144    0.00314    0.00000    0.00057    0.00000    0.00087    0.00356 
23.42221    0.26512    0.00292    0.26213    0.06634    0.18030    0.00160    0.01389    0.00000    0.00000    0.01028    0.00551    0.00873    0.00135    0.00460    0.02695    0.00133    0.00288    0.00000    0.00053    0.00000    0.00082    0.00336 
23.54082    0.26571    0.00318    0.26306    0.06646    0.18125    0.00158    0.01377    0.00000    0.00000    0.01026    0.00565    0.00896    0.00134    0.00455    0.02687    0.00139    0.00291    0.00000    0.00048    0.00000    0.00080    0.00325 
23.66003    0.26664    0.00252    0.26397    0.06655    0.18220    0.00157    0.01365    0.00000    0.00000    0.01024    0.00573    0.00913    0.00132    0.00449    0.02678    0.00152    0.00310    0.00000    0.00044    0.00000    0.00075    0.00304 
23.77984    0.26653    0.00333    0.26534    0.06711    0.18315    0.00155    0.01354    0.00000    0.00000    0.01021    0.00574    0.00922    0.00130    0.00444    0.02670    0.00169    0.00338    0.00000    0.00040    0.00000    0.00080    0.00322 
23.90025    0.26609    0.00305    0.26592    0.06687    0.18409    0.00154    0.01342    0.00000    0.00000    0.01019    0.00566    0.00925    0.00128    0.00438    0.02662    0.00184    0.00366    0.00000    0.00037    0.00000    0.00072    0.00291 
24.02128    0.26444    0.00344    0.26657    0.06670    0.18504    0.00152    0.01331    0.00000    0.00000    0.01016    0.00548    0.00923    0.00127    0.00433    0.02654    0.00194    0.00390    0.00000    0.00033    0.00000    0.00070    0.00283 
24.14292    0.26261    0.00392    0.26684    0.06616    0.18598    0.00151    0.01319    0.00000    0.00000    0.01013    0.00520    0.00915    0.00125    0.00427    0.02646    0.00204    0.00412    0.00000    0.00030    0.00000    0.00064    0.00259 
24.26517    0.26228    0.00323    0.26728    0.06577    0.18693    0.00149    0.01308    0.00000    0.00000    0.01010    0.00485    0.00898    0.00124    0.00422    0.02638    0.00219    0.00440    0.00000    0.00027    0.00000    0.00063    0.00252 
24.38804    0.26380    0.00402    0.26761    0.06529    0.18787    0.00148    0.01297    0.00000    0.00000    0.01007    0.00444    0.00869    0.00122    0.00417    0.02630    0.00239    0.00473    0.00000    0.00024    0.00000    0.00061    0.00243 
24.51154    0.26595    0.00359    0.26778    0.06465    0.18881    0.00146    0.01286    0.00000    0.00000    0.01004    0.00403    0.00829    0.00120    0.00412    0.02622    0.00255    0.00500    0.00000    0.00022    0.00000    0.00060    0.00238 
24.63565    0.26660    0.00365    0.26764    0.06369    0.18975    0.00145    0.01275    0.00000    0.00000    0.01001    0.00371    0.00790    0.00119    0.00407    0.02614    0.00258    0.00510    0.00000    0.00020    0.00000    0.00057    0.00224 
