# Wl(um) F_data(Jy) err_F_data(Jy)  F_tot(Jy) F_dust(Jy) F_midp(Jy) F_star(Jy)  F_rim(Jy) F_nu_Am. $\mathrm{Mg}_{2}\mathrm{SiO}_{4}$(Jy) F_nu_Am. $\mathrm{Mg}_{2}\mathrm{SiO}_{4}$(Jy) F_nu_Am. $\mathrm{Mg}_{2}\mathrm{SiO}_{4}$(Jy) F_nu_Forsterite(Jy) F_nu_Forsterite(Jy) F_nu_Am. MgSiO$_3$(Jy) F_nu_Am. MgSiO$_3$(Jy) F_nu_Am. MgSiO$_3$(Jy) F_nu_Enstatite(Jy) F_nu_Enstatite(Jy) F_nu_Am. SiO$_2$(Jy) F_nu_Am. SiO$_2$(Jy) F_nu_Am. SiO$_2$(Jy) F_nu_Ann. SiO$_2$(Jy) F_nu_Ann. SiO$_2$(Jy) 
 5.26558    0.10715    0.00197    0.10722    0.00291    0.00322    0.02241    0.07868    0.00000    0.00000    0.00039    0.00000    0.00001    0.00000    0.00004    0.00029    0.00008    0.00054    0.00000    0.00000    0.00000    0.00037    0.00118 
 5.33197    0.10634    0.00174    0.10667    0.00305    0.00346    0.02198    0.07817    0.00000    0.00000    0.00042    0.00000    0.00001    0.00000    0.00005    0.00032    0.00008    0.00055    0.00000    0.00000    0.00000    0.00039    0.00124 
 5.39837    0.10637    0.00188    0.10602    0.00309    0.00371    0.02156    0.07765    0.00000    0.00000    0.00045    0.00000    0.00001    0.00000    0.00005    0.00035    0.00009    0.00057    0.00000    0.00000    0.00000    0.00038    0.00120 
 5.46476    0.10559    0.00173    0.10546    0.00321    0.00397    0.02116    0.07712    0.00000    0.00000    0.00048    0.00000    0.00001    0.00000    0.00005    0.00038    0.00009    0.00059    0.00000    0.00000    0.00000    0.00038    0.00123 
 5.53116    0.10614    0.00175    0.10493    0.00334    0.00425    0.02077    0.07658    0.00000    0.00000    0.00051    0.00000    0.00001    0.00000    0.00006    0.00040    0.00009    0.00060    0.00000    0.00000    0.00000    0.00040    0.00127 
 5.59755    0.10484    0.00160    0.10441    0.00347    0.00453    0.02038    0.07603    0.00000    0.00000    0.00054    0.00000    0.00001    0.00000    0.00006    0.00040    0.00010    0.00062    0.00000    0.00000    0.00000    0.00042    0.00132 
 5.66395    0.10577    0.00191    0.10389    0.00359    0.00483    0.02001    0.07547    0.00000    0.00000    0.00058    0.00000    0.00001    0.00000    0.00006    0.00041    0.00010    0.00064    0.00000    0.00000    0.00000    0.00043    0.00136 
 5.73034    0.10606    0.00189    0.10338    0.00370    0.00513    0.01964    0.07490    0.00000    0.00000    0.00061    0.00000    0.00001    0.00000    0.00006    0.00041    0.00010    0.00066    0.00000    0.00000    0.00000    0.00045    0.00140 
 5.79674    0.10481    0.00165    0.10288    0.00381    0.00545    0.01929    0.07433    0.00000    0.00000    0.00064    0.00000    0.00001    0.00000    0.00006    0.00042    0.00011    0.00068    0.00000    0.00000    0.00000    0.00046    0.00144 
 5.86314    0.10545    0.00208    0.10241    0.00394    0.00577    0.01894    0.07376    0.00000    0.00000    0.00068    0.00000    0.00001    0.00000    0.00006    0.00042    0.00011    0.00070    0.00000    0.00000    0.00000    0.00047    0.00148 
 5.92953    0.10397    0.00182    0.10199    0.00409    0.00611    0.01861    0.07318    0.00000    0.00000    0.00071    0.00000    0.00001    0.00000    0.00006    0.00043    0.00011    0.00072    0.00000    0.00000    0.00000    0.00050    0.00154 
 5.99593    0.10277    0.00164    0.10161    0.00427    0.00646    0.01828    0.07260    0.00000    0.00000    0.00075    0.00000    0.00001    0.00000    0.00006    0.00043    0.00012    0.00074    0.00000    0.00000    0.00000    0.00053    0.00162 
 6.06232    0.10305    0.00159    0.10122    0.00443    0.00682    0.01796    0.07201    0.00000    0.00000    0.00079    0.00000    0.00001    0.00000    0.00007    0.00045    0.00012    0.00076    0.00000    0.00000    0.00000    0.00055    0.00167 
 6.12872    0.10157    0.00152    0.10086    0.00460    0.00719    0.01765    0.07143    0.00000    0.00000    0.00084    0.00000    0.00001    0.00000    0.00007    0.00046    0.00012    0.00078    0.00000    0.00000    0.00000    0.00057    0.00173 
 6.19511    0.10129    0.00138    0.10050    0.00475    0.00757    0.01735    0.07084    0.00000    0.00000    0.00089    0.00000    0.00001    0.00000    0.00007    0.00048    0.00013    0.00080    0.00000    0.00000    0.00000    0.00059    0.00178 
 6.26151    0.10099    0.00120    0.10014    0.00487    0.00796    0.01705    0.07025    0.00000    0.00000    0.00094    0.00000    0.00001    0.00000    0.00007    0.00049    0.00013    0.00081    0.00000    0.00000    0.00000    0.00060    0.00181 
 6.32790    0.10052    0.00118    0.09978    0.00500    0.00836    0.01676    0.06966    0.00000    0.00000    0.00099    0.00000    0.00002    0.00000    0.00007    0.00050    0.00013    0.00083    0.00000    0.00000    0.00000    0.00061    0.00184 
 6.39430    0.10042    0.00161    0.09949    0.00516    0.00878    0.01648    0.06907    0.00000    0.00000    0.00105    0.00000    0.00002    0.00000    0.00008    0.00051    0.00014    0.00084    0.00000    0.00000    0.00000    0.00063    0.00189 
 6.92546    0.09937    0.00220    0.09811    0.00681    0.01243    0.01446    0.06441    0.00000    0.00000    0.00154    0.00000    0.00002    0.00000    0.00010    0.00067    0.00016    0.00095    0.00000    0.00000    0.00000    0.00087    0.00247 
 6.99186    0.09978    0.00229    0.09803    0.00704    0.01293    0.01423    0.06384    0.00000    0.00000    0.00162    0.00000    0.00003    0.00001    0.00010    0.00070    0.00016    0.00096    0.00000    0.00000    0.00000    0.00091    0.00255 
 7.05826    0.09930    0.00172    0.09800    0.00729    0.01343    0.01401    0.06327    0.00000    0.00000    0.00170    0.00000    0.00003    0.00001    0.00011    0.00074    0.00017    0.00097    0.00000    0.00000    0.00000    0.00094    0.00263 
 7.12465    0.09999    0.00197    0.09802    0.00757    0.01395    0.01379    0.06271    0.00000    0.00000    0.00178    0.00000    0.00003    0.00001    0.00012    0.00078    0.00017    0.00098    0.00000    0.00000    0.00000    0.00098    0.00271 
 7.19105    0.09978    0.00177    0.09808    0.00788    0.01448    0.01358    0.06215    0.00000    0.00000    0.00187    0.00000    0.00003    0.00001    0.00012    0.00083    0.00018    0.00100    0.00000    0.00000    0.00000    0.00103    0.00282 
 7.25744    0.10004    0.00163    0.09818    0.00820    0.01501    0.01337    0.06159    0.00000    0.00000    0.00196    0.00000    0.00003    0.00001    0.00013    0.00087    0.00018    0.00101    0.00000    0.00000    0.00000    0.00108    0.00292 
 7.32384    0.09946    0.00162    0.09831    0.00856    0.01555    0.01317    0.06104    0.00000    0.00000    0.00206    0.00000    0.00003    0.00001    0.00014    0.00093    0.00018    0.00103    0.00000    0.00000    0.00000    0.00113    0.00304 
 7.39023    0.10107    0.00183    0.09851    0.00895    0.01610    0.01297    0.06049    0.00000    0.00000    0.00215    0.00000    0.00004    0.00001    0.00015    0.00098    0.00019    0.00105    0.00000    0.00000    0.00000    0.00120    0.00318 
 7.45663    0.10116    0.00196    0.09875    0.00937    0.01666    0.01278    0.05994    0.00000    0.00000    0.00225    0.00000    0.00004    0.00001    0.00016    0.00104    0.00020    0.00108    0.00000    0.00000    0.00000    0.00127    0.00333 
 7.52302    0.09978    0.00199    0.09913    0.00991    0.01723    0.01259    0.05940    0.00000    0.00000    0.00236    0.00000    0.00004    0.00001    0.00018    0.00119    0.00021    0.00111    0.00000    0.00000    0.00000    0.00134    0.00348 
 7.58942    0.10018    0.00184    0.09986    0.01079    0.01780    0.01240    0.05886    0.00000    0.00000    0.00246    0.00000    0.00004    0.00001    0.00025    0.00159    0.00022    0.00115    0.00000    0.00000    0.00000    0.00142    0.00364 
 7.65582    0.10027    0.00160    0.10077    0.01183    0.01838    0.01222    0.05833    0.00000    0.00000    0.00257    0.00001    0.00004    0.00002    0.00033    0.00211    0.00022    0.00118    0.00001    0.00000    0.00000    0.00151    0.00383 
 7.72221    0.10173    0.00170    0.10193    0.01311    0.01897    0.01204    0.05780    0.00000    0.00000    0.00269    0.00001    0.00005    0.00003    0.00045    0.00278    0.00023    0.00120    0.00001    0.00000    0.00000    0.00163    0.00404 
 7.78861    0.10164    0.00143    0.10342    0.01470    0.01957    0.01187    0.05728    0.00000    0.00000    0.00281    0.00001    0.00005    0.00004    0.00060    0.00364    0.00024    0.00122    0.00002    0.00000    0.00000    0.00177    0.00431 
 7.85500    0.10335    0.00136    0.10528    0.01665    0.02017    0.01170    0.05676    0.00000    0.00000    0.00294    0.00001    0.00005    0.00005    0.00081    0.00470    0.00024    0.00122    0.00004    0.00000    0.00000    0.00195    0.00465 
 7.92140    0.10524    0.00136    0.10763    0.01907    0.02078    0.01153    0.05625    0.00000    0.00000    0.00307    0.00001    0.00005    0.00007    0.00108    0.00599    0.00024    0.00123    0.00009    0.00000    0.00000    0.00218    0.00507 
 7.98779    0.10704    0.00103    0.11042    0.02192    0.02140    0.01137    0.05574    0.00000    0.00000    0.00320    0.00001    0.00006    0.00010    0.00143    0.00753    0.00025    0.00124    0.00014    0.00000    0.00000    0.00244    0.00552 
 8.05419    0.11190    0.00123    0.11326    0.02480    0.02202    0.01121    0.05523    0.00000    0.00000    0.00334    0.00001    0.00006    0.00013    0.00181    0.00898    0.00028    0.00137    0.00019    0.00000    0.00000    0.00268    0.00595 
 8.12058    0.11446    0.00078    0.11620    0.02777    0.02265    0.01106    0.05473    0.00000    0.00000    0.00349    0.00001    0.00006    0.00017    0.00226    0.01051    0.00029    0.00141    0.00020    0.00000    0.00000    0.00297    0.00641 
 8.18698    0.11924    0.00076    0.11966    0.03124    0.02329    0.01090    0.05424    0.00000    0.00000    0.00364    0.00001    0.00007    0.00022    0.00280    0.01213    0.00031    0.00148    0.00020    0.00000    0.00000    0.00336    0.00701 
 8.25338    0.12267    0.00073    0.12290    0.03447    0.02393    0.01075    0.05374    0.00000    0.00000    0.00380    0.00001    0.00007    0.00026    0.00325    0.01332    0.00033    0.00156    0.00021    0.00000    0.00000    0.00388    0.00778 
 8.31977    0.12700    0.00071    0.12613    0.03769    0.02458    0.01061    0.05326    0.00000    0.00000    0.00396    0.00001    0.00008    0.00031    0.00371    0.01439    0.00035    0.00162    0.00023    0.00000    0.00000    0.00443    0.00860 
 8.38617    0.12902    0.00072    0.12797    0.03950    0.02523    0.01046    0.05278    0.00000    0.00000    0.00413    0.00001    0.00008    0.00037    0.00421    0.01544    0.00038    0.00171    0.00024    0.00000    0.00000    0.00432    0.00860 
 8.45256    0.13234    0.00074    0.13012    0.04161    0.02589    0.01032    0.05230    0.00000    0.00000    0.00430    0.00001    0.00009    0.00043    0.00466    0.01633    0.00038    0.00169    0.00026    0.00000    0.00000    0.00462    0.00885 
 8.51896    0.13548    0.00067    0.13356    0.04499    0.02655    0.01018    0.05183    0.00000    0.00000    0.00448    0.00001    0.00010    0.00048    0.00510    0.01715    0.00044    0.00188    0.00028    0.00000    0.00000    0.00538    0.00970 
 8.58535    0.13754    0.00068    0.13693    0.04830    0.02722    0.01005    0.05136    0.00000    0.00000    0.00466    0.00001    0.00011    0.00054    0.00557    0.01792    0.00048    0.00201    0.00030    0.00000    0.00000    0.00615    0.01053 
 8.65175    0.14069    0.00064    0.14041    0.05170    0.02790    0.00991    0.05090    0.00000    0.00000    0.00485    0.00002    0.00012    0.00060    0.00599    0.01860    0.00062    0.00241    0.00034    0.00000    0.00000    0.00685    0.01131 
 8.71814    0.14425    0.00078    0.14484    0.05604    0.02858    0.00978    0.05045    0.00000    0.00000    0.00503    0.00002    0.00013    0.00066    0.00641    0.01922    0.00101    0.00358    0.00043    0.00000    0.00000    0.00749    0.01206 
 8.78454    0.14751    0.00071    0.15016    0.06125    0.02926    0.00965    0.04999    0.00000    0.00000    0.00522    0.00002    0.00014    0.00072    0.00684    0.01980    0.00180    0.00528    0.00061    0.00000    0.00000    0.00804    0.01276 
 8.85094    0.15172    0.00045    0.15433    0.06531    0.02995    0.00953    0.04955    0.00000    0.00000    0.00542    0.00002    0.00016    0.00079    0.00725    0.02036    0.00196    0.00647    0.00087    0.00000    0.00000    0.00858    0.01344 
 8.91733    0.15534    0.00048    0.15702    0.06787    0.03064    0.00941    0.04910    0.00000    0.00000    0.00561    0.00003    0.00018    0.00085    0.00766    0.02087    0.00209    0.00611    0.00105    0.00000    0.00000    0.00923    0.01419 
 8.98373    0.16002    0.00056    0.16024    0.07095    0.03134    0.00929    0.04866    0.00000    0.00000    0.00581    0.00003    0.00021    0.00092    0.00808    0.02135    0.00222    0.00611    0.00105    0.00000    0.00000    0.01006    0.01511 
 9.05012    0.16463    0.00059    0.16424    0.07480    0.03204    0.00917    0.04823    0.00000    0.00000    0.00601    0.00004    0.00025    0.00099    0.00850    0.02185    0.00296    0.00621    0.00089    0.00000    0.00000    0.01087    0.01624 
 9.11652    0.16912    0.00058    0.16874    0.07914    0.03275    0.00905    0.04780    0.00000    0.00000    0.00620    0.00006    0.00032    0.00106    0.00893    0.02233    0.00425    0.00731    0.00068    0.00000    0.00000    0.01083    0.01718 
 9.18291    0.17295    0.00048    0.17158    0.08180    0.03346    0.00894    0.04738    0.00000    0.00000    0.00640    0.00009    0.00046    0.00113    0.00936    0.02276    0.00545    0.00889    0.00052    0.00000    0.00000    0.00934    0.01739 
 9.24931    0.17533    0.00059    0.17306    0.08311    0.03417    0.00883    0.04696    0.00000    0.00000    0.00660    0.00025    0.00095    0.00120    0.00976    0.02317    0.00601    0.01044    0.00043    0.00000    0.00000    0.00751    0.01679 
 9.31570    0.17598    0.00045    0.17511    0.08496    0.03489    0.00872    0.04654    0.00000    0.00000    0.00681    0.00099    0.00216    0.00125    0.01013    0.02355    0.00587    0.01152    0.00037    0.00000    0.00000    0.00626    0.01602 
 9.38210    0.17439    0.00058    0.17376    0.08341    0.03561    0.00861    0.04613    0.00000    0.00000    0.00701    0.00070    0.00219    0.00131    0.01051    0.02390    0.00487    0.01209    0.00033    0.00000    0.00000    0.00533    0.01517 
 9.44850    0.17230    0.00071    0.17119    0.08062    0.03633    0.00850    0.04573    0.00000    0.00000    0.00720    0.00027    0.00175    0.00134    0.01083    0.02422    0.00384    0.01196    0.00029    0.00000    0.00000    0.00462    0.01430 
 9.51489    0.17030    0.00064    0.16948    0.07869    0.03706    0.00840    0.04533    0.00000    0.00000    0.00737    0.00016    0.00098    0.00137    0.01112    0.02452    0.00347    0.01184    0.00025    0.00000    0.00000    0.00411    0.01350 
 9.58129    0.16766    0.00074    0.16846    0.07744    0.03779    0.00830    0.04493    0.00000    0.00000    0.00753    0.00018    0.00077    0.00139    0.01140    0.02478    0.00318    0.01156    0.00021    0.00000    0.00000    0.00368    0.01276 
 9.64768    0.16700    0.00056    0.16687    0.07561    0.03853    0.00820    0.04454    0.00000    0.00000    0.00766    0.00028    0.00093    0.00139    0.01162    0.02502    0.00269    0.01049    0.00018    0.00000    0.00000    0.00332    0.01203 
 9.71408    0.16695    0.00060    0.16706    0.07555    0.03926    0.00810    0.04415    0.00000    0.00000    0.00778    0.00082    0.00132    0.00138    0.01181    0.02523    0.00284    0.00999    0.00015    0.00000    0.00000    0.00298    0.01125 
 9.78047    0.16828    0.00049    0.17079    0.07902    0.04000    0.00800    0.04376    0.00000    0.00000    0.00788    0.00201    0.00176    0.00137    0.01198    0.02542    0.00396    0.01142    0.00012    0.00000    0.00000    0.00267    0.01043 
 9.84687    0.16998    0.00061    0.17302    0.08098    0.04074    0.00791    0.04338    0.00000    0.00000    0.00797    0.00250    0.00221    0.00133    0.01210    0.02560    0.00435    0.01283    0.00010    0.00000    0.00000    0.00239    0.00960 
 9.91326    0.17099    0.00067    0.17295    0.08064    0.04149    0.00781    0.04301    0.00000    0.00000    0.00805    0.00282    0.00252    0.00130    0.01219    0.02577    0.00373    0.01324    0.00009    0.00000    0.00000    0.00214    0.00879 
 9.97966    0.16944    0.00063    0.16972    0.07712    0.04224    0.00772    0.04264    0.00000    0.00000    0.00812    0.00310    0.00306    0.00126    0.01227    0.02592    0.00257    0.01081    0.00007    0.00000    0.00000    0.00193    0.00801 
10.04606    0.16946    0.00074    0.17009    0.07720    0.04298    0.00763    0.04227    0.00000    0.00000    0.00818    0.00378    0.00471    0.00121    0.01232    0.02607    0.00248    0.00935    0.00007    0.00000    0.00000    0.00175    0.00728 
10.11245    0.17022    0.00079    0.17416    0.08097    0.04374    0.00754    0.04191    0.00000    0.00000    0.00823    0.00482    0.00734    0.00117    0.01236    0.02621    0.00314    0.00942    0.00006    0.00000    0.00000    0.00159    0.00664 
10.17885    0.17093    0.00079    0.17534    0.08185    0.04449    0.00746    0.04155    0.00000    0.00000    0.00828    0.00418    0.00727    0.00112    0.01240    0.02633    0.00438    0.01036    0.00006    0.00000    0.00000    0.00144    0.00602 
10.24524    0.17125    0.00080    0.17350    0.07970    0.04525    0.00737    0.04119    0.00000    0.00000    0.00833    0.00217    0.00608    0.00108    0.01241    0.02646    0.00518    0.01113    0.00005    0.00000    0.00000    0.00132    0.00549 
10.31164    0.17155    0.00062    0.17294    0.07881    0.04600    0.00729    0.04084    0.00000    0.00000    0.00836    0.00094    0.00603    0.00103    0.01242    0.02657    0.00574    0.01142    0.00005    0.00000    0.00000    0.00122    0.00502 
10.37803    0.17212    0.00069    0.17602    0.08156    0.04676    0.00720    0.04050    0.00000    0.00000    0.00840    0.00195    0.00683    0.00099    0.01243    0.02667    0.00643    0.01210    0.00005    0.00000    0.00000    0.00113    0.00460 
10.44443    0.17324    0.00050    0.17728    0.08248    0.04753    0.00712    0.04015    0.00000    0.00000    0.00843    0.00236    0.00673    0.00094    0.01242    0.02677    0.00663    0.01285    0.00005    0.00000    0.00000    0.00105    0.00426 
10.51082    0.17286    0.00059    0.17476    0.07962    0.04829    0.00704    0.03981    0.00000    0.00000    0.00845    0.00081    0.00557    0.00090    0.01240    0.02687    0.00616    0.01349    0.00005    0.00000    0.00000    0.00098    0.00394 
10.57722    0.17416    0.00056    0.17404    0.07855    0.04905    0.00696    0.03948    0.00000    0.00000    0.00847    0.00049    0.00504    0.00086    0.01238    0.02694    0.00568    0.01411    0.00005    0.00000    0.00000    0.00092    0.00363 
10.64362    0.17491    0.00053    0.17305    0.07720    0.04982    0.00689    0.03914    0.00000    0.00000    0.00849    0.00091    0.00339    0.00082    0.01233    0.02701    0.00526    0.01472    0.00005    0.00000    0.00000    0.00086    0.00337 
10.71001    0.17466    0.00054    0.17368    0.07747    0.05059    0.00681    0.03882    0.00000    0.00000    0.00850    0.00198    0.00298    0.00078    0.01227    0.02707    0.00457    0.01535    0.00005    0.00000    0.00000    0.00081    0.00314 
10.77641    0.17409    0.00053    0.17371    0.07713    0.05136    0.00674    0.03849    0.00000    0.00000    0.00850    0.00243    0.00322    0.00074    0.01220    0.02710    0.00358    0.01560    0.00004    0.00000    0.00000    0.00076    0.00294 
10.84280    0.17354    0.00048    0.17308    0.07612    0.05213    0.00666    0.03817    0.00000    0.00000    0.00851    0.00291    0.00354    0.00069    0.01209    0.02714    0.00298    0.01473    0.00004    0.00000    0.00000    0.00072    0.00276 
10.90920    0.17299    0.00051    0.17297    0.07562    0.05290    0.00659    0.03785    0.00000    0.00000    0.00851    0.00457    0.00398    0.00065    0.01193    0.02717    0.00245    0.01302    0.00004    0.00000    0.00000    0.00069    0.00261 
10.97559    0.17206    0.00051    0.17147    0.07374    0.05367    0.00652    0.03754    0.00000    0.00000    0.00850    0.00501    0.00415    0.00061    0.01177    0.02717    0.00227    0.01110    0.00004    0.00000    0.00000    0.00066    0.00246 
11.04199    0.17336    0.00060    0.17233    0.07421    0.05444    0.00645    0.03723    0.00000    0.00000    0.00849    0.00540    0.00420    0.00057    0.01157    0.02716    0.00291    0.01090    0.00004    0.00000    0.00000    0.00063    0.00234 
11.10838    0.17361    0.00056    0.17315    0.07463    0.05522    0.00638    0.03692    0.00000    0.00000    0.00848    0.00572    0.00432    0.00054    0.01132    0.02712    0.00316    0.01111    0.00004    0.00000    0.00000    0.00060    0.00223 
11.17478    0.17362    0.00047    0.17325    0.07432    0.05599    0.00631    0.03662    0.00000    0.00000    0.00847    0.00644    0.00446    0.00050    0.01107    0.02706    0.00268    0.01090    0.00004    0.00000    0.00000    0.00058    0.00213 
11.24118    0.17289    0.00065    0.17280    0.07347    0.05677    0.00624    0.03632    0.00000    0.00000    0.00846    0.00678    0.00473    0.00047    0.01074    0.02696    0.00204    0.01064    0.00004    0.00000    0.00000    0.00057    0.00206 
11.30757    0.17118    0.00066    0.17308    0.07333    0.05755    0.00618    0.03602    0.00000    0.00000    0.00844    0.00683    0.00514    0.00043    0.01035    0.02684    0.00178    0.01095    0.00004    0.00000    0.00000    0.00055    0.00199 
11.37397    0.16909    0.00080    0.17311    0.07294    0.05832    0.00611    0.03573    0.00000    0.00000    0.00842    0.00657    0.00553    0.00040    0.00994    0.02667    0.00200    0.01088    0.00004    0.00000    0.00000    0.00055    0.00195 
11.44036    0.16912    0.00064    0.17128    0.07069    0.05910    0.00605    0.03544    0.00000    0.00000    0.00840    0.00441    0.00595    0.00037    0.00940    0.02641    0.00254    0.01072    0.00004    0.00000    0.00000    0.00054    0.00191 
11.50676    0.16790    0.00064    0.16847    0.06745    0.05988    0.00599    0.03515    0.00000    0.00000    0.00837    0.00108    0.00667    0.00033    0.00879    0.02606    0.00298    0.01071    0.00004    0.00000    0.00000    0.00053    0.00188 
11.57315    0.16641    0.00123    0.16717    0.06572    0.06066    0.00593    0.03487    0.00000    0.00000    0.00834    0.00046    0.00676    0.00030    0.00817    0.02564    0.00310    0.01049    0.00004    0.00000    0.00000    0.00054    0.00187 
11.63955    0.16401    0.00094    0.16526    0.06337    0.06144    0.00587    0.03459    0.00000    0.00000    0.00829    0.00032    0.00660    0.00027    0.00747    0.02511    0.00285    0.00999    0.00005    0.00000    0.00000    0.00054    0.00187 
11.70594    0.16183    0.00079    0.16339    0.06105    0.06222    0.00581    0.03431    0.00000    0.00000    0.00824    0.00029    0.00686    0.00024    0.00674    0.02446    0.00222    0.00952    0.00005    0.00000    0.00000    0.00055    0.00188 
11.77234    0.15899    0.00112    0.15934    0.05656    0.06300    0.00575    0.03404    0.00000    0.00000    0.00816    0.00040    0.00563    0.00022    0.00604    0.02371    0.00127    0.00862    0.00006    0.00000    0.00000    0.00056    0.00190 
11.83874    0.15672    0.00108    0.15734    0.05411    0.06378    0.00569    0.03376    0.00000    0.00000    0.00807    0.00083    0.00639    0.00020    0.00540    0.02292    0.00073    0.00701    0.00006    0.00000    0.00000    0.00057    0.00193 
11.90513    0.15489    0.00086    0.15645    0.05276    0.06456    0.00563    0.03350    0.00000    0.00000    0.00797    0.00125    0.00767    0.00018    0.00482    0.02211    0.00050    0.00562    0.00007    0.00000    0.00000    0.00059    0.00198 
11.97153    0.15245    0.00051    0.15313    0.04899    0.06534    0.00557    0.03323    0.00000    0.00000    0.00787    0.00073    0.00704    0.00017    0.00429    0.02126    0.00042    0.00448    0.00007    0.00000    0.00000    0.00062    0.00205 
12.03792    0.15055    0.00056    0.15004    0.04543    0.06612    0.00552    0.03297    0.00000    0.00000    0.00772    0.00035    0.00576    0.00016    0.00399    0.02079    0.00035    0.00343    0.00007    0.00000    0.00000    0.00066    0.00215 
12.10432    0.14904    0.00099    0.14814    0.04307    0.06690    0.00546    0.03271    0.00000    0.00000    0.00753    0.00020    0.00447    0.00016    0.00385    0.02059    0.00031    0.00283    0.00008    0.00000    0.00000    0.00072    0.00232 
12.17071    0.14775    0.00073    0.14700    0.04145    0.06768    0.00541    0.03245    0.00000    0.00000    0.00733    0.00014    0.00361    0.00016    0.00372    0.02034    0.00029    0.00241    0.00008    0.00000    0.00000    0.00081    0.00256 
12.23711    0.14749    0.00073    0.14613    0.04011    0.06847    0.00536    0.03220    0.00000    0.00000    0.00711    0.00011    0.00270    0.00016    0.00360    0.02005    0.00027    0.00212    0.00008    0.00000    0.00000    0.00095    0.00297 
12.30350    0.14661    0.00111    0.14607    0.03957    0.06925    0.00531    0.03195    0.00000    0.00000    0.00687    0.00009    0.00192    0.00015    0.00348    0.01971    0.00027    0.00210    0.00009    0.00000    0.00000    0.00121    0.00366 
12.36990    0.14737    0.00111    0.14667    0.03969    0.07003    0.00525    0.03170    0.00000    0.00000    0.00667    0.00008    0.00140    0.00015    0.00338    0.01936    0.00025    0.00183    0.00009    0.00000    0.00000    0.00166    0.00483 
12.43630    0.14964    0.00098    0.14865    0.04119    0.07081    0.00520    0.03145    0.00000    0.00000    0.00647    0.00007    0.00108    0.00015    0.00328    0.01899    0.00026    0.00187    0.00008    0.00000    0.00000    0.00234    0.00659 
12.50269    0.15077    0.00103    0.15047    0.04252    0.07159    0.00515    0.03121    0.00000    0.00000    0.00628    0.00006    0.00088    0.00015    0.00320    0.01869    0.00024    0.00167    0.00008    0.00000    0.00000    0.00298    0.00830 
12.56909    0.15131    0.00085    0.15196    0.04352    0.07237    0.00510    0.03097    0.00000    0.00000    0.00612    0.00005    0.00073    0.00015    0.00320    0.01870    0.00025    0.00169    0.00008    0.00000    0.00000    0.00325    0.00929 
12.63548    0.15076    0.00137    0.15199    0.04306    0.07315    0.00505    0.03073    0.00000    0.00000    0.00598    0.00005    0.00063    0.00016    0.00322    0.01875    0.00024    0.00163    0.00008    0.00000    0.00000    0.00306    0.00925 
12.70188    0.14901    0.00092    0.15082    0.04139    0.07393    0.00501    0.03049    0.00000    0.00000    0.00586    0.00005    0.00056    0.00016    0.00324    0.01882    0.00024    0.00159    0.00007    0.00000    0.00000    0.00256    0.00824 
12.76827    0.14758    0.00142    0.14923    0.03930    0.07471    0.00496    0.03026    0.00000    0.00000    0.00576    0.00004    0.00050    0.00016    0.00326    0.01890    0.00024    0.00154    0.00007    0.00000    0.00000    0.00202    0.00681 
12.83467    0.14653    0.00139    0.14792    0.03749    0.07549    0.00491    0.03003    0.00000    0.00000    0.00568    0.00004    0.00045    0.00017    0.00328    0.01899    0.00024    0.00154    0.00007    0.00000    0.00000    0.00158    0.00546 
12.90106    0.14499    0.00134    0.14678    0.03585    0.07626    0.00487    0.02980    0.00000    0.00000    0.00567    0.00004    0.00042    0.00017    0.00331    0.01908    0.00022    0.00140    0.00006    0.00000    0.00000    0.00122    0.00427 
12.96680    0.14459    0.00092    0.14652    0.03509    0.07703    0.00482    0.02958    0.00000    0.00000    0.00566    0.00004    0.00039    0.00017    0.00333    0.01917    0.00025    0.00156    0.00006    0.00000    0.00000    0.00099    0.00347 
13.03254    0.14471    0.00141    0.14639    0.03445    0.07780    0.00478    0.02936    0.00000    0.00000    0.00567    0.00004    0.00036    0.00017    0.00334    0.01923    0.00025    0.00152    0.00005    0.00000    0.00000    0.00085    0.00297 
13.09861    0.14431    0.00141    0.14651    0.03407    0.07858    0.00473    0.02914    0.00000    0.00000    0.00568    0.00004    0.00035    0.00017    0.00334    0.01925    0.00025    0.00153    0.00005    0.00000    0.00000    0.00077    0.00265 
13.16502    0.14453    0.00131    0.14686    0.03390    0.07935    0.00469    0.02892    0.00000    0.00000    0.00569    0.00003    0.00033    0.00018    0.00334    0.01926    0.00027    0.00158    0.00005    0.00000    0.00000    0.00072    0.00246 
13.23176    0.14480    0.00172    0.14741    0.03393    0.08013    0.00465    0.02870    0.00000    0.00000    0.00572    0.00003    0.00032    0.00018    0.00334    0.01928    0.00030    0.00176    0.00004    0.00000    0.00000    0.00067    0.00230 
13.29883    0.14471    0.00180    0.14774    0.03373    0.08092    0.00460    0.02849    0.00000    0.00000    0.00575    0.00003    0.00030    0.00018    0.00334    0.01929    0.00030    0.00170    0.00004    0.00000    0.00000    0.00063    0.00216 
14.20235    0.15293    0.00179    0.15491    0.03365    0.09139    0.00408    0.02579    0.00000    0.00000    0.00596    0.00004    0.00029    0.00019    0.00327    0.01885    0.00052    0.00256    0.00001    0.00000    0.00000    0.00046    0.00150 
14.27433    0.15322    0.00187    0.15628    0.03443    0.09221    0.00404    0.02559    0.00000    0.00000    0.00595    0.00004    0.00030    0.00019    0.00326    0.01876    0.00070    0.00327    0.00001    0.00000    0.00000    0.00046    0.00149 
14.34668    0.15581    0.00172    0.15773    0.03529    0.09304    0.00401    0.02539    0.00000    0.00000    0.00594    0.00004    0.00030    0.00019    0.00325    0.01867    0.00090    0.00405    0.00001    0.00000    0.00000    0.00046    0.00148 
14.41940    0.15644    0.00189    0.15866    0.03562    0.09388    0.00397    0.02519    0.00000    0.00000    0.00594    0.00004    0.00031    0.00019    0.00324    0.01858    0.00095    0.00443    0.00001    0.00000    0.00000    0.00046    0.00147 
14.49248    0.15721    0.00153    0.15859    0.03494    0.09471    0.00393    0.02500    0.00000    0.00000    0.00594    0.00004    0.00033    0.00019    0.00322    0.01849    0.00080    0.00400    0.00001    0.00000    0.00000    0.00046    0.00146 
14.56593    0.15747    0.00131    0.15877    0.03452    0.09555    0.00390    0.02480    0.00000    0.00000    0.00593    0.00005    0.00034    0.00019    0.00324    0.01846    0.00071    0.00367    0.00001    0.00000    0.00000    0.00046    0.00146 
14.63976    0.15843    0.00172    0.15938    0.03451    0.09640    0.00386    0.02461    0.00000    0.00000    0.00594    0.00005    0.00036    0.00019    0.00325    0.01843    0.00071    0.00365    0.00001    0.00000    0.00000    0.00046    0.00146 
14.71396    0.15900    0.00187    0.16019    0.03471    0.09724    0.00382    0.02442    0.00000    0.00000    0.00594    0.00005    0.00038    0.00020    0.00326    0.01841    0.00074    0.00377    0.00001    0.00000    0.00000    0.00046    0.00147 
14.78853    0.15876    0.00164    0.16075    0.03465    0.09809    0.00379    0.02423    0.00000    0.00000    0.00594    0.00006    0.00040    0.00020    0.00328    0.01839    0.00073    0.00370    0.00001    0.00000    0.00000    0.00047    0.00147 
15.16709    0.16636    0.00151    0.16557    0.03629    0.10238    0.00361    0.02329    0.00000    0.00000    0.00626    0.00011    0.00067    0.00022    0.00352    0.01879    0.00081    0.00381    0.00001    0.00000    0.00000    0.00051    0.00157 
15.24395    0.16832    0.00155    0.16789    0.03796    0.10324    0.00358    0.02311    0.00000    0.00000    0.00634    0.00013    0.00081    0.00023    0.00361    0.01901    0.00102    0.00465    0.00001    0.00000    0.00000    0.00052    0.00161 
15.32121    0.17125    0.00166    0.17009    0.03951    0.10411    0.00355    0.02292    0.00000    0.00000    0.00644    0.00018    0.00103    0.00024    0.00371    0.01923    0.00119    0.00528    0.00001    0.00000    0.00000    0.00054    0.00166 
15.39885    0.17452    0.00160    0.17232    0.04107    0.10498    0.00351    0.02274    0.00000    0.00000    0.00656    0.00025    0.00140    0.00025    0.00381    0.01945    0.00132    0.00571    0.00001    0.00000    0.00000    0.00057    0.00174 
15.47689    0.17623    0.00228    0.17465    0.04275    0.10586    0.00348    0.02256    0.00000    0.00000    0.00667    0.00036    0.00189    0.00026    0.00391    0.01968    0.00140    0.00611    0.00002    0.00000    0.00000    0.00061    0.00184 
15.55532    0.17616    0.00150    0.17613    0.04356    0.10674    0.00345    0.02238    0.00000    0.00000    0.00679    0.00041    0.00218    0.00027    0.00406    0.02003    0.00123    0.00593    0.00002    0.00000    0.00000    0.00066    0.00198 
15.63415    0.17715    0.00199    0.17654    0.04330    0.10762    0.00342    0.02221    0.00000    0.00000    0.00691    0.00038    0.00209    0.00028    0.00422    0.02045    0.00097    0.00507    0.00002    0.00000    0.00000    0.00073    0.00217 
15.71337    0.17873    0.00198    0.17675    0.04284    0.10850    0.00339    0.02203    0.00000    0.00000    0.00703    0.00035    0.00187    0.00030    0.00440    0.02087    0.00075    0.00399    0.00002    0.00000    0.00000    0.00082    0.00244 
15.79300    0.18045    0.00167    0.17804    0.04345    0.10938    0.00335    0.02185    0.00000    0.00000    0.00715    0.00036    0.00179    0.00031    0.00458    0.02130    0.00066    0.00347    0.00002    0.00000    0.00000    0.00097    0.00283 
15.87303    0.18206    0.00147    0.18021    0.04493    0.11027    0.00332    0.02168    0.00000    0.00000    0.00726    0.00044    0.00197    0.00033    0.00477    0.02172    0.00062    0.00317    0.00002    0.00000    0.00000    0.00119    0.00345 
15.95346    0.18657    0.00173    0.18317    0.04721    0.11116    0.00329    0.02151    0.00000    0.00000    0.00735    0.00061    0.00235    0.00035    0.00496    0.02215    0.00060    0.00299    0.00002    0.00000    0.00000    0.00151    0.00432 
16.03430    0.19128    0.00214    0.18640    0.04975    0.11206    0.00326    0.02133    0.00000    0.00000    0.00745    0.00087    0.00290    0.00036    0.00516    0.02259    0.00058    0.00281    0.00002    0.00000    0.00000    0.00181    0.00518 
16.11555    0.19161    0.00162    0.18921    0.05186    0.11295    0.00323    0.02116    0.00000    0.00000    0.00755    0.00113    0.00357    0.00038    0.00536    0.02304    0.00062    0.00290    0.00002    0.00000    0.00000    0.00186    0.00543 
16.19721    0.19318    0.00168    0.19118    0.05313    0.11385    0.00320    0.02099    0.00000    0.00000    0.00763    0.00133    0.00432    0.00040    0.00557    0.02349    0.00074    0.00332    0.00002    0.00000    0.00000    0.00158    0.00475 
16.27929    0.19179    0.00177    0.19248    0.05373    0.11476    0.00317    0.02082    0.00000    0.00000    0.00771    0.00144    0.00506    0.00041    0.00578    0.02393    0.00084    0.00366    0.00002    0.00000    0.00000    0.00120    0.00368 
16.36178    0.19087    0.00154    0.19368    0.05423    0.11566    0.00314    0.02066    0.00000    0.00000    0.00779    0.00146    0.00567    0.00043    0.00600    0.02437    0.00089    0.00381    0.00003    0.00000    0.00000    0.00092    0.00286 
16.44468    0.19180    0.00137    0.19483    0.05466    0.11657    0.00311    0.02049    0.00000    0.00000    0.00787    0.00136    0.00602    0.00045    0.00622    0.02480    0.00091    0.00387    0.00003    0.00000    0.00000    0.00077    0.00237 
16.52801    0.19191    0.00140    0.19563    0.05474    0.11748    0.00308    0.02032    0.00000    0.00000    0.00794    0.00112    0.00604    0.00047    0.00644    0.02521    0.00090    0.00381    0.00003    0.00000    0.00000    0.00068    0.00209 
16.61175    0.19385    0.00156    0.19592    0.05432    0.11839    0.00305    0.02016    0.00000    0.00000    0.00801    0.00081    0.00560    0.00049    0.00664    0.02559    0.00090    0.00370    0.00003    0.00000    0.00000    0.00063    0.00192 
16.69592    0.19455    0.00173    0.19592    0.05359    0.11931    0.00302    0.02000    0.00000    0.00000    0.00808    0.00056    0.00472    0.00050    0.00684    0.02596    0.00090    0.00356    0.00003    0.00000    0.00000    0.00060    0.00183 
16.78052    0.19388    0.00176    0.19638    0.05333    0.12022    0.00300    0.01983    0.00000    0.00000    0.00814    0.00042    0.00364    0.00052    0.00705    0.02633    0.00100    0.00384    0.00003    0.00000    0.00000    0.00059    0.00177 
16.86554    0.19650    0.00188    0.19716    0.05337    0.12115    0.00297    0.01967    0.00000    0.00000    0.00820    0.00033    0.00278    0.00054    0.00726    0.02668    0.00111    0.00411    0.00003    0.00000    0.00000    0.00058    0.00175 
16.95099    0.19900    0.00203    0.19828    0.05376    0.12207    0.00294    0.01951    0.00000    0.00000    0.00826    0.00029    0.00227    0.00056    0.00748    0.02703    0.00122    0.00430    0.00003    0.00000    0.00000    0.00058    0.00175 
17.03688    0.20059    0.00193    0.19989    0.05463    0.12299    0.00291    0.01936    0.00000    0.00000    0.00831    0.00027    0.00197    0.00057    0.00768    0.02733    0.00139    0.00474    0.00003    0.00000    0.00000    0.00059    0.00175 
17.12320    0.20331    0.00187    0.20178    0.05578    0.12392    0.00288    0.01920    0.00000    0.00000    0.00836    0.00027    0.00187    0.00058    0.00783    0.02759    0.00159    0.00527    0.00003    0.00000    0.00000    0.00060    0.00178 
17.20995    0.20524    0.00221    0.20424    0.05749    0.12485    0.00286    0.01904    0.00000    0.00000    0.00840    0.00029    0.00191    0.00060    0.00799    0.02784    0.00187    0.00608    0.00004    0.00000    0.00000    0.00062    0.00183 
17.29715    0.20756    0.00205    0.20709    0.05958    0.12579    0.00283    0.01889    0.00000    0.00000    0.00844    0.00035    0.00218    0.00061    0.00816    0.02809    0.00218    0.00704    0.00004    0.00000    0.00000    0.00064    0.00186 
17.38479    0.21018    0.00194    0.21005    0.06180    0.12672    0.00280    0.01873    0.00000    0.00000    0.00847    0.00050    0.00282    0.00062    0.00832    0.02832    0.00238    0.00772    0.00004    0.00000    0.00000    0.00066    0.00193 
17.47286    0.21223    0.00190    0.21345    0.06444    0.12766    0.00278    0.01858    0.00000    0.00000    0.00850    0.00072    0.00382    0.00063    0.00848    0.02855    0.00258    0.00843    0.00004    0.00000    0.00000    0.00069    0.00199 
17.56139    0.21562    0.00227    0.21694    0.06716    0.12860    0.00275    0.01843    0.00000    0.00000    0.00853    0.00085    0.00453    0.00064    0.00862    0.02874    0.00286    0.00956    0.00004    0.00000    0.00000    0.00073    0.00208 
17.65036    0.21777    0.00167    0.21926    0.06871    0.12955    0.00273    0.01827    0.00000    0.00000    0.00855    0.00080    0.00448    0.00065    0.00873    0.02890    0.00307    0.01060    0.00004    0.00000    0.00000    0.00075    0.00214 
17.73978    0.21988    0.00158    0.21980    0.06848    0.13050    0.00270    0.01812    0.00000    0.00000    0.00857    0.00065    0.00382    0.00065    0.00884    0.02905    0.00308    0.01073    0.00004    0.00000    0.00000    0.00080    0.00226 
17.82966    0.22333    0.00229    0.22049    0.06840    0.13144    0.00267    0.01797    0.00000    0.00000    0.00858    0.00053    0.00313    0.00066    0.00895    0.02920    0.00322    0.01082    0.00004    0.00000    0.00000    0.00086    0.00240 
17.91998    0.22578    0.00193    0.22241    0.06954    0.13240    0.00265    0.01783    0.00000    0.00000    0.00859    0.00049    0.00280    0.00067    0.00906    0.02934    0.00348    0.01161    0.00005    0.00000    0.00000    0.00091    0.00254 
18.01077    0.22799    0.00148    0.22448    0.07083    0.13335    0.00262    0.01768    0.00000    0.00000    0.00859    0.00052    0.00278    0.00067    0.00916    0.02947    0.00359    0.01228    0.00005    0.00000    0.00000    0.00099    0.00273 
18.10201    0.23035    0.00129    0.22605    0.07161    0.13431    0.00260    0.01753    0.00000    0.00000    0.00859    0.00063    0.00310    0.00067    0.00920    0.02954    0.00353    0.01230    0.00005    0.00000    0.00000    0.00108    0.00293 
18.19372    0.23246    0.00151    0.22781    0.07258    0.13527    0.00257    0.01739    0.00000    0.00000    0.00859    0.00081    0.00371    0.00067    0.00925    0.02961    0.00347    0.01209    0.00005    0.00000    0.00000    0.00117    0.00316 
18.28589    0.23417    0.00236    0.23019    0.07417    0.13623    0.00255    0.01724    0.00000    0.00000    0.00858    0.00111    0.00457    0.00067    0.00928    0.02967    0.00340    0.01190    0.00005    0.00000    0.00000    0.00135    0.00358 
18.37852    0.23602    0.00191    0.23233    0.07551    0.13719    0.00253    0.01710    0.00000    0.00000    0.00856    0.00147    0.00540    0.00067    0.00932    0.02973    0.00323    0.01146    0.00005    0.00000    0.00000    0.00155    0.00406 
18.47163    0.23846    0.00193    0.23478    0.07716    0.13816    0.00250    0.01696    0.00000    0.00000    0.00855    0.00187    0.00616    0.00066    0.00935    0.02978    0.00309    0.01120    0.00005    0.00000    0.00000    0.00180    0.00464 
18.56520    0.24092    0.00227    0.23732    0.07890    0.13913    0.00248    0.01682    0.00000    0.00000    0.00853    0.00225    0.00704    0.00066    0.00936    0.02980    0.00293    0.01103    0.00006    0.00000    0.00000    0.00204    0.00521 
18.65925    0.24454    0.00171    0.23928    0.08004    0.14010    0.00246    0.01668    0.00000    0.00000    0.00851    0.00253    0.00806    0.00065    0.00934    0.02980    0.00263    0.01047    0.00006    0.00000    0.00000    0.00226    0.00572 
18.75377    0.24768    0.00196    0.24108    0.08103    0.14107    0.00243    0.01654    0.00000    0.00000    0.00849    0.00273    0.00912    0.00065    0.00932    0.02979    0.00243    0.00969    0.00006    0.00000    0.00000    0.00249    0.00625 
18.84878    0.25020    0.00193    0.24359    0.08273    0.14205    0.00241    0.01640    0.00000    0.00000    0.00846    0.00289    0.01006    0.00064    0.00930    0.02979    0.00258    0.00958    0.00006    0.00000    0.00000    0.00268    0.00668 
18.94426    0.25341    0.00111    0.24648    0.08479    0.14303    0.00239    0.01627    0.00000    0.00000    0.00844    0.00297    0.01067    0.00064    0.00928    0.02977    0.00304    0.01039    0.00006    0.00000    0.00000    0.00275    0.00679 
19.04022    0.25502    0.00188    0.24928    0.08677    0.14401    0.00236    0.01613    0.00000    0.00000    0.00841    0.00299    0.01092    0.00063    0.00924    0.02974    0.00358    0.01158    0.00007    0.00000    0.00000    0.00282    0.00681 
19.13667    0.25700    0.00214    0.25222    0.08889    0.14500    0.00234    0.01599    0.00000    0.00000    0.00837    0.00299    0.01090    0.00062    0.00918    0.02970    0.00404    0.01273    0.00007    0.00000    0.00000    0.00311    0.00719 
19.23361    0.25955    0.00124    0.25529    0.09113    0.14598    0.00232    0.01586    0.00000    0.00000    0.00834    0.00300    0.01094    0.00061    0.00911    0.02964    0.00429    0.01329    0.00007    0.00000    0.00000    0.00367    0.00815 
19.33104    0.26138    0.00207    0.25802    0.09303    0.14697    0.00230    0.01573    0.00000    0.00000    0.00831    0.00302    0.01120    0.00060    0.00904    0.02959    0.00441    0.01348    0.00008    0.00000    0.00000    0.00419    0.00909 
19.42896    0.26269    0.00174    0.26138    0.09555    0.14796    0.00228    0.01560    0.00000    0.00000    0.00828    0.00305    0.01165    0.00059    0.00898    0.02953    0.00448    0.01364    0.00008    0.00000    0.00000    0.00488    0.01038 
19.52737    0.26407    0.00167    0.26467    0.09800    0.14896    0.00225    0.01546    0.00000    0.00000    0.00824    0.00309    0.01234    0.00059    0.00890    0.02947    0.00451    0.01389    0.00009    0.00000    0.00000    0.00537    0.01151 
19.62629    0.26567    0.00187    0.26777    0.10025    0.14995    0.00223    0.01533    0.00000    0.00000    0.00820    0.00312    0.01333    0.00058    0.00881    0.02939    0.00447    0.01411    0.00009    0.00000    0.00000    0.00572    0.01243 
19.72570    0.26681    0.00264    0.27008    0.10171    0.15095    0.00221    0.01521    0.00000    0.00000    0.00816    0.00297    0.01404    0.00057    0.00872    0.02930    0.00437    0.01431    0.00010    0.00000    0.00000    0.00598    0.01318 
19.82562    0.26658    0.00174    0.27041    0.10118    0.15195    0.00219    0.01508    0.00000    0.00000    0.00813    0.00244    0.01325    0.00056    0.00863    0.02922    0.00416    0.01447    0.00011    0.00000    0.00000    0.00625    0.01397 
19.92604    0.26559    0.00214    0.26981    0.09973    0.15296    0.00217    0.01495    0.00000    0.00000    0.00810    0.00180    0.01189    0.00055    0.00854    0.02913    0.00391    0.01458    0.00012    0.00000    0.00000    0.00645    0.01467 
20.02697    0.26437    0.00207    0.26886    0.09792    0.15396    0.00215    0.01482    0.00000    0.00000    0.00807    0.00130    0.01042    0.00054    0.00844    0.02903    0.00366    0.01449    0.00014    0.00000    0.00000    0.00658    0.01525 
20.12841    0.26270    0.00165    0.26745    0.09566    0.15497    0.00213    0.01470    0.00000    0.00000    0.00804    0.00097    0.00854    0.00053    0.00833    0.02893    0.00346    0.01416    0.00016    0.00000    0.00000    0.00672    0.01582 
20.23036    0.26150    0.00241    0.26639    0.09372    0.15598    0.00211    0.01457    0.00000    0.00000    0.00801    0.00079    0.00674    0.00052    0.00822    0.02882    0.00331    0.01368    0.00019    0.00000    0.00000    0.00691    0.01654 
20.33283    0.26119    0.00267    0.26569    0.09215    0.15700    0.00209    0.01445    0.00000    0.00000    0.00798    0.00069    0.00552    0.00051    0.00811    0.02871    0.00319    0.01309    0.00024    0.00000    0.00000    0.00697    0.01714 
20.43582    0.26234    0.00263    0.26509    0.09068    0.15801    0.00207    0.01433    0.00000    0.00000    0.00796    0.00068    0.00501    0.00050    0.00800    0.02860    0.00308    0.01252    0.00030    0.00000    0.00000    0.00677    0.01726 
20.53932    0.26433    0.00216    0.26461    0.08932    0.15903    0.00205    0.01421    0.00000    0.00000    0.00793    0.00073    0.00499    0.00049    0.00790    0.02849    0.00297    0.01203    0.00036    0.00000    0.00000    0.00643    0.01701 
20.64335    0.26613    0.00188    0.26455    0.08838    0.16005    0.00203    0.01409    0.00000    0.00000    0.00791    0.00082    0.00529    0.00048    0.00779    0.02838    0.00288    0.01174    0.00039    0.00000    0.00000    0.00607    0.01662 
20.74791    0.26777    0.00233    0.26469    0.08764    0.16107    0.00201    0.01397    0.00000    0.00000    0.00789    0.00097    0.00583    0.00047    0.00768    0.02827    0.00275    0.01140    0.00040    0.00000    0.00000    0.00576    0.01622 
20.85299    0.26936    0.00232    0.26479    0.08685    0.16210    0.00199    0.01385    0.00000    0.00000    0.00787    0.00111    0.00648    0.00047    0.00757    0.02815    0.00257    0.01105    0.00037    0.00000    0.00000    0.00544    0.01577 
20.95861    0.27000    0.00209    0.26436    0.08553    0.16313    0.00197    0.01373    0.00000    0.00000    0.00785    0.00114    0.00674    0.00046    0.00747    0.02803    0.00240    0.01075    0.00034    0.00000    0.00000    0.00511    0.01525 
21.06476    0.27021    0.00282    0.26378    0.08405    0.16416    0.00195    0.01361    0.00000    0.00000    0.00783    0.00111    0.00642    0.00045    0.00736    0.02792    0.00229    0.01085    0.00030    0.00000    0.00000    0.00480    0.01473 
21.17145    0.26812    0.00242    0.26318    0.08256    0.16519    0.00193    0.01350    0.00000    0.00000    0.00782    0.00116    0.00593    0.00044    0.00726    0.02779    0.00219    0.01126    0.00026    0.00000    0.00000    0.00441    0.01403 
21.27868    0.26597    0.00230    0.26257    0.08105    0.16623    0.00192    0.01338    0.00000    0.00000    0.00781    0.00126    0.00591    0.00043    0.00715    0.02767    0.00208    0.01148    0.00022    0.00000    0.00000    0.00397    0.01306 
21.38645    0.26339    0.00179    0.26249    0.08006    0.16727    0.00190    0.01327    0.00000    0.00000    0.00780    0.00136    0.00631    0.00043    0.00705    0.02755    0.00211    0.01177    0.00019    0.00000    0.00000    0.00354    0.01197 
21.49476    0.26238    0.00290    0.26265    0.07931    0.16831    0.00188    0.01315    0.00000    0.00000    0.00778    0.00142    0.00668    0.00042    0.00695    0.02742    0.00226    0.01214    0.00017    0.00000    0.00000    0.00316    0.01090 
21.60362    0.26144    0.00211    0.26254    0.07829    0.16935    0.00186    0.01304    0.00000    0.00000    0.00777    0.00144    0.00694    0.00041    0.00684    0.02730    0.00231    0.01239    0.00015    0.00000    0.00000    0.00283    0.00990 
21.71304    0.26104    0.00244    0.26235    0.07718    0.17040    0.00184    0.01293    0.00000    0.00000    0.00775    0.00146    0.00720    0.00040    0.00674    0.02717    0.00225    0.01251    0.00013    0.00000    0.00000    0.00256    0.00901 
21.82300    0.26030    0.00207    0.26186    0.07577    0.17144    0.00183    0.01282    0.00000    0.00000    0.00773    0.00146    0.00741    0.00040    0.00664    0.02705    0.00216    0.01228    0.00012    0.00000    0.00000    0.00232    0.00820 
21.93352    0.25863    0.00241    0.26136    0.07435    0.17249    0.00181    0.01271    0.00000    0.00000    0.00771    0.00147    0.00743    0.00039    0.00654    0.02692    0.00216    0.01201    0.00011    0.00000    0.00000    0.00212    0.00748 
22.04460    0.25711    0.00148    0.26094    0.07301    0.17355    0.00179    0.01260    0.00000    0.00000    0.00769    0.00150    0.00709    0.00038    0.00645    0.02680    0.00220    0.01190    0.00010    0.00000    0.00000    0.00197    0.00693 
22.15625    0.25606    0.00208    0.26036    0.07149    0.17460    0.00177    0.01249    0.00000    0.00000    0.00767    0.00156    0.00675    0.00038    0.00636    0.02667    0.00214    0.01141    0.00009    0.00000    0.00000    0.00188    0.00658 
22.26845    0.25550    0.00176    0.26020    0.07041    0.17566    0.00176    0.01238    0.00000    0.00000    0.00765    0.00174    0.00690    0.00037    0.00627    0.02655    0.00201    0.01070    0.00009    0.00000    0.00000    0.00181    0.00633 
22.38123    0.25640    0.00130    0.26012    0.06939    0.17672    0.00174    0.01227    0.00000    0.00000    0.00763    0.00199    0.00743    0.00037    0.00618    0.02642    0.00176    0.00965    0.00009    0.00000    0.00000    0.00175    0.00612 
22.49457    0.25696    0.00225    0.25972    0.06805    0.17778    0.00172    0.01217    0.00000    0.00000    0.00761    0.00223    0.00814    0.00036    0.00609    0.02630    0.00147    0.00841    0.00008    0.00000    0.00000    0.00163    0.00572 
22.60849    0.25770    0.00279    0.25926    0.06664    0.17885    0.00171    0.01206    0.00000    0.00000    0.00759    0.00243    0.00870    0.00035    0.00600    0.02618    0.00128    0.00736    0.00008    0.00000    0.00000    0.00148    0.00520 
22.72298    0.25873    0.00251    0.25955    0.06598    0.17992    0.00169    0.01196    0.00000    0.00000    0.00757    0.00258    0.00905    0.00035    0.00591    0.02605    0.00128    0.00700    0.00007    0.00000    0.00000    0.00135    0.00476 
22.83806    0.26037    0.00221    0.26058    0.06606    0.18099    0.00168    0.01185    0.00000    0.00000    0.00754    0.00279    0.00936    0.00034    0.00583    0.02593    0.00139    0.00719    0.00007    0.00000    0.00000    0.00125    0.00437 
22.95371    0.26169    0.00231    0.26161    0.06614    0.18206    0.00166    0.01175    0.00000    0.00000    0.00752    0.00304    0.00986    0.00034    0.00574    0.02580    0.00138    0.00718    0.00006    0.00000    0.00000    0.00116    0.00406 
23.06995    0.26286    0.00355    0.26187    0.06544    0.18314    0.00164    0.01165    0.00000    0.00000    0.00749    0.00326    0.01040    0.00033    0.00566    0.02568    0.00118    0.00653    0.00006    0.00000    0.00000    0.00108    0.00377 
23.18678    0.26389    0.00206    0.26155    0.06416    0.18421    0.00163    0.01155    0.00000    0.00000    0.00746    0.00340    0.01079    0.00033    0.00558    0.02556    0.00096    0.00554    0.00006    0.00000    0.00000    0.00100    0.00348 
23.30420    0.26438    0.00238    0.26160    0.06325    0.18529    0.00161    0.01145    0.00000    0.00000    0.00743    0.00352    0.01102    0.00032    0.00551    0.02544    0.00087    0.00491    0.00005    0.00000    0.00000    0.00094    0.00325 
23.42221    0.26512    0.00292    0.26224    0.06292    0.18638    0.00160    0.01135    0.00000    0.00000    0.00740    0.00356    0.01106    0.00032    0.00543    0.02532    0.00091    0.00493    0.00005    0.00000    0.00000    0.00089    0.00306 
23.54082    0.26571    0.00318    0.26358    0.06329    0.18746    0.00158    0.01125    0.00000    0.00000    0.00737    0.00362    0.01119    0.00031    0.00536    0.02520    0.00103    0.00534    0.00004    0.00000    0.00000    0.00086    0.00296 
23.66003    0.26664    0.00252    0.26459    0.06332    0.18855    0.00157    0.01115    0.00000    0.00000    0.00734    0.00354    0.01131    0.00031    0.00528    0.02508    0.00112    0.00573    0.00004    0.00000    0.00000    0.00081    0.00276 
23.77984    0.26653    0.00333    0.26562    0.06337    0.18964    0.00155    0.01106    0.00000    0.00000    0.00731    0.00351    0.01138    0.00030    0.00521    0.02496    0.00111    0.00577    0.00004    0.00000    0.00000    0.00086    0.00291 
23.90025    0.26609    0.00305    0.26546    0.06223    0.19073    0.00154    0.01096    0.00000    0.00000    0.00728    0.00318    0.01144    0.00030    0.00514    0.02484    0.00104    0.00558    0.00003    0.00000    0.00000    0.00077    0.00263 
24.02128    0.26444    0.00344    0.26522    0.06100    0.19183    0.00152    0.01086    0.00000    0.00000    0.00725    0.00273    0.01110    0.00030    0.00507    0.02472    0.00103    0.00548    0.00003    0.00000    0.00000    0.00075    0.00255 
24.14292    0.26261    0.00392    0.26475    0.05955    0.19293    0.00151    0.01077    0.00000    0.00000    0.00722    0.00217    0.01024    0.00029    0.00499    0.02460    0.00114    0.00585    0.00003    0.00000    0.00000    0.00069    0.00233 
24.26517    0.26228    0.00323    0.26570    0.05951    0.19403    0.00149    0.01067    0.00000    0.00000    0.00718    0.00198    0.00973    0.00029    0.00492    0.02448    0.00133    0.00662    0.00003    0.00000    0.00000    0.00067    0.00226 
24.38804    0.26380    0.00402    0.26672    0.05953    0.19513    0.00148    0.01058    0.00000    0.00000    0.00715    0.00194    0.00963    0.00028    0.00485    0.02437    0.00143    0.00703    0.00002    0.00000    0.00000    0.00065    0.00218 
24.51154    0.26595    0.00359    0.26766    0.05947    0.19624    0.00146    0.01049    0.00000    0.00000    0.00711    0.00192    0.01010    0.00028    0.00479    0.02425    0.00136    0.00686    0.00002    0.00000    0.00000    0.00064    0.00213 
24.63565    0.26660    0.00365    0.26893    0.05974    0.19735    0.00145    0.01040    0.00000    0.00000    0.00708    0.00187    0.01127    0.00027    0.00472    0.02413    0.00121    0.00656    0.00002    0.00000    0.00000    0.00060    0.00200 
