# Wl(um) F_data(Jy) err_F_data(Jy)  F_tot(Jy) F_dust(Jy) F_midp(Jy) F_star(Jy)  F_rim(Jy) F_nu_Am. $\mathrm{Mg}_{2}\mathrm{SiO}_{4}$(Jy) F_nu_Am. $\mathrm{Mg}_{2}\mathrm{SiO}_{4}$(Jy) F_nu_Am. $\mathrm{Mg}_{2}\mathrm{SiO}_{4}$(Jy) F_nu_Forsterite(Jy) F_nu_Forsterite(Jy) F_nu_Am. MgSiO$_3$(Jy) F_nu_Am. MgSiO$_3$(Jy) F_nu_Am. MgSiO$_3$(Jy) F_nu_Enstatite(Jy) F_nu_Enstatite(Jy) F_nu_Am. SiO$_2$(Jy) F_nu_Am. SiO$_2$(Jy) F_nu_Am. SiO$_2$(Jy) F_nu_Ann. SiO$_2$(Jy) F_nu_Ann. SiO$_2$(Jy) 
 5.26558    0.10715    0.00197    0.10743    0.00387    0.00140    0.02241    0.07976    0.00000    0.00000    0.00015    0.00000    0.00002    0.00001    0.00000    0.00038    0.00001    0.00005    0.00000    0.00000    0.00000    0.00101    0.00224 
 5.33197    0.10634    0.00174    0.10700    0.00398    0.00154    0.02198    0.07951    0.00000    0.00000    0.00016    0.00000    0.00002    0.00001    0.00000    0.00041    0.00001    0.00005    0.00000    0.00000    0.00000    0.00103    0.00229 
 5.39837    0.10637    0.00188    0.10634    0.00385    0.00169    0.02156    0.07924    0.00000    0.00000    0.00017    0.00000    0.00002    0.00002    0.00000    0.00043    0.00001    0.00005    0.00000    0.00000    0.00000    0.00098    0.00218 
 5.46476    0.10559    0.00173    0.10582    0.00387    0.00184    0.02116    0.07895    0.00000    0.00000    0.00018    0.00000    0.00002    0.00002    0.00000    0.00045    0.00001    0.00005    0.00000    0.00000    0.00000    0.00098    0.00217 
 5.53116    0.10614    0.00175    0.10536    0.00394    0.00201    0.02077    0.07864    0.00000    0.00000    0.00019    0.00000    0.00002    0.00002    0.00000    0.00046    0.00001    0.00005    0.00000    0.00000    0.00000    0.00100    0.00220 
 5.59755    0.10484    0.00160    0.10489    0.00401    0.00219    0.02038    0.07831    0.00000    0.00000    0.00021    0.00000    0.00002    0.00002    0.00000    0.00046    0.00001    0.00005    0.00000    0.00000    0.00000    0.00101    0.00223 
 5.66395    0.10577    0.00191    0.10441    0.00406    0.00238    0.02001    0.07797    0.00000    0.00000    0.00022    0.00000    0.00002    0.00002    0.00000    0.00045    0.00001    0.00005    0.00000    0.00000    0.00000    0.00103    0.00226 
 5.73034    0.10606    0.00189    0.10392    0.00409    0.00258    0.01964    0.07761    0.00000    0.00000    0.00023    0.00000    0.00002    0.00002    0.00000    0.00044    0.00001    0.00005    0.00000    0.00000    0.00000    0.00104    0.00228 
 5.79674    0.10481    0.00165    0.10344    0.00412    0.00279    0.01929    0.07724    0.00000    0.00000    0.00025    0.00000    0.00002    0.00002    0.00000    0.00043    0.00001    0.00005    0.00000    0.00000    0.00000    0.00105    0.00229 
 5.86314    0.10545    0.00208    0.10299    0.00418    0.00301    0.01894    0.07685    0.00000    0.00000    0.00027    0.00000    0.00002    0.00002    0.00000    0.00044    0.00001    0.00005    0.00000    0.00000    0.00000    0.00107    0.00231 
 5.92953    0.10397    0.00182    0.10263    0.00433    0.00325    0.01861    0.07645    0.00000    0.00000    0.00029    0.00000    0.00002    0.00002    0.00000    0.00048    0.00001    0.00005    0.00000    0.00000    0.00000    0.00110    0.00236 
 5.99593    0.10277    0.00164    0.10235    0.00454    0.00349    0.01828    0.07604    0.00000    0.00000    0.00031    0.00000    0.00003    0.00002    0.00000    0.00054    0.00001    0.00005    0.00000    0.00000    0.00000    0.00114    0.00244 
 6.06232    0.10305    0.00159    0.10201    0.00469    0.00375    0.01796    0.07562    0.00000    0.00000    0.00034    0.00000    0.00003    0.00002    0.00000    0.00060    0.00001    0.00005    0.00000    0.00000    0.00000    0.00116    0.00247 
 6.12872    0.10157    0.00152    0.10170    0.00485    0.00402    0.01765    0.07519    0.00000    0.00000    0.00037    0.00000    0.00003    0.00002    0.00000    0.00066    0.00001    0.00006    0.00000    0.00000    0.00000    0.00119    0.00252 
 6.19511    0.10129    0.00138    0.10138    0.00499    0.00430    0.01735    0.07475    0.00000    0.00000    0.00039    0.00000    0.00003    0.00003    0.00000    0.00073    0.00001    0.00006    0.00000    0.00000    0.00000    0.00120    0.00254 
 6.26151    0.10099    0.00120    0.10103    0.00509    0.00459    0.01705    0.07430    0.00000    0.00000    0.00042    0.00000    0.00003    0.00003    0.00000    0.00080    0.00001    0.00006    0.00000    0.00000    0.00000    0.00121    0.00253 
 6.32790    0.10052    0.00118    0.10069    0.00518    0.00490    0.01676    0.07385    0.00000    0.00000    0.00045    0.00000    0.00003    0.00003    0.00000    0.00086    0.00001    0.00006    0.00000    0.00000    0.00000    0.00121    0.00253 
 6.39430    0.10042    0.00161    0.10036    0.00528    0.00521    0.01648    0.07339    0.00000    0.00000    0.00047    0.00000    0.00003    0.00003    0.00000    0.00088    0.00001    0.00006    0.00000    0.00000    0.00000    0.00123    0.00256 
 6.92546    0.09937    0.00220    0.09807    0.00585    0.00821    0.01446    0.06956    0.00000    0.00000    0.00052    0.00000    0.00005    0.00003    0.00000    0.00068    0.00001    0.00007    0.00000    0.00000    0.00000    0.00151    0.00297 
 6.99186    0.09978    0.00229    0.09792    0.00599    0.00864    0.01423    0.06906    0.00000    0.00000    0.00052    0.00000    0.00005    0.00003    0.00000    0.00072    0.00001    0.00007    0.00000    0.00000    0.00000    0.00155    0.00303 
 7.05826    0.09930    0.00172    0.09779    0.00613    0.00908    0.01401    0.06857    0.00000    0.00000    0.00053    0.00000    0.00005    0.00003    0.00000    0.00076    0.00002    0.00008    0.00000    0.00000    0.00000    0.00159    0.00308 
 7.12465    0.09999    0.00197    0.09769    0.00628    0.00954    0.01379    0.06808    0.00000    0.00000    0.00053    0.00000    0.00005    0.00003    0.00000    0.00080    0.00002    0.00008    0.00000    0.00000    0.00000    0.00163    0.00314 
 7.19105    0.09978    0.00177    0.09765    0.00648    0.01000    0.01358    0.06759    0.00000    0.00000    0.00056    0.00000    0.00005    0.00004    0.00000    0.00083    0.00002    0.00009    0.00000    0.00000    0.00000    0.00169    0.00321 
 7.25744    0.10004    0.00163    0.09766    0.00671    0.01048    0.01337    0.06709    0.00000    0.00000    0.00060    0.00000    0.00006    0.00004    0.00000    0.00087    0.00002    0.00009    0.00000    0.00000    0.00000    0.00174    0.00329 
 7.32384    0.09946    0.00162    0.09771    0.00697    0.01098    0.01317    0.06660    0.00000    0.00000    0.00064    0.00000    0.00006    0.00004    0.00000    0.00090    0.00002    0.00010    0.00000    0.00000    0.00000    0.00182    0.00339 
 7.39023    0.10107    0.00183    0.09784    0.00729    0.01148    0.01297    0.06610    0.00000    0.00000    0.00072    0.00000    0.00006    0.00004    0.00000    0.00094    0.00002    0.00010    0.00000    0.00000    0.00000    0.00190    0.00350 
 7.45663    0.10116    0.00196    0.09803    0.00764    0.01200    0.01278    0.06561    0.00000    0.00000    0.00082    0.00000    0.00007    0.00004    0.00000    0.00097    0.00002    0.00011    0.00000    0.00000    0.00000    0.00199    0.00362 
 7.52302    0.09978    0.00199    0.09827    0.00803    0.01253    0.01259    0.06512    0.00000    0.00000    0.00092    0.00000    0.00007    0.00005    0.00000    0.00100    0.00003    0.00015    0.00000    0.00000    0.00000    0.00207    0.00374 
 7.58942    0.10018    0.00184    0.09926    0.00915    0.01307    0.01240    0.06463    0.00000    0.00000    0.00106    0.00000    0.00007    0.00007    0.00000    0.00158    0.00005    0.00025    0.00000    0.00000    0.00000    0.00218    0.00388 
 7.65582    0.10027    0.00160    0.10065    0.01067    0.01362    0.01222    0.06414    0.00000    0.00000    0.00124    0.00000    0.00008    0.00012    0.00000    0.00249    0.00007    0.00034    0.00000    0.00000    0.00000    0.00230    0.00403 
 7.72221    0.10173    0.00170    0.10210    0.01222    0.01419    0.01204    0.06365    0.00000    0.00000    0.00141    0.00000    0.00008    0.00017    0.00000    0.00336    0.00010    0.00044    0.00000    0.00000    0.00000    0.00244    0.00422 
 7.78861    0.10164    0.00143    0.10404    0.01424    0.01476    0.01187    0.06316    0.00000    0.00000    0.00164    0.00000    0.00009    0.00024    0.00000    0.00454    0.00012    0.00053    0.00000    0.00000    0.00000    0.00263    0.00445 
 7.85500    0.10335    0.00136    0.10605    0.01632    0.01535    0.01170    0.06268    0.00000    0.00000    0.00187    0.00000    0.00009    0.00032    0.00000    0.00566    0.00014    0.00062    0.00000    0.00000    0.00000    0.00287    0.00475 
 7.92140    0.10524    0.00136    0.10830    0.01862    0.01595    0.01153    0.06220    0.00000    0.00000    0.00212    0.00000    0.00010    0.00041    0.00000    0.00682    0.00016    0.00070    0.00000    0.00000    0.00000    0.00318    0.00513 
 7.98779    0.10704    0.00103    0.11085    0.02120    0.01656    0.01137    0.06172    0.00000    0.00000    0.00240    0.00000    0.00010    0.00052    0.00000    0.00814    0.00018    0.00079    0.00000    0.00000    0.00000    0.00352    0.00555 
 8.05419    0.11190    0.00123    0.11316    0.02353    0.01718    0.01121    0.06124    0.00000    0.00000    0.00268    0.00000    0.00011    0.00064    0.00000    0.00930    0.00020    0.00085    0.00000    0.00000    0.00000    0.00384    0.00592 
 8.12058    0.11446    0.00078    0.11579    0.02616    0.01781    0.01106    0.06076    0.00000    0.00000    0.00300    0.00000    0.00012    0.00078    0.00000    0.01058    0.00022    0.00094    0.00000    0.00000    0.00000    0.00421    0.00632 
 8.18698    0.11924    0.00076    0.11856    0.02892    0.01845    0.01090    0.06029    0.00000    0.00000    0.00332    0.00000    0.00013    0.00093    0.00000    0.01181    0.00022    0.00093    0.00000    0.00000    0.00000    0.00473    0.00686 
 8.25338    0.12267    0.00073    0.12153    0.03185    0.01911    0.01075    0.05982    0.00000    0.00000    0.00364    0.00000    0.00014    0.00109    0.00000    0.01290    0.00022    0.00092    0.00000    0.00000    0.00000    0.00541    0.00754 
 8.31977    0.12700    0.00071    0.12484    0.03512    0.01977    0.01061    0.05935    0.00000    0.00000    0.00400    0.00000    0.00015    0.00127    0.00000    0.01406    0.00025    0.00100    0.00000    0.00000    0.00000    0.00612    0.00827 
 8.38617    0.12902    0.00072    0.12631    0.03652    0.02044    0.01046    0.05888    0.00000    0.00000    0.00439    0.00000    0.00016    0.00147    0.00000    0.01512    0.00026    0.00103    0.00000    0.00000    0.00000    0.00592    0.00818 
 8.45256    0.13234    0.00074    0.12865    0.03879    0.02112    0.01032    0.05842    0.00000    0.00000    0.00484    0.00000    0.00017    0.00167    0.00000    0.01612    0.00027    0.00106    0.00000    0.00000    0.00000    0.00628    0.00837 
 8.51896    0.13548    0.00067    0.13232    0.04236    0.02181    0.01018    0.05796    0.00000    0.00000    0.00540    0.00000    0.00019    0.00189    0.00000    0.01705    0.00030    0.00114    0.00000    0.00000    0.00000    0.00728    0.00911 
 8.58535    0.13754    0.00068    0.13592    0.04585    0.02251    0.01005    0.05751    0.00000    0.00000    0.00600    0.00000    0.00021    0.00212    0.00000    0.01790    0.00033    0.00122    0.00000    0.00000    0.00000    0.00825    0.00982 
 8.65175    0.14069    0.00064    0.13960    0.04942    0.02322    0.00991    0.05705    0.00000    0.00000    0.00674    0.00000    0.00024    0.00235    0.00000    0.01870    0.00040    0.00139    0.00000    0.00000    0.00000    0.00913    0.01047 
 8.71814    0.14425    0.00078    0.14361    0.05328    0.02394    0.00978    0.05660    0.00000    0.00000    0.00751    0.00000    0.00027    0.00258    0.00000    0.01942    0.00059    0.00191    0.00000    0.00000    0.00000    0.00992    0.01109 
 8.78454    0.14751    0.00071    0.14790    0.05742    0.02467    0.00965    0.05616    0.00000    0.00000    0.00839    0.00000    0.00031    0.00280    0.00000    0.02010    0.00094    0.00265    0.00000    0.00000    0.00000    0.01057    0.01165 
 8.85094    0.15172    0.00045    0.15284    0.06219    0.02540    0.00953    0.05571    0.00000    0.00000    0.00933    0.00000    0.00037    0.00303    0.00000    0.02073    0.00151    0.00383    0.00000    0.00000    0.00000    0.01120    0.01219 
 8.91733    0.15534    0.00048    0.15712    0.06630    0.02615    0.00941    0.05527    0.00000    0.00000    0.01032    0.00000    0.00045    0.00326    0.00000    0.02134    0.00197    0.00420    0.00000    0.00000    0.00000    0.01197    0.01279 
 8.98373    0.16002    0.00056    0.16273    0.07171    0.02690    0.00929    0.05484    0.00000    0.00000    0.01133    0.00000    0.00058    0.00348    0.00000    0.02192    0.00271    0.00518    0.00000    0.00000    0.00000    0.01297    0.01354 
 9.05012    0.16463    0.00059    0.16812    0.07689    0.02766    0.00917    0.05440    0.00000    0.00000    0.01234    0.00000    0.00081    0.00369    0.00000    0.02248    0.00327    0.00590    0.00000    0.00000    0.00000    0.01394    0.01446 
 9.11652    0.16912    0.00058    0.17214    0.08068    0.02843    0.00905    0.05397    0.00000    0.00000    0.01331    0.00000    0.00123    0.00390    0.00000    0.02301    0.00369    0.00655    0.00000    0.00000    0.00000    0.01378    0.01521 
 9.18291    0.17295    0.00048    0.17356    0.08188    0.02920    0.00894    0.05355    0.00000    0.00000    0.01421    0.00000    0.00204    0.00408    0.00000    0.02351    0.00385    0.00706    0.00000    0.00000    0.00000    0.01183    0.01530 
 9.24931    0.17533    0.00059    0.17284    0.08091    0.02998    0.00883    0.05313    0.00000    0.00000    0.01503    0.00000    0.00273    0.00425    0.00000    0.02397    0.00355    0.00723    0.00000    0.00000    0.00000    0.00945    0.01470 
 9.31570    0.17598    0.00045    0.17159    0.07939    0.03077    0.00872    0.05271    0.00000    0.00000    0.01576    0.00000    0.00276    0.00437    0.00000    0.02441    0.00309    0.00723    0.00000    0.00000    0.00000    0.00784    0.01394 
 9.38210    0.17439    0.00058    0.17023    0.07776    0.03157    0.00861    0.05229    0.00000    0.00000    0.01640    0.00000    0.00308    0.00446    0.00000    0.02480    0.00236    0.00689    0.00000    0.00000    0.00000    0.00663    0.01313 
 9.44850    0.17230    0.00071    0.16916    0.07641    0.03237    0.00850    0.05188    0.00000    0.00000    0.01697    0.00000    0.00374    0.00452    0.00000    0.02516    0.00184    0.00613    0.00000    0.00000    0.00000    0.00573    0.01232 
 9.51489    0.17030    0.00064    0.16924    0.07620    0.03318    0.00840    0.05147    0.00000    0.00000    0.01748    0.00000    0.00434    0.00455    0.00000    0.02550    0.00179    0.00590    0.00000    0.00000    0.00000    0.00506    0.01157 
 9.58129    0.16766    0.00074    0.17004    0.07669    0.03399    0.00830    0.05106    0.00000    0.00000    0.01792    0.00000    0.00495    0.00454    0.00000    0.02579    0.00193    0.00615    0.00000    0.00000    0.00000    0.00453    0.01089 
 9.64768    0.16700    0.00056    0.16929    0.07561    0.03482    0.00820    0.05066    0.00000    0.00000    0.01830    0.00000    0.00532    0.00450    0.00000    0.02606    0.00163    0.00553    0.00000    0.00000    0.00000    0.00406    0.01021 
 9.71408    0.16695    0.00060    0.16934    0.07534    0.03564    0.00810    0.05026    0.00000    0.00000    0.01863    0.00000    0.00555    0.00444    0.00000    0.02630    0.00179    0.00550    0.00000    0.00000    0.00000    0.00362    0.00951 
 9.78047    0.16828    0.00049    0.17069    0.07634    0.03647    0.00800    0.04987    0.00000    0.00000    0.01892    0.00000    0.00560    0.00435    0.00000    0.02651    0.00241    0.00655    0.00000    0.00000    0.00000    0.00323    0.00877 
 9.84687    0.16998    0.00061    0.17182    0.07713    0.03731    0.00791    0.04948    0.00000    0.00000    0.01915    0.00000    0.00594    0.00424    0.00000    0.02669    0.00270    0.00749    0.00000    0.00000    0.00000    0.00288    0.00804 
 9.91326    0.17099    0.00067    0.17109    0.07604    0.03815    0.00781    0.04909    0.00000    0.00000    0.01935    0.00000    0.00629    0.00412    0.00000    0.02685    0.00231    0.00722    0.00000    0.00000    0.00000    0.00257    0.00733 
 9.97966    0.16944    0.00063    0.16876    0.07333    0.03900    0.00772    0.04870    0.00000    0.00000    0.01951    0.00000    0.00643    0.00398    0.00000    0.02698    0.00175    0.00571    0.00000    0.00000    0.00000    0.00231    0.00665 
10.04606    0.16946    0.00074    0.16872    0.07291    0.03985    0.00763    0.04832    0.00000    0.00000    0.01964    0.00000    0.00678    0.00385    0.00000    0.02709    0.00195    0.00550    0.00000    0.00000    0.00000    0.00208    0.00603 
10.11245    0.17022    0.00079    0.17078    0.07458    0.04071    0.00754    0.04795    0.00000    0.00000    0.01976    0.00000    0.00789    0.00371    0.00000    0.02719    0.00249    0.00618    0.00000    0.00000    0.00000    0.00189    0.00548 
10.17885    0.17093    0.00079    0.17237    0.07577    0.04157    0.00746    0.04757    0.00000    0.00000    0.01985    0.00000    0.00861    0.00357    0.00000    0.02727    0.00297    0.00687    0.00000    0.00000    0.00000    0.00171    0.00495 
10.24524    0.17125    0.00080    0.17104    0.07403    0.04244    0.00737    0.04720    0.00000    0.00000    0.01992    0.00000    0.00725    0.00343    0.00000    0.02733    0.00300    0.00704    0.00000    0.00000    0.00000    0.00156    0.00449 
10.31164    0.17155    0.00062    0.17090    0.07347    0.04331    0.00729    0.04683    0.00000    0.00000    0.01997    0.00000    0.00709    0.00329    0.00000    0.02737    0.00304    0.00719    0.00000    0.00000    0.00000    0.00143    0.00409 
10.37803    0.17212    0.00069    0.17234    0.07449    0.04418    0.00720    0.04647    0.00000    0.00000    0.02001    0.00000    0.00831    0.00315    0.00000    0.02740    0.00309    0.00746    0.00000    0.00000    0.00000    0.00132    0.00374 
10.44443    0.17324    0.00050    0.17290    0.07461    0.04506    0.00712    0.04611    0.00000    0.00000    0.02003    0.00000    0.00891    0.00302    0.00000    0.02740    0.00296    0.00762    0.00000    0.00000    0.00000    0.00123    0.00345 
10.51082    0.17286    0.00059    0.17347    0.07473    0.04594    0.00704    0.04575    0.00000    0.00000    0.02004    0.00000    0.00981    0.00288    0.00000    0.02738    0.00269    0.00761    0.00000    0.00000    0.00000    0.00114    0.00318 
10.57722    0.17416    0.00056    0.17402    0.07484    0.04682    0.00696    0.04540    0.00000    0.00000    0.02003    0.00000    0.01072    0.00275    0.00000    0.02734    0.00242    0.00760    0.00000    0.00000    0.00000    0.00106    0.00292 
10.64362    0.17491    0.00053    0.17444    0.07479    0.04771    0.00689    0.04505    0.00000    0.00000    0.02001    0.00000    0.01133    0.00261    0.00000    0.02728    0.00219    0.00768    0.00000    0.00000    0.00000    0.00099    0.00271 
10.71001    0.17466    0.00054    0.17494    0.07483    0.04860    0.00681    0.04470    0.00000    0.00000    0.01997    0.00000    0.01194    0.00248    0.00000    0.02718    0.00202    0.00780    0.00000    0.00000    0.00000    0.00093    0.00251 
10.77641    0.17409    0.00053    0.17499    0.07440    0.04949    0.00674    0.04436    0.00000    0.00000    0.01992    0.00000    0.01229    0.00235    0.00000    0.02706    0.00191    0.00765    0.00000    0.00000    0.00000    0.00088    0.00235 
10.84280    0.17354    0.00048    0.17404    0.07298    0.05038    0.00666    0.04402    0.00000    0.00000    0.01985    0.00000    0.01242    0.00222    0.00000    0.02690    0.00174    0.00681    0.00000    0.00000    0.00000    0.00083    0.00220 
10.90920    0.17299    0.00051    0.17292    0.07137    0.05128    0.00659    0.04368    0.00000    0.00000    0.01977    0.00000    0.01283    0.00210    0.00000    0.02670    0.00139    0.00571    0.00000    0.00000    0.00000    0.00079    0.00207 
10.97559    0.17206    0.00051    0.17272    0.07068    0.05218    0.00652    0.04335    0.00000    0.00000    0.01968    0.00000    0.01338    0.00197    0.00000    0.02646    0.00138    0.00510    0.00000    0.00000    0.00000    0.00075    0.00196 
11.04199    0.17336    0.00060    0.17397    0.07142    0.05308    0.00645    0.04302    0.00000    0.00000    0.01958    0.00000    0.01415    0.00185    0.00000    0.02617    0.00167    0.00544    0.00000    0.00000    0.00000    0.00072    0.00185 
11.10838    0.17361    0.00056    0.17433    0.07128    0.05398    0.00638    0.04269    0.00000    0.00000    0.01946    0.00000    0.01476    0.00173    0.00000    0.02582    0.00152    0.00555    0.00000    0.00000    0.00000    0.00069    0.00176 
11.17478    0.17362    0.00047    0.17365    0.07009    0.05488    0.00631    0.04237    0.00000    0.00000    0.01933    0.00000    0.01486    0.00162    0.00000    0.02541    0.00120    0.00533    0.00000    0.00000    0.00000    0.00066    0.00168 
11.24118    0.17289    0.00065    0.17266    0.06859    0.05579    0.00624    0.04205    0.00000    0.00000    0.01920    0.00000    0.01495    0.00150    0.00000    0.02491    0.00095    0.00481    0.00000    0.00000    0.00000    0.00064    0.00162 
11.30757    0.17118    0.00066    0.17244    0.06783    0.05670    0.00618    0.04173    0.00000    0.00000    0.01907    0.00000    0.01530    0.00139    0.00000    0.02434    0.00097    0.00458    0.00000    0.00000    0.00000    0.00062    0.00156 
11.37397    0.16909    0.00080    0.17288    0.06775    0.05760    0.00611    0.04141    0.00000    0.00000    0.01893    0.00000    0.01545    0.00128    0.00000    0.02367    0.00133    0.00495    0.00000    0.00000    0.00000    0.00062    0.00153 
11.44036    0.16912    0.00064    0.17257    0.06691    0.05851    0.00605    0.04110    0.00000    0.00000    0.01880    0.00000    0.01515    0.00118    0.00000    0.02289    0.00158    0.00521    0.00000    0.00000    0.00000    0.00061    0.00149 
11.50676    0.16790    0.00064    0.17055    0.06435    0.05942    0.00599    0.04079    0.00000    0.00000    0.01868    0.00000    0.01361    0.00107    0.00000    0.02201    0.00160    0.00532    0.00000    0.00000    0.00000    0.00060    0.00147 
11.57315    0.16641    0.00123    0.16595    0.05920    0.06033    0.00593    0.04049    0.00000    0.00000    0.01854    0.00000    0.00997    0.00097    0.00000    0.02101    0.00140    0.00524    0.00000    0.00000    0.00000    0.00060    0.00146 
11.63955    0.16401    0.00094    0.16145    0.05416    0.06124    0.00587    0.04018    0.00000    0.00000    0.01840    0.00000    0.00681    0.00088    0.00000    0.01992    0.00113    0.00495    0.00000    0.00000    0.00000    0.00061    0.00146 
11.70594    0.16183    0.00079    0.15777    0.04992    0.06216    0.00581    0.03988    0.00000    0.00000    0.01825    0.00000    0.00479    0.00079    0.00000    0.01872    0.00083    0.00447    0.00000    0.00000    0.00000    0.00061    0.00146 
11.77234    0.15899    0.00112    0.15555    0.04715    0.06307    0.00575    0.03959    0.00000    0.00000    0.01807    0.00000    0.00489    0.00071    0.00000    0.01753    0.00052    0.00334    0.00000    0.00000    0.00000    0.00063    0.00148 
11.83874    0.15672    0.00108    0.15472    0.04576    0.06398    0.00569    0.03929    0.00000    0.00000    0.01787    0.00000    0.00649    0.00063    0.00000    0.01623    0.00031    0.00210    0.00000    0.00000    0.00000    0.00064    0.00149 
11.90513    0.15489    0.00086    0.15423    0.04470    0.06489    0.00563    0.03900    0.00000    0.00000    0.01760    0.00000    0.00755    0.00057    0.00000    0.01510    0.00022    0.00146    0.00000    0.00000    0.00000    0.00066    0.00153 
11.97153    0.15245    0.00051    0.15203    0.04194    0.06581    0.00557    0.03871    0.00000    0.00000    0.01730    0.00000    0.00650    0.00052    0.00000    0.01396    0.00019    0.00120    0.00000    0.00000    0.00000    0.00069    0.00158 
12.03792    0.15055    0.00056    0.14906    0.03839    0.06672    0.00552    0.03843    0.00000    0.00000    0.01692    0.00000    0.00436    0.00048    0.00000    0.01307    0.00016    0.00100    0.00000    0.00000    0.00000    0.00073    0.00167 
12.10432    0.14904    0.00099    0.14688    0.03564    0.06763    0.00546    0.03814    0.00000    0.00000    0.01645    0.00000    0.00275    0.00045    0.00000    0.01237    0.00015    0.00089    0.00000    0.00000    0.00000    0.00080    0.00179 
12.17071    0.14775    0.00073    0.14562    0.03381    0.06854    0.00541    0.03786    0.00000    0.00000    0.01593    0.00000    0.00189    0.00043    0.00000    0.01175    0.00014    0.00080    0.00000    0.00000    0.00000    0.00090    0.00198 
12.23711    0.14749    0.00073    0.14516    0.03277    0.06945    0.00536    0.03759    0.00000    0.00000    0.01531    0.00000    0.00139    0.00042    0.00000    0.01143    0.00013    0.00075    0.00000    0.00000    0.00000    0.00106    0.00228 
12.30350    0.14661    0.00111    0.14541    0.03243    0.07036    0.00531    0.03731    0.00000    0.00000    0.01461    0.00000    0.00109    0.00042    0.00000    0.01122    0.00014    0.00079    0.00000    0.00000    0.00000    0.00134    0.00282 
12.36990    0.14737    0.00111    0.14626    0.03269    0.07127    0.00525    0.03704    0.00000    0.00000    0.01384    0.00000    0.00090    0.00042    0.00000    0.01111    0.00013    0.00071    0.00000    0.00000    0.00000    0.00185    0.00374 
12.43630    0.14964    0.00098    0.14807    0.03392    0.07218    0.00520    0.03677    0.00000    0.00000    0.01301    0.00000    0.00076    0.00043    0.00000    0.01122    0.00013    0.00070    0.00000    0.00000    0.00000    0.00260    0.00508 
12.50269    0.15077    0.00103    0.14968    0.03494    0.07309    0.00515    0.03650    0.00000    0.00000    0.01210    0.00000    0.00066    0.00044    0.00000    0.01131    0.00011    0.00062    0.00000    0.00000    0.00000    0.00330    0.00638 
12.56909    0.15131    0.00085    0.15060    0.03527    0.07399    0.00510    0.03624    0.00000    0.00000    0.01121    0.00000    0.00059    0.00046    0.00000    0.01148    0.00012    0.00066    0.00000    0.00000    0.00000    0.00360    0.00715 
12.63548    0.15076    0.00137    0.15021    0.03428    0.07490    0.00505    0.03598    0.00000    0.00000    0.01030    0.00000    0.00053    0.00048    0.00000    0.01167    0.00012    0.00065    0.00000    0.00000    0.00000    0.00340    0.00713 
12.70188    0.14901    0.00092    0.14869    0.03216    0.07580    0.00501    0.03572    0.00000    0.00000    0.00938    0.00000    0.00049    0.00049    0.00000    0.01185    0.00012    0.00065    0.00000    0.00000    0.00000    0.00283    0.00633 
12.76827    0.14758    0.00142    0.14691    0.02978    0.07671    0.00496    0.03546    0.00000    0.00000    0.00863    0.00000    0.00045    0.00051    0.00000    0.01199    0.00012    0.00062    0.00000    0.00000    0.00000    0.00224    0.00523 
12.83467    0.14653    0.00139    0.14543    0.02770    0.07761    0.00491    0.03521    0.00000    0.00000    0.00793    0.00000    0.00042    0.00052    0.00000    0.01212    0.00013    0.00066    0.00000    0.00000    0.00000    0.00174    0.00419 
12.90106    0.14499    0.00134    0.14409    0.02576    0.07851    0.00487    0.03496    0.00000    0.00000    0.00724    0.00000    0.00040    0.00053    0.00000    0.01224    0.00011    0.00059    0.00000    0.00000    0.00000    0.00136    0.00330 
12.96680    0.14459    0.00092    0.14342    0.02449    0.07940    0.00482    0.03471    0.00000    0.00000    0.00675    0.00000    0.00038    0.00054    0.00000    0.01232    0.00013    0.00064    0.00000    0.00000    0.00000    0.00109    0.00265 
13.03254    0.14471    0.00141    0.14315    0.02362    0.08028    0.00478    0.03447    0.00000    0.00000    0.00632    0.00000    0.00037    0.00054    0.00000    0.01238    0.00013    0.00067    0.00000    0.00000    0.00000    0.00094    0.00228 
13.09861    0.14431    0.00141    0.14304    0.02291    0.08117    0.00473    0.03422    0.00000    0.00000    0.00591    0.00000    0.00035    0.00055    0.00000    0.01242    0.00013    0.00065    0.00000    0.00000    0.00000    0.00085    0.00204 
13.16502    0.14453    0.00131    0.14330    0.02256    0.08207    0.00469    0.03398    0.00000    0.00000    0.00571    0.00000    0.00034    0.00055    0.00000    0.01243    0.00014    0.00071    0.00000    0.00000    0.00000    0.00079    0.00189 
13.23176    0.14480    0.00172    0.14365    0.02230    0.08296    0.00465    0.03374    0.00000    0.00000    0.00555    0.00000    0.00033    0.00055    0.00000    0.01242    0.00016    0.00078    0.00000    0.00000    0.00000    0.00074    0.00177 
13.29883    0.14471    0.00180    0.14400    0.02204    0.08386    0.00460    0.03350    0.00000    0.00000    0.00540    0.00000    0.00033    0.00055    0.00000    0.01241    0.00017    0.00081    0.00000    0.00000    0.00000    0.00070    0.00166 
14.20235    0.15293    0.00179    0.15294    0.02265    0.09571    0.00408    0.03049    0.00000    0.00000    0.00707    0.00000    0.00034    0.00054    0.00000    0.01144    0.00030    0.00129    0.00000    0.00000    0.00000    0.00051    0.00116 
14.27433    0.15322    0.00187    0.15428    0.02333    0.09664    0.00404    0.03027    0.00000    0.00000    0.00728    0.00000    0.00035    0.00054    0.00000    0.01140    0.00042    0.00168    0.00000    0.00000    0.00000    0.00051    0.00115 
14.34668    0.15581    0.00172    0.15573    0.02412    0.09756    0.00401    0.03004    0.00000    0.00000    0.00752    0.00000    0.00036    0.00054    0.00000    0.01140    0.00053    0.00211    0.00000    0.00000    0.00000    0.00051    0.00114 
14.41940    0.15644    0.00189    0.15674    0.02446    0.09848    0.00397    0.02982    0.00000    0.00000    0.00775    0.00000    0.00038    0.00055    0.00000    0.01140    0.00053    0.00220    0.00000    0.00000    0.00000    0.00051    0.00114 
14.49248    0.15721    0.00153    0.15732    0.02437    0.09941    0.00393    0.02960    0.00000    0.00000    0.00798    0.00000    0.00039    0.00055    0.00000    0.01141    0.00044    0.00195    0.00000    0.00000    0.00000    0.00051    0.00113 
14.56593    0.15747    0.00131    0.15798    0.02436    0.10034    0.00390    0.02938    0.00000    0.00000    0.00821    0.00000    0.00041    0.00056    0.00000    0.01142    0.00039    0.00174    0.00000    0.00000    0.00000    0.00051    0.00113 
14.63976    0.15843    0.00172    0.15897    0.02468    0.10126    0.00386    0.02917    0.00000    0.00000    0.00843    0.00000    0.00043    0.00057    0.00000    0.01147    0.00039    0.00175    0.00000    0.00000    0.00000    0.00051    0.00114 
14.71396    0.15900    0.00187    0.16012    0.02516    0.10219    0.00382    0.02895    0.00000    0.00000    0.00864    0.00000    0.00045    0.00058    0.00000    0.01161    0.00041    0.00179    0.00000    0.00000    0.00000    0.00052    0.00114 
14.78853    0.15876    0.00164    0.16119    0.02555    0.10312    0.00379    0.02873    0.00000    0.00000    0.00886    0.00000    0.00048    0.00060    0.00000    0.01177    0.00040    0.00177    0.00000    0.00000    0.00000    0.00052    0.00115 
15.16709    0.16636    0.00151    0.16745    0.02839    0.10777    0.00361    0.02768    0.00000    0.00000    0.00982    0.00000    0.00073    0.00071    0.00000    0.01292    0.00047    0.00193    0.00000    0.00000    0.00000    0.00057    0.00123 
15.24395    0.16832    0.00155    0.16937    0.02962    0.10870    0.00358    0.02747    0.00000    0.00000    0.00999    0.00000    0.00082    0.00074    0.00000    0.01324    0.00060    0.00238    0.00000    0.00000    0.00000    0.00059    0.00126 
15.32121    0.17125    0.00166    0.17116    0.03072    0.10963    0.00355    0.02726    0.00000    0.00000    0.01016    0.00000    0.00095    0.00077    0.00000    0.01355    0.00069    0.00269    0.00000    0.00000    0.00000    0.00061    0.00130 
15.39885    0.17452    0.00160    0.17291    0.03178    0.11056    0.00351    0.02705    0.00000    0.00000    0.01032    0.00000    0.00112    0.00081    0.00000    0.01390    0.00075    0.00288    0.00000    0.00000    0.00000    0.00064    0.00137 
15.47689    0.17623    0.00228    0.17453    0.03270    0.11149    0.00348    0.02685    0.00000    0.00000    0.01048    0.00000    0.00137    0.00085    0.00000    0.01433    0.00071    0.00284    0.00000    0.00000    0.00000    0.00069    0.00145 
15.55532    0.17616    0.00150    0.17594    0.03343    0.11242    0.00345    0.02665    0.00000    0.00000    0.01062    0.00000    0.00173    0.00089    0.00000    0.01476    0.00060    0.00251    0.00000    0.00000    0.00000    0.00075    0.00156 
15.63415    0.17715    0.00199    0.17738    0.03417    0.11335    0.00342    0.02644    0.00000    0.00000    0.01077    0.00000    0.00223    0.00093    0.00000    0.01517    0.00047    0.00206    0.00000    0.00000    0.00000    0.00082    0.00171 
15.71337    0.17873    0.00198    0.17908    0.03517    0.11428    0.00339    0.02624    0.00000    0.00000    0.01092    0.00000    0.00281    0.00098    0.00000    0.01557    0.00038    0.00166    0.00000    0.00000    0.00000    0.00094    0.00193 
15.79300    0.18045    0.00167    0.18135    0.03674    0.11521    0.00335    0.02604    0.00000    0.00000    0.01106    0.00000    0.00342    0.00103    0.00000    0.01601    0.00035    0.00153    0.00000    0.00000    0.00000    0.00110    0.00224 
15.87303    0.18206    0.00147    0.18393    0.03863    0.11613    0.00332    0.02584    0.00000    0.00000    0.01121    0.00000    0.00400    0.00108    0.00000    0.01648    0.00034    0.00144    0.00000    0.00000    0.00000    0.00136    0.00273 
15.95346    0.18657    0.00173    0.18680    0.04081    0.11706    0.00329    0.02565    0.00000    0.00000    0.01135    0.00000    0.00452    0.00113    0.00000    0.01693    0.00033    0.00138    0.00000    0.00000    0.00000    0.00173    0.00343 
16.03430    0.19128    0.00214    0.18950    0.04280    0.11799    0.00326    0.02545    0.00000    0.00000    0.01150    0.00000    0.00496    0.00118    0.00000    0.01737    0.00032    0.00130    0.00000    0.00000    0.00000    0.00207    0.00410 
16.11555    0.19161    0.00162    0.19152    0.04413    0.11891    0.00323    0.02525    0.00000    0.00000    0.01164    0.00000    0.00530    0.00123    0.00000    0.01779    0.00034    0.00135    0.00000    0.00000    0.00000    0.00214    0.00433 
16.19721    0.19318    0.00168    0.19258    0.04448    0.11984    0.00320    0.02506    0.00000    0.00000    0.01180    0.00000    0.00557    0.00129    0.00000    0.01826    0.00040    0.00153    0.00000    0.00000    0.00000    0.00182    0.00381 
16.27929    0.19179    0.00177    0.19304    0.04425    0.12076    0.00317    0.02487    0.00000    0.00000    0.01196    0.00000    0.00576    0.00134    0.00000    0.01872    0.00046    0.00168    0.00000    0.00000    0.00000    0.00138    0.00295 
16.36178    0.19087    0.00154    0.19371    0.04421    0.12168    0.00314    0.02467    0.00000    0.00000    0.01211    0.00000    0.00578    0.00140    0.00000    0.01916    0.00054    0.00188    0.00000    0.00000    0.00000    0.00106    0.00228 
16.44468    0.19180    0.00137    0.19460    0.04441    0.12260    0.00311    0.02448    0.00000    0.00000    0.01227    0.00000    0.00552    0.00146    0.00000    0.01958    0.00064    0.00216    0.00000    0.00000    0.00000    0.00089    0.00190 
16.52801    0.19191    0.00140    0.19547    0.04457    0.12352    0.00308    0.02429    0.00000    0.00000    0.01243    0.00000    0.00499    0.00151    0.00000    0.02001    0.00075    0.00242    0.00000    0.00000    0.00000    0.00079    0.00168 
16.61175    0.19385    0.00156    0.19623    0.04463    0.12444    0.00305    0.02411    0.00000    0.00000    0.01262    0.00000    0.00427    0.00157    0.00000    0.02044    0.00084    0.00263    0.00000    0.00000    0.00000    0.00073    0.00155 
16.69592    0.19455    0.00173    0.19688    0.04458    0.12536    0.00302    0.02392    0.00000    0.00000    0.01279    0.00000    0.00350    0.00162    0.00000    0.02086    0.00090    0.00275    0.00000    0.00000    0.00000    0.00070    0.00147 
16.78052    0.19388    0.00176    0.19791    0.04492    0.12627    0.00300    0.02373    0.00000    0.00000    0.01297    0.00000    0.00285    0.00167    0.00000    0.02126    0.00100    0.00303    0.00000    0.00000    0.00000    0.00068    0.00144 
16.86554    0.19650    0.00188    0.19908    0.04538    0.12718    0.00297    0.02355    0.00000    0.00000    0.01315    0.00000    0.00240    0.00173    0.00000    0.02165    0.00109    0.00327    0.00000    0.00000    0.00000    0.00068    0.00142 
16.95099    0.19900    0.00203    0.20036    0.04596    0.12809    0.00294    0.02336    0.00000    0.00000    0.01334    0.00000    0.00213    0.00177    0.00000    0.02204    0.00115    0.00343    0.00000    0.00000    0.00000    0.00068    0.00142 
17.03688    0.20059    0.00193    0.20187    0.04677    0.12900    0.00291    0.02318    0.00000    0.00000    0.01353    0.00000    0.00200    0.00182    0.00000    0.02241    0.00122    0.00367    0.00000    0.00000    0.00000    0.00069    0.00142 
17.12320    0.20331    0.00187    0.20351    0.04771    0.12991    0.00288    0.02300    0.00000    0.00000    0.01372    0.00000    0.00198    0.00187    0.00000    0.02277    0.00130    0.00392    0.00000    0.00000    0.00000    0.00071    0.00145 
17.20995    0.20524    0.00221    0.20533    0.04884    0.13082    0.00286    0.02282    0.00000    0.00000    0.01391    0.00000    0.00204    0.00191    0.00000    0.02312    0.00138    0.00423    0.00000    0.00000    0.00000    0.00074    0.00150 
17.29715    0.20756    0.00205    0.20733    0.05014    0.13172    0.00283    0.02264    0.00000    0.00000    0.01410    0.00000    0.00220    0.00195    0.00000    0.02345    0.00149    0.00466    0.00000    0.00000    0.00000    0.00075    0.00153 
17.38479    0.21018    0.00194    0.20961    0.05172    0.13262    0.00280    0.02246    0.00000    0.00000    0.01430    0.00000    0.00248    0.00199    0.00000    0.02376    0.00164    0.00519    0.00000    0.00000    0.00000    0.00078    0.00158 
17.47286    0.21223    0.00190    0.21215    0.05356    0.13352    0.00278    0.02228    0.00000    0.00000    0.01449    0.00000    0.00296    0.00202    0.00000    0.02406    0.00181    0.00577    0.00000    0.00000    0.00000    0.00081    0.00163 
17.56139    0.21562    0.00227    0.21486    0.05558    0.13442    0.00275    0.02211    0.00000    0.00000    0.01468    0.00000    0.00364    0.00206    0.00000    0.02435    0.00196    0.00631    0.00000    0.00000    0.00000    0.00086    0.00172 
17.65036    0.21777    0.00167    0.21743    0.05745    0.13532    0.00273    0.02193    0.00000    0.00000    0.01487    0.00000    0.00452    0.00208    0.00000    0.02462    0.00203    0.00666    0.00000    0.00000    0.00000    0.00090    0.00177 
17.73978    0.21988    0.00158    0.21975    0.05909    0.13621    0.00270    0.02176    0.00000    0.00000    0.01506    0.00000    0.00551    0.00210    0.00000    0.02486    0.00203    0.00670    0.00000    0.00000    0.00000    0.00095    0.00187 
17.82966    0.22333    0.00229    0.22207    0.06071    0.13710    0.00267    0.02159    0.00000    0.00000    0.01525    0.00000    0.00650    0.00212    0.00000    0.02510    0.00204    0.00670    0.00000    0.00000    0.00000    0.00102    0.00199 
17.91998    0.22578    0.00193    0.22443    0.06238    0.13799    0.00265    0.02142    0.00000    0.00000    0.01543    0.00000    0.00740    0.00214    0.00000    0.02532    0.00206    0.00680    0.00000    0.00000    0.00000    0.00110    0.00213 
18.01077    0.22799    0.00148    0.22674    0.06400    0.13887    0.00262    0.02125    0.00000    0.00000    0.01561    0.00000    0.00823    0.00216    0.00000    0.02553    0.00206    0.00691    0.00000    0.00000    0.00000    0.00120    0.00229 
18.10201    0.23035    0.00129    0.22891    0.06548    0.13975    0.00260    0.02108    0.00000    0.00000    0.01579    0.00000    0.00901    0.00216    0.00000    0.02571    0.00207    0.00700    0.00000    0.00000    0.00000    0.00129    0.00245 
18.19372    0.23246    0.00151    0.23104    0.06693    0.14063    0.00257    0.02091    0.00000    0.00000    0.01597    0.00000    0.00973    0.00217    0.00000    0.02588    0.00206    0.00703    0.00000    0.00000    0.00000    0.00142    0.00267 
18.28589    0.23417    0.00236    0.23305    0.06825    0.14151    0.00255    0.02074    0.00000    0.00000    0.01615    0.00000    0.01045    0.00217    0.00000    0.02603    0.00195    0.00686    0.00000    0.00000    0.00000    0.00164    0.00302 
18.37852    0.23602    0.00191    0.23480    0.06932    0.14238    0.00253    0.02058    0.00000    0.00000    0.01632    0.00000    0.01117    0.00216    0.00000    0.02615    0.00176    0.00645    0.00000    0.00000    0.00000    0.00188    0.00343 
18.47163    0.23846    0.00193    0.23682    0.07065    0.14325    0.00250    0.02041    0.00000    0.00000    0.01648    0.00000    0.01192    0.00216    0.00000    0.02627    0.00161    0.00608    0.00000    0.00000    0.00000    0.00219    0.00393 
18.56520    0.24092    0.00227    0.23899    0.07215    0.14412    0.00248    0.02025    0.00000    0.00000    0.01664    0.00000    0.01270    0.00215    0.00000    0.02637    0.00152    0.00583    0.00000    0.00000    0.00000    0.00250    0.00443 
18.65925    0.24454    0.00171    0.24125    0.07373    0.14499    0.00246    0.02008    0.00000    0.00000    0.01680    0.00000    0.01350    0.00214    0.00000    0.02646    0.00151    0.00567    0.00000    0.00000    0.00000    0.00278    0.00488 
18.75377    0.24768    0.00196    0.24383    0.07563    0.14585    0.00243    0.01992    0.00000    0.00000    0.01696    0.00000    0.01417    0.00212    0.00000    0.02654    0.00162    0.00580    0.00000    0.00000    0.00000    0.00307    0.00534 
18.84878    0.25020    0.00193    0.24650    0.07763    0.14671    0.00241    0.01976    0.00000    0.00000    0.01710    0.00000    0.01460    0.00211    0.00000    0.02660    0.00186    0.00630    0.00000    0.00000    0.00000    0.00332    0.00574 
18.94426    0.25341    0.00111    0.24858    0.07904    0.14756    0.00239    0.01960    0.00000    0.00000    0.01725    0.00000    0.01467    0.00209    0.00000    0.02666    0.00213    0.00700    0.00000    0.00000    0.00000    0.00340    0.00584 
19.04022    0.25502    0.00188    0.25015    0.07993    0.14841    0.00236    0.01944    0.00000    0.00000    0.01738    0.00000    0.01436    0.00207    0.00000    0.02670    0.00237    0.00770    0.00000    0.00000    0.00000    0.00349    0.00586 
19.13667    0.25700    0.00214    0.25208    0.08119    0.14926    0.00234    0.01929    0.00000    0.00000    0.01751    0.00000    0.01406    0.00205    0.00000    0.02673    0.00251    0.00822    0.00000    0.00000    0.00000    0.00387    0.00623 
19.23361    0.25955    0.00124    0.25477    0.08322    0.15010    0.00232    0.01913    0.00000    0.00000    0.01764    0.00000    0.01409    0.00203    0.00000    0.02675    0.00254    0.00842    0.00000    0.00000    0.00000    0.00462    0.00712 
19.33104    0.26138    0.00207    0.25725    0.08504    0.15095    0.00230    0.01898    0.00000    0.00000    0.01776    0.00000    0.01431    0.00201    0.00000    0.02676    0.00252    0.00845    0.00000    0.00000    0.00000    0.00527    0.00794 
19.42896    0.26269    0.00174    0.26025    0.08737    0.15178    0.00228    0.01882    0.00000    0.00000    0.01787    0.00000    0.01459    0.00199    0.00000    0.02676    0.00250    0.00844    0.00000    0.00000    0.00000    0.00613    0.00907 
19.52737    0.26407    0.00167    0.26284    0.08930    0.15262    0.00225    0.01867    0.00000    0.00000    0.01798    0.00000    0.01482    0.00197    0.00000    0.02676    0.00247    0.00844    0.00000    0.00000    0.00000    0.00677    0.01008 
19.62629    0.26567    0.00187    0.26480    0.09060    0.15345    0.00223    0.01852    0.00000    0.00000    0.01809    0.00000    0.01484    0.00195    0.00000    0.02674    0.00241    0.00842    0.00000    0.00000    0.00000    0.00723    0.01092 
19.72570    0.26681    0.00264    0.26606    0.09121    0.15427    0.00221    0.01837    0.00000    0.00000    0.01818    0.00000    0.01453    0.00192    0.00000    0.02672    0.00232    0.00833    0.00000    0.00000    0.00000    0.00759    0.01162 
19.82562    0.26658    0.00174    0.26687    0.09137    0.15510    0.00219    0.01822    0.00000    0.00000    0.01828    0.00000    0.01383    0.00190    0.00000    0.02668    0.00220    0.00817    0.00000    0.00000    0.00000    0.00796    0.01235 
19.92604    0.26559    0.00214    0.26708    0.09093    0.15591    0.00217    0.01807    0.00000    0.00000    0.01836    0.00000    0.01276    0.00187    0.00000    0.02664    0.00207    0.00798    0.00000    0.00000    0.00000    0.00823    0.01301 
20.02697    0.26437    0.00207    0.26678    0.08999    0.15673    0.00215    0.01792    0.00000    0.00000    0.01845    0.00000    0.01137    0.00185    0.00000    0.02660    0.00196    0.00776    0.00000    0.00000    0.00000    0.00843    0.01357 
20.12841    0.26270    0.00165    0.26618    0.08874    0.15754    0.00213    0.01777    0.00000    0.00000    0.01852    0.00000    0.00987    0.00183    0.00000    0.02654    0.00180    0.00742    0.00000    0.00000    0.00000    0.00863    0.01412 
20.23036    0.26150    0.00241    0.26608    0.08800    0.15835    0.00211    0.01763    0.00000    0.00000    0.01860    0.00000    0.00860    0.00180    0.00000    0.02652    0.00166    0.00710    0.00000    0.00000    0.00000    0.00891    0.01481 
20.33283    0.26119    0.00267    0.26618    0.08747    0.15915    0.00209    0.01748    0.00000    0.00000    0.01866    0.00000    0.00775    0.00178    0.00000    0.02650    0.00154    0.00681    0.00000    0.00000    0.00000    0.00902    0.01541 
20.43582    0.26234    0.00263    0.26590    0.08655    0.15995    0.00207    0.01734    0.00000    0.00000    0.01872    0.00000    0.00733    0.00175    0.00000    0.02642    0.00143    0.00654    0.00000    0.00000    0.00000    0.00878    0.01556 
20.53932    0.26433    0.00216    0.26557    0.08559    0.16074    0.00205    0.01719    0.00000    0.00000    0.01878    0.00000    0.00738    0.00173    0.00000    0.02635    0.00133    0.00627    0.00000    0.00000    0.00000    0.00837    0.01539 
20.64335    0.26613    0.00188    0.26569    0.08508    0.16153    0.00203    0.01705    0.00000    0.00000    0.01887    0.00000    0.00788    0.00172    0.00000    0.02626    0.00125    0.00606    0.00000    0.00000    0.00000    0.00795    0.01509 
20.74791    0.26777    0.00233    0.26602    0.08478    0.16232    0.00201    0.01691    0.00000    0.00000    0.01892    0.00000    0.00869    0.00169    0.00000    0.02618    0.00117    0.00580    0.00000    0.00000    0.00000    0.00756    0.01479 
20.85299    0.26936    0.00232    0.26625    0.08439    0.16310    0.00199    0.01677    0.00000    0.00000    0.01896    0.00000    0.00953    0.00167    0.00000    0.02609    0.00109    0.00550    0.00000    0.00000    0.00000    0.00715    0.01441 
20.95861    0.27000    0.00209    0.26629    0.08381    0.16387    0.00197    0.01663    0.00000    0.00000    0.01900    0.00000    0.01015    0.00165    0.00000    0.02600    0.00103    0.00525    0.00000    0.00000    0.00000    0.00675    0.01399 
21.06476    0.27021    0.00282    0.26624    0.08315    0.16465    0.00195    0.01650    0.00000    0.00000    0.01902    0.00000    0.01048    0.00163    0.00000    0.02590    0.00102    0.00518    0.00000    0.00000    0.00000    0.00635    0.01356 
21.17145    0.26812    0.00242    0.26590    0.08219    0.16541    0.00193    0.01636    0.00000    0.00000    0.01905    0.00000    0.01062    0.00161    0.00000    0.02581    0.00105    0.00523    0.00000    0.00000    0.00000    0.00587    0.01296 
21.27868    0.26597    0.00230    0.26508    0.08076    0.16618    0.00192    0.01622    0.00000    0.00000    0.01907    0.00000    0.01074    0.00159    0.00000    0.02571    0.00106    0.00520    0.00000    0.00000    0.00000    0.00529    0.01210 
21.38645    0.26339    0.00179    0.26446    0.07954    0.16694    0.00190    0.01609    0.00000    0.00000    0.01909    0.00000    0.01089    0.00156    0.00000    0.02561    0.00114    0.00539    0.00000    0.00000    0.00000    0.00473    0.01113 
21.49476    0.26238    0.00290    0.26419    0.07867    0.16769    0.00188    0.01595    0.00000    0.00000    0.01911    0.00000    0.01104    0.00154    0.00000    0.02551    0.00126    0.00579    0.00000    0.00000    0.00000    0.00424    0.01017 
21.60362    0.26144    0.00211    0.26390    0.07778    0.16844    0.00186    0.01582    0.00000    0.00000    0.01911    0.00000    0.01118    0.00153    0.00000    0.02541    0.00134    0.00610    0.00000    0.00000    0.00000    0.00382    0.00928 
21.71304    0.26104    0.00244    0.26354    0.07682    0.16918    0.00184    0.01569    0.00000    0.00000    0.01911    0.00000    0.01130    0.00151    0.00000    0.02531    0.00139    0.00627    0.00000    0.00000    0.00000    0.00346    0.00847 
21.82300    0.26030    0.00207    0.26305    0.07574    0.16992    0.00183    0.01556    0.00000    0.00000    0.01912    0.00000    0.01134    0.00149    0.00000    0.02520    0.00141    0.00629    0.00000    0.00000    0.00000    0.00315    0.00774 
21.93352    0.25863    0.00241    0.26255    0.07465    0.17066    0.00181    0.01543    0.00000    0.00000    0.01912    0.00000    0.01130    0.00147    0.00000    0.02510    0.00142    0.00628    0.00000    0.00000    0.00000    0.00288    0.00708 
22.04460    0.25711    0.00148    0.26226    0.07378    0.17139    0.00179    0.01530    0.00000    0.00000    0.01911    0.00000    0.01130    0.00145    0.00000    0.02499    0.00140    0.00624    0.00000    0.00000    0.00000    0.00270    0.00659 
22.15625    0.25606    0.00208    0.26214    0.07308    0.17212    0.00177    0.01517    0.00000    0.00000    0.01909    0.00000    0.01158    0.00144    0.00000    0.02489    0.00128    0.00595    0.00000    0.00000    0.00000    0.00258    0.00628 
22.26845    0.25550    0.00176    0.26212    0.07248    0.17284    0.00176    0.01504    0.00000    0.00000    0.01907    0.00000    0.01210    0.00142    0.00000    0.02478    0.00112    0.00544    0.00000    0.00000    0.00000    0.00250    0.00606 
22.38123    0.25640    0.00130    0.26207    0.07186    0.17355    0.00174    0.01492    0.00000    0.00000    0.01905    0.00000    0.01274    0.00140    0.00000    0.02468    0.00094    0.00474    0.00000    0.00000    0.00000    0.00243    0.00589 
22.49457    0.25696    0.00225    0.26183    0.07105    0.17426    0.00172    0.01479    0.00000    0.00000    0.01902    0.00000    0.01345    0.00139    0.00000    0.02457    0.00079    0.00405    0.00000    0.00000    0.00000    0.00226    0.00552 
22.60849    0.25770    0.00279    0.26184    0.07050    0.17497    0.00171    0.01467    0.00000    0.00000    0.01899    0.00000    0.01426    0.00137    0.00000    0.02446    0.00071    0.00361    0.00000    0.00000    0.00000    0.00206    0.00504 
22.72298    0.25873    0.00251    0.26269    0.07078    0.17567    0.00169    0.01454    0.00000    0.00000    0.01895    0.00000    0.01519    0.00136    0.00000    0.02436    0.00075    0.00366    0.00000    0.00000    0.00000    0.00189    0.00463 
22.83806    0.26037    0.00221    0.26374    0.07127    0.17637    0.00168    0.01442    0.00000    0.00000    0.01891    0.00000    0.01617    0.00134    0.00000    0.02425    0.00079    0.00380    0.00000    0.00000    0.00000    0.00175    0.00427 
22.95371    0.26169    0.00231    0.26436    0.07134    0.17706    0.00166    0.01430    0.00000    0.00000    0.01886    0.00000    0.01705    0.00133    0.00000    0.02415    0.00073    0.00362    0.00000    0.00000    0.00000    0.00163    0.00397 
23.06995    0.26286    0.00355    0.26439    0.07083    0.17774    0.00164    0.01418    0.00000    0.00000    0.01881    0.00000    0.01769    0.00131    0.00000    0.02404    0.00061    0.00313    0.00000    0.00000    0.00000    0.00153    0.00370 
23.18678    0.26389    0.00206    0.26436    0.07025    0.17842    0.00163    0.01406    0.00000    0.00000    0.01875    0.00000    0.01819    0.00130    0.00000    0.02394    0.00052    0.00268    0.00000    0.00000    0.00000    0.00142    0.00344 
23.30420    0.26438    0.00238    0.26469    0.07004    0.17910    0.00161    0.01394    0.00000    0.00000    0.01869    0.00000    0.01868    0.00129    0.00000    0.02384    0.00050    0.00249    0.00000    0.00000    0.00000    0.00134    0.00322 
23.42221    0.26512    0.00292    0.26522    0.07003    0.17977    0.00160    0.01382    0.00000    0.00000    0.01863    0.00000    0.01891    0.00127    0.00000    0.02374    0.00054    0.00263    0.00000    0.00000    0.00000    0.00127    0.00304 
23.54082    0.26571    0.00318    0.26557    0.06985    0.18043    0.00158    0.01370    0.00000    0.00000    0.01856    0.00000    0.01868    0.00126    0.00000    0.02364    0.00061    0.00290    0.00000    0.00000    0.00000    0.00124    0.00296 
23.66003    0.26664    0.00252    0.26515    0.06890    0.18109    0.00157    0.01359    0.00000    0.00000    0.01848    0.00000    0.01808    0.00125    0.00000    0.02354    0.00064    0.00303    0.00000    0.00000    0.00000    0.00115    0.00274 
23.77984    0.26653    0.00333    0.26472    0.06795    0.18175    0.00155    0.01347    0.00000    0.00000    0.01840    0.00000    0.01725    0.00124    0.00000    0.02344    0.00061    0.00294    0.00000    0.00000    0.00000    0.00122    0.00287 
23.90025    0.26609    0.00305    0.26361    0.06632    0.18239    0.00154    0.01336    0.00000    0.00000    0.01831    0.00000    0.01631    0.00122    0.00000    0.02334    0.00059    0.00282    0.00000    0.00000    0.00000    0.00111    0.00262 
24.02128    0.26444    0.00344    0.26279    0.06498    0.18304    0.00152    0.01324    0.00000    0.00000    0.01823    0.00000    0.01510    0.00121    0.00000    0.02323    0.00061    0.00289    0.00000    0.00000    0.00000    0.00111    0.00261 
24.14292    0.26261    0.00392    0.26165    0.06334    0.18368    0.00151    0.01313    0.00000    0.00000    0.01813    0.00000    0.01348    0.00120    0.00000    0.02313    0.00071    0.00328    0.00000    0.00000    0.00000    0.00101    0.00238 
24.26517    0.26228    0.00323    0.26096    0.06214    0.18431    0.00149    0.01302    0.00000    0.00000    0.01803    0.00000    0.01195    0.00119    0.00000    0.02303    0.00083    0.00380    0.00000    0.00000    0.00000    0.00099    0.00232 
24.38804    0.26380    0.00402    0.26033    0.06101    0.18494    0.00148    0.01291    0.00000    0.00000    0.01793    0.00000    0.01106    0.00118    0.00000    0.02293    0.00082    0.00390    0.00000    0.00000    0.00000    0.00096    0.00224 
24.51154    0.26595    0.00359    0.25994    0.06012    0.18556    0.00146    0.01280    0.00000    0.00000    0.01782    0.00000    0.01088    0.00116    0.00000    0.02283    0.00072    0.00357    0.00000    0.00000    0.00000    0.00094    0.00219 
24.63565    0.26660    0.00365    0.25981    0.05950    0.18617    0.00145    0.01269    0.00000    0.00000    0.01770    0.00000    0.01113    0.00115    0.00000    0.02272    0.00063    0.00319    0.00000    0.00000    0.00000    0.00089    0.00208 
