# Wl(um) F_data(Jy) err_F_data(Jy)  F_tot(Jy) F_dust(Jy) F_midp(Jy) F_star(Jy)  F_rim(Jy) F_nu_Am. $\mathrm{Mg}_{2}\mathrm{SiO}_{4}$(Jy) F_nu_Am. $\mathrm{Mg}_{2}\mathrm{SiO}_{4}$(Jy) F_nu_Am. $\mathrm{Mg}_{2}\mathrm{SiO}_{4}$(Jy) F_nu_Forsterite(Jy) F_nu_Forsterite(Jy) F_nu_Am. MgSiO$_3$(Jy) F_nu_Am. MgSiO$_3$(Jy) F_nu_Am. MgSiO$_3$(Jy) F_nu_Enstatite(Jy) F_nu_Enstatite(Jy) F_nu_Am. SiO$_2$(Jy) F_nu_Am. SiO$_2$(Jy) F_nu_Am. SiO$_2$(Jy) 
 5.26558    0.10715    0.00197    0.10736    0.00023    0.01498    0.02241    0.06974    0.00000    0.00000    0.00007    0.00000    0.00001    0.00004    0.00000    0.00007    0.00001    0.00001    0.00003    0.00000    0.00000 
 5.33197    0.10634    0.00174    0.10674    0.00025    0.01570    0.02198    0.06882    0.00000    0.00000    0.00007    0.00000    0.00001    0.00005    0.00000    0.00007    0.00001    0.00001    0.00003    0.00000    0.00000 
 5.39837    0.10637    0.00188    0.10617    0.00027    0.01643    0.02156    0.06791    0.00000    0.00000    0.00008    0.00000    0.00001    0.00005    0.00000    0.00007    0.00001    0.00002    0.00003    0.00000    0.00000 
 5.46476    0.10559    0.00173    0.10562    0.00028    0.01717    0.02116    0.06701    0.00000    0.00000    0.00009    0.00000    0.00001    0.00005    0.00000    0.00008    0.00001    0.00002    0.00003    0.00000    0.00000 
 5.53116    0.10614    0.00175    0.10511    0.00029    0.01792    0.02077    0.06613    0.00000    0.00000    0.00009    0.00000    0.00001    0.00005    0.00000    0.00008    0.00001    0.00002    0.00003    0.00000    0.00000 
 5.59755    0.10484    0.00160    0.10463    0.00030    0.01868    0.02038    0.06526    0.00000    0.00000    0.00010    0.00000    0.00001    0.00005    0.00000    0.00008    0.00001    0.00002    0.00003    0.00000    0.00000 
 5.66395    0.10577    0.00191    0.10418    0.00031    0.01946    0.02001    0.06440    0.00000    0.00000    0.00011    0.00000    0.00001    0.00005    0.00000    0.00008    0.00001    0.00002    0.00003    0.00000    0.00000 
 5.73034    0.10606    0.00189    0.10375    0.00032    0.02024    0.01964    0.06355    0.00000    0.00000    0.00011    0.00000    0.00001    0.00005    0.00000    0.00008    0.00001    0.00002    0.00003    0.00000    0.00000 
 5.79674    0.10481    0.00165    0.10337    0.00032    0.02103    0.01929    0.06272    0.00000    0.00000    0.00012    0.00000    0.00001    0.00005    0.00000    0.00008    0.00001    0.00002    0.00003    0.00000    0.00000 
 5.86314    0.10545    0.00208    0.10302    0.00034    0.02183    0.01894    0.06190    0.00000    0.00000    0.00013    0.00000    0.00001    0.00005    0.00000    0.00008    0.00001    0.00002    0.00003    0.00000    0.00000 
 5.92953    0.10397    0.00182    0.10271    0.00037    0.02264    0.01861    0.06109    0.00000    0.00000    0.00015    0.00000    0.00001    0.00006    0.00000    0.00009    0.00001    0.00002    0.00003    0.00000    0.00000 
 5.99593    0.10277    0.00164    0.10243    0.00040    0.02346    0.01828    0.06029    0.00000    0.00000    0.00016    0.00000    0.00001    0.00007    0.00000    0.00010    0.00001    0.00002    0.00003    0.00000    0.00000 
 6.06232    0.10305    0.00159    0.10219    0.00045    0.02428    0.01796    0.05950    0.00000    0.00000    0.00018    0.00000    0.00001    0.00008    0.00000    0.00011    0.00001    0.00002    0.00004    0.00000    0.00000 
 6.12872    0.10157    0.00152    0.10199    0.00049    0.02511    0.01765    0.05873    0.00000    0.00000    0.00019    0.00000    0.00001    0.00008    0.00000    0.00013    0.00001    0.00002    0.00005    0.00000    0.00000 
 6.19511    0.10129    0.00138    0.10181    0.00054    0.02595    0.01735    0.05797    0.00000    0.00000    0.00021    0.00000    0.00001    0.00010    0.00000    0.00014    0.00001    0.00002    0.00006    0.00000    0.00000 
 6.26151    0.10099    0.00120    0.10165    0.00059    0.02679    0.01705    0.05722    0.00000    0.00000    0.00022    0.00000    0.00001    0.00011    0.00000    0.00016    0.00001    0.00002    0.00006    0.00000    0.00000 
 6.32790    0.10052    0.00118    0.10152    0.00063    0.02764    0.01676    0.05648    0.00000    0.00000    0.00024    0.00000    0.00001    0.00012    0.00000    0.00017    0.00001    0.00002    0.00006    0.00000    0.00000 
 6.39430    0.10042    0.00161    0.10139    0.00066    0.02849    0.01648    0.05576    0.00000    0.00000    0.00025    0.00000    0.00002    0.00012    0.00000    0.00018    0.00001    0.00002    0.00006    0.00000    0.00000 
 6.92546    0.09937    0.00220    0.10094    0.00071    0.03543    0.01446    0.05035    0.00000    0.00000    0.00030    0.00000    0.00002    0.00011    0.00000    0.00015    0.00001    0.00003    0.00008    0.00000    0.00000 
 6.99186    0.09978    0.00229    0.10099    0.00073    0.03631    0.01423    0.04972    0.00000    0.00000    0.00031    0.00000    0.00002    0.00011    0.00000    0.00016    0.00001    0.00003    0.00008    0.00000    0.00000 
 7.05826    0.09930    0.00172    0.10106    0.00076    0.03719    0.01401    0.04910    0.00000    0.00000    0.00031    0.00000    0.00003    0.00012    0.00000    0.00017    0.00002    0.00003    0.00009    0.00000    0.00000 
 7.12465    0.09999    0.00197    0.10117    0.00082    0.03806    0.01379    0.04850    0.00000    0.00000    0.00032    0.00000    0.00003    0.00013    0.00000    0.00018    0.00002    0.00003    0.00011    0.00000    0.00000 
 7.19105    0.09978    0.00177    0.10131    0.00089    0.03894    0.01358    0.04790    0.00000    0.00000    0.00034    0.00000    0.00003    0.00014    0.00000    0.00019    0.00002    0.00004    0.00014    0.00000    0.00000 
 7.25744    0.10004    0.00163    0.10139    0.00088    0.03982    0.01337    0.04731    0.00000    0.00000    0.00036    0.00000    0.00003    0.00015    0.00000    0.00020    0.00002    0.00004    0.00008    0.00000    0.00000 
 7.32384    0.09946    0.00162    0.10158    0.00097    0.04070    0.01317    0.04673    0.00000    0.00000    0.00039    0.00000    0.00003    0.00016    0.00000    0.00021    0.00002    0.00004    0.00012    0.00000    0.00000 
 7.39023    0.10107    0.00183    0.10177    0.00105    0.04158    0.01297    0.04616    0.00000    0.00000    0.00044    0.00000    0.00003    0.00017    0.00000    0.00022    0.00002    0.00004    0.00012    0.00000    0.00000 
 7.45663    0.10116    0.00196    0.10200    0.00116    0.04246    0.01278    0.04560    0.00000    0.00000    0.00051    0.00000    0.00004    0.00018    0.00000    0.00023    0.00002    0.00005    0.00013    0.00000    0.00000 
 7.52302    0.09978    0.00199    0.10229    0.00131    0.04334    0.01259    0.04505    0.00000    0.00000    0.00058    0.00000    0.00004    0.00019    0.00000    0.00024    0.00003    0.00006    0.00018    0.00000    0.00000 
 7.58942    0.10018    0.00184    0.10286    0.00173    0.04422    0.01240    0.04451    0.00000    0.00000    0.00068    0.00000    0.00004    0.00031    0.00000    0.00038    0.00006    0.00010    0.00017    0.00000    0.00000 
 7.65582    0.10027    0.00160    0.10366    0.00237    0.04509    0.01222    0.04398    0.00000    0.00000    0.00079    0.00000    0.00004    0.00051    0.00000    0.00059    0.00008    0.00015    0.00020    0.00000    0.00000 
 7.72221    0.10173    0.00170    0.10459    0.00313    0.04596    0.01204    0.04345    0.00000    0.00000    0.00091    0.00000    0.00005    0.00073    0.00000    0.00081    0.00011    0.00019    0.00034    0.00000    0.00000 
 7.78861    0.10164    0.00143    0.10583    0.00418    0.04684    0.01187    0.04294    0.00000    0.00000    0.00107    0.00000    0.00005    0.00104    0.00000    0.00111    0.00013    0.00023    0.00056    0.00000    0.00000 
 7.85500    0.10335    0.00136    0.10730    0.00546    0.04771    0.01170    0.04243    0.00000    0.00000    0.00123    0.00000    0.00005    0.00139    0.00000    0.00139    0.00016    0.00027    0.00098    0.00000    0.00000 
 7.92140    0.10524    0.00136    0.10935    0.00731    0.04857    0.01153    0.04193    0.00000    0.00000    0.00140    0.00000    0.00006    0.00178    0.00000    0.00169    0.00018    0.00031    0.00189    0.00000    0.00000 
 7.98779    0.10704    0.00103    0.11205    0.00980    0.04944    0.01137    0.04144    0.00000    0.00000    0.00161    0.00000    0.00006    0.00229    0.00000    0.00203    0.00021    0.00035    0.00326    0.00000    0.00000 
 8.05419    0.11190    0.00123    0.11488    0.01241    0.05030    0.01121    0.04096    0.00000    0.00000    0.00181    0.00000    0.00006    0.00281    0.00000    0.00234    0.00023    0.00039    0.00478    0.00000    0.00000 
 8.12058    0.11446    0.00078    0.11773    0.01503    0.05116    0.01106    0.04048    0.00000    0.00000    0.00203    0.00000    0.00007    0.00346    0.00000    0.00268    0.00026    0.00043    0.00611    0.00000    0.00000 
 8.18698    0.11924    0.00076    0.12029    0.01736    0.05202    0.01090    0.04001    0.00000    0.00000    0.00227    0.00000    0.00008    0.00417    0.00000    0.00302    0.00026    0.00043    0.00714    0.00000    0.00000 
 8.25338    0.12267    0.00073    0.12265    0.01947    0.05287    0.01075    0.03955    0.00000    0.00000    0.00251    0.00000    0.00008    0.00492    0.00000    0.00332    0.00026    0.00042    0.00795    0.00000    0.00000 
 8.31977    0.12700    0.00071    0.12515    0.02172    0.05372    0.01061    0.03910    0.00000    0.00000    0.00278    0.00000    0.00009    0.00580    0.00000    0.00365    0.00030    0.00047    0.00865    0.00000    0.00000 
 8.38617    0.12902    0.00072    0.12768    0.02400    0.05457    0.01046    0.03865    0.00000    0.00000    0.00308    0.00000    0.00010    0.00674    0.00000    0.00395    0.00031    0.00048    0.00933    0.00000    0.00000 
 8.45256    0.13234    0.00074    0.13037    0.02642    0.05542    0.01032    0.03821    0.00000    0.00000    0.00342    0.00000    0.00011    0.00776    0.00000    0.00425    0.00033    0.00050    0.01005    0.00000    0.00000 
 8.51896    0.13548    0.00067    0.13334    0.02912    0.05626    0.01018    0.03778    0.00000    0.00000    0.00384    0.00000    0.00012    0.00884    0.00000    0.00453    0.00037    0.00054    0.01087    0.00000    0.00000 
 8.58535    0.13754    0.00068    0.13649    0.03200    0.05709    0.01005    0.03736    0.00000    0.00000    0.00430    0.00000    0.00013    0.00997    0.00000    0.00479    0.00041    0.00059    0.01181    0.00000    0.00000 
 8.65175    0.14069    0.00064    0.14016    0.03538    0.05793    0.00991    0.03694    0.00000    0.00000    0.00488    0.00000    0.00015    0.01113    0.00000    0.00504    0.00049    0.00067    0.01301    0.00000    0.00000 
 8.71814    0.14425    0.00078    0.14458    0.03952    0.05876    0.00978    0.03652    0.00000    0.00000    0.00547    0.00000    0.00017    0.01232    0.00000    0.00528    0.00073    0.00093    0.01461    0.00000    0.00000 
 8.78454    0.14751    0.00071    0.15003    0.04467    0.05958    0.00965    0.03612    0.00000    0.00000    0.00616    0.00000    0.00020    0.01352    0.00000    0.00550    0.00118    0.00130    0.01681    0.00000    0.00000 
 8.85094    0.15172    0.00045    0.15644    0.05078    0.06040    0.00953    0.03572    0.00000    0.00000    0.00690    0.00000    0.00024    0.01472    0.00000    0.00572    0.00191    0.00190    0.01940    0.00000    0.00000 
 8.91733    0.15534    0.00048    0.16144    0.05549    0.06122    0.00941    0.03533    0.00000    0.00000    0.00769    0.00000    0.00029    0.01594    0.00000    0.00593    0.00251    0.00210    0.02103    0.00000    0.00000 
 8.98373    0.16002    0.00056    0.16440    0.05814    0.06203    0.00929    0.03494    0.00000    0.00000    0.00851    0.00000    0.00038    0.01715    0.00000    0.00614    0.00348    0.00260    0.01988    0.00000    0.00000 
 9.05012    0.16463    0.00059    0.16557    0.05900    0.06284    0.00917    0.03456    0.00000    0.00000    0.00934    0.00000    0.00053    0.01835    0.00000    0.00635    0.00423    0.00299    0.01722    0.00000    0.00000 
 9.11652    0.16912    0.00058    0.16674    0.05986    0.06365    0.00905    0.03418    0.00000    0.00000    0.01015    0.00000    0.00082    0.01951    0.00000    0.00654    0.00481    0.00334    0.01469    0.00000    0.00000 
 9.18291    0.17295    0.00048    0.16813    0.06093    0.06445    0.00894    0.03381    0.00000    0.00000    0.01091    0.00000    0.00136    0.02059    0.00000    0.00674    0.00505    0.00363    0.01265    0.00000    0.00000 
 9.24931    0.17533    0.00059    0.16887    0.06135    0.06524    0.00883    0.03345    0.00000    0.00000    0.01162    0.00000    0.00183    0.02156    0.00000    0.00692    0.00470    0.00375    0.01097    0.00000    0.00000 
 9.31570    0.17598    0.00045    0.16886    0.06102    0.06603    0.00872    0.03309    0.00000    0.00000    0.01228    0.00000    0.00186    0.02237    0.00000    0.00710    0.00412    0.00377    0.00953    0.00000    0.00000 
 9.38210    0.17439    0.00058    0.16845    0.06029    0.06682    0.00861    0.03274    0.00000    0.00000    0.01287    0.00000    0.00210    0.02300    0.00000    0.00726    0.00317    0.00362    0.00825    0.00000    0.00000 
 9.44850    0.17230    0.00071    0.16814    0.05964    0.06760    0.00850    0.03239    0.00000    0.00000    0.01342    0.00000    0.00257    0.02347    0.00000    0.00742    0.00248    0.00325    0.00704    0.00000    0.00000 
 9.51489    0.17030    0.00064    0.16860    0.05978    0.06838    0.00840    0.03205    0.00000    0.00000    0.01392    0.00000    0.00300    0.02377    0.00000    0.00758    0.00244    0.00315    0.00592    0.00000    0.00000 
 9.58129    0.16766    0.00074    0.16937    0.06022    0.06915    0.00830    0.03171    0.00000    0.00000    0.01437    0.00000    0.00345    0.02389    0.00000    0.00772    0.00264    0.00330    0.00484    0.00000    0.00000 
 9.64768    0.16700    0.00056    0.16883    0.05934    0.06992    0.00820    0.03138    0.00000    0.00000    0.01478    0.00000    0.00373    0.02388    0.00000    0.00786    0.00226    0.00299    0.00384    0.00000    0.00000 
 9.71408    0.16695    0.00060    0.16901    0.05918    0.07068    0.00810    0.03105    0.00000    0.00000    0.01516    0.00000    0.00392    0.02369    0.00000    0.00798    0.00249    0.00300    0.00294    0.00000    0.00000 
 9.78047    0.16828    0.00049    0.17025    0.06008    0.07144    0.00800    0.03073    0.00000    0.00000    0.01550    0.00000    0.00398    0.02340    0.00000    0.00810    0.00338    0.00360    0.00212    0.00000    0.00000 
 9.84687    0.16998    0.00061    0.17125    0.06075    0.07219    0.00791    0.03041    0.00000    0.00000    0.01580    0.00000    0.00425    0.02297    0.00000    0.00822    0.00380    0.00414    0.00156    0.00000    0.00000 
 9.91326    0.17099    0.00067    0.17064    0.05979    0.07294    0.00781    0.03010    0.00000    0.00000    0.01607    0.00000    0.00454    0.02245    0.00000    0.00832    0.00328    0.00402    0.00111    0.00000    0.00000 
 9.97966    0.16944    0.00063    0.16900    0.05781    0.07368    0.00772    0.02979    0.00000    0.00000    0.01632    0.00000    0.00467    0.02188    0.00000    0.00842    0.00250    0.00320    0.00081    0.00000    0.00000 
10.04606    0.16946    0.00074    0.16937    0.05784    0.07442    0.00763    0.02949    0.00000    0.00000    0.01654    0.00000    0.00496    0.02126    0.00000    0.00851    0.00281    0.00311    0.00065    0.00000    0.00000 
10.11245    0.17022    0.00079    0.17133    0.05945    0.07515    0.00754    0.02919    0.00000    0.00000    0.01676    0.00000    0.00581    0.02065    0.00000    0.00861    0.00361    0.00351    0.00051    0.00000    0.00000 
10.17885    0.17093    0.00079    0.17295    0.06073    0.07588    0.00746    0.02889    0.00000    0.00000    0.01695    0.00000    0.00638    0.02001    0.00000    0.00869    0.00433    0.00393    0.00045    0.00000    0.00000 
10.24524    0.17125    0.00080    0.17212    0.05955    0.07660    0.00737    0.02860    0.00000    0.00000    0.01713    0.00000    0.00541    0.01936    0.00000    0.00877    0.00441    0.00406    0.00041    0.00000    0.00000 
10.31164    0.17155    0.00062    0.17209    0.05917    0.07732    0.00729    0.02831    0.00000    0.00000    0.01729    0.00000    0.00533    0.01870    0.00000    0.00884    0.00450    0.00417    0.00035    0.00000    0.00000 
10.37803    0.17212    0.00069    0.17322    0.05995    0.07803    0.00720    0.02803    0.00000    0.00000    0.01744    0.00000    0.00629    0.01804    0.00000    0.00891    0.00461    0.00436    0.00031    0.00000    0.00000 
10.44443    0.17324    0.00050    0.17353    0.05991    0.07874    0.00712    0.02775    0.00000    0.00000    0.01757    0.00000    0.00679    0.01737    0.00000    0.00897    0.00444    0.00448    0.00030    0.00000    0.00000 
10.51082    0.17286    0.00059    0.17373    0.05977    0.07944    0.00704    0.02748    0.00000    0.00000    0.01770    0.00000    0.00752    0.01670    0.00000    0.00902    0.00406    0.00450    0.00026    0.00000    0.00000 
10.57722    0.17416    0.00056    0.17394    0.05962    0.08014    0.00696    0.02721    0.00000    0.00000    0.01781    0.00000    0.00827    0.01602    0.00000    0.00907    0.00367    0.00453    0.00025    0.00000    0.00000 
10.64362    0.17491    0.00053    0.17403    0.05937    0.08083    0.00689    0.02694    0.00000    0.00000    0.01791    0.00000    0.00880    0.01535    0.00000    0.00911    0.00335    0.00460    0.00025    0.00000    0.00000 
10.71001    0.17466    0.00054    0.17419    0.05918    0.08152    0.00681    0.02668    0.00000    0.00000    0.01799    0.00000    0.00934    0.01467    0.00000    0.00914    0.00311    0.00471    0.00023    0.00000    0.00000 
10.77641    0.17409    0.00053    0.17407    0.05871    0.08220    0.00674    0.02642    0.00000    0.00000    0.01806    0.00000    0.00967    0.01400    0.00000    0.00916    0.00296    0.00465    0.00022    0.00000    0.00000 
10.84280    0.17354    0.00048    0.17325    0.05754    0.08288    0.00666    0.02616    0.00000    0.00000    0.01812    0.00000    0.00984    0.01332    0.00000    0.00916    0.00272    0.00416    0.00023    0.00000    0.00000 
10.90920    0.17299    0.00051    0.17216    0.05611    0.08355    0.00659    0.02591    0.00000    0.00000    0.01816    0.00000    0.01023    0.01265    0.00000    0.00915    0.00218    0.00351    0.00021    0.00000    0.00000 
10.97559    0.17206    0.00051    0.17198    0.05558    0.08422    0.00652    0.02566    0.00000    0.00000    0.01819    0.00000    0.01074    0.01198    0.00000    0.00913    0.00217    0.00316    0.00020    0.00000    0.00000 
11.04199    0.17336    0.00060    0.17305    0.05630    0.08488    0.00645    0.02542    0.00000    0.00000    0.01821    0.00000    0.01143    0.01131    0.00000    0.00908    0.00266    0.00339    0.00021    0.00000    0.00000 
11.10838    0.17361    0.00056    0.17311    0.05601    0.08554    0.00638    0.02517    0.00000    0.00000    0.01822    0.00000    0.01199    0.01065    0.00000    0.00902    0.00243    0.00348    0.00021    0.00000    0.00000 
11.17478    0.17362    0.00047    0.17225    0.05481    0.08619    0.00631    0.02494    0.00000    0.00000    0.01822    0.00000    0.01216    0.01000    0.00000    0.00893    0.00193    0.00336    0.00021    0.00000    0.00000 
11.24118    0.17289    0.00065    0.17129    0.05350    0.08684    0.00624    0.02470    0.00000    0.00000    0.01821    0.00000    0.01231    0.00935    0.00000    0.00881    0.00154    0.00306    0.00023    0.00000    0.00000 
11.30757    0.17118    0.00066    0.17113    0.05300    0.08749    0.00618    0.02447    0.00000    0.00000    0.01819    0.00000    0.01267    0.00871    0.00000    0.00867    0.00159    0.00293    0.00024    0.00000    0.00000 
11.37397    0.16909    0.00080    0.17169    0.05321    0.08812    0.00611    0.02424    0.00000    0.00000    0.01818    0.00000    0.01288    0.00808    0.00000    0.00848    0.00218    0.00318    0.00024    0.00000    0.00000 
11.44036    0.16912    0.00064    0.17164    0.05282    0.08876    0.00605    0.02401    0.00000    0.00000    0.01817    0.00000    0.01270    0.00746    0.00000    0.00825    0.00261    0.00337    0.00026    0.00000    0.00000 
11.50676    0.16790    0.00064    0.17006    0.05089    0.08938    0.00599    0.02379    0.00000    0.00000    0.01815    0.00000    0.01148    0.00684    0.00000    0.00798    0.00265    0.00347    0.00031    0.00000    0.00000 
11.57315    0.16641    0.00123    0.16619    0.04668    0.09001    0.00593    0.02357    0.00000    0.00000    0.01813    0.00000    0.00847    0.00624    0.00000    0.00767    0.00234    0.00343    0.00039    0.00000    0.00000 
11.63955    0.16401    0.00094    0.16243    0.04258    0.09063    0.00587    0.02336    0.00000    0.00000    0.01811    0.00000    0.00582    0.00568    0.00000    0.00731    0.00190    0.00327    0.00050    0.00000    0.00000 
11.70594    0.16183    0.00079    0.15944    0.03926    0.09124    0.00581    0.02314    0.00000    0.00000    0.01807    0.00000    0.00412    0.00512    0.00000    0.00691    0.00140    0.00296    0.00067    0.00000    0.00000 
11.77234    0.15899    0.00112    0.15788    0.03736    0.09185    0.00575    0.02293    0.00000    0.00000    0.01800    0.00000    0.00423    0.00465    0.00000    0.00651    0.00088    0.00223    0.00087    0.00000    0.00000 
11.83874    0.15672    0.00108    0.15764    0.03678    0.09245    0.00569    0.02272    0.00000    0.00000    0.01791    0.00000    0.00564    0.00417    0.00000    0.00607    0.00053    0.00141    0.00106    0.00000    0.00000 
11.90513    0.15489    0.00086    0.15765    0.03645    0.09305    0.00563    0.02252    0.00000    0.00000    0.01774    0.00000    0.00661    0.00380    0.00000    0.00568    0.00038    0.00099    0.00125    0.00000    0.00000 
11.97153    0.15245    0.00051    0.15613    0.03460    0.09365    0.00557    0.02231    0.00000    0.00000    0.01755    0.00000    0.00572    0.00345    0.00000    0.00528    0.00033    0.00081    0.00146    0.00000    0.00000 
12.03792    0.15055    0.00056    0.15382    0.03195    0.09424    0.00552    0.02211    0.00000    0.00000    0.01726    0.00000    0.00386    0.00321    0.00000    0.00497    0.00028    0.00069    0.00168    0.00000    0.00000 
12.10432    0.14904    0.00099    0.15205    0.02984    0.09482    0.00546    0.02192    0.00000    0.00000    0.01688    0.00000    0.00245    0.00305    0.00000    0.00474    0.00026    0.00061    0.00186    0.00000    0.00000 
12.17071    0.14775    0.00073    0.15091    0.02837    0.09540    0.00541    0.02172    0.00000    0.00000    0.01644    0.00000    0.00169    0.00291    0.00000    0.00452    0.00024    0.00055    0.00202    0.00000    0.00000 
12.23711    0.14749    0.00073    0.15021    0.02735    0.09598    0.00536    0.02153    0.00000    0.00000    0.01589    0.00000    0.00125    0.00287    0.00000    0.00443    0.00023    0.00052    0.00216    0.00000    0.00000 
12.30350    0.14661    0.00111    0.14975    0.02656    0.09655    0.00531    0.02134    0.00000    0.00000    0.01525    0.00000    0.00099    0.00287    0.00000    0.00437    0.00025    0.00055    0.00227    0.00000    0.00000 
12.36990    0.14737    0.00111    0.14919    0.02566    0.09712    0.00525    0.02115    0.00000    0.00000    0.01453    0.00000    0.00082    0.00290    0.00000    0.00435    0.00023    0.00050    0.00233    0.00000    0.00000 
12.43630    0.14964    0.00098    0.14875    0.02490    0.09768    0.00520    0.02097    0.00000    0.00000    0.01374    0.00000    0.00070    0.00300    0.00000    0.00442    0.00023    0.00050    0.00232    0.00000    0.00000 
12.50269    0.15077    0.00103    0.14814    0.02396    0.09824    0.00515    0.02078    0.00000    0.00000    0.01285    0.00000    0.00061    0.00310    0.00000    0.00448    0.00021    0.00044    0.00226    0.00000    0.00000 
12.56909    0.15131    0.00085    0.14767    0.02317    0.09879    0.00510    0.02060    0.00000    0.00000    0.01197    0.00000    0.00055    0.00323    0.00000    0.00458    0.00022    0.00047    0.00216    0.00000    0.00000 
12.63548    0.15076    0.00137    0.14713    0.02231    0.09934    0.00505    0.02043    0.00000    0.00000    0.01106    0.00000    0.00050    0.00336    0.00000    0.00468    0.00022    0.00047    0.00202    0.00000    0.00000 
12.70188    0.14901    0.00092    0.14653    0.02139    0.09988    0.00501    0.02025    0.00000    0.00000    0.01014    0.00000    0.00046    0.00349    0.00000    0.00478    0.00023    0.00047    0.00183    0.00000    0.00000 
12.76827    0.14758    0.00142    0.14600    0.02054    0.10042    0.00496    0.02008    0.00000    0.00000    0.00938    0.00000    0.00043    0.00360    0.00000    0.00486    0.00022    0.00045    0.00161    0.00000    0.00000 
12.83467    0.14653    0.00139    0.14559    0.01981    0.10096    0.00491    0.01990    0.00000    0.00000    0.00866    0.00000    0.00040    0.00371    0.00000    0.00494    0.00023    0.00048    0.00139    0.00000    0.00000 
12.90106    0.14499    0.00134    0.14506    0.01897    0.10149    0.00487    0.01974    0.00000    0.00000    0.00795    0.00000    0.00038    0.00381    0.00000    0.00501    0.00021    0.00043    0.00117    0.00000    0.00000 
12.96680    0.14459    0.00092    0.14486    0.01846    0.10201    0.00482    0.01957    0.00000    0.00000    0.00745    0.00000    0.00037    0.00388    0.00000    0.00508    0.00024    0.00047    0.00097    0.00000    0.00000 
13.03254    0.14471    0.00141    0.14476    0.01805    0.10253    0.00478    0.01941    0.00000    0.00000    0.00702    0.00000    0.00035    0.00394    0.00000    0.00513    0.00025    0.00050    0.00086    0.00000    0.00000 
13.09861    0.14431    0.00141    0.14466    0.01763    0.10305    0.00473    0.01924    0.00000    0.00000    0.00659    0.00000    0.00034    0.00401    0.00000    0.00517    0.00025    0.00049    0.00077    0.00000    0.00000 
13.16502    0.14453    0.00131    0.14486    0.01752    0.10356    0.00469    0.01908    0.00000    0.00000    0.00641    0.00000    0.00033    0.00405    0.00000    0.00520    0.00027    0.00053    0.00072    0.00000    0.00000 
13.23176    0.14480    0.00172    0.14512    0.01748    0.10408    0.00465    0.01892    0.00000    0.00000    0.00626    0.00000    0.00033    0.00409    0.00000    0.00523    0.00031    0.00059    0.00068    0.00000    0.00000 
13.29883    0.14471    0.00180    0.14538    0.01742    0.10459    0.00460    0.01876    0.00000    0.00000    0.00613    0.00000    0.00032    0.00412    0.00000    0.00525    0.00033    0.00062    0.00065    0.00000    0.00000 
14.20235    0.15293    0.00179    0.15270    0.02074    0.11108    0.00408    0.01680    0.00000    0.00000    0.00860    0.00000    0.00036    0.00429    0.00000    0.00519    0.00062    0.00105    0.00062    0.00000    0.00000 
14.27433    0.15322    0.00187    0.15396    0.02170    0.11156    0.00404    0.01666    0.00000    0.00000    0.00891    0.00000    0.00037    0.00433    0.00000    0.00520    0.00087    0.00138    0.00064    0.00000    0.00000 
14.34668    0.15581    0.00172    0.15535    0.02278    0.11205    0.00401    0.01652    0.00000    0.00000    0.00925    0.00000    0.00039    0.00439    0.00000    0.00523    0.00112    0.00174    0.00067    0.00000    0.00000 
14.41940    0.15644    0.00189    0.15622    0.02334    0.11253    0.00397    0.01638    0.00000    0.00000    0.00958    0.00000    0.00040    0.00446    0.00000    0.00526    0.00113    0.00182    0.00069    0.00000    0.00000 
14.49248    0.15721    0.00153    0.15658    0.02340    0.11301    0.00393    0.01624    0.00000    0.00000    0.00992    0.00000    0.00042    0.00452    0.00000    0.00529    0.00094    0.00162    0.00068    0.00000    0.00000 
14.56593    0.15747    0.00131    0.15706    0.02357    0.11349    0.00390    0.01610    0.00000    0.00000    0.01025    0.00000    0.00044    0.00459    0.00000    0.00532    0.00083    0.00146    0.00068    0.00000    0.00000 
14.63976    0.15843    0.00172    0.15789    0.02410    0.11397    0.00386    0.01596    0.00000    0.00000    0.01058    0.00000    0.00047    0.00469    0.00000    0.00537    0.00084    0.00147    0.00067    0.00000    0.00000 
14.71396    0.15900    0.00187    0.15888    0.02479    0.11445    0.00382    0.01582    0.00000    0.00000    0.01091    0.00000    0.00050    0.00483    0.00000    0.00547    0.00088    0.00152    0.00068    0.00000    0.00000 
14.78853    0.15876    0.00164    0.15980    0.02540    0.11492    0.00379    0.01569    0.00000    0.00000    0.01124    0.00000    0.00053    0.00499    0.00000    0.00557    0.00087    0.00151    0.00069    0.00000    0.00000 
15.16709    0.16636    0.00151    0.16532    0.02943    0.11726    0.00361    0.01502    0.00000    0.00000    0.01280    0.00000    0.00082    0.00608    0.00000    0.00628    0.00105    0.00168    0.00071    0.00000    0.00000 
15.24395    0.16832    0.00155    0.16721    0.03101    0.11772    0.00358    0.01489    0.00000    0.00000    0.01309    0.00000    0.00093    0.00637    0.00000    0.00647    0.00133    0.00209    0.00073    0.00000    0.00000 
15.32121    0.17125    0.00166    0.16894    0.03245    0.11818    0.00355    0.01477    0.00000    0.00000    0.01338    0.00000    0.00108    0.00667    0.00000    0.00665    0.00155    0.00237    0.00075    0.00000    0.00000 
15.39885    0.17452    0.00160    0.17060    0.03381    0.11863    0.00351    0.01464    0.00000    0.00000    0.01366    0.00000    0.00128    0.00700    0.00000    0.00686    0.00169    0.00256    0.00076    0.00000    0.00000 
15.47689    0.17623    0.00228    0.17205    0.03497    0.11909    0.00348    0.01451    0.00000    0.00000    0.01393    0.00000    0.00158    0.00741    0.00000    0.00711    0.00162    0.00253    0.00078    0.00000    0.00000 
15.55532    0.17616    0.00150    0.17321    0.03584    0.11954    0.00345    0.01439    0.00000    0.00000    0.01420    0.00000    0.00201    0.00782    0.00000    0.00736    0.00137    0.00225    0.00081    0.00000    0.00000 
15.63415    0.17715    0.00199    0.17438    0.03670    0.11999    0.00342    0.01426    0.00000    0.00000    0.01447    0.00000    0.00260    0.00824    0.00000    0.00761    0.00109    0.00186    0.00084    0.00000    0.00000 
15.71337    0.17873    0.00198    0.17575    0.03778    0.12044    0.00339    0.01414    0.00000    0.00000    0.01474    0.00000    0.00329    0.00867    0.00000    0.00785    0.00087    0.00151    0.00085    0.00000    0.00000 
15.79300    0.18045    0.00167    0.17765    0.03939    0.12089    0.00335    0.01402    0.00000    0.00000    0.01502    0.00000    0.00403    0.00914    0.00000    0.00811    0.00082    0.00139    0.00088    0.00000    0.00000 
15.87303    0.18206    0.00147    0.17965    0.04110    0.12133    0.00332    0.01389    0.00000    0.00000    0.01530    0.00000    0.00474    0.00965    0.00000    0.00839    0.00078    0.00132    0.00092    0.00000    0.00000 
15.95346    0.18657    0.00173    0.18164    0.04280    0.12178    0.00329    0.01377    0.00000    0.00000    0.01558    0.00000    0.00539    0.01017    0.00000    0.00867    0.00077    0.00127    0.00096    0.00000    0.00000 
16.03430    0.19128    0.00214    0.18349    0.04436    0.12222    0.00326    0.01365    0.00000    0.00000    0.01585    0.00000    0.00594    0.01069    0.00000    0.00894    0.00074    0.00120    0.00100    0.00000    0.00000 
16.11555    0.19161    0.00162    0.18543    0.04601    0.12266    0.00323    0.01353    0.00000    0.00000    0.01613    0.00000    0.00638    0.01122    0.00000    0.00920    0.00080    0.00125    0.00103    0.00000    0.00000 
16.19721    0.19318    0.00168    0.18758    0.04787    0.12309    0.00320    0.01342    0.00000    0.00000    0.01643    0.00000    0.00674    0.01178    0.00000    0.00949    0.00094    0.00143    0.00106    0.00000    0.00000 
16.27929    0.19179    0.00177    0.18961    0.04962    0.12353    0.00317    0.01330    0.00000    0.00000    0.01674    0.00000    0.00700    0.01235    0.00000    0.00978    0.00109    0.00158    0.00107    0.00000    0.00000 
16.36178    0.19087    0.00154    0.19154    0.05126    0.12396    0.00314    0.01318    0.00000    0.00000    0.01704    0.00000    0.00706    0.01293    0.00000    0.01006    0.00129    0.00177    0.00110    0.00000    0.00000 
16.44468    0.19180    0.00137    0.19328    0.05272    0.12439    0.00311    0.01307    0.00000    0.00000    0.01735    0.00000    0.00677    0.01351    0.00000    0.01033    0.00155    0.00204    0.00115    0.00000    0.00000 
16.52801    0.19191    0.00140    0.19471    0.05385    0.12482    0.00308    0.01295    0.00000    0.00000    0.01767    0.00000    0.00616    0.01410    0.00000    0.01061    0.00181    0.00230    0.00120    0.00000    0.00000 
16.61175    0.19385    0.00156    0.19583    0.05470    0.12524    0.00305    0.01284    0.00000    0.00000    0.01802    0.00000    0.00529    0.01468    0.00000    0.01089    0.00204    0.00252    0.00126    0.00000    0.00000 
16.69592    0.19455    0.00173    0.19674    0.05532    0.12567    0.00302    0.01273    0.00000    0.00000    0.01836    0.00000    0.00436    0.01526    0.00000    0.01117    0.00221    0.00264    0.00132    0.00000    0.00000 
16.78052    0.19388    0.00176    0.19806    0.05636    0.12609    0.00300    0.01262    0.00000    0.00000    0.01871    0.00000    0.00357    0.01584    0.00000    0.01144    0.00247    0.00293    0.00138    0.00000    0.00000 
16.86554    0.19650    0.00188    0.19951    0.05753    0.12651    0.00297    0.01251    0.00000    0.00000    0.01906    0.00000    0.00302    0.01642    0.00000    0.01171    0.00270    0.00318    0.00144    0.00000    0.00000 
16.95099    0.19900    0.00203    0.20105    0.05879    0.12692    0.00294    0.01240    0.00000    0.00000    0.01943    0.00000    0.00269    0.01697    0.00000    0.01198    0.00286    0.00335    0.00150    0.00000    0.00000 
17.03688    0.20059    0.00193    0.20287    0.06034    0.12734    0.00291    0.01229    0.00000    0.00000    0.01981    0.00000    0.00255    0.01750    0.00000    0.01224    0.00306    0.00360    0.00157    0.00000    0.00000 
17.12320    0.20331    0.00187    0.20482    0.06200    0.12775    0.00288    0.01218    0.00000    0.00000    0.02019    0.00000    0.00253    0.01804    0.00000    0.01250    0.00326    0.00386    0.00163    0.00000    0.00000 
17.20995    0.20524    0.00221    0.20696    0.06387    0.12816    0.00286    0.01207    0.00000    0.00000    0.02056    0.00000    0.00263    0.01857    0.00000    0.01275    0.00349    0.00420    0.00168    0.00000    0.00000 
17.29715    0.20756    0.00205    0.20936    0.06599    0.12857    0.00283    0.01197    0.00000    0.00000    0.02095    0.00000    0.00284    0.01904    0.00000    0.01300    0.00379    0.00464    0.00173    0.00000    0.00000 
17.38479    0.21018    0.00194    0.21206    0.06842    0.12898    0.00280    0.01186    0.00000    0.00000    0.02134    0.00000    0.00322    0.01948    0.00000    0.01324    0.00418    0.00519    0.00177    0.00000    0.00000 
17.47286    0.21223    0.00190    0.21515    0.07123    0.12938    0.00278    0.01176    0.00000    0.00000    0.02173    0.00000    0.00385    0.01991    0.00000    0.01347    0.00465    0.00580    0.00181    0.00000    0.00000 
17.56139    0.21562    0.00227    0.21842    0.07424    0.12978    0.00275    0.01165    0.00000    0.00000    0.02212    0.00000    0.00477    0.02034    0.00000    0.01370    0.00506    0.00637    0.00188    0.00000    0.00000 
17.65036    0.21777    0.00167    0.22154    0.07708    0.13018    0.00273    0.01155    0.00000    0.00000    0.02252    0.00000    0.00595    0.02071    0.00000    0.01392    0.00526    0.00676    0.00197    0.00000    0.00000 
17.73978    0.21988    0.00158    0.22422    0.07949    0.13058    0.00270    0.01145    0.00000    0.00000    0.02292    0.00000    0.00727    0.02102    0.00000    0.01412    0.00527    0.00684    0.00205    0.00000    0.00000 
17.82966    0.22333    0.00229    0.22689    0.08190    0.13098    0.00267    0.01135    0.00000    0.00000    0.02331    0.00000    0.00863    0.02131    0.00000    0.01432    0.00534    0.00687    0.00212    0.00000    0.00000 
17.91998    0.22578    0.00193    0.22955    0.08428    0.13137    0.00265    0.01125    0.00000    0.00000    0.02371    0.00000    0.00988    0.02159    0.00000    0.01452    0.00540    0.00700    0.00219    0.00000    0.00000 
18.01077    0.22799    0.00148    0.23205    0.08652    0.13176    0.00262    0.01115    0.00000    0.00000    0.02410    0.00000    0.01104    0.02184    0.00000    0.01471    0.00544    0.00715    0.00224    0.00000    0.00000 
18.10201    0.23035    0.00129    0.23438    0.08858    0.13215    0.00260    0.01105    0.00000    0.00000    0.02450    0.00000    0.01213    0.02201    0.00000    0.01488    0.00549    0.00727    0.00230    0.00000    0.00000 
18.19372    0.23246    0.00151    0.23653    0.09047    0.13253    0.00257    0.01095    0.00000    0.00000    0.02489    0.00000    0.01317    0.02216    0.00000    0.01505    0.00548    0.00734    0.00238    0.00000    0.00000 
18.28589    0.23417    0.00236    0.23815    0.09183    0.13292    0.00255    0.01085    0.00000    0.00000    0.02528    0.00000    0.01420    0.02228    0.00000    0.01521    0.00521    0.00720    0.00245    0.00000    0.00000 
18.37852    0.23602    0.00191    0.23923    0.09265    0.13330    0.00253    0.01076    0.00000    0.00000    0.02566    0.00000    0.01526    0.02233    0.00000    0.01535    0.00473    0.00679    0.00252    0.00000    0.00000 
18.47163    0.23846    0.00193    0.24051    0.09366    0.13368    0.00250    0.01066    0.00000    0.00000    0.02605    0.00000    0.01636    0.02239    0.00000    0.01549    0.00435    0.00643    0.00259    0.00000    0.00000 
18.56520    0.24092    0.00227    0.24204    0.09493    0.13406    0.00248    0.01057    0.00000    0.00000    0.02642    0.00000    0.01751    0.02239    0.00000    0.01562    0.00413    0.00620    0.00265    0.00000    0.00000 
18.65925    0.24454    0.00171    0.24385    0.09649    0.13443    0.00246    0.01047    0.00000    0.00000    0.02680    0.00000    0.01869    0.02237    0.00000    0.01575    0.00410    0.00606    0.00272    0.00000    0.00000 
18.75377    0.24768    0.00196    0.24620    0.09859    0.13481    0.00243    0.01038    0.00000    0.00000    0.02717    0.00000    0.01972    0.02235    0.00000    0.01587    0.00445    0.00623    0.00281    0.00000    0.00000 
18.84878    0.25020    0.00193    0.24889    0.10101    0.13518    0.00241    0.01029    0.00000    0.00000    0.02753    0.00000    0.02040    0.02228    0.00000    0.01598    0.00512    0.00679    0.00292    0.00000    0.00000 
18.94426    0.25341    0.00111    0.25144    0.10331    0.13555    0.00239    0.01019    0.00000    0.00000    0.02788    0.00000    0.02059    0.02221    0.00000    0.01608    0.00590    0.00758    0.00307    0.00000    0.00000 
19.04022    0.25502    0.00188    0.25335    0.10497    0.13591    0.00236    0.01010    0.00000    0.00000    0.02823    0.00000    0.02025    0.02211    0.00000    0.01618    0.00657    0.00838    0.00324    0.00000    0.00000 
19.13667    0.25700    0.00214    0.25492    0.10629    0.13628    0.00234    0.01001    0.00000    0.00000    0.02857    0.00000    0.01992    0.02200    0.00000    0.01627    0.00700    0.00899    0.00354    0.00000    0.00000 
19.23361    0.25955    0.00124    0.25632    0.10744    0.13664    0.00232    0.00992    0.00000    0.00000    0.02891    0.00000    0.02004    0.02189    0.00000    0.01636    0.00712    0.00925    0.00387    0.00000    0.00000 
19.33104    0.26138    0.00207    0.25771    0.10858    0.13700    0.00230    0.00984    0.00000    0.00000    0.02923    0.00000    0.02045    0.02176    0.00000    0.01644    0.00710    0.00932    0.00428    0.00000    0.00000 
19.42896    0.26269    0.00174    0.25919    0.10981    0.13736    0.00228    0.00975    0.00000    0.00000    0.02955    0.00000    0.02095    0.02162    0.00000    0.01651    0.00706    0.00935    0.00477    0.00000    0.00000 
19.52737    0.26407    0.00167    0.26066    0.11103    0.13771    0.00225    0.00966    0.00000    0.00000    0.02986    0.00000    0.02137    0.02147    0.00000    0.01658    0.00700    0.00939    0.00535    0.00000    0.00000 
19.62629    0.26567    0.00187    0.26187    0.11200    0.13807    0.00223    0.00957    0.00000    0.00000    0.03016    0.00000    0.02149    0.02131    0.00000    0.01664    0.00688    0.00941    0.00610    0.00000    0.00000 
19.72570    0.26681    0.00264    0.26248    0.11236    0.13842    0.00221    0.00949    0.00000    0.00000    0.03046    0.00000    0.02113    0.02115    0.00000    0.01670    0.00664    0.00935    0.00694    0.00000    0.00000 
19.82562    0.26658    0.00174    0.26255    0.11219    0.13877    0.00219    0.00940    0.00000    0.00000    0.03075    0.00000    0.02020    0.02097    0.00000    0.01675    0.00631    0.00921    0.00799    0.00000    0.00000 
19.92604    0.26559    0.00214    0.26207    0.11147    0.13911    0.00217    0.00932    0.00000    0.00000    0.03103    0.00000    0.01871    0.02080    0.00000    0.01680    0.00599    0.00903    0.00911    0.00000    0.00000 
20.02697    0.26437    0.00207    0.26127    0.11043    0.13946    0.00215    0.00923    0.00000    0.00000    0.03131    0.00000    0.01676    0.02062    0.00000    0.01684    0.00567    0.00882    0.01041    0.00000    0.00000 
20.12841    0.26270    0.00165    0.26003    0.10895    0.13980    0.00213    0.00915    0.00000    0.00000    0.03157    0.00000    0.01461    0.02043    0.00000    0.01688    0.00525    0.00847    0.01175    0.00000    0.00000 
20.23036    0.26150    0.00241    0.25922    0.10790    0.14014    0.00211    0.00907    0.00000    0.00000    0.03182    0.00000    0.01278    0.02025    0.00000    0.01693    0.00486    0.00815    0.01310    0.00000    0.00000 
20.33283    0.26119    0.00267    0.25913    0.10758    0.14048    0.00209    0.00899    0.00000    0.00000    0.03207    0.00000    0.01156    0.02006    0.00000    0.01699    0.00454    0.00784    0.01451    0.00000    0.00000 
20.43582    0.26234    0.00263    0.25968    0.10789    0.14081    0.00207    0.00891    0.00000    0.00000    0.03231    0.00000    0.01099    0.01987    0.00000    0.01702    0.00422    0.00756    0.01592    0.00000    0.00000 
20.53932    0.26433    0.00216    0.26084    0.10882    0.14115    0.00205    0.00883    0.00000    0.00000    0.03255    0.00000    0.01110    0.01969    0.00000    0.01704    0.00394    0.00728    0.01722    0.00000    0.00000 
20.64335    0.26613    0.00188    0.26282    0.11057    0.14148    0.00203    0.00875    0.00000    0.00000    0.03284    0.00000    0.01191    0.01962    0.00000    0.01706    0.00373    0.00706    0.01835    0.00000    0.00000 
20.74791    0.26777    0.00233    0.26456    0.11208    0.14181    0.00201    0.00867    0.00000    0.00000    0.03306    0.00000    0.01318    0.01943    0.00000    0.01707    0.00349    0.00679    0.01906    0.00000    0.00000 
20.85299    0.26936    0.00232    0.26590    0.11318    0.14214    0.00199    0.00859    0.00000    0.00000    0.03326    0.00000    0.01451    0.01925    0.00000    0.01708    0.00326    0.00647    0.01935    0.00000    0.00000 
20.95861    0.27000    0.00209    0.26655    0.11361    0.14246    0.00197    0.00851    0.00000    0.00000    0.03347    0.00000    0.01553    0.01907    0.00000    0.01709    0.00309    0.00619    0.01917    0.00000    0.00000 
21.06476    0.27021    0.00282    0.26651    0.11334    0.14278    0.00195    0.00844    0.00000    0.00000    0.03365    0.00000    0.01610    0.01889    0.00000    0.01710    0.00309    0.00614    0.01837    0.00000    0.00000 
21.17145    0.26812    0.00242    0.26634    0.11294    0.14310    0.00193    0.00836    0.00000    0.00000    0.03383    0.00000    0.01638    0.01873    0.00000    0.01710    0.00317    0.00623    0.01750    0.00000    0.00000 
21.27868    0.26597    0.00230    0.26574    0.11212    0.14342    0.00192    0.00828    0.00000    0.00000    0.03401    0.00000    0.01663    0.01856    0.00000    0.01711    0.00322    0.00622    0.01638    0.00000    0.00000 
21.38645    0.26339    0.00179    0.26563    0.11179    0.14374    0.00190    0.00821    0.00000    0.00000    0.03418    0.00000    0.01692    0.01839    0.00000    0.01711    0.00348    0.00647    0.01524    0.00000    0.00000 
21.49476    0.26238    0.00290    0.26598    0.11191    0.14405    0.00188    0.00813    0.00000    0.00000    0.03435    0.00000    0.01723    0.01822    0.00000    0.01711    0.00386    0.00697    0.01417    0.00000    0.00000 
21.60362    0.26144    0.00211    0.26609    0.11180    0.14436    0.00186    0.00806    0.00000    0.00000    0.03449    0.00000    0.01752    0.01807    0.00000    0.01711    0.00414    0.00738    0.01309    0.00000    0.00000 
21.71304    0.26104    0.00244    0.26598    0.11147    0.14467    0.00184    0.00799    0.00000    0.00000    0.03463    0.00000    0.01777    0.01792    0.00000    0.01711    0.00432    0.00761    0.01212    0.00000    0.00000 
21.82300    0.26030    0.00207    0.26554    0.11082    0.14498    0.00183    0.00791    0.00000    0.00000    0.03476    0.00000    0.01790    0.01777    0.00000    0.01710    0.00439    0.00767    0.01122    0.00000    0.00000 
21.93352    0.25863    0.00241    0.26495    0.11001    0.14529    0.00181    0.00784    0.00000    0.00000    0.03490    0.00000    0.01791    0.01762    0.00000    0.01710    0.00443    0.00769    0.01037    0.00000    0.00000 
22.04460    0.25711    0.00148    0.26435    0.10920    0.14559    0.00179    0.00777    0.00000    0.00000    0.03502    0.00000    0.01799    0.01748    0.00000    0.01709    0.00437    0.00767    0.00959    0.00000    0.00000 
22.15625    0.25606    0.00208    0.26369    0.10832    0.14589    0.00177    0.00770    0.00000    0.00000    0.03511    0.00000    0.01849    0.01734    0.00000    0.01708    0.00404    0.00734    0.00892    0.00000    0.00000 
22.26845    0.25550    0.00176    0.26298    0.10740    0.14619    0.00176    0.00763    0.00000    0.00000    0.03521    0.00000    0.01940    0.01721    0.00000    0.01708    0.00353    0.00673    0.00825    0.00000    0.00000 
22.38123    0.25640    0.00130    0.26226    0.10647    0.14649    0.00174    0.00756    0.00000    0.00000    0.03530    0.00000    0.02050    0.01707    0.00000    0.01707    0.00297    0.00589    0.00766    0.00000    0.00000 
22.49457    0.25696    0.00225    0.26177    0.10577    0.14679    0.00172    0.00749    0.00000    0.00000    0.03539    0.00000    0.02172    0.01694    0.00000    0.01705    0.00250    0.00505    0.00711    0.00000    0.00000 
22.60849    0.25770    0.00279    0.26199    0.10578    0.14708    0.00171    0.00742    0.00000    0.00000    0.03545    0.00000    0.02312    0.01681    0.00000    0.01705    0.00226    0.00451    0.00657    0.00000    0.00000 
22.72298    0.25873    0.00251    0.26351    0.10709    0.14737    0.00169    0.00736    0.00000    0.00000    0.03551    0.00000    0.02472    0.01669    0.00000    0.01704    0.00240    0.00459    0.00614    0.00000    0.00000 
22.83806    0.26037    0.00221    0.26520    0.10857    0.14766    0.00168    0.00729    0.00000    0.00000    0.03556    0.00000    0.02640    0.01657    0.00000    0.01702    0.00253    0.00479    0.00570    0.00000    0.00000 
22.95371    0.26169    0.00231    0.26610    0.10927    0.14795    0.00166    0.00722    0.00000    0.00000    0.03561    0.00000    0.02795    0.01645    0.00000    0.01701    0.00235    0.00458    0.00532    0.00000    0.00000 
23.06995    0.26286    0.00355    0.26603    0.10900    0.14823    0.00164    0.00716    0.00000    0.00000    0.03564    0.00000    0.02909    0.01634    0.00000    0.01700    0.00198    0.00398    0.00498    0.00000    0.00000 
23.18678    0.26389    0.00206    0.26588    0.10865    0.14851    0.00163    0.00709    0.00000    0.00000    0.03565    0.00000    0.03003    0.01623    0.00000    0.01699    0.00169    0.00341    0.00465    0.00000    0.00000 
23.30420    0.26438    0.00238    0.26630    0.10886    0.14879    0.00161    0.00703    0.00000    0.00000    0.03566    0.00000    0.03095    0.01612    0.00000    0.01698    0.00162    0.00318    0.00437    0.00000    0.00000 
23.42221    0.26512    0.00292    0.26695    0.10932    0.14907    0.00160    0.00696    0.00000    0.00000    0.03567    0.00000    0.03143    0.01601    0.00000    0.01696    0.00178    0.00338    0.00410    0.00000    0.00000 
23.54082    0.26571    0.00318    0.26709    0.10926    0.14935    0.00158    0.00690    0.00000    0.00000    0.03566    0.00000    0.03117    0.01590    0.00000    0.01695    0.00202    0.00373    0.00384    0.00000    0.00000 
23.66003    0.26664    0.00252    0.26629    0.10827    0.14962    0.00157    0.00684    0.00000    0.00000    0.03563    0.00000    0.03026    0.01580    0.00000    0.01693    0.00211    0.00392    0.00362    0.00000    0.00000 
23.77984    0.26653    0.00333    0.26463    0.10641    0.14990    0.00155    0.00677    0.00000    0.00000    0.03559    0.00000    0.02897    0.01569    0.00000    0.01692    0.00202    0.00381    0.00340    0.00000    0.00000 
23.90025    0.26609    0.00305    0.26277    0.10436    0.15017    0.00154    0.00671    0.00000    0.00000    0.03556    0.00000    0.02750    0.01559    0.00000    0.01690    0.00194    0.00367    0.00320    0.00000    0.00000 
24.02128    0.26444    0.00344    0.26087    0.10226    0.15044    0.00152    0.00665    0.00000    0.00000    0.03551    0.00000    0.02554    0.01549    0.00000    0.01689    0.00203    0.00377    0.00304    0.00000    0.00000 
24.14292    0.26261    0.00392    0.25894    0.10014    0.15070    0.00151    0.00659    0.00000    0.00000    0.03544    0.00000    0.02288    0.01539    0.00000    0.01687    0.00238    0.00429    0.00288    0.00000    0.00000 
24.26517    0.26228    0.00323    0.25734    0.09835    0.15097    0.00149    0.00653    0.00000    0.00000    0.03536    0.00000    0.02034    0.01529    0.00000    0.01685    0.00277    0.00499    0.00274    0.00000    0.00000 
24.38804    0.26380    0.00402    0.25587    0.09669    0.15123    0.00148    0.00647    0.00000    0.00000    0.03527    0.00000    0.01889    0.01520    0.00000    0.01683    0.00276    0.00513    0.00261    0.00000    0.00000 
24.51154    0.26595    0.00359    0.25473    0.09537    0.15149    0.00146    0.00641    0.00000    0.00000    0.03518    0.00000    0.01865    0.01510    0.00000    0.01681    0.00243    0.00472    0.00247    0.00000    0.00000 
24.63565    0.26660    0.00365    0.25426    0.09471    0.15175    0.00145    0.00635    0.00000    0.00000    0.03506    0.00000    0.01913    0.01500    0.00000    0.01679    0.00213    0.00424    0.00236    0.00000    0.00000 
